1.302763857182825773e-03 8.857484385227787812e-07 2.833477713253022769e-04 -5.757349624078075958e-05 2.007488773906593765e-05 -1.071055964834497247e-03 6.244750547995219815e-03 4.751541278205051412e-04 -5.782332329511306312e-07 3.122033209083325919e-07 8.102812400536758742e-09 6.211785853395840152e-08 1.402260582370151973e-06 -2.060175730356109047e-07 4.069494471525722929e-08 -1.149983959882884743e-05 2.298080595715793921e-05 -3.637944346456586914e-05
8.857484385227787812e-07 1.382733145665874684e-03 7.678196395420569965e-04 -1.560134421527555829e-04 5.439920347903736986e-05 -2.902362002009357868e-03 1.692210985943118709e-02 1.287579109740758431e-03 -1.566904268980672306e-06 8.460127997564491052e-07 2.195711110610553593e-08 1.683278168223565129e-07 3.799864773467303673e-06 -5.582692178154665182e-07 1.102757139620477581e-07 -3.116242155096055869e-05 6.227370013845348455e-05 -9.858151005406998093e-05
2.833477713253022769e-04 7.678196395420569965e-04 5.767816182871909803e+01 -4.990814457939959231e-02 1.740211147689250601e-02 -9.284552691056703333e-01 5.413322684247036776e+00 4.118919721253095356e-01 -5.012470958867600327e-04 2.706364819829194389e-04 7.024001653373557589e-06 5.384746918460625440e-05 1.215563209679647793e-03 -1.785883347774754948e-04 3.527680820365248658e-05 -9.968747684489612584e-03 1.992113491708649015e-02 -3.153587401665541162e-02
-5.757349624078075958e-05 -1.560134421527555829e-04 -4.990814457939959231e-02 6.060688314416072586e+00 -3.535938874727446481e-03 1.886530312046081070e-01 -1.099934231894201364e+00 -8.369242079387646804e-02 1.018485081275162914e-04 -5.499068655166218771e-05 -1.427208447394020362e-06 -1.094127915732312301e-05 -2.469905570655645671e-04 3.628740318960868008e-05 -7.167902450758988752e-06 2.025552043885102925e-03 -4.047779803936462154e-03 6.407781207014263784e-03
2.007488773906593765e-05 5.439920347903736986e-05 1.740211147689250601e-02 -3.535938874727446481e-03 5.873607750545152939e+00 -6.578006670340871831e-02 3.835281451952407550e-01 2.918210742354863246e-02 -3.551282274921135180e-05 1.917430643089619748e-05 4.976430342506674850e-07 3.815035826319393301e-06 8.612135842791622390e-05 -1.265279326318950925e-05 2.499324279730607448e-06 -7.062751534242688641e-04 1.411391186261243096e-03 -2.234283077917230496e-03
-1.071055964834497247e-03 -2.902362002009357868e-03 -9.284552691056703333e-01 1.886530312046081070e-01 -6.578006670340871831e-02 1.150370598349075408e+03 -2.046238628741576093e+01 -1.556953674097463436e+00 1.894716480014689087e-03 -1.023007228798151688e-03 -2.655076068770662303e-05 -2.035436975263909892e-04 -4.594834892369926115e-03 6.750647810590156006e-04 -1.333465079683531786e-04 3.768191512311092756e-02 -7.530198765785368897e-02 1.192057584000903447e-01
6.244750547995219815e-03 1.692210985943118709e-02 5.413322684247036776e+00 -1.099934231894201364e+00 3.835281451952407550e-01 -2.046238628741576093e+01 1.783398921211158449e+04 9.077758426027436656e+00 -1.104707145596786795e-02 5.964604243278255266e-03 1.548031875065148061e-04 1.186753688324133395e-03 2.679000785594659595e-02 -3.935939203794984638e-03 7.774716784638753151e-04 -2.197029546919312681e-01 4.390453385544370590e-01 -6.950245827800215492e-01
4.751541278205051412e-04 1.287579109740758431e-03 4.118919721253095356e-01 -8.369242079387646804e-02 2.918210742354863246e-02 -1.556953674097463436e+00 9.077758426027436656e+00 3.687306158209745718e+03 -8.405558496353936074e-04 4.538381966144684949e-04 1.177875288663147341e-05 9.029838892354948878e-05 2.038413339213903264e-03 -2.994799784491201846e-04 5.915670681261132944e-05 -1.671688324680099119e-02 3.340633117546454312e-02 -5.288342535166135755e-02
-5.782332329511306312e-07 -1.566904268980672306e-06 -5.012470958867600327e-04 1.018485081275162914e-04 -3.551282274921135180e-05 1.894716480014689087e-03 -1.104707145596786795e-02 -8.405558496353936074e-04 1.048963471804740047e-02 -5.522930609249146757e-07 -1.433401492903005841e-08 -1.098875634250342515e-07 -2.480623162490180477e-06 3.644486409853653399e-07 -7.199005928434289919e-08 2.034341464947952483e-05 -4.065344221090736951e-05 6.435586311937182169e-05
3.122033209083325919e-07 8.460127997564491052e-07 2.706364819829194389e-04 -5.499068655166218771e-05 1.917430643089619748e-05 -1.023007228798151688e-03 5.964604243278255266e-03 4.538381966144684949e-04 -5.522930609249146757e-07 2.308991723712503158e-04 7.739311419291975110e-09 5.933118380748655304e-08 1.339353646795700875e-06 -1.967754005342270235e-07 3.886932521372240353e-08 -1.098394428104326559e-05 2.194986199569222497e-05 -3.474742204498655569e-05
8.102812400536758742e-09 2.195711110610553593e-08 7.024001653373557589e-06 -1.427208447394020362e-06 4.976430342506674850e-07 -2.655076068770662303e-05 1.548031875065148061e-04 1.177875288663147341e-05 -1.433401492903005841e-08 7.739311419291975110e-09 6.131401589278661485e-05 1.539860147852119600e-09 3.476110153596601187e-08 -5.107037782078785748e-09 1.008800449098105549e-09 -2.850733287150847485e-07 5.696788024269172034e-07 -9.018220607444119076e-07
6.211785853395840152e-08 1.683278168223565129e-07 5.384746918460625440e-05 -1.094127915732312301e-05 3.815035826319393301e-06 -2.035436975263909892e-04 1.186753688324133395e-03 9.029838892354948878e-05 -1.098875634250342515e-07 5.933118380748655304e-08 1.539860147852119600e-09 6.335956425535217370e-05 2.664858916828264748e-07 -3.915162227546274178e-08 7.733675727444798059e-09 -2.185431900626898785e-06 4.367277126717868812e-06 -6.913556975404404513e-06
1.402260582370151973e-06 3.799864773467303673e-06 1.215563209679647793e-03 -2.469905570655645671e-04 8.612135842791622390e-05 -4.594834892369926115e-03 2.679000785594659595e-02 2.038413339213903264e-03 -2.480623162490180477e-06 1.339353646795700875e-06 3.476110153596601187e-08 2.664858916828264748e-07 8.671930632891517408e-04 -8.838163122238607474e-07 1.745814953279521145e-07 -4.933436345085958345e-05 9.858776061533672936e-05 -1.560679756093006439e-04
-2.060175730356109047e-07 -5.582692178154665182e-07 -1.785883347774754948e-04 3.628740318960868008e-05 -1.265279326318950925e-05 6.750647810590156006e-04 -3.935939203794984638e-03 -2.994799784491201846e-04 3.644486409853653399e-07 -1.967754005342270235e-07 -5.107037782078785748e-09 -3.915162227546274178e-08 -8.838163122238607474e-07 6.030876718999068952e-04 -2.564919560357323469e-08 7.248114903311127551e-06 -1.448433438716318077e-05 2.292922297599158993e-05
4.069494471525722929e-08 1.102757139620477581e-07 3.527680820365248658e-05 -7.167902450758988752e-06 2.499324279730607448e-06 -1.333465079683531786e-04 7.774716784638753151e-04 5.915670681261132944e-05 -7.199005928434289919e-08 3.886932521372240353e-08 1.008800449098105549e-09 7.733675727444798059e-09 1.745814953279521145e-07 -2.564919560357323469e-08 1.515381958346932408e-04 -1.431730463250788306e-06 2.861111207348404251e-06 -4.529242081744614225e-06
-1.149983959882884743e-05 -3.116242155096055869e-05 -9.968747684489612584e-03 2.025552043885102925e-03 -7.062751534242688641e-04 3.768191512311092756e-02 -2.197029546919312681e-01 -1.671688324680099119e-02 2.034341464947952483e-05 -1.098394428104326559e-05 -2.850733287150847485e-07 -2.185431900626898785e-06 -4.933436345085958345e-05 7.248114903311127551e-06 -1.431730463250788306e-06 3.721926777172492318e-01 -8.085112337450246767e-04 1.279902400869977917e-03
2.298080595715793921e-05 6.227370013845348455e-05 1.992113491708649015e-02 -4.047779803936462154e-03 1.411391186261243096e-03 -7.530198765785368897e-02 4.390453385544370590e-01 3.340633117546454312e-02 -4.065344221090736951e-05 2.194986199569222497e-05 5.696788024269172034e-07 4.367277126717868812e-06 9.858776061533672936e-05 -1.448433438716318077e-05 2.861111207348404251e-06 -8.085112337450246767e-04 2.789034676474999586e+00 -2.557704258891488162e-03
-3.637944346456586914e-05 -9.858151005406998093e-05 -3.153587401665541162e-02 6.407781207014263784e-03 -2.234283077917230496e-03 1.192057584000903447e-01 -6.950245827800215492e-01 -5.288342535166135755e-02 6.435586311937182169e-05 -3.474742204498655569e-05 -9.018220607444119076e-07 -6.913556975404404513e-06 -1.560679756093006439e-04 2.292922297599158993e-05 -4.529242081744614225e-06 1.279902400869977917e-03 -2.557704258891488162e-03 2.160273896148632300e+00
4.197654934782487734e-04 5.695776098790360136e-08 2.661268232923249522e-05 -1.235415894324991967e-05 -1.142792712273675186e-04 3.022573046741721791e-04 -1.755478296499203648e-03 -2.183505090158602887e-03 3.783038922807247366e-06 -5.477911445619246526e-07 9.636740452389635140e-08 1.843052030752502517e-07 3.159749990406384357e-07 -5.008700653274980713e-07 1.264294404533169006e-07 -9.867904499082669900e-06 1.879759179121303874e-05 4.105254453077103878e-05
5.695776098790360136e-08 4.424924104744565128e-04 2.507379688447623463e-04 -5.040141740029017439e-05 2.689629670838152207e-05 -9.794592898564786782e-04 5.710163438178923571e-03 5.956246070225399824e-04 -8.133419384465013396e-07 3.216398718330269618e-07 -3.453928403600689486e-10 4.093916080230763388e-08 1.226392155516574101e-06 -1.444549139142011057e-07 2.637323360676639928e-08 -9.485536086368674371e-06 1.902798546159767266e-05 -3.568838659510128325e-05
2.661268232923249522e-05 2.507379688447623463e-04 1.845843608943165037e+01 -1.610555480278781995e-02 8.252438944787670802e-03 -3.114467637175363790e-01 1.815726692599276548e+00 1.837350677034172985e-01 -2.486267809661551358e-04 1.010048067988775000e-04 1.626612621133154331e-07 1.357524460418527456e-05 3.919318070234773270e-04 -4.747754110539367995e-05 8.767041429516719237e-06 -3.052413812069929011e-03 6.120318687206287127e-03 -1.126309808842989972e-02
-1.235415894324991967e-05 -5.040141740029017439e-05 -1.610555480278781995e-02 1.939433046580642417e+00 -1.385778927396700937e-03 6.172774389812260565e-02 -3.598868631809158392e-01 -3.170175133021603531e-02 4.095083243908885100e-05 -1.896148363583427884e-05 -2.591574069690593322e-07 -3.154819501340618384e-06 -7.931663156984287586e-05 1.069569685479862561e-05 -2.054820728942031100e-06 6.351408473023280928e-04 -1.271181688484107316e-03 2.161497301433883567e-03
-1.142792712273675186e-04 2.689629670838152207e-05 8.252438944787670802e-03 -1.385778927396700937e-03 1.884611395046330795e+00 -4.807197810985393976e-02 2.799960363858729484e-01 1.071873486414494231e-01 -1.776082816928269668e-04 3.327129414137391684e-05 -3.769478140187441170e-06 -5.667950125618067247e-06 3.312038648430473220e-05 1.417329391597476758e-05 -3.951454566916890219e-06 3.323906861106305707e-05 -2.779506014503266563e-05 -2.922607371761744028e-03
3.022573046741721791e-04 -9.794592898564786782e-04 -3.114467637175363790e-01 6.172774389812260565e-02 -4.807197810985393976e-02 3.682629893474093592e+02 -7.388342755698527498e+00 -1.021095870770248437e+00 1.494659110008309715e-03 -4.723648721236413362e-04 1.249746160502595112e-05 -2.832288828799719567e-05 -1.500066122743063095e-03 1.186478314096942824e-04 -1.728195260854833092e-05 1.067288833178645265e-02 -2.153467771542061718e-02 4.994266948303656417e-02
-1.755478296499203648e-03 5.710163438178923571e-03 1.815726692599276548e+00 -3.598868631809158392e-01 2.799960363858729484e-01 -7.388342755698527498e+00 5.711767458505513787e+03 5.947930420173038968e+00 -8.705157447974749135e-03 2.752571688749858893e-03 -7.264394537875039674e-05 1.655248123272270869e-04 8.745763450269158912e-03 -6.928013975409870505e-04 1.010302647302286510e-04 -6.224251509653713765e-02 1.255842034496948978e-01 -2.910640510231045641e-01
-2.183505090158602887e-03 5.956246070225399824e-04 1.837350677034172985e-01 -3.170175133021603531e-02 1.071873486414494231e-01 -1.021095870770248437e+00 5.947930420173038968e+00 1.181831307093574651e+03 -3.485729462910996772e-03 6.702885009254188784e-04 -7.224987542847812751e-05 -1.043990165399284585e-04 7.599058447433234241e-04 2.567577098167684408e-04 -7.300422183187079209e-05 -3.330851575867263287e-04 1.413068618989498943e-03 -5.963949506590909139e-02
3.783038922807247366e-06 -8.133419384465013396e-07 -2.486267809661551358e-04 4.095083243908885100e-05 -1.776082816928269668e-04 1.494659110008309715e-03 -8.705157447974749135e-03 -3.485729462910996772e-03 3.362148324744459755e-03 -1.068803686030810260e-06 1.245684392429303315e-07 1.913014314337830972e-07 -9.766333396024695676e-07 -4.824240182099831916e-07 1.331583580679937784e-07 -2.012759004164052460e-06 2.752316427061743488e-06 9.316910697802386699e-05
-5.477911445619246526e-07 3.216398718330269618e-07 1.010048067988775000e-04 -1.896148363583427884e-05 3.327129414137391684e-05 -4.723648721236413362e-04 2.752571688749858893e-03 6.702885009254188784e-04 -1.068803686030810260e-06 7.403334493309378015e-05 -1.860503899661798210e-08 -1.797926692090726702e-08 4.584365758116030788e-07 3.481253090094945095e-08 -1.305706502341700165e-08 -2.123736451910132959e-06 4.451268999634120988e-06 -2.296540245849338884e-05
9.636740452389635140e-08 -3.453928403600689486e-10 1.626612621133154331e-07 -2.591574069690593322e-07 -3.769478140187441170e-06 1.249746160502595112e-05 -7.264394537875039674e-05 -7.224987542847812751e-05 1.245684392429303315e-07 -1.860503899661798210e-08 1.962353731654018730e-05 5.844643317936974842e-09 6.802775487406271299e-09 -1.579109407409350472e-08 4.014059546618527380e-09 -2.926328968354229484e-07 5.547749787298978621e-07 1.426532905785413900e-06
1.843052030752502517e-07 4.093916080230763388e-08 1.357524460418527456e-05 -3.154819501340618384e-06 -5.667950125618067247e-06 -2.832288828799719567e-05 1.655248123272270869e-04 -1.043990165399284585e-04 1.913014314337830972e-07 -1.797926692090726702e-08 5.844643317936974842e-09 2.028444474899816251e-05 7.769928417544075721e-08 -3.735161983465141357e-08 8.947131213310397605e-09 -1.052496533391650993e-06 2.050644185155995925e-06 7.950059465166194579e-07
3.159749990406384357e-07 1.226392155516574101e-06 3.919318070234773270e-04 -7.931663156984287586e-05 3.312038648430473220e-05 -1.500066122743063095e-03 8.745763450269158912e-03 7.599058447433234241e-04 -9.766333396024695676e-07 4.584365758116030788e-07 6.802775487406271299e-09 7.769928417544075721e-08 2.775078967996856983e-04 -2.627806134400808131e-07 5.064070716062318787e-08 -1.550187853832841293e-05 3.102079911590509178e-05 -5.236969227874565364e-05
-5.008700653274980713e-07 -1.444549139142011057e-07 -4.747754110539367995e-05 1.069569685479862561e-05 1.417329391597476758e-05 1.186478314096942824e-04 -6.928013975409870505e-04 2.567577098167684408e-04 -4.824240182099831916e-07 3.481253090094945095e-08 -1.579109407409350472e-08 -3.735161983465141357e-08 -2.627806134400808131e-07 1.930537172022488395e-04 -2.532844943780124198e-08 3.253572996033576332e-06 -6.362611512082054743e-06 -6.176910114725231883e-07
1.264294404533169006e-07 2.637323360676639928e-08 8.767041429516719237e-06 -2.054820728942031100e-06 -3.951454566916890219e-06 -1.728195260854833092e-05 1.010302647302286510e-04 -7.300422183187079209e-05 1.331583580679937784e-07 -1.305706502341700165e-08 4.014059546618527380e-09 8.947131213310397605e-09 5.064070716062318787e-08 -2.532844943780124198e-08 4.849668670620501336e-05 -7.017300937917216868e-07 1.366014987949749217e-06 6.248337749906465854e-07
-9.867904499082669900e-06 -9.485536086368674371e-06 -3.052413812069929011e-03 6.351408473023280928e-04 3.323906861106305707e-05 1.067288833178645265e-02 -6.224251509653713765e-02 -3.330851575867263287e-04 -2.012759004164052460e-06 -2.123736451910132959e-06 -2.926328968354229484e-07 -1.052496533391650993e-06 -1.550187853832841293e-05 3.253572996033576332e-06 -7.017300937917216868e-07 1.191149473973894257e-01 -2.833025136484401121e-04 2.963923576745478342e-04
1.879759179121303874e-05 1.902798546159767266e-05 6.120318687206287127e-03 -1.271181688484107316e-03 -2.779506014503266563e-05 -2.153467771542061718e-02 1.255842034496948978e-01 1.413068618989498943e-03 2.752316427061743488e-06 4.451268999634120988e-06 5.547749787298978621e-07 2.050644185155995925e-06 3.102079911590509178e-05 -6.362611512082054743e-06 1.366014987949749217e-06 -2.833025136484401121e-04 8.925365516456211790e-01 -6.091618769906767929e-04
4.105254453077103878e-05 -3.568838659510128325e-05 -1.126309808842989972e-02 2.161497301433883567e-03 -2.922607371761744028e-03 4.994266948303656417e-02 -2.910640510231045641e-01 -5.963949506590909139e-02 9.316910697802386699e-05 -2.296540245849338884e-05 1.426532905785413900e-06 7.950059465166194579e-07 -5.236969227874565364e-05 -6.176910114725231883e-07 6.248337749906465854e-07 2.963923576745478342e-04 -6.091618769906767929e-04 6.922514083308933808e-01
1.343286044027248820e-04 2.649863759712154203e-08 3.806586626282142954e-06 -3.242212347750636002e-06 -3.413142949006124801e-05 1.127286026520267883e-04 -4.963554548617535962e-04 -6.885045611042139206e-04 1.184561736292934657e-06 -1.818198907793705997e-07 2.896626507872012319e-08 6.188319531665543718e-08 1.169651784418946262e-07 -1.525131921828313657e-07 4.167751527106277080e-08 -2.633171989338425213e-06 6.958639926776096429e-06 1.142841634996810068e-05
2.649863759712154203e-08 1.416163369425846536e-04 6.955259431993210883e-05 -1.451526323271036947e-05 1.413733738008355367e-05 -2.771163554039315934e-04 1.975608409945794550e-03 2.137775508483790192e-04 -3.192753942502328606e-07 8.811871933488987736e-08 -4.355627000332767789e-09 1.969180050515249431e-08 4.284088267282728258e-07 -2.860995469246520506e-08 1.120724959228821420e-08 -1.845399703956976370e-06 8.229106050009924941e-06 -1.529582755645539515e-05
3.806586626282142954e-06 6.955259431993210883e-05 5.912781870463754252e+00 -6.072193004928581016e-03 -5.078358154578562888e-04 -1.203351887991491453e-01 4.965709979664314488e-01 4.559979379971938751e-02 -4.596751024894229603e-05 4.075085710857323084e-05 2.468856740819456069e-06 5.915617132780268169e-07 1.049436662047860408e-04 -2.522167055203099312e-05 1.229691300385080712e-06 -1.654242724384995342e-03 7.400794132631216809e-04 -1.397781309354728099e-03
-3.242212347750636002e-06 -1.451526323271036947e-05 -6.072193004928581016e-03 6.207572533567881079e-01 3.198396854193282808e-05 2.287433250809775553e-02 -1.024103132347065626e-01 -8.152083643528819715e-03 8.031797939398163246e-06 -7.340480953192401951e-06 -4.478619337569499997e-07 -4.429215747862541416e-07 -2.228972171720157872e-05 4.936955512449475383e-06 -4.196064976806315067e-07 3.055414018145052196e-04 -2.227993637538151610e-04 3.585167033019742429e-04
-3.413142949006124801e-05 1.413733738008355367e-05 -5.078358154578562888e-04 3.198396854193282808e-05 6.047055806268553102e-01 -4.681708085689826465e-03 1.333216713335398096e-01 4.113078689818556316e-02 -7.422466289530192315e-05 6.283235301802341247e-06 -2.457332862374930400e-06 1.288093174771933856e-07 2.119749944997214049e-05 9.727060885728510060e-06 -4.487457619555174532e-07 3.613404079108587159e-04 6.218425302157042957e-04 -2.077419673447313594e-03
1.127286026520267883e-04 -2.771163554039315934e-04 -1.203351887991491453e-01 2.287433250809775553e-02 -4.681708085689826465e-03 1.179144160862921638e+02 -2.077206940169902705e+00 -2.819028634640355357e-01 3.641168735250823406e-04 -1.798058140003250477e-04 -4.214902137773418689e-06 3.690500093036969903e-06 -4.104336368865995894e-04 7.205277472093640388e-05 -1.746212315201897236e-07 5.717869005062011130e-03 -2.749996584774172005e-03 8.482642270225354553e-03
-4.963554548617535962e-04 1.975608409945794550e-03 4.965709979664314488e-01 -1.024103132347065626e-01 1.333216713335398096e-01 -2.077206940169902705e+00 1.828938453357136950e+03 2.086574701377002850e+00 -3.252136989512674145e-03 7.637700603990972776e-04 -5.680678123773038219e-05 1.050768794807418766e-04 3.082961533067721423e-03 -8.243173900481862702e-05 5.421134285678557151e-05 -1.050998235387127534e-02 5.710644614762096921e-02 -1.237795854706645327e-01
-6.885045611042139206e-04 2.137775508483790192e-04 4.559979379971938751e-02 -8.152083643528819715e-03 4.113078689818556316e-02 -2.819028634640355357e-01 2.086574701377002850e+00 3.782146453832354496e+02 -1.188312635574700687e-03 1.962051476083406939e-04 -2.836315157922999865e-05 -2.526670511470575757e-05 2.875887540263473538e-04 1.039197939863065716e-04 -1.994277930171363126e-05 1.363165709239547684e-03 3.095515786133790515e-03 -2.387138364389606790e-02
1.184561736292934657e-06 -3.192753942502328606e-07 -4.596751024894229603e-05 8.031797939398163246e-06 -7.422466289530192315e-05 3.641168735250823406e-04 -3.252136989512674145e-03 -1.188312635574700687e-03 1.076073000574454637e-03 -2.954615021099590336e-07 5.321007272176597373e-08 4.049106471765843419e-08 -4.256047320725958180e-07 -2.097657183601362108e-07 3.390763867255346957e-08 -4.385795492975757137e-06 -5.848685927799582048e-06 4.200026078983357358e-05
-1.818198907793705997e-07 8.811871933488987736e-08 4.075085710857323084e-05 -7.340480953192401951e-06 6.283235301802341247e-06 -1.798058140003250477e-04 7.637700603990972776e-04 1.962051476083406939e-04 -2.954615021099590336e-07 2.370235233483573983e-05 -2.604230151725355508e-09 -1.095387266976134644e-08 1.183246533524090711e-07 -2.758701769641923255e-09 -6.362065024955190592e-09 -1.618482722769229846e-06 -2.641715176174536795e-07 -4.291127058318119304e-06
2.896626507872012319e-08 -4.355627000332767789e-09 2.468856740819456069e-06 -4.478619337569499997e-07 -2.457332862374930400e-06 -4.214902137773418689e-06 -5.680678123773038219e-05 -2.836315157922999865e-05 5.321007272176597373e-08 -2.604230151725355508e-09 6.280492256649100952e-06 3.792267680256542189e-10 -5.958640863566073349e-09 -9.038107607284877899e-09 6.583714528147663974e-10 -3.628347456256116338e-07 -3.066111222244314488e-07 1.333205598263084388e-06
6.188319531665543718e-08 1.969180050515249431e-08 5.915617132780268169e-07 -4.429215747862541416e-07 1.288093174771933856e-07 3.690500093036969903e-06 1.050768794807418766e-04 -2.526670511470575757e-05 4.049106471765843419e-08 -1.095387266976134644e-08 3.792267680256542189e-10 6.493337452105962191e-06 3.749561572329717664e-08 -5.765168446707600076e-09 3.835255606929845885e-09 8.116954327679539997e-08 1.407917570266357871e-06 -1.106852987871587768e-06
1.169651784418946262e-07 4.284088267282728258e-07 1.049436662047860408e-04 -2.228972171720157872e-05 2.119749944997214049e-05 -4.104336368865995894e-04 3.082961533067721423e-03 2.875887540263473538e-04 -4.256047320725958180e-07 1.183246533524090711e-07 -5.958640863566073349e-09 3.749561572329717664e-08 8.887144895241225748e-05 -5.033032635038720192e-08 2.150940806946831720e-08 -2.680078289083445333e-06 1.402814987458646938e-05 -2.418559177773728318e-05
-1.525131921828313657e-07 -2.860995469246520506e-08 -2.522167055203099312e-05 4.936955512449475383e-06 9.727060885728510060e-06 7.205277472093640388e-05 -8.243173900481862702e-05 1.039197939863065716e-04 -2.097657183601362108e-07 -2.758701769641923255e-09 -9.038107607284877899e-09 -5.765168446707600076e-09 -5.033032635038720192e-08 6.179372562090488391e-05 -5.506903270681200157e-09 2.158192611973899345e-06 -2.703542346058582441e-08 -3.835708008645757386e-06
4.167751527106277080e-08 1.120724959228821420e-08 1.229691300385080712e-06 -4.196064976806315067e-07 -4.487457619555174532e-07 -1.746212315201897236e-07 5.421134285678557151e-05 -1.994277930171363126e-05 3.390763867255346957e-08 -6.362065024955190592e-09 6.583714528147663974e-10 3.835255606929845885e-09 2.150940806946831720e-08 -5.506903270681200157e-09 1.551934798247955066e-05 -4.903974567786916096e-08 7.527845025633638572e-07 -3.716732332166015386e-07
-2.633171989338425213e-06 -1.845399703956976370e-06 -1.654242724384995342e-03 3.055414018145052196e-04 3.613404079108587159e-04 5.717869005062011130e-03 -1.050998235387127534e-02 1.363165709239547684e-03 -4.385795492975757137e-06 -1.618482722769229846e-06 -3.628347456256116338e-07 8.116954327679539997e-08 -2.680078289083445333e-06 2.158192611973899345e-06 -4.903974567786916096e-08 3.819224218185648945e-02 4.505536743315508382e-05 -1.509121259203584581e-04
6.958639926776096429e-06 8.229106050009924941e-06 7.400794132631216809e-04 -2.227993637538151610e-04 6.218425302157042957e-04 -2.749996584774172005e-03 5.710644614762096921e-02 3.095515786133790515e-03 -5.848685927799582048e-06 -2.641715176174536795e-07 -3.066111222244314488e-07 1.407917570266357871e-06 1.402814987458646938e-05 -2.703542346058582441e-08 7.527845025633638572e-07 4.505536743315508382e-05 2.858557733098706088e-01 -6.369241679736021254e-04
1.142841634996810068e-05 -1.529582755645539515e-05 -1.397781309354728099e-03 3.585167033019742429e-04 -2.077419673447313594e-03 8.482642270225354553e-03 -1.237795854706645327e-01 -2.387138364389606790e-02 4.200026078983357358e-05 -4.291127058318119304e-06 1.333205598263084388e-06 -1.106852987871587768e-06 -2.418559177773728318e-05 -3.835708008645757386e-06 -3.716732332166015386e-07 -1.509121259203584581e-04 -6.369241679736021254e-04 2.223208432725282679e-01
4.301291097127358864e-05 3.101384265812327024e-08 3.167957826596211776e-06 6.127057256138903470e-08 -8.321823145351145225e-06 5.288537320312985067e-05 -6.342785033129104476e-05 -2.717597694093446111e-04 5.284385095386713740e-07 -4.918297911523175942e-08 1.890177069249643702e-08 1.769794888915850037e-08 5.047753749364477821e-08 -4.662093864665128718e-08 4.724893253939182152e-09 -1.642548841073186802e-06 2.839923674961023486e-06 3.251640740378148015e-06
3.101384265812327024e-08 4.533552170874490900e-05 2.383976693085781664e-05 -3.752868536280563038e-06 6.634882746595074189e-06 -7.502865564717114489e-05 7.096475667105139017e-04 2.664991865549720836e-05 1.910125669130173020e-08 3.550391522404251827e-08 6.426155594034120212e-09 4.592749845353205210e-09 1.476840674113110389e-07 -7.382742251945280211e-09 -3.405043905032250515e-09 -1.239934037282741390e-06 3.131091559956823616e-06 -5.223821221780311814e-06
3.167957826596211776e-06 2.383976693085781664e-05 1.892227167183528014e+00 -1.865917267118043753e-03 2.014788306269146392e-05 -3.732627380137455708e-02 1.656045756665556756e-01 1.097861262682372531e-02 -4.216384351141005225e-06 1.367244266782640138e-05 1.466680733856074138e-06 4.145542363576916805e-08 3.449858720517223016e-05 -7.917568288972157039e-06 -2.114487635871738437e-07 -5.855496021696980982e-04 2.798972038460897276e-04 -4.757713233812382327e-04
6.127057256138903470e-08 -3.752868536280563038e-06 -1.865917267118043753e-03 1.986858160405884366e-01 1.131647149638116543e-04 7.985295368987654560e-03 -2.899467362778032631e-02 -4.644843767161292020e-03 8.483308646623214627e-06 -1.992714698957806384e-06 2.379877103528097699e-07 -2.250480613078936449e-07 -6.616181091010198683e-06 1.666250655131626248e-06 -4.751751790887096869e-07 6.610800102954359511e-05 -4.702400266415629221e-05 9.867557513178204249e-05
-8.321823145351145225e-06 6.634882746595074189e-06 2.014788306269146392e-05 1.131647149638116543e-04 1.937493669289614140e-01 7.676518793268365776e-05 5.160023547227789859e-02 8.343285420089498541e-03 -9.758597155122417433e-06 2.853667244756718553e-06 1.159995805949628953e-07 -1.559397032921647055e-07 8.005555941699358900e-06 3.317182015247115787e-06 -9.503333137758944229e-07 4.069384512196698087e-05 2.564282554207721575e-04 -7.027557096127499655e-04
5.288537320312985067e-05 -7.502865564717114489e-05 -3.732627380137455708e-02 7.985295368987654560e-03 7.676518793268365776e-05 3.774279598532660174e+01 -6.069207096332633888e-01 -1.213641088087551723e-01 2.069932306159773933e-04 -5.208710593649510865e-05 4.485490736712763762e-06 -9.380019701226820628e-08 -1.234354296810954998e-04 2.437926023829917337e-05 -5.271947624230895509e-06 1.345213599727540683e-03 -5.086203846577440173e-04 2.468870769812416249e-03
-6.342785033129104476e-05 7.096475667105139017e-04 1.656045756665556756e-01 -2.899467362778032631e-02 5.160023547227789859e-02 -6.069207096332633888e-01 5.855882259742488714e+02 4.909045900903460935e-01 -5.272520900263002975e-04 2.753383311107516357e-04 1.493005314620023401e-05 2.639059913856842205e-05 1.031397487415634416e-03 -1.887396529949677938e-05 -1.225248887812017333e-05 -6.112657711472867239e-03 2.038155955566535796e-02 -4.100305362355277650e-02
-2.717597694093446111e-04 2.664991865549720836e-05 1.097861262682372531e-02 -4.644843767161292020e-03 8.343285420089498541e-03 -1.213641088087551723e-01 4.909045900903460935e-01 1.211240082833345326e+02 -6.570779612944496924e-04 4.610863520107414613e-05 -2.692658385969494886e-05 -4.185116508437108092e-06 6.784752922495936370e-05 2.920843198191110381e-05 9.577283267041596253e-06 1.918592578302006756e-03 -1.456967336083249214e-04 -6.887487492351121107e-03
5.284385095386713740e-07 1.910125669130173020e-08 -4.216384351141005225e-06 8.483308646623214627e-06 -9.758597155122417433e-06 2.069932306159773933e-04 -5.272520900263002975e-04 -6.570779612944496924e-04 3.451472496537037640e-04 -4.611702104146834953e-08 6.886537337715485783e-08 1.630731097174037476e-09 -6.597136762249008164e-08 -5.537558058439030212e-08 -3.549500231802513271e-08 -5.708339590788679030e-06 1.428166744311506535e-06 1.125811995406669538e-05
-4.918297911523175942e-08 3.550391522404251827e-08 1.367244266782640138e-05 -1.992714698957806384e-06 2.853667244756718553e-06 -5.208710593649510865e-05 2.753383311107516357e-04 4.610863520107414613e-05 -4.611702104146834953e-08 7.587670472631404445e-06 2.289657533836707378e-09 -4.187603571021289995e-09 4.209445186795433127e-08 -1.749340460203447462e-10 -4.827961760263241468e-09 -7.772640829048318259e-07 1.142597161995975908e-07 -1.504613968472874373e-06
1.890177069249643702e-08 6.426155594034120212e-09 1.466680733856074138e-06 2.379877103528097699e-07 1.159995805949628953e-07 4.485490736712763762e-06 1.493005314620023401e-05 -2.692658385969494886e-05 6.886537337715485783e-08 2.289657533836707378e-09 2.013100262525641269e-06 -6.090216257791156628e-10 2.621452190757475669e-09 -2.134540877684199664e-09 -2.777869079117593170e-09 -3.937040829766809972e-07 1.146658584504036588e-07 2.859236730448381571e-07
1.769794888915850037e-08 4.592749845353205210e-09 4.145542363576916805e-08 -2.250480613078936449e-07 -1.559397032921647055e-07 -9.380019701226820628e-08 2.639059913856842205e-05 -4.185116508437108092e-06 1.630731097174037476e-09 -4.187603571021289995e-09 -6.090216257791156628e-10 2.078027568247914578e-06 1.100920131659287995e-08 -2.010397899199272374e-09 1.880266480035546635e-09 8.662797932425918398e-08 4.040418111783840420e-07 -3.234501571750868866e-07
5.047753749364477821e-08 1.476840674113110389e-07 3.449858720517223016e-05 -6.616181091010198683e-06 8.005555941699358900e-06 -1.234354296810954998e-04 1.031397487415634416e-03 6.784752922495936370e-05 -6.597136762249008164e-08 4.209445186795433127e-08 2.621452190757475669e-09 1.100920131659287995e-08 2.844499777905454984e-05 -1.507935493761544729e-08 2.834597366522159835e-09 -1.233669620060481388e-06 4.777250651319249059e-06 -7.929990398632242750e-06
-4.662093864665128718e-08 -7.382742251945280211e-09 -7.917568288972157039e-06 1.666250655131626248e-06 3.317182015247115787e-06 2.437926023829917337e-05 -1.887396529949677938e-05 2.920843198191110381e-05 -5.537558058439030212e-08 -1.749340460203447462e-10 -2.134540877684199664e-09 -2.010397899199272374e-09 -1.507935493761544729e-08 1.977416392572892503e-05 -2.439582611253237990e-09 6.277025029236455017e-07 3.957693788897907832e-08 -1.259317600580728600e-06
4.724893253939182152e-09 -3.405043905032250515e-09 -2.114487635871738437e-07 -4.751751790887096869e-07 -9.503333137758944229e-07 -5.271947624230895509e-06 -1.225248887812017333e-05 9.577283267041596253e-06 -3.549500231802513271e-08 -4.827961760263241468e-09 -2.777869079117593170e-09 1.880266480035546635e-09 2.834597366522159835e-09 -2.439582611253237990e-09 4.968863239658382758e-06 2.324904300556669630e-07 5.065566735996929930e-08 6.858069084560462728e-09
-1.642548841073186802e-06 -1.239934037282741390e-06 -5.855496021696980982e-04 6.610800102954359511e-05 4.069384512196698087e-05 1.345213599727540683e-03 -6.112657711472867239e-03 1.918592578302006756e-03 -5.708339590788679030e-06 -7.772640829048318259e-07 -3.937040829766809972e-07 8.662797932425918398e-08 -1.233669620060481388e-06 6.277025029236455017e-07 2.324904300556669630e-07 1.224457046236645912e-02 -3.252657191621793372e-06 -3.660731125852295404e-05
2.839923674961023486e-06 3.131091559956823616e-06 2.798972038460897276e-04 -4.702400266415629221e-05 2.564282554207721575e-04 -5.086203846577440173e-04 2.038155955566535796e-02 -1.456967336083249214e-04 1.428166744311506535e-06 1.142597161995975908e-07 1.146658584504036588e-07 4.040418111783840420e-07 4.777250651319249059e-06 3.957693788897907832e-08 5.065566735996929930e-08 -3.252657191621793372e-06 9.148739201430496071e-02 -2.127720966882526345e-04
3.251640740378148015e-06 -5.223821221780311814e-06 -4.757713233812382327e-04 9.867557513178204249e-05 -7.027557096127499655e-04 2.468870769812416249e-03 -4.100305362355277650e-02 -6.887487492351121107e-03 1.125811995406669538e-05 -1.504613968472874373e-06 2.859236730448381571e-07 -3.234501571750868866e-07 -7.929990398632242750e-06 -1.259317600580728600e-06 6.858069084560462728e-09 -3.660731125852295404e-05 -2.127720966882526345e-04 7.114859225929175135e-02
4.301291097127358864e-05 3.101384265812327024e-08 3.167957826596211776e-06 6.127057256138903470e-08 -8.321823145351145225e-06 5.288537320312985067e-05 -6.342785033129104476e-05 -2.717597694093446111e-04 5.284385095386713740e-07 -4.918297911523175942e-08 1.890177069249643702e-08 1.769794888915850037e-08 5.047753749364477821e-08 -4.662093864665128718e-08 4.724893253939182152e-09 -1.642548841073186802e-06 2.839923674961023486e-06 3.251640740378148015e-06
3.101384265812327024e-08 4.533552170874490900e-05 2.383976693085781664e-05 -3.752868536280563038e-06 6.634882746595074189e-06 -7.502865564717114489e-05 7.096475667105139017e-04 2.664991865549720836e-05 1.910125669130173020e-08 3.550391522404251827e-08 6.426155594034120212e-09 4.592749845353205210e-09 1.476840674113110389e-07 -7.382742251945280211e-09 -3.405043905032250515e-09 -1.239934037282741390e-06 3.131091559956823616e-06 -5.223821221780311814e-06
3.167957826596211776e-06 2.383976693085781664e-05 1.892227167183528014e+00 -1.865917267118043753e-03 2.014788306269146392e-05 -3.732627380137455708e-02 1.656045756665556756e-01 1.097861262682372531e-02 -4.216384351141005225e-06 1.367244266782640138e-05 1.466680733856074138e-06 4.145542363576916805e-08 3.449858720517223016e-05 -7.917568288972157039e-06 -2.114487635871738437e-07 -5.855496021696980982e-04 2.798972038460897276e-04 -4.757713233812382327e-04
6.127057256138903470e-08 -3.752868536280563038e-06 -1.865917267118043753e-03 1.986858160405884366e-01 1.131647149638116543e-04 7.985295368987654560e-03 -2.899467362778032631e-02 -4.644843767161292020e-03 8.483308646623214627e-06 -1.992714698957806384e-06 2.379877103528097699e-07 -2.250480613078936449e-07 -6.616181091010198683e-06 1.666250655131626248e-06 -4.751751790887096869e-07 6.610800102954359511e-05 -4.702400266415629221e-05 9.867557513178204249e-05
-8.321823145351145225e-06 6.634882746595074189e-06 2.014788306269146392e-05 1.131647149638116543e-04 1.937493669289614140e-01 7.676518793268365776e-05 5.160023547227789859e-02 8.343285420089498541e-03 -9.758597155122417433e-06 2.853667244756718553e-06 1.159995805949628953e-07 -1.559397032921647055e-07 8.005555941699358900e-06 3.317182015247115787e-06 -9.503333137758944229e-07 4.069384512196698087e-05 2.564282554207721575e-04 -7.027557096127499655e-04
5.288537320312985067e-05 -7.502865564717114489e-05 -3.732627380137455708e-02 7.985295368987654560e-03 7.676518793268365776e-05 3.774279598532660174e+01 -6.069207096332633888e-01 -1.213641088087551723e-01 2.069932306159773933e-04 -5.208710593649510865e-05 4.485490736712763762e-06 -9.380019701226820628e-08 -1.234354296810954998e-04 2.437926023829917337e-05 -5.271947624230895509e-06 1.345213599727540683e-03 -5.086203846577440173e-04 2.468870769812416249e-03
-6.342785033129104476e-05 7.096475667105139017e-04 1.656045756665556756e-01 -2.899467362778032631e-02 5.160023547227789859e-02 -6.069207096332633888e-01 5.855882259742488714e+02 4.909045900903460935e-01 -5.272520900263002975e-04 2.753383311107516357e-04 1.493005314620023401e-05 2.639059913856842205e-05 1.031397487415634416e-03 -1.887396529949677938e-05 -1.225248887812017333e-05 -6.112657711472867239e-03 2.038155955566535796e-02 -4.100305362355277650e-02
-2.717597694093446111e-04 2.664991865549720836e-05 1.097861262682372531e-02 -4.644843767161292020e-03 8.343285420089498541e-03 -1.213641088087551723e-01 4.909045900903460935e-01 1.211240082833345326e+02 -6.570779612944496924e-04 4.610863520107414613e-05 -2.692658385969494886e-05 -4.185116508437108092e-06 6.784752922495936370e-05 2.920843198191110381e-05 9.577283267041596253e-06 1.918592578302006756e-03 -1.456967336083249214e-04 -6.887487492351121107e-03
5.284385095386713740e-07 1.910125669130173020e-08 -4.216384351141005225e-06 8.483308646623214627e-06 -9.758597155122417433e-06 2.069932306159773933e-04 -5.272520900263002975e-04 -6.570779612944496924e-04 3.451472496537037640e-04 -4.611702104146834953e-08 6.886537337715485783e-08 1.630731097174037476e-09 -6.597136762249008164e-08 -5.537558058439030212e-08 -3.549500231802513271e-08 -5.708339590788679030e-06 1.428166744311506535e-06 1.125811995406669538e-05
-4.918297911523175942e-08 3.550391522404251827e-08 1.367244266782640138e-05 -1.992714698957806384e-06 2.853667244756718553e-06 -5.208710593649510865e-05 2.753383311107516357e-04 4.610863520107414613e-05 -4.611702104146834953e-08 7.587670472631404445e-06 2.289657533836707378e-09 -4.187603571021289995e-09 4.209445186795433127e-08 -1.749340460203447462e-10 -4.827961760263241468e-09 -7.772640829048318259e-07 1.142597161995975908e-07 -1.504613968472874373e-06
1.890177069249643702e-08 6.426155594034120212e-09 1.466680733856074138e-06 2.379877103528097699e-07 1.159995805949628953e-07 4.485490736712763762e-06 1.493005314620023401e-05 -2.692658385969494886e-05 6.886537337715485783e-08 2.289657533836707378e-09 2.013100262525641269e-06 -6.090216257791156628e-10 2.621452190757475669e-09 -2.134540877684199664e-09 -2.777869079117593170e-09 -3.937040829766809972e-07 1.146658584504036588e-07 2.859236730448381571e-07
1.769794888915850037e-08 4.592749845353205210e-09 4.145542363576916805e-08 -2.250480613078936449e-07 -1.559397032921647055e-07 -9.380019701226820628e-08 2.639059913856842205e-05 -4.185116508437108092e-06 1.630731097174037476e-09 -4.187603571021289995e-09 -6.090216257791156628e-10 2.078027568247914578e-06 1.100920131659287995e-08 -2.010397899199272374e-09 1.880266480035546635e-09 8.662797932425918398e-08 4.040418111783840420e-07 -3.234501571750868866e-07
5.047753749364477821e-08 1.476840674113110389e-07 3.449858720517223016e-05 -6.616181091010198683e-06 8.005555941699358900e-06 -1.234354296810954998e-04 1.031397487415634416e-03 6.784752922495936370e-05 -6.597136762249008164e-08 4.209445186795433127e-08 2.621452190757475669e-09 1.100920131659287995e-08 2.844499777905454984e-05 -1.507935493761544729e-08 2.834597366522159835e-09 -1.233669620060481388e-06 4.777250651319249059e-06 -7.929990398632242750e-06
-4.662093864665128718e-08 -7.382742251945280211e-09 -7.917568288972157039e-06 1.666250655131626248e-06 3.317182015247115787e-06 2.437926023829917337e-05 -1.887396529949677938e-05 2.920843198191110381e-05 -5.537558058439030212e-08 -1.749340460203447462e-10 -2.134540877684199664e-09 -2.010397899199272374e-09 -1.507935493761544729e-08 1.977416392572892503e-05 -2.439582611253237990e-09 6.277025029236455017e-07 3.957693788897907832e-08 -1.259317600580728600e-06
4.724893253939182152e-09 -3.405043905032250515e-09 -2.114487635871738437e-07 -4.751751790887096869e-07 -9.503333137758944229e-07 -5.271947624230895509e-06 -1.225248887812017333e-05 9.577283267041596253e-06 -3.549500231802513271e-08 -4.827961760263241468e-09 -2.777869079117593170e-09 1.880266480035546635e-09 2.834597366522159835e-09 -2.439582611253237990e-09 4.968863239658382758e-06 2.324904300556669630e-07 5.065566735996929930e-08 6.858069084560462728e-09
