{
    "R": [
        [
            0.2621139055878932,
            0.507644564720832,
            -4.811862037787022,
            -2.200329239444628,
            2.0820113751678826,
            -70.41755577742286,
            -4.9502403225066525,
            -19.877577238726147,
            0.13295631741178765,
            0.053554570842438934,
            0.0025061612372361576,
            -0.044008933360052495,
            -0.08837404207192016,
            0.007626214367023774,
            -0.0070144440416908165,
            0.5052482159347671,
            -0.40905369274528786,
            -0.08500811084570507
        ],
        [
            0.0,
            0.2504549301858115,
            -0.5836189642801862,
            1.2306561124234232,
            0.11994267615941177,
            -38.173767491370135,
            29.29891211678699,
            -24.33884301743245,
            0.04545255788201224,
            0.04601080819590952,
            -0.019801175908095207,
            -0.02562282822104791,
            -0.008354190639902375,
            0.011052601068788248,
            -0.0025866464977692327,
            0.2781248150936804,
            -0.14055296492654828,
            -0.029313116667638
        ],
        [
            0.0,
            0.0,
            0.6173899723669111,
            0.5173246151069566,
            0.18320631998693301,
            -0.7559880260686157,
            -0.988769402412332,
            -2.0392316757455315,
            -0.011295328992565292,
            -0.0008875410285799114,
            -0.0023720894669912985,
            0.002321954105784472,
            -0.0008946378252651779,
            0.000983384007401391,
            0.000524969946093423,
            0.011089882976344013,
            -0.005053810668585836,
            -0.0016688372085996233
        ],
        [
            0.0,
            0.0,
            0.0,
            2.196499973014398,
            0.07211057968041815,
            -12.84323002373178,
            39.0082767955028,
            -12.445845157941223,
            -0.055899325224309106,
            0.004108775569067959,
            -0.02314693984028876,
            0.001418868095505648,
            -0.012012572048175857,
            0.002968104046321225,
            0.0017469290465263717,
            0.12645658541569335,
            -0.05913721453115553,
            -0.025888796082249484
        ],
        [
            0.0,
            0.0,
            0.0,
            0.0,
            0.3378126759346241,
            2.8393487920446776,
            -19.350124419328726,
            -1.3205274844639567,
            -0.03817404885110238,
            -0.007860149404253742,
            -0.008943484643855483,
            0.006044433567116648,
            0.00024126824650418368,
            -0.0032788250457823865,
            0.002665504304220431,
            0.013478450602759203,
            -0.00936672164968379,
            -0.005735505597379822
        ],
        [
            0.0,
            0.0,
            0.0,
            0.0,
            0.0,
            4.904270515791092,
            -12.809350120066002,
            1.447934561379537,
            -0.015529205048702865,
            -0.0037180092208162815,
            -0.0019085310055393953,
            0.0029818981513203093,
            0.003031549389458825,
            -0.0015821009185705268,
            -0.00030225099252667104,
            -0.016732302598193572,
            0.014433869522644142,
            -0.0009851165190003265
        ],
        [
            0.0,
            0.0,
            0.0,
            0.0,
            0.0,
            0.0,
            41.98451420454276,
            -0.7447573952041101,
            0.005163134729565759,
            0.003315434569595101,
            -0.0029766922430181043,
            0.002106983690448951,
            0.001572656554618822,
            0.0006992972545706346,
            -0.00010661091850189315,
            0.012257733679178793,
            0.009927458185759548,
            0.003156970172322855
        ],
        [
            0.0,
            0.0,
            0.0,
            0.0,
            0.0,
            0.0,
            0.0,
            2.3008304149222094,
            0.011466911611521415,
            -0.00015713907991237372,
            0.005648674537249166,
            0.0003224936714533763,
            0.003048385479999664,
            -0.0012610032690327372,
            0.0003261975437763093,
            -0.005468565344379053,
            0.01804705839332264,
            0.00246074767973819
        ],
        [
            0.0,
            0.0,
            0.0,
            0.0,
            0.0,
            0.0,
            0.0,
            0.0,
            0.021222861443328536,
            0.003127572930301171,
            0.0026686514620918194,
            -0.0010576763448726311,
            0.0011886589486350277,
            0.001961033605087922,
            0.0006515995775981539,
            -0.005492446625058531,
            0.007652517440531962,
            0.00625732810551143
        ],
        [
            0.0,
            0.0,
            0.0,
            0.0,
            0.0,
            0.0,
            0.0,
            0.0,
            0.0,
            0.0028205420908517134,
            0.00021315788009771566,
            -0.0007108889292598362,
            0.004157121099623299,
            0.0003610133955481831,
            -0.0003454214371093757,
            0.004150016644527372,
            0.006981614614910279,
            0.0017134383324570216
        ],
        [
            0.0,
            0.0,
            0.0,
            0.0,
            0.0,
            0.0,
            0.0,
            0.0,
            0.0,
            0.0,
            0.005362159953762591,
            -0.0013520166816708016,
            0.0008595973879863728,
            -0.0003703046337379306,
            -0.00030038646512591297,
            -0.015245308820339873,
            0.009590337482333088,
            0.00245297870844719
        ],
        [
            0.0,
            0.0,
            0.0,
            0.0,
            0.0,
            0.0,
            0.0,
            0.0,
            0.0,
            0.0,
            0.0,
            0.004731796884062901,
            0.004046980136812487,
            -0.0009770599883344982,
            0.0015952285621960722,
            0.007119886863654968,
            0.009631613831260743,
            0.001022294585772477
        ],
        [
            0.0,
            0.0,
            0.0,
            0.0,
            0.0,
            0.0,
            0.0,
            0.0,
            0.0,
            0.0,
            0.0,
            0.0,
            0.005143895725775804,
            0.0006384694116088692,
            -0.00037023993170707343,
            -0.0005157608159541417,
            0.009195653492847344,
            0.0014410296549271096
        ],
        [
            0.0,
            0.0,
            0.0,
            0.0,
            0.0,
            0.0,
            0.0,
            0.0,
            0.0,
            0.0,
            0.0,
            0.0,
            0.0,
            0.001867755799488026,
            -0.0006430155369422563,
            -0.007953539734840085,
            0.003900891554608626,
            4.678334546784729e-05
        ],
        [
            0.0,
            0.0,
            0.0,
            0.0,
            0.0,
            0.0,
            0.0,
            0.0,
            0.0,
            0.0,
            0.0,
            0.0,
            0.0,
            0.0,
            0.0018249019579257176,
            0.017404239304277546,
            -0.0020275422541765715,
            0.0004210805552017105
        ],
        [
            0.0,
            0.0,
            0.0,
            0.0,
            0.0,
            0.0,
            0.0,
            0.0,
            0.0,
            0.0,
            0.0,
            0.0,
            0.0,
            0.0,
            0.0,
            0.011186509686328895,
            -0.003684360822598282,
            -0.0018151280635217446
        ],
        [
            0.0,
            0.0,
            0.0,
            0.0,
            0.0,
            0.0,
            0.0,
            0.0,
            0.0,
            0.0,
            0.0,
            0.0,
            0.0,
            0.0,
            0.0,
            0.0,
            0.008019082541457266,
            -0.00024509408308425606
        ],
        [
            0.0,
            0.0,
            0.0,
            0.0,
            0.0,
            0.0,
            0.0,
            0.0,
            0.0,
            0.0,
            0.0,
            0.0,
            0.0,
            0.0,
            0.0,
            0.0,
            0.0,
            0.00210195978465859
        ]
    ],
    "RDR": [
        [
            [
                0.2621139055878932,
                0.507644564720832,
                -4.811862037787022,
                -2.200329239444628,
                2.0820113751678826,
                -70.41755577742286,
                -4.9502403225066525,
                -19.877577238726147,
                0.13295631741178765,
                0.053554570842438934,
                0.0025061612372361576,
                -0.044008933360052495,
                -0.08837404207192016,
                0.007626214367023774,
                -0.0070144440416908165,
                0.5052482159347671,
                -0.40905369274528786,
                -0.08500811084570507
            ],
            [
                0.0,
                0.2504549301858115,
                -0.5836189642801862,
                1.2306561124234232,
                0.11994267615941177,
                -38.173767491370135,
                29.29891211678699,
                -24.33884301743245,
                0.04545255788201224,
                0.04601080819590952,
                -0.019801175908095207,
                -0.02562282822104791,
                -0.008354190639902375,
                0.011052601068788248,
                -0.0025866464977692327,
                0.2781248150936804,
                -0.14055296492654828,
                -0.029313116667638
            ],
            [
                0.0,
                0.0,
                0.6173899723669111,
                0.5173246151069566,
                0.18320631998693301,
                -0.7559880260686157,
                -0.988769402412332,
                -2.0392316757455315,
                -0.011295328992565292,
                -0.0008875410285799114,
                -0.0023720894669912985,
                0.002321954105784472,
                -0.0008946378252651779,
                0.000983384007401391,
                0.000524969946093423,
                0.011089882976344013,
                -0.005053810668585836,
                -0.0016688372085996233
            ],
            [
                0.0,
                0.0,
                0.0,
                2.196499973014398,
                0.07211057968041815,
                -12.84323002373178,
                39.0082767955028,
                -12.445845157941223,
                -0.055899325224309106,
                0.004108775569067959,
                -0.02314693984028876,
                0.001418868095505648,
                -0.012012572048175857,
                0.002968104046321225,
                0.0017469290465263717,
                0.12645658541569335,
                -0.05913721453115553,
                -0.025888796082249484
            ],
            [
                0.0,
                0.0,
                0.0,
                0.0,
                0.3378126759346241,
                2.8393487920446776,
                -19.350124419328726,
                -1.3205274844639567,
                -0.03817404885110238,
                -0.007860149404253742,
                -0.008943484643855483,
                0.006044433567116648,
                0.00024126824650418368,
                -0.0032788250457823865,
                0.002665504304220431,
                0.013478450602759203,
                -0.00936672164968379,
                -0.005735505597379822
            ],
            [
                0.0,
                0.0,
                0.0,
                0.0,
                0.0,
                4.904270515791092,
                -12.809350120066002,
                1.447934561379537,
                -0.015529205048702865,
                -0.0037180092208162815,
                -0.0019085310055393953,
                0.0029818981513203093,
                0.003031549389458825,
                -0.0015821009185705268,
                -0.00030225099252667104,
                -0.016732302598193572,
                0.014433869522644142,
                -0.0009851165190003265
            ],
            [
                0.0,
                0.0,
                0.0,
                0.0,
                0.0,
                0.0,
                41.98451420454276,
                -0.7447573952041101,
                0.005163134729565759,
                0.003315434569595101,
                -0.0029766922430181043,
                0.002106983690448951,
                0.001572656554618822,
                0.0006992972545706346,
                -0.00010661091850189315,
                0.012257733679178793,
                0.009927458185759548,
                0.003156970172322855
            ],
            [
                0.0,
                0.0,
                0.0,
                0.0,
                0.0,
                0.0,
                0.0,
                2.3008304149222094,
                0.011466911611521415,
                -0.00015713907991237372,
                0.005648674537249166,
                0.0003224936714533763,
                0.003048385479999664,
                -0.0012610032690327372,
                0.0003261975437763093,
                -0.005468565344379053,
                0.01804705839332264,
                0.00246074767973819
            ],
            [
                0.0,
                0.0,
                0.0,
                0.0,
                0.0,
                0.0,
                0.0,
                0.0,
                0.021222861443328536,
                0.003127572930301171,
                0.0026686514620918194,
                -0.0010576763448726311,
                0.0011886589486350277,
                0.001961033605087922,
                0.0006515995775981539,
                -0.005492446625058531,
                0.007652517440531962,
                0.00625732810551143
            ],
            [
                0.0,
                0.0,
                0.0,
                0.0,
                0.0,
                0.0,
                0.0,
                0.0,
                0.0,
                0.0028205420908517134,
                0.00021315788009771566,
                -0.0007108889292598362,
                0.004157121099623299,
                0.0003610133955481831,
                -0.0003454214371093757,
                0.004150016644527372,
                0.006981614614910279,
                0.0017134383324570216
            ],
            [
                0.0,
                0.0,
                0.0,
                0.0,
                0.0,
                0.0,
                0.0,
                0.0,
                0.0,
                0.0,
                0.005362159953762591,
                -0.0013520166816708016,
                0.0008595973879863728,
                -0.0003703046337379306,
                -0.00030038646512591297,
                -0.015245308820339873,
                0.009590337482333088,
                0.00245297870844719
            ],
            [
                0.0,
                0.0,
                0.0,
                0.0,
                0.0,
                0.0,
                0.0,
                0.0,
                0.0,
                0.0,
                0.0,
                0.004731796884062901,
                0.004046980136812487,
                -0.0009770599883344982,
                0.0015952285621960722,
                0.007119886863654968,
                0.009631613831260743,
                0.001022294585772477
            ],
            [
                0.0,
                0.0,
                0.0,
                0.0,
                0.0,
                0.0,
                0.0,
                0.0,
                0.0,
                0.0,
                0.0,
                0.0,
                0.005143895725775804,
                0.0006384694116088692,
                -0.00037023993170707343,
                -0.0005157608159541417,
                0.009195653492847344,
                0.0014410296549271096
            ],
            [
                0.0,
                0.0,
                0.0,
                0.0,
                0.0,
                0.0,
                0.0,
                0.0,
                0.0,
                0.0,
                0.0,
                0.0,
                0.0,
                0.001867755799488026,
                -0.0006430155369422563,
                -0.007953539734840085,
                0.003900891554608626,
                4.678334546784729e-05
            ],
            [
                0.0,
                0.0,
                0.0,
                0.0,
                0.0,
                0.0,
                0.0,
                0.0,
                0.0,
                0.0,
                0.0,
                0.0,
                0.0,
                0.0,
                0.0018249019579257176,
                0.017404239304277546,
                -0.0020275422541765715,
                0.0004210805552017105
            ],
            [
                0.0,
                0.0,
                0.0,
                0.0,
                0.0,
                0.0,
                0.0,
                0.0,
                0.0,
                0.0,
                0.0,
                0.0,
                0.0,
                0.0,
                0.0,
                0.011186509686328895,
                -0.003684360822598282,
                -0.0018151280635217446
            ],
            [
                0.0,
                0.0,
                0.0,
                0.0,
                0.0,
                0.0,
                0.0,
                0.0,
                0.0,
                0.0,
                0.0,
                0.0,
                0.0,
                0.0,
                0.0,
                0.0,
                0.008019082541457266,
                -0.00024509408308425606
            ],
            [
                0.0,
                0.0,
                0.0,
                0.0,
                0.0,
                0.0,
                0.0,
                0.0,
                0.0,
                0.0,
                0.0,
                0.0,
                0.0,
                0.0,
                0.0,
                0.0,
                0.0,
                0.00210195978465859
            ]
        ],
        [
            [
                0.05242278111757864,
                0.1015289129441664,
                -0.9623724075574045,
                -0.44006584788892567,
                0.4164022750335765,
                -14.083511155484572,
                -0.9900480645013305,
                -3.9755154477452295,
                0.026591263482357533,
                0.010710914168487788,
                0.0005012322474472315,
                -0.0088017866720105,
                -0.017674808414384034,
                0.001525242873404755,
                -0.0014028888083381635,
                0.10104964318695342,
                -0.08181073854905757,
                -0.017001622169141015
            ],
            [
                0.0,
                0.050090986037162305,
                -0.11672379285603725,
                0.24613122248468466,
                0.023988535231882355,
                -7.634753498274027,
                5.859782423357398,
                -4.86776860348649,
                0.009090511576402447,
                0.009202161639181904,
                -0.003960235181619041,
                -0.005124565644209583,
                -0.0016708381279804752,
                0.0022105202137576497,
                -0.0005173292995538465,
                0.05562496301873609,
                -0.028110592985309657,
                -0.0058626233335276005
            ],
            [
                0.0,
                0.0,
                0.12347799447338222,
                0.10346492302139132,
                0.036641263997386604,
                -0.15119760521372316,
                -0.19775388048246642,
                -0.40784633514910634,
                -0.0022590657985130584,
                -0.00017750820571598228,
                -0.0004744178933982597,
                0.00046439082115689445,
                -0.0001789275650530356,
                0.0001966768014802782,
                0.00010499398921868462,
                0.0022179765952688025,
                -0.0010107621337171672,
                -0.0003337674417199247
            ],
            [
                0.0,
                0.0,
                0.0,
                0.43929999460287966,
                0.01442211593608363,
                -2.568646004746356,
                7.801655359100561,
                -2.489169031588245,
                -0.011179865044861821,
                0.0008217551138135918,
                -0.0046293879680577524,
                0.00028377361910112965,
                -0.0024025144096351714,
                0.000593620809264245,
                0.00034938580930527434,
                0.02529131708313867,
                -0.011827442906231106,
                -0.005177759216449897
            ],
            [
                0.0,
                0.0,
                0.0,
                0.0,
                0.06756253518692483,
                0.5678697584089355,
                -3.8700248838657454,
                -0.26410549689279134,
                -0.007634809770220476,
                -0.0015720298808507484,
                -0.0017886969287710967,
                0.0012088867134233297,
                4.825364930083674e-05,
                -0.0006557650091564773,
                0.0005331008608440862,
                0.002695690120551841,
                -0.001873344329936758,
                -0.0011471011194759645
            ],
            [
                0.0,
                0.0,
                0.0,
                0.0,
                0.0,
                0.9808541031582184,
                -2.5618700240132006,
                0.2895869122759074,
                -0.003105841009740573,
                -0.0007436018441632563,
                -0.0003817062011078791,
                0.0005963796302640619,
                0.0006063098778917651,
                -0.0003164201837141054,
                -6.045019850533421e-05,
                -0.0033464605196387148,
                0.0028867739045288286,
                -0.00019702330380006532
            ],
            [
                0.0,
                0.0,
                0.0,
                0.0,
                0.0,
                0.0,
                8.396902840908552,
                -0.14895147904082204,
                0.0010326269459131519,
                0.0006630869139190202,
                -0.0005953384486036209,
                0.0004213967380897902,
                0.00031453131092376444,
                0.00013985945091412694,
                -2.1322183700378633e-05,
                0.002451546735835759,
                0.0019854916371519096,
                0.000631394034464571
            ],
            [
                0.0,
                0.0,
                0.0,
                0.0,
                0.0,
                0.0,
                0.0,
                0.4601660829844419,
                0.002293382322304283,
                -3.142781598247475e-05,
                0.0011297349074498332,
                6.449873429067525e-05,
                0.0006096770959999328,
                -0.0002522006538065474,
                6.523950875526187e-05,
                -0.0010937130688758107,
                0.003609411678664528,
                0.000492149535947638
            ],
            [
                0.0,
                0.0,
                0.0,
                0.0,
                0.0,
                0.0,
                0.0,
                0.0,
                0.004244572288665707,
                0.0006255145860602343,
                0.0005337302924183639,
                -0.00021153526897452625,
                0.00023773178972700556,
                0.00039220672101758443,
                0.00013031991551963078,
                -0.0010984893250117062,
                0.0015305034881063924,
                0.0012514656211022861
            ],
            [
                0.0,
                0.0,
                0.0,
                0.0,
                0.0,
                0.0,
                0.0,
                0.0,
                0.0,
                0.0005641084181703427,
                4.263157601954313e-05,
                -0.00014217778585196724,
                0.0008314242199246599,
                7.220267910963662e-05,
                -6.908428742187515e-05,
                0.0008300033289054744,
                0.0013963229229820558,
                0.0003426876664914043
            ],
            [
                0.0,
                0.0,
                0.0,
                0.0,
                0.0,
                0.0,
                0.0,
                0.0,
                0.0,
                0.0,
                0.0010724319907525182,
                -0.00027040333633416034,
                0.00017191947759727456,
                -7.406092674758612e-05,
                -6.00772930251826e-05,
                -0.0030490617640679747,
                0.0019180674964666177,
                0.000490595741689438
            ],
            [
                0.0,
                0.0,
                0.0,
                0.0,
                0.0,
                0.0,
                0.0,
                0.0,
                0.0,
                0.0,
                0.0,
                0.0009463593768125802,
                0.0008093960273624975,
                -0.00019541199766689966,
                0.00031904571243921445,
                0.0014239773727309935,
                0.0019263227662521488,
                0.0002044589171544954
            ],
            [
                0.0,
                0.0,
                0.0,
                0.0,
                0.0,
                0.0,
                0.0,
                0.0,
                0.0,
                0.0,
                0.0,
                0.0,
                0.0010287791451551607,
                0.00012769388232177384,
                -7.404798634141469e-05,
                -0.00010315216319082834,
                0.001839130698569469,
                0.00028820593098542193
            ],
            [
                0.0,
                0.0,
                0.0,
                0.0,
                0.0,
                0.0,
                0.0,
                0.0,
                0.0,
                0.0,
                0.0,
                0.0,
                0.0,
                0.0003735511598976052,
                -0.00012860310738845127,
                -0.0015907079469680173,
                0.0007801783109217253,
                9.35666909356946e-06
            ],
            [
                0.0,
                0.0,
                0.0,
                0.0,
                0.0,
                0.0,
                0.0,
                0.0,
                0.0,
                0.0,
                0.0,
                0.0,
                0.0,
                0.0,
                0.00036498039158514353,
                0.0034808478608555093,
                -0.00040550845083531435,
                8.42161110403421e-05
            ],
            [
                0.0,
                0.0,
                0.0,
                0.0,
                0.0,
                0.0,
                0.0,
                0.0,
                0.0,
                0.0,
                0.0,
                0.0,
                0.0,
                0.0,
                0.0,
                0.002237301937265779,
                -0.0007368721645196564,
                -0.00036302561270434896
            ],
            [
                0.0,
                0.0,
                0.0,
                0.0,
                0.0,
                0.0,
                0.0,
                0.0,
                0.0,
                0.0,
                0.0,
                0.0,
                0.0,
                0.0,
                0.0,
                0.0,
                0.0016038165082914533,
                -4.901881661685122e-05
            ],
            [
                0.0,
                0.0,
                0.0,
                0.0,
                0.0,
                0.0,
                0.0,
                0.0,
                0.0,
                0.0,
                0.0,
                0.0,
                0.0,
                0.0,
                0.0,
                0.0,
                0.0,
                0.000420391956931718
            ]
        ]
    ],
    "allnames": [
        "m1_flow_nominal",
        "m2_flow_nominal",
        "tau1",
        "tau2",
        "tau_m",
        "nominalUa.hasValue",
        "workingPressure.hasValue",
        "flowCoefficient.hasValue",
        "waterFlowRateMax",
        "c1",
        "c2",
        "c3",
        "c4",
        "eps_motor",
        "f_motorToAir",
        "kp",
        "Ti",
        "Td"
    ],
    "alpha_count": 3624,
    "cov": [
        [
            0.2146990609454343,
            0.4158146859670103,
            -3.9414248496077344,
            -1.8023027829064693,
            1.7053879156989815,
            -57.67943927116756,
            -4.054771326659034,
            -16.281841886461002,
            0.10890531134183523,
            0.04386686789248493,
            0.002052811593515487,
            -0.03604797938675214,
            -0.07238770412518683,
            0.006246677601847201,
            -0.005745572885297834,
            0.4138518224061782,
            -0.33505831562692956,
            -0.06963064981380095
        ],
        [
            0.4158146859670103,
            1.001345862953071,
            -8.09026830194687,
            -2.5273790258769906,
            3.3967562277335173,
            -141.58718038536014,
            15.078419984211598,
            -50.582897730601005,
            0.24649490340780517,
            0.12096975174568798,
            -0.01152207187269371,
            -0.08986956085205483,
            -0.14673421985530036,
            0.020748702193345393,
            -0.013152133625990423,
            1.01920075562941,
            -0.7589252088100565,
            -0.1577985000516563
        ],
        [
            -3.9414248496077344,
            -8.09026830194687,
            74.61186795044551,
            31.840117256326145,
            -31.172633043781445,
            1127.0367458081034,
            19.093801336326038,
            339.3555265121232,
            -2.1039626688978843,
            -0.8909310798212754,
            -0.00614832685467287,
            0.7129763606507502,
            1.3423969432440812,
            -0.1329364611497511,
            0.11120707540903918,
            -8.083302637179377,
            6.397559810392385,
            1.3285145903554014
        ],
        [
            -1.8023027829064693,
            -2.5273790258769906,
            31.840117256326145,
            35.77562536827476,
            -13.063544664961611,
            248.00556573326668,
            412.8725249559293,
            -45.64929630111712,
            -1.1413669458048838,
            -0.1645263349409721,
            -0.25610065943310295,
            0.21755937640201797,
            0.49163256454731896,
            0.012031055675708,
            0.05112351087212768,
            -1.5185545721607736,
            1.8580346389480782,
            0.29138561006216895
        ],
        [
            1.7053879156989815,
            3.3967562277335173,
            -31.172633043781445,
            -13.063544664961611,
            14.068873460312034,
            -472.7946328279795,
            -33.42882310831816,
            -143.81805015930834,
            0.8227258771416998,
            0.3578072191010895,
            -0.007131541677965577,
            -0.2879086628333342,
            -0.5810825569105115,
            0.05153159005671838,
            -0.04309940802700818,
            3.44061047900508,
            -2.7402101446430973,
            -0.5769183485376019
        ],
        [
            -57.67943927116756,
            -141.58718038536014,
            1127.0367458081034,
            248.00556573326668,
            -472.7946328279795,
            20667.19541357698,
            -4337.103372737651,
            7792.418280866183,
            -32.986362844475174,
            -17.563245880214346,
            2.63665267421885,
            12.77790461898442,
            20.97657535127833,
            -3.1714720227880835,
            1.7997966867624249,
            -149.599065628445,
            109.30475971451862,
            23.18030153877856
        ],
        [
            -4.054771326659034,
            15.078419984211598,
            19.093801336326038,
            412.8725249559293,
            -33.42882310831816,
            -4337.103372737651,
            14708.627039052739,
            -3507.6265258834273,
            -1.067061803882215,
            4.946967244950165,
            -4.439394360060348,
            -1.7078453308147028,
            -0.7889831952476406,
            1.6061152824440286,
            -0.08006042460244377,
            34.49280560312398,
            -12.443188790611707,
            -3.71910553441804
        ],
        [
            -16.281841886461002,
            -50.582897730601005,
            339.3555265121232,
            -45.64929630111712,
            -143.81805015930834,
            7792.418280866183,
            -3507.6265258834273,
            3613.261485433629,
            -9.312191427145578,
            -6.973583982667778,
            2.3415687892133707,
            4.598548484737653,
            6.628867566786363,
            -1.440397687950022,
            0.5513937677073428,
            -57.72674311152956,
            38.64252941282405,
            8.557099443712993
        ],
        [
            0.10890531134183523,
            0.24649490340780517,
            -2.1039626688978843,
            -1.1413669458048838,
            0.8227258771416998,
            -32.986362844475174,
            -1.067061803882215,
            -9.312191427145578,
            0.0790706514388153,
            0.02947361989339615,
            0.00384679663012645,
            -0.023144834630512447,
            -0.0357374756601181,
            0.004749387509462087,
            -0.0038556460805216817,
            0.22578953881864147,
            -0.17768100383604782,
            -0.033616075655919744
        ],
        [
            0.04386686789248493,
            0.12096975174568798,
            -0.8909310798212754,
            -0.1645263349409721,
            0.3578072191010895,
            -17.563245880214346,
            4.946967244950165,
            -6.973583982667778,
            0.02947361989339615,
            0.01595973689103923,
            -0.00248208732217055,
            -0.011215664470578528,
            -0.016121155174236866,
            0.0030300084436703833,
            -0.0015847687178424854,
            0.1261160388314753,
            -0.08912026343517876,
            -0.018509235774657955
        ],
        [
            0.002052811593515487,
            -0.01152207187269371,
            -0.00614832685467287,
            -0.25610065943310295,
            -0.007131541677965577,
            2.63665267421885,
            -4.439394360060348,
            2.3415687892133707,
            0.00384679663012645,
            -0.00248208732217055,
            0.0034377861534025515,
            0.000888421730538893,
            0.000741817561137127,
            -0.0007634797503570915,
            -9.090496827096851e-05,
            -0.02326832034190279,
            0.010439821059762744,
            0.003307782733085935
        ],
        [
            -0.03604797938675214,
            -0.08986956085205483,
            0.7129763606507502,
            0.21755937640201797,
            -0.2879086628333342,
            12.77790461898442,
            -1.7078453308147028,
            4.598548484737653,
            -0.023144834630512447,
            -0.011215664470578528,
            0.000888421730538893,
            0.00836416365133923,
            0.012852354172238754,
            -0.0020070270939490284,
            0.0012539830260598049,
            -0.09076188865028746,
            0.06731390912230055,
            0.013797243370455134
        ],
        [
            -0.07238770412518683,
            -0.14673421985530036,
            1.3423969432440812,
            0.49163256454731896,
            -0.5810825569105115,
            20.97657535127833,
            -0.7889831952476406,
            6.628867566786363,
            -0.0357374756601181,
            -0.016121155174236866,
            0.000741817561137127,
            0.012852354172238754,
            0.025337973960116444,
            -0.002525991511479008,
            0.0019507331570210657,
            -0.1516387855976281,
            0.1196362930561397,
            0.025331864877538673
        ],
        [
            0.006246677601847201,
            0.020748702193345393,
            -0.1329364611497511,
            0.012031055675708,
            0.05153159005671838,
            -3.1714720227880835,
            1.6061152824440286,
            -1.440397687950022,
            0.004749387509462087,
            0.0030300084436703833,
            -0.0007634797503570915,
            -0.0020070270939490284,
            -0.002525991511479008,
            0.0006699769209882367,
            -0.00027143939565802154,
            0.02276673050025818,
            -0.015136622023755385,
            -0.003185310751997031
        ],
        [
            -0.005745572885297834,
            -0.013152133625990423,
            0.11120707540903918,
            0.05112351087212768,
            -0.04309940802700818,
            1.7997966867624249,
            -0.08006042460244377,
            0.5513937677073428,
            -0.0038556460805216817,
            -0.0015847687178424854,
            -9.090496827096851e-05,
            0.0012539830260598049,
            0.0019507331570210657,
            -0.00027143939565802154,
            0.00022998205423994226,
            -0.0123463394093825,
            0.009711962175180012,
            0.0019252042982060103
        ],
        [
            0.4138518224061782,
            1.01920075562941,
            -8.083302637179377,
            -1.5185545721607736,
            3.44061047900508,
            -149.599065628445,
            34.49280560312398,
            -57.72674311152956,
            0.22578953881864147,
            0.1261160388314753,
            -0.02326832034190279,
            -0.09076188865028746,
            -0.1516387855976281,
            0.02276673050025818,
            -0.0123463394093825,
            1.0943977937020688,
            -0.7932718028239989,
            -0.17031958156627536
        ],
        [
            -0.33505831562692956,
            -0.7589252088100565,
            6.397559810392385,
            1.8580346389480782,
            -2.7402101446430973,
            109.30475971451862,
            -12.443188790611707,
            38.64252941282405,
