2.460705476923798207e-02 5.221565366943260039e-02 -4.941934201357411349e-01 -5.327530584697447447e-01 1.620723175507383929e-01 -5.142308385110013980e+00 1.918325672703104834e+00 -8.168443577893491625e-01 2.167814248901113461e-02 6.216420611671452483e-03 3.062173573137445554e-03 -4.449515697994409907e-03 -5.315144605578327880e-03 8.962454544000857505e-04 -1.506185286173365549e-03 2.875432348667996893e-02 -2.725258955956025297e-02 -3.331244782228385062e-03
5.221565366943260039e-02 2.470754984857066461e-01 -1.391606321222583098e+00 -2.395349013451732123e+00 2.685922428147799468e-01 -2.103459006448135327e+01 -2.899884712703562073e+01 -3.374050160060539927e+00 1.285660008894376483e-01 3.515291249836186016e-02 2.019272126520482019e-02 -2.868366624944883314e-02 -6.036256971896694461e-03 6.970643040955379170e-03 -7.400357288903600464e-03 8.385097801115777572e-02 -8.283934191721463447e-02 6.404025584327792788e-04
-4.941934201357411349e-01 -1.391606321222583098e+00 1.677156655325565282e+01 1.717894132299080212e+01 -1.580188442739597798e+00 1.318472030279216369e+02 2.130035162608697963e+00 1.078941905122589695e+01 -7.065109455086595602e-01 -1.915367610837718226e-01 -9.907281052069169536e-02 1.528887088966545960e-01 8.649256820579709348e-02 -2.216561788582741693e-02 4.190839522858931521e-02 -6.527295602045320999e-01 5.981505410643528364e-01 5.063601826124541211e-02
-5.327530584697447447e-01 -2.395349013451732123e+00 1.717894132299080212e+01 3.060870576888121164e+01 -1.476768069580051135e+00 1.978505128235828181e+02 1.254825495108740228e+02 5.960737768388191249e+00 -1.509282820479825649e+00 -3.727545285969065536e-01 -2.411125323334687987e-01 2.943817065406587608e-01 3.898971460496310215e-02 -6.875095022041950721e-02 7.431832211686656420e-02 -7.625348383377856809e-01 7.312092131922073301e-01 -6.643465698436086531e-02
1.620723175507383929e-01 2.685922428147799468e-01 -1.580188442739597798e+00 -1.476768069580051135e+00 3.100623183560909268e+00 -1.974683967418021879e+01 -7.508433380311275585e+01 -1.800258146298234863e+01 -1.188427911850896274e-01 -1.119148037818500606e-02 -3.506310065977163298e-02 5.610328062135979885e-03 -5.064207966478803669e-02 -7.161053669934468700e-03 1.963686238815898124e-03 2.348869327198535861e-01 -2.569802775046564625e-01 -6.148667574738045372e-02
-5.142308385110013980e+00 -2.103459006448135327e+01 1.318472030279216369e+02 1.978505128235828181e+02 -1.974683967418021879e+01 2.142857720374705877e+03 1.551819096984474527e+03 3.155318553445247858e+02 -1.221507694346555084e+01 -3.243057507070233658e+00 -2.033120441563549541e+00 2.571079285181021135e+00 7.284878269616771318e-01 -6.606271751369270362e-01 6.294046026863477916e-01 -8.153152408152747554e+00 7.553454807013116223e+00 -4.469648582647484103e-02
1.918325672703104834e+00 -2.899884712703562073e+01 2.130035162608697963e+00 1.254825495108740228e+02 -7.508433380311275585e+01 1.551819096984474527e+03 3.280768235031067888e+04 1.342234297350370070e+03 1.997085624470564591e+00 -7.885294364313362170e-01 4.432686500403900665e-01 3.223927744374927684e+00 3.290558628849137301e-01 -1.838638583927957315e-01 2.677881886044459758e-01 -5.825949670665575120e+00 1.732680837646037375e+01 3.047264001026344538e+00
-8.168443577893491625e-01 -3.374050160060539927e+00 1.078941905122589695e+01 5.960737768388191249e+00 -1.800258146298234863e+01 3.155318553445247858e+02 1.342234297350370070e+03 2.638640632781170439e+02 5.178511520364637022e-01 -1.752742761566541685e-01 2.469334489349580275e-01 2.335915950740829472e-01 3.293461617962165633e-01 -3.373086205563204099e-02 2.856914659632034045e-02 -2.142715080323651211e+00 2.493294899713121016e+00 4.924993174775486038e-01
2.167814248901113461e-02 1.285660008894376483e-01 -7.065109455086595602e-01 -1.509282820479825649e+00 -1.188427911850896274e-01 -1.221507694346555084e+01 1.997085624470564591e+00 5.178511520364637022e-01 1.140864152864751180e-01 2.605498561639790073e-02 2.040330879383481927e-02 -1.921642826628661149e-02 1.290921489266549579e-03 6.178231509650209362e-03 -4.688188187564903096e-03 2.886570860859771423e-02 -2.104448224492206851e-02 1.150970417477992572e-02
6.216420611671452483e-03 3.515291249836186016e-02 -1.915367610837718226e-01 -3.727545285969065536e-01 -1.119148037818500606e-02 -3.243057507070233658e+00 -7.885294364313362170e-01 -1.752742761566541685e-01 2.605498561639790073e-02 6.534533678285929514e-03 4.445722677317878041e-03 -4.909554556541345996e-03 6.020124894257408292e-05 1.487279963556893984e-03 -1.248762300124986110e-03 9.576803656249051680e-03 -7.789387262173391550e-03 2.039581202604906322e-03
3.062173573137445554e-03 2.019272126520482019e-02 -9.907281052069169536e-02 -2.411125323334687987e-01 -3.506310065977163298e-02 -2.033120441563549541e+00 4.432686500403900665e-01 2.469334489349580275e-01 2.040330879383481927e-02 4.445722677317878041e-03 4.170327464287019135e-03 -3.304156838778461117e-03 4.683533516741446865e-04 1.083565428072032774e-03 -7.943730513401571882e-04 3.008459942300019049e-03 -1.565363023362257178e-03 2.399540180068861651e-03
-4.449515697994409907e-03 -2.868366624944883314e-02 1.528887088966545960e-01 2.943817065406587608e-01 5.610328062135979885e-03 2.571079285181021135e+00 3.223927744374927684e+00 2.335915950740829472e-01 -1.921642826628661149e-02 -4.909554556541345996e-03 -3.304156838778461117e-03 4.165244027402394827e-03 1.243635250728150903e-04 -1.133619608936313906e-03 1.014599085456310357e-03 -7.718057274202837909e-03 7.715925483452429345e-03 -1.133365146720219417e-03
-5.315144605578327880e-03 -6.036256971896694461e-03 8.649256820579709348e-02 3.898971460496310215e-02 -5.064207966478803669e-02 7.284878269616771318e-01 3.290558628849137301e-01 3.293461617962165633e-01 1.290921489266549579e-03 6.020124894257408292e-05 4.683533516741446865e-04 1.243635250728150903e-04 2.158702858551651404e-03 1.393327151089155378e-04 8.408210507927617121e-05 -6.286362791788727665e-03 7.763160506623744544e-03 1.961856191553110716e-03
8.962454544000857505e-04 6.970643040955379170e-03 -2.216561788582741693e-02 -6.875095022041950721e-02 -7.161053669934468700e-03 -6.606271751369270362e-01 -1.838638583927957315e-01 -3.373086205563204099e-02 6.178231509650209362e-03 1.487279963556893984e-03 1.083565428072032774e-03 -1.133619608936313906e-03 1.393327151089155378e-04 4.583862992480270456e-04 -2.853782798113776585e-04 1.262748572764597205e-03 -1.040534661423687382e-03 7.061861235514348481e-04
-1.506185286173365549e-03 -7.400357288903600464e-03 4.190839522858931521e-02 7.431832211686656420e-02 1.963686238815898124e-03 6.294046026863477916e-01 2.677881886044459758e-01 2.856914659632034045e-02 -4.688188187564903096e-03 -1.248762300124986110e-03 -7.943730513401571882e-04 1.014599085456310357e-03 8.408210507927617121e-05 -2.853782798113776585e-04 3.514463453322203891e-04 -1.811503839492381975e-03 1.886381693664607000e-03 -1.447651331605647016e-04
2.875432348667996893e-02 8.385097801115777572e-02 -6.527295602045320999e-01 -7.625348383377856809e-01 2.348869327198535861e-01 -8.153152408152747554e+00 -5.825949670665575120e+00 -2.142715080323651211e+00 2.886570860859771423e-02 9.576803656249051680e-03 3.008459942300019049e-03 -7.718057274202837909e-03 -6.286362791788727665e-03 1.262748572764597205e-03 -1.811503839492381975e-03 4.769739938916425087e-02 -4.398500461543543294e-02 -5.149961900197760727e-03
-2.725258955956025297e-02 -8.283934191721463447e-02 5.981505410643528364e-01 7.312092131922073301e-01 -2.569802775046564625e-01 7.553454807013116223e+00 1.732680837646037375e+01 2.493294899713121016e+00 -2.104448224492206851e-02 -7.789387262173391550e-03 -1.565363023362257178e-03 7.715925483452429345e-03 7.763160506623744544e-03 -1.040534661423687382e-03 1.886381693664607000e-03 -4.398500461543543294e-02 5.171747742735089554e-02 7.312376318077250942e-03
-3.331244782228385062e-03 6.404025584327792788e-04 5.063601826124541211e-02 -6.643465698436086531e-02 -6.148667574738045372e-02 -4.469648582647484103e-02 3.047264001026344538e+00 4.924993174775486038e-01 1.150970417477992572e-02 2.039581202604906322e-03 2.399540180068861651e-03 -1.133365146720219417e-03 1.961856191553110716e-03 7.061861235514348481e-04 -1.447651331605647016e-04 -5.149961900197760727e-03 7.312376318077250942e-03 3.567617750176057916e-03
1.294495476754850827e-01 2.395804013316258085e-01 -2.359781197156797905e+00 -2.543093047474832780e+00 1.040591110947824971e+00 -2.329415315645054818e+01 -2.935295256262126884e+01 -5.308008016723052558e-01 8.942108816944763228e-02 1.985615329983696914e-02 1.538712664832164213e-02 -1.868634147268441112e-02 -3.347607430367476045e-02 -3.340216827975077624e-04 -3.619868316710584451e-03 1.588987179443407116e-01 -1.513577419251766198e-01 -2.472093825782072790e-02
2.395804013316258085e-01 5.153880046086353195e-01 -4.561139394602842678e+00 -5.408896006425830905e+00 1.887996642770127131e+00 -4.815910194093408592e+01 -7.016964775706675539e+01 -1.881414367010571409e+00 2.086776352010621949e-01 4.825947008315342041e-02 3.513997025563455473e-02 -4.426206557123447960e-02 -5.907134085123541545e-02 2.007821361429836925e-03 -8.833371951228458432e-03 3.059486610662662809e-01 -2.931377102154080760e-01 -4.138818666121747702e-02
-2.359781197156797905e+00 -4.561139394602842678e+00 4.667750656413817012e+01 5.007817552816023010e+01 -1.805487632577644774e+01 4.388105921638560289e+02 5.540318362245420758e+02 6.963337073111064868e+00 -1.779460365599473848e+00 -3.988721771812994699e-01 -2.988507656848969907e-01 3.738562726807882486e-01 5.984359713631013378e-01 3.541982763663467041e-03 7.235400296382502039e-02 -2.934974865366566821e+00 2.788680741662012519e+00 4.396220540374853325e-01
-2.543093047474832780e+00 -5.408896006425830905e+00 5.007817552816023010e+01 6.111922540485394961e+01 -1.942596667376139052e+01 4.982583693007640591e+02 6.617673793859413536e+02 3.500005049210581642e+00 -2.317158448591128739e+00 -5.162245972844513586e-01 -3.868315229876466144e-01 4.656663040961169786e-01 6.143832331804042202e-01 -1.804017447068993751e-02 9.088942899940934128e-02 -3.199945421738567664e+00 3.053768556572303616e+00 4.058134275646430034e-01
1.040591110947824971e+00 1.887996642770127131e+00 -1.805487632577644774e+01 -1.942596667376139052e+01 9.470707230954616307e+00 -1.793385896883131920e+02 -2.853086918064321367e+02 -1.023065091322547460e+01 5.825940603922808991e-01 1.314926693828436244e-01 9.498529301374133982e-02 -1.313463010859237390e-01 -2.776275905861578241e-01 -1.010037644118652080e-02 -2.225563763759396893e-02 1.303335713797490358e+00 -1.256984578475894176e+00 -2.194540274831238702e-01
-2.329415315645054818e+01 -4.815910194093408592e+01 4.388105921638560289e+02 4.982583693007640591e+02 -1.793385896883131920e+02 4.758664386800087414e+03 6.095763897008970162e+03 1.911958999515952655e+02 -1.998042484477492309e+01 -4.586651682206314362e+00 -3.480096581504982023e+00 4.207863182921949274e+00 5.834302421927792359e+00 -2.014359270497475263e-01 8.266913376917965905e-01 -2.965212533042003429e+01 2.816606262242919811e+01 4.073303956240654777e+00
-2.935295256262126884e+01 -7.016964775706675539e+01 5.540318362245420758e+02 6.617673793859413536e+02 -2.853086918064321367e+02 6.095763897008970162e+03 2.466052043546501591e+04 6.902685918624288206e+02 -1.927582667812923489e+01 -4.706320626157832976e+00 -3.282929581614599357e+00 5.885836803432755282e+00 8.165351724486368923e+00 1.514513117402540576e-01 8.694482879609400916e-01 -4.041259752866377397e+01 4.462399683847731069e+01 7.545305366399182034e+00
-5.308008016723052558e-01 -1.881414367010571409e+00 6.963337073111064868e+00 3.500005049210581642e+00 -1.023065091322547460e+01 1.911958999515952655e+02 6.902685918624288206e+02 1.415636524312686504e+02 2.149622678648665242e-01 -1.054486430977539801e-01 1.096551692301618169e-01 1.387213659971739399e-01 2.101185936684743238e-01 -2.005993233132377998e-02 1.927844832801771380e-02 -1.249085542657259795e+00 1.422847394816168842e+00 2.856043674224700291e-01
8.942108816944763228e-02 2.086776352010621949e-01 -1.779460365599473848e+00 -2.317158448591128739e+00 5.825940603922808991e-01 -1.998042484477492309e+01 -1.927582667812923489e+01 2.149622678648665242e-01 1.109947611148151825e-01 2.442315773978379068e-02 1.951689679174661157e-02 -2.062423045484785417e-02 -1.991912917237740818e-02 2.585305352083450484e-03 -4.223952818592006248e-03 1.115266351391185212e-01 -1.030791290335234395e-01 -9.404187592503427881e-03
1.985615329983696914e-02 4.825947008315342041e-02 -3.988721771812994699e-01 -5.162245972844513586e-01 1.314926693828436244e-01 -4.586651682206314362e+00 -4.706320626157832976e+00 -1.054486430977539801e-01 2.442315773978379068e-02 5.684953473552023517e-03 4.204919559289099946e-03 -4.805581154004684614e-03 -4.368462620059805623e-03 6.366310542308173436e-04 -1.028015649460582498e-03 2.549353130867588330e-02 -2.363442971444286098e-02 -2.238988366061466211e-03
1.538712664832164213e-02 3.513997025563455473e-02 -2.988507656848969907e-01 -3.868315229876466144e-01 9.498529301374133982e-02 -3.480096581504982023e+00 -3.282929581614599357e+00 1.096551692301618169e-01 1.951689679174661157e-02 4.204919559289099946e-03 3.751865943844109701e-03 -3.603493657378752275e-03 -3.411177151190349349e-03 4.584434627471661080e-04 -7.410693133744466338e-04 1.854066679273491322e-02 -1.700849126226392297e-02 -1.522203748749097847e-03
-1.868634147268441112e-02 -4.426206557123447960e-02 3.738562726807882486e-01 4.656663040961169786e-01 -1.313463010859237390e-01 4.207863182921949274e+00 5.885836803432755282e+00 1.387213659971739399e-01 -2.062423045484785417e-02 -4.805581154004684614e-03 -3.603493657378752275e-03 4.407282540143494382e-03 4.409520834002325640e-03 -4.578422880690422784e-04 9.137137396905917891e-04 -2.417362398479773120e-02 2.326120857641381448e-02 2.693163885636941975e-03
-3.347607430367476045e-02 -5.907134085123541545e-02 5.984359713631013378e-01 6.143832331804042202e-01 -2.776275905861578241e-01 5.834302421927792359e+00 8.165351724486368923e+00 2.101185936684743238e-01 -1.991912917237740818e-02 -4.368462620059805623e-03 -3.411177151190349349e-03 4.409520834002325640e-03 9.215793382387973617e-03 2.725399281812328016e-04 8.034261034505326337e-04 -4.118721013909310696e-02 4.018121732130762458e-02 7.090845935747424125e-03
-3.340216827975077624e-04 2.007821361429836925e-03 3.541982763663467041e-03 -1.804017447068993751e-02 -1.010037644118652080e-02 -2.014359270497475263e-01 1.514513117402540576e-01 -2.005993233132377998e-02 2.585305352083450484e-03 6.366310542308173436e-04 4.584434627471661080e-04 -4.578422880690422784e-04 2.725399281812328016e-04 2.411877192224254785e-04 -1.245308624327701934e-04 -3.361609121043755959e-04 4.068472119351276535e-04 5.109465753655688522e-04
-3.619868316710584451e-03 -8.833371951228458432e-03 7.235400296382502039e-02 9.088942899940934128e-02 -2.225563763759396893e-02 8.266913376917965905e-01 8.694482879609400916e-01 1.927844832801771380e-02 -4.223952818592006248e-03 -1.028015649460582498e-03 -7.410693133744466338e-04 9.137137396905917891e-04 8.034261034505326337e-04 -1.245308624327701934e-04 2.485829921497100577e-04 -4.428501168686569539e-03 4.307271372723359658e-03 5.051889232607492675e-04
1.588987179443407116e-01 3.059486610662662809e-01 -2.934974865366566821e+00 -3.199945421738567664e+00 1.303335713797490358e+00 -2.965212533042003429e+01 -4.041259752866377397e+01 -1.249085542657259795e+00 1.115266351391185212e-01 2.549353130867588330e-02 1.854066679273491322e-02 -2.417362398479773120e-02 -4.118721013909310696e-02 -3.361609121043755959e-04 -4.428501168686569539e-03 2.024163583894411089e-01 -1.922427720478056823e-01 -3.100562350773086728e-02
-1.513577419251766198e-01 -2.931377102154080760e-01 2.788680741662012519e+00 3.053768556572303616e+00 -1.256984578475894176e+00 2.816606262242919811e+01 4.462399683847731069e+01 1.422847394816168842e+00 -1.030791290335234395e-01 -2.363442971444286098e-02 -1.700849126226392297e-02 2.326120857641381448e-02 4.018121732130762458e-02 4.068472119351276535e-04 4.307271372723359658e-03 -1.922427720478056823e-01 1.883660582268406047e-01 3.080335708548840798e-02
-2.472093825782072790e-02 -4.138818666121747702e-02 4.396220540374853325e-01 4.058134275646430034e-01 -2.194540274831238702e-01 4.073303956240654777e+00 7.545305366399182034e+00 2.856043674224700291e-01 -9.404187592503427881e-03 -2.238988366061466211e-03 -1.522203748749097847e-03 2.693163885636941975e-03 7.090845935747424125e-03 5.109465753655688522e-04 5.051889232607492675e-04 -3.100562350773086728e-02 3.080335708548840798e-02 6.414868209610066069e-03
1.499309082045351127e-01 2.572702438382893364e-01 -2.744367569723126454e+00 -2.528063371279881455e+00 1.144483157664309081e+00 -2.839825298268409526e+01 -2.946218487975592737e+01 -1.602863327160720441e+00 9.383632949885102603e-02 2.153939162645375494e-02 1.621570264578273829e-02 -2.215044380367317198e-02 -4.307486223237447925e-02 1.938296836864208353e-04 -4.191231014319042603e-03 1.890893671742722160e-01 -1.836458824202303330e-01 -3.252664237968909411e-02
2.572702438382893364e-01 4.936590805747190780e-01 -4.835421940217704773e+00 -4.898158339462948874e+00 1.949443541199119334e+00 -5.176484014739816786e+01 -6.250191222102010613e+01 -3.091685229045741501e+00 1.921077022263814882e-01 4.495473347049597224e-02 3.272132391633728044e-02 -4.437775342720651217e-02 -7.095266691491176891e-02 1.953492694080679465e-03 -8.641255571236718114e-03 3.309079407789771721e-01 -3.217040816037299300e-01 -5.203260365563940754e-02
-2.744367569723126454e+00 -4.835421940217704773e+00 5.267497945546084281e+01 4.870247626791185525e+01 -2.033470253864635424e+01 5.294283192171976680e+02 5.515593031049794490e+02 2.764588412073606705e+01 -1.815539332405941231e+00 -4.185325686891906427e-01 -3.088632709543946975e-01 4.276287300078207010e-01 7.812683432141798168e-01 -5.252848251276640186e-03 8.089724763845632105e-02 -3.487440707957074615e+00 3.382593858607365611e+00 5.885669011378006354e-01
-2.528063371279881455e+00 -4.898158339462948874e+00 4.870247626791185525e+01 5.223343407698984464e+01 -1.884586463417700841e+01 4.979504024114499998e+02 5.941830236993882863e+02 1.550517922750317013e+01 -2.009926931798516669e+00 -4.536561008940009909e-01 -3.430142648262063942e-01 4.377836533669915431e-01 6.727608429741852580e-01 -1.593724775430316667e-02 8.446606201624877464e-02 -3.199603446763480630e+00 3.098717436810019432e+00 4.748283043232426337e-01
1.144483157664309081e+00 1.949443541199119334e+00 -2.033470253864635424e+01 -1.884586463417700841e+01 9.505947833578973771e+00 -2.107396114444663908e+02 -2.603351975437610122e+02 -1.566557696321692816e+01 6.307265358154873214e-01 1.464312543785750709e-01 1.055816342722995099e-01 -1.562486534900159318e-01 -3.321995899592338763e-01 -3.801165102986197707e-03 -2.741962335758864333e-02 1.457919486001715503e+00 -1.424215390180481489e+00 -2.599982821422716639e-01
-2.839825298268409526e+01 -5.176484014739816786e+01 5.294283192171976680e+02 4.979504024114499998e+02 -2.107396114444663908e+02 5.786548290526173332e+03 5.958487559153816619e+03 3.945095317770923202e+02 -2.016292887603545481e+01 -4.733188220095149390e+00 -3.490189696479013115e+00 4.762805386146283126e+00 8.125135314666342978e+00 -2.259621364790991294e-01 9.081516436163740158e-01 -3.668824837158815200e+01 3.560198732431236124e+01 5.986878774138880033e+00
-2.946218487975592737e+01 -6.250191222102010613e+01 5.515593031049794490e+02 5.941830236993882863e+02 -2.603351975437610122e+02 5.958487559153816619e+03 1.905290240272573283e+04 5.193260348880564834e+02 -1.880354359176881829e+01 -4.429954229624835982e+00 -3.445891745759055436e+00 5.455850278584968294e+00 8.348601564953970211e+00 1.184417754958630581e-01 8.709144682847361763e-01 -3.890943754046827507e+01 4.183150442183571727e+01 7.300678873040526540e+00
-1.602863327160720441e+00 -3.091685229045741501e+00 2.764588412073606705e+01 1.550517922750317013e+01 -1.566557696321692816e+01 3.945095317770923202e+02 5.193260348880564834e+02 1.366815414734842022e+02 -4.408329725487882822e-01 -2.314144163531451637e-01 -1.735105205689283121e-03 2.799730659083329298e-01 5.917720237399313188e-01 -3.159647797839443967e-02 4.531055225960382155e-02 -2.590370948859045619e+00 2.679726669211911716e+00 5.359099648271617999e-01
9.383632949885102603e-02 1.921077022263814882e-01 -1.815539332405941231e+00 -2.009926931798516669e+00 6.307265358154873214e-01 -2.016292887603545481e+01 -1.880354359176881829e+01 -4.408329725487882822e-01 9.293381826466147466e-02 2.079076274194367052e-02 1.639950983439775883e-02 -1.897188057362572330e-02 -2.417961587030797305e-02 1.913106651362900170e-03 -3.796437583990513662e-03 1.184683469460432181e-01 -1.126162338366889504e-01 -1.473054722018377408e-02
2.153939162645375494e-02 4.495473347049597224e-02 -4.185325686891906427e-01 -4.536561008940009909e-01 1.464312543785750709e-01 -4.733188220095149390e+00 -4.429954229624835982e+00 -2.314144163531451637e-01 2.079076274194367052e-02 4.884764255456808257e-03 3.578332189722119132e-03 -4.467576615543500732e-03 -5.601587412558918337e-03 4.826478336187572504e-04 -9.214291321601822968e-04 2.783532309683567699e-02 -2.651571990092732242e-02 -3.576574891030834518e-03
1.621570264578273829e-02 3.272132391633728044e-02 -3.088632709543946975e-01 -3.430142648262063942e-01 1.055816342722995099e-01 -3.490189696479013115e+00 -3.445891745759055436e+00 -1.735105205689283121e-03 1.639950983439775883e-02 3.578332189722119132e-03 3.160211691219656609e-03 -3.314940401426424814e-03 -4.117346310476124871e-03 3.181668259164448166e-04 -6.647429899901615303e-04 1.984257345185404947e-02 -1.883763900622684867e-02 -2.448489613146365585e-03
-2.215044380367317198e-02 -4.437775342720651217e-02 4.276287300078207010e-01 4.377836533669915431e-01 -1.562486534900159318e-01 4.762805386146283126e+00 5.455850278584968294e+00 2.799730659083329298e-01 -1.897188057362572330e-02 -4.467576615543500732e-03 -3.314940401426424814e-03 4.414245020070150204e-03 6.094666041312256886e-03 -3.668449346587169179e-04 8.801466244458844854e-04 -2.876451214351894228e-02 2.809598568663677562e-02 4.235835714350581586e-03
-4.307486223237447925e-02 -7.095266691491176891e-02 7.812683432141798168e-01 6.727608429741852580e-01 -3.321995899592338763e-01 8.125135314666342978e+00 8.348601564953970211e+00 5.917720237399313188e-01 -2.417961587030797305e-02 -5.601587412558918337e-03 -4.117346310476124871e-03 6.094666041312256886e-03 1.304196440313511174e-02 2.663307351417642624e-05 1.104802669212687650e-03 -5.489788609607421099e-02 5.407603501339180996e-02 1.004626578291032378e-02
1.938296836864208353e-04 1.953492694080679465e-03 -5.252848251276640186e-03 -1.593724775430316667e-02 -3.801165102986197707e-03 -2.259621364790991294e-01 1.184417754958630581e-01 -3.159647797839443967e-02 1.913106651362900170e-03 4.826478336187572504e-04 3.181668259164448166e-04 -3.668449346587169179e-04 2.663307351417642624e-05 1.712039565748308821e-04 -9.483456828525145110e-05 3.933391854805359149e-04 -3.213927055085998258e-04 2.210981235802674146e-04
-4.191231014319042603e-03 -8.641255571236718114e-03 8.089724763845632105e-02 8.446606201624877464e-02 -2.741962335758864333e-02 9.081516436163740158e-01 8.709144682847361763e-01 4.531055225960382155e-02 -3.796437583990513662e-03 -9.214291321601822968e-04 -6.647429899901615303e-04 8.801466244458844854e-04 1.104802669212687650e-03 -9.483456828525145110e-05 2.169526333386419942e-04 -5.258977760283813085e-03 5.160172878751386090e-03 7.785186847279070401e-04
1.890893671742722160e-01 3.309079407789771721e-01 -3.487440707957074615e+00 -3.199603446763480630e+00 1.457919486001715503e+00 -3.668824837158815200e+01 -3.890943754046827507e+01 -2.590370948859045619e+00 1.184683469460432181e-01 2.783532309683567699e-02 1.984257345185404947e-02 -2.876451214351894228e-02 -5.489788609607421099e-02 3.933391854805359149e-04 -5.258977760283813085e-03 2.445232831099760085e-01 -2.370613012585944257e-01 -4.185600794398870034e-02
-1.836458824202303330e-01 -3.217040816037299300e-01 3.382593858607365611e+00 3.098717436810019432e+00 -1.424215390180481489e+00 3.560198732431236124e+01 4.183150442183571727e+01 2.679726669211911716e+00 -1.126162338366889504e-01 -2.651571990092732242e-02 -1.883763900622684867e-02 2.809598568663677562e-02 5.407603501339180996e-02 -3.213927055085998258e-04 5.160172878751386090e-03 -2.370613012585944257e-01 2.338784978130936110e-01 4.160085082424115621e-02
-3.252664237968909411e-02 -5.203260365563940754e-02 5.885669011378006354e-01 4.748283043232426337e-01 -2.599982821422716639e-01 5.986878774138880033e+00 7.300678873040526540e+00 5.359099648271617999e-01 -1.473054722018377408e-02 -3.576574891030834518e-03 -2.448489613146365585e-03 4.235835714350581586e-03 1.004626578291032378e-02 2.210981235802674146e-04 7.785186847279070401e-04 -4.185600794398870034e-02 4.160085082424115621e-02 8.378754578133392264e-03
1.550040081400456959e-01 2.587910981469376259e-01 -2.830281961365625154e+00 -2.333310579988744138e+00 1.155093374617586433e+00 -3.073973030551182362e+01 -2.182031360567977174e+01 -3.045199818263887526e+00 9.187990676024364312e-02 2.264101081235286167e-02 1.348502623102488737e-02 -2.315401088466194704e-02 -4.752617390426542437e-02 1.355572096933296876e-03 -4.568366991518225083e-03 2.046490775882673641e-01 -1.980365963096407111e-01 -3.634736954198128367e-02
2.587910981469376259e-01 4.720922070994000297e-01 -4.821145141833557801e+00 -4.349833865185662951e+00 1.921042335561448322e+00 -5.343150527432933217e+01 -4.644964126702556229e+01 -5.171170403465613852e+00 1.773329439508359306e-01 4.375028054152988594e-02 2.658409631234653903e-02 -4.340432136231590216e-02 -7.676707748799327380e-02 3.337356668726811429e-03 -8.686294504629344174e-03 3.453954962497546854e-01 -3.345853829570800131e-01 -5.752313011994365094e-02
-2.830281961365625154e+00 -4.821145141833557801e+00 5.351302166712846287e+01 4.445971939594377176e+01 -2.063307392572424703e+01 5.683706454281950755e+02 4.087797715897756348e+02 5.417910567771894392e+01 -1.751749518066470612e+00 -4.316006119430479959e-01 -2.556459655943272291e-01 4.394301009807497493e-01 8.620942234746528099e-01 -2.589928780244675488e-02 8.653950797380784155e-02 -3.755490419105881106e+00 3.631048410288351125e+00 6.583021071832747539e-01
-2.333310579988744138e+00 -4.349833865185662951e+00 4.445971939594377176e+01 4.365919123339076435e+01 -1.718236548039381617e+01 4.704997277693097431e+02 4.426953777278401390e+02 3.059886174087400690e+01 -1.728092312440260514e+00 -4.068677408047994826e-01 -2.707673045438125925e-01 3.955487370746986198e-01 6.610531592960673386e-01 -2.440039128546502359e-02 7.799766193226990996e-02 -3.045483954145887129e+00 2.943869254205406794e+00 4.790451120033928367e-01
1.155093374617586433e+00 1.921042335561448322e+00 -2.063307392572424703e+01 -1.718236548039381617e+01 9.198499978036551283e+00 -2.238765868558877798e+02 -1.932363876622936232e+02 -2.459688472613699162e+01 6.229925059715369917e-01 1.550457302723431685e-01 8.841868260129624735e-02 -1.627814353766842692e-01 -3.552651336924599890e-01 5.590120177384456587e-03 -3.049604090302592344e-02 1.531521762679646681e+00 -1.488563416130301187e+00 -2.783190772818771030e-01
-3.073973030551182362e+01 -5.343150527432933217e+01 5.683706454281950755e+02 4.704997277693097431e+02 -2.238765868558877798e+02 6.434421735562929825e+03 4.409340344574455230e+03 7.046948172152978032e+02 -1.989225995990161167e+01 -4.988953040242410708e+00 -2.911200356583396598e+00 5.023507808843146627e+00 9.470550831213722986e+00 -4.378171970596644313e-01 9.973500799135697203e-01 -4.145521022306281367e+01 4.008024923954446450e+01 7.142169488309212610e+00
-2.182031360567977174e+01 -4.644964126702556229e+01 4.087797715897756348e+02 4.426953777278401390e+02 -1.932363876622936232e+02 4.409340344574455230e+03 1.428467544499138785e+04 3.783521116535889632e+02 -1.396364386698873084e+01 -3.282201732746544920e+00 -2.574283859386426343e+00 4.051193589894007907e+00 6.165260245269345241e+00 9.583229285690665622e-02 6.447786606203859128e-01 -2.878051875594944775e+01 3.098895220481027479e+01 5.400278272103941291e+00
-3.045199818263887526e+00 -5.171170403465613852e+00 5.417910567771894392e+01 3.059886174087400690e+01 -2.459688472613699162e+01 7.046948172152978032e+02 3.783521116535889632e+02 1.821779024499495279e+02 -1.262798938353228095e+00 -4.545679565416911871e-01 -5.895845379210557652e-02 4.933723468579200300e-01 1.102772265723368283e+00 -7.602345646546128377e-02 9.572621863363404981e-02 -4.663171569849074771e+00 4.620810489370478003e+00 9.193727099091979493e-01
9.187990676024364312e-02 1.773329439508359306e-01 -1.751749518066470612e+00 -1.728092312440260514e+00 6.229925059715369917e-01 -1.989225995990161167e+01 -1.396364386698873084e+01 -1.262798938353228095e+00 8.054428150411004073e-02 1.886713522178743926e-02 1.296350799436242485e-02 -1.753228345062146296e-02 -2.582835549953699239e-02 2.045646572414856323e-03 -3.567100956827605127e-03 1.206034652364662979e-01 -1.149393344137490114e-01 -1.709248370854260513e-02
2.264101081235286167e-02 4.375028054152988594e-02 -4.316006119430479959e-01 -4.068677408047994826e-01 1.550457302723431685e-01 -4.988953040242410708e+00 -3.282201732746544920e+00 -4.545679565416911871e-01 1.886713522178743926e-02 4.651738006780452815e-03 2.884751990176963928e-03 -4.347688949532572955e-03 -6.521788144192526560e-03 5.462220458388587123e-04 -9.083200329953709795e-04 3.045407005516527488e-02 -2.908025901317605466e-02 -4.505462217737281339e-03
1.348502623102488737e-02 2.658409631234653903e-02 -2.556459655943272291e-01 -2.707673045438125925e-01 8.841868260129624735e-02 -2.911200356583396598e+00 -2.574283859386426343e+00 -5.895845379210557652e-02 1.296350799436242485e-02 2.884751990176963928e-03 2.409867998556532165e-03 -2.689104377347791789e-03 -3.562134809280170442e-03 2.762693347517685620e-04 -5.427848364879273588e-04 1.683764804136646601e-02 -1.600543040690773078e-02 -2.209179396369026927e-03
-2.315401088466194704e-02 -4.340432136231590216e-02 4.394301009807497493e-01 3.955487370746986198e-01 -1.627814353766842692e-01 5.023507808843146627e+00 4.051193589894007907e+00 4.933723468579200300e-01 -1.753228345062146296e-02 -4.347688949532572955e-03 -2.689104377347791789e-03 4.316430494477954682e-03 6.911108174166176281e-03 -4.610305049929903725e-04 8.793062280566040379e-04 -3.123204504307393672e-02 3.034320599600209140e-02 5.015136635620237766e-03
-4.752617390426542437e-02 -7.676707748799327380e-02 8.620942234746528099e-01 6.610531592960673386e-01 -3.552651336924599890e-01 9.470550831213722986e+00 6.165260245269345241e+00 1.102772265723368283e+00 -2.582835549953699239e-02 -6.521788144192526560e-03 -3.562134809280170442e-03 6.911108174166176281e-03 1.522429055064171075e-02 -4.127791737716591711e-04 1.338432109669684218e-03 -6.364420494223786695e-02 6.212347499108959031e-02 1.180898638217203409e-02
1.355572096933296876e-03 3.337356668726811429e-03 -2.589928780244675488e-02 -2.440039128546502359e-02 5.590120177384456587e-03 -4.378171970596644313e-01 9.583229285690665622e-02 -7.602345646546128377e-02 2.045646572414856323e-03 5.462220458388587123e-04 2.762693347517685620e-04 -4.610305049929903725e-04 -4.127791737716591711e-04 1.626533094566258409e-04 -1.116130079360409474e-04 2.081331641037671796e-03 -1.955680377633062846e-03 -1.741580007284937036e-04
-4.568366991518225083e-03 -8.686294504629344174e-03 8.653950797380784155e-02 7.799766193226990996e-02 -3.049604090302592344e-02 9.973500799135697203e-01 6.447786606203859128e-01 9.572621863363404981e-02 -3.567100956827605127e-03 -9.083200329953709795e-04 -5.427848364879273588e-04 8.793062280566040379e-04 1.338432109669684218e-03 -1.116130079360409474e-04 2.104722282815976047e-04 -6.048503886818914523e-03 5.890154777320345120e-03 9.844007302889879948e-04
2.046490775882673641e-01 3.453954962497546854e-01 -3.755490419105881106e+00 -3.045483954145887129e+00 1.531521762679646681e+00 -4.145521022306281367e+01 -2.878051875594944775e+01 -4.663171569849074771e+00 1.206034652364662979e-01 3.045407005516527488e-02 1.683764804136646601e-02 -3.123204504307393672e-02 -6.364420494223786695e-02 2.081331641037671796e-03 -6.048503886818914523e-03 2.761556343486125664e-01 -2.668269002662764788e-01 -4.903854054816240288e-02
-1.980365963096407111e-01 -3.345853829570800131e-01 3.631048410288351125e+00 2.943869254205406794e+00 -1.488563416130301187e+00 4.008024923954446450e+01 3.098895220481027479e+01 4.620810489370478003e+00 -1.149393344137490114e-01 -2.908025901317605466e-02 -1.600543040690773078e-02 3.034320599600209140e-02 6.212347499108959031e-02 -1.955680377633062846e-03 5.890154777320345120e-03 -2.668269002662764788e-01 2.608574853212518030e-01 4.813727765942427822e-02
-3.634736954198128367e-02 -5.752313011994365094e-02 6.583021071832747539e-01 4.790451120033928367e-01 -2.783190772818771030e-01 7.142169488309212610e+00 5.400278272103941291e+00 9.193727099091979493e-01 -1.709248370854260513e-02 -4.505462217737281339e-03 -2.209179396369026927e-03 5.015136635620237766e-03 1.180898638217203409e-02 -1.741580007284937036e-04 9.844007302889879948e-04 -4.903854054816240288e-02 4.813727765942427822e-02 9.640404433580900337e-03
1.515594719552940672e-01 2.507594700250785902e-01 -2.727203697576337404e+00 -2.097603402325797894e+00 1.130387831451820535e+00 -3.114878992640266020e+01 -1.582143002366916384e+01 -3.966326073143318087e+00 8.650216709202766807e-02 2.254745977031357915e-02 1.164002036712260407e-02 -2.257499992768629074e-02 -4.768538698932969083e-02 1.814394422559657176e-03 -4.515927891189864402e-03 2.079172161407190078e-01 -1.987630709354529235e-01 -3.713328456883977641e-02
2.507594700250785902e-01 4.471837196255412650e-01 -4.591685493528962603e+00 -3.848425605870522848e+00 1.864371093546123959e+00 -5.315421528611378221e+01 -3.457477928212622942e+01 -6.568018985452476421e+00 1.625688043622766366e-01 4.205481025184685390e-02 2.261121524101271721e-02 -4.116089003835785715e-02 -7.674215293710404118e-02 3.834994465842876850e-03 -8.321022261483986340e-03 3.464578600404405462e-01 -3.317223756575747307e-01 -5.878870347843632993e-02
-2.727203697576337404e+00 -4.591685493528962603e+00 5.061452255412972789e+01 3.947692861921091634e+01 -1.996195200152040883e+01 5.647327476461165361e+02 3.004320742024460174e+02 6.891034049267298656e+01 -1.620486017348691465e+00 -4.198043465516664852e-01 -2.188220777483826929e-01 4.198394965802085821e-01 8.522071079322147691e-01 -3.303599828739605532e-02 8.377132208177430484e-02 -3.745601034984347155e+00 3.582227687040297592e+00 6.619092650316996673e-01
-2.097603402325797894e+00 -3.848425605870522848e+00 3.947692861921091634e+01 3.693547360974763905e+01 -1.546626868871730132e+01 4.312517461948229993e+02 3.415921497863515128e+02 3.716569315467479129e+01 -1.493540138991541255e+00 -3.629589230969615388e-01 -2.236445610549372409e-01 3.507554469333667435e-01 6.098516776509110837e-01 -2.579144649612278087e-02 6.978927881416205348e-02 -2.805222683047076337e+00 2.693623460585722107e+00 4.504240858511011636e-01
1.130387831451820535e+00 1.864371093546123959e+00 -1.996195200152040883e+01 -1.546626868871730132e+01 8.909756755861240052e+00 -2.282563573156901668e+02 -1.421154246316457375e+02 -3.120578717726757745e+01 5.953921401056408991e-01 1.572251027609302132e-01 7.709860114276197163e-02 -1.604780615616842598e-01 -3.565082467636591090e-01 9.909831565634227846e-03 -3.082663604875855029e-02 1.556640592195227990e+00 -1.493133156763304381e+00 -2.830187917348853666e-01
-3.114878992640266020e+01 -5.315421528611378221e+01 5.647327476461165361e+02 4.312517461948229993e+02 -2.282563573156901668e+02 6.708668757361585449e+03 3.134203209868312115e+03 9.288205840359433978e+02 -1.900519613299196564e+01 -5.046915534288993754e+00 -2.531314626073545959e+00 4.982032901121598023e+00 9.875103610562854684e+00 -5.239295584410046391e-01 1.002567455498473370e+00 -4.368946504168141587e+01 4.166493751471038820e+01 7.630607249183301022e+00
-1.582143002366916384e+01 -3.457477928212622942e+01 3.004320742024460174e+02 3.415921497863515128e+02 -1.421154246316457375e+02 3.134203209868312115e+03 1.156974989771703258e+04 2.077629735665945532e+02 -1.041367681749224872e+01 -2.360436543534638609e+00 -2.007831148061308912e+00 3.008955668273421757e+00 4.366466873177968111e+00 1.190722120294199354e-01 4.680845812697204122e-01 -2.034198606377556828e+01 2.240318078373332611e+01 3.843495247212705301e+00
-3.966326073143318087e+00 -6.568018985452476421e+00 6.891034049267298656e+01 3.716569315467479129e+01 -3.120578717726757745e+01 9.288205840359433978e+02 2.077629735665945532e+02 2.317236026621706344e+02 -1.728911714674658651e+00 -6.101175012387941576e-01 -9.430411060016882785e-02 6.186653925406532251e-01 1.417963406094671530e+00 -1.011638892193110761e-01 1.240943904851757734e-01 -6.193306322686097154e+00 5.939645784418008390e+00 1.183246707261384145e+00
8.650216709202766807e-02 1.625688043622766366e-01 -1.620486017348691465e+00 -1.493540138991541255e+00 5.953921401056408991e-01 -1.900519613299196564e+01 -1.041367681749224872e+01 -1.728911714674658651e+00 7.064785707896494016e-02 1.720024247348641774e-02 1.076828557225490562e-02 -1.594703703352956525e-02 -2.521795099599438011e-02 1.987617161201631153e-03 -3.264777232355913546e-03 1.173069462071578001e-01 -1.109890709935925507e-01 -1.745907283995599968e-02
2.254745977031357915e-02 4.205481025184685390e-02 -4.198043465516664852e-01 -3.629589230969615388e-01 1.572251027609302132e-01 -5.046915534288993754e+00 -2.360436543534638609e+00 -6.101175012387941576e-01 1.720024247348641774e-02 4.438477019389213893e-03 2.443907963320845339e-03 -4.131270928234489527e-03 -6.771098921653070403e-03 5.557720516411585304e-04 -8.659028383815810552e-04 3.147968947273990098e-02 -2.975947813478089024e-02 -4.897825987167426544e-03
1.164002036712260407e-02 2.261121524101271721e-02 -2.188220777483826929e-01 -2.236445610549372409e-01 7.709860114276197163e-02 -2.531314626073545959e+00 -2.007831148061308912e+00 -9.430411060016882785e-02 1.076828557225490562e-02 2.443907963320845339e-03 1.954183356192819992e-03 -2.276040868584116531e-03 -3.149095021835116807e-03 2.433723038318019217e-04 -4.606617582500833943e-04 1.483566602868060733e-02 -1.404897380893469633e-02 -2.017091662246357081e-03
-2.257499992768629074e-02 -4.116089003835785715e-02 4.198394965802085821e-01 3.507554469333667435e-01 -1.604780615616842598e-01 4.982032901121598023e+00 3.008955668273421757e+00 6.186653925406532251e-01 -1.594703703352956525e-02 -4.131270928234489527e-03 -2.276040868584116531e-03 4.051218191736617562e-03 6.950887104821329779e-03 -4.769935692037677701e-04 8.309870502918568786e-04 -3.147273424140686199e-02 3.020570607868953289e-02 5.195293319209919915e-03
-4.768538698932969083e-02 -7.674215293710404118e-02 8.522071079322147691e-01 6.098516776509110837e-01 -3.565082467636591090e-01 9.875103610562854684e+00 4.366466873177968111e+00 1.417963406094671530e+00 -2.521795099599438011e-02 -6.771098921653070403e-03 -3.149095021835116807e-03 6.950887104821329779e-03 1.557082168807251595e-02 -5.858913901827381750e-04 1.372862708832390220e-03 -6.640612205594513540e-02 6.384054175711904866e-02 1.227351366571008580e-02
1.814394422559657176e-03 3.834994465842876850e-03 -3.303599828739605532e-02 -2.579144649612278087e-02 9.909831565634227846e-03 -5.239295584410046391e-01 1.190722120294199354e-01 -1.011638892193110761e-01 1.987617161201631153e-03 5.557720516411585304e-04 2.433723038318019217e-04 -4.769935692037677701e-04 -5.858913901827381750e-04 1.500388485135469030e-04 -1.124504522375104971e-04 2.834720683443606171e-03 -2.633653474955756271e-03 -3.514835123107862237e-04
-4.515927891189864402e-03 -8.321022261483986340e-03 8.377132208177430484e-02 6.978927881416205348e-02 -3.082663604875855029e-02 1.002567455498473370e+00 4.680845812697204122e-01 1.240943904851757734e-01 -3.264777232355913546e-03 -8.659028383815810552e-04 -4.606617582500833943e-04 8.309870502918568786e-04 1.372862708832390220e-03 -1.124504522375104971e-04 1.957130074253602683e-04 -6.215988764472292309e-03 5.973964719935232967e-03 1.038577378993174247e-03
