{
    "R": [
        [
            0.013916893485818661,
            -1.6612544200293975e-06,
            -0.002092704757805692,
            0.00015650950688687139,
            -0.0015481925097052833,
            -0.04276839520039353,
            0.0010618010513379387,
            0.004253425416813374,
            6.045868181520364e-06,
            4.649708005767789e-06,
            -3.4444709988219615e-07,
            4.103429518209745e-06,
            2.603266531584059e-06,
            2.046194836184884e-06,
            1.6751144831954367e-06,
            -1.7994682500093304e-05,
            2.7062146384634367e-06,
            -4.888523774036591e-06
        ],
        [
            0.0,
            0.006856162989957238,
            -0.0008961546674815533,
            0.0002652434429667837,
            -7.61959437561619e-05,
            -0.02675585514361973,
            0.005387945428104596,
            -0.007206222594903302,
            9.711648266678698e-06,
            2.551190804258009e-06,
            2.8012765939198196e-06,
            -2.497759699589646e-06,
            -9.255000847502231e-07,
            2.889735338737021e-06,
            -3.8149613842942965e-07,
            8.2921936261648e-06,
            -3.0856847590776996e-07,
            -1.5802596394596627e-05
        ],
        [
            0.0,
            0.0,
            1.5431908232677354,
            -0.00035243663411280173,
            0.0015155211091836302,
            0.05554174934276089,
            -0.009265844823282073,
            0.0031827087118276474,
            -2.142872838950246e-05,
            -8.41250162400923e-06,
            -3.2022315040446682e-06,
            -1.0824622203466897e-06,
            -1.2297396385740805e-06,
            -5.013275743613733e-06,
            -9.92925035957505e-07,
            4.197762555429175e-06,
            1.0208766058484712e-06,
            1.9046861163414454e-05
        ],
        [
            0.0,
            0.0,
            0.0,
            0.29040121368847316,
            -0.0007807349784251037,
            -0.0679479196949468,
            0.004062635705781546,
            -0.007017526217925965,
            1.1160520476885686e-05,
            3.0998995914258743e-06,
            2.850439398151146e-06,
            -9.059240091360895e-07,
            1.6451061185582155e-07,
            5.093242249186331e-06,
            3.762430127538264e-07,
            -2.4154466147709432e-06,
            4.150189587029128e-06,
            -2.017669491348762e-05
        ],
        [
            0.0,
            0.0,
            0.0,
            0.0,
            0.5649695233814672,
            0.08332280686077287,
            -0.006244054371950604,
            -0.002630008081896265,
            -2.0230144509912528e-05,
            -9.44276960903209e-06,
            -1.6445840173498185e-06,
            -5.11335699173349e-06,
            -3.462608652087605e-06,
            -5.699348845758626e-06,
            -2.346887957337549e-06,
            2.2412477682503583e-05,
            -2.713963507011534e-06,
            1.5010476376217152e-05
        ],
        [
            0.0,
            0.0,
            0.0,
            0.0,
            0.0,
            39.405938109426046,
            -0.0013271521782804727,
            0.0038617587441309243,
            -9.318426964026246e-06,
            -2.464547124762019e-06,
            -1.8565402500540242e-06,
            -1.1279849234663265e-06,
            -1.1759419288450825e-06,
            -5.456454816992029e-06,
            -9.69819810888945e-07,
            1.2105006198453402e-05,
            -6.660265430832878e-06,
            1.5569063634402428e-05
        ],
        [
            0.0,
            0.0,
            0.0,
            0.0,
            0.0,
            0.0,
            24.874134918485634,
            -0.0020182982733684064,
            6.27210964696393e-06,
            2.495958796008354e-06,
            1.2224210360734748e-06,
            -7.259057973402721e-07,
            -2.2154070327713493e-07,
            7.997980949802292e-07,
            -7.760315414510672e-08,
            4.371263682415189e-06,
            -2.075990654820716e-06,
            -6.141740374293457e-06
        ],
        [
            0.0,
            0.0,
            0.0,
            0.0,
            0.0,
            0.0,
            0.0,
            15.52461646505944,
            -4.630828981049883e-06,
            -1.310628399198455e-06,
            -1.6210986703931297e-06,
            1.8781374951270397e-06,
            7.547489728975248e-07,
            -1.2626227731539433e-06,
            3.5929280219018064e-07,
            -6.794325568825371e-06,
            6.018378868365294e-07,
            9.568526216075912e-06
        ],
        [
            0.0,
            0.0,
            0.0,
            0.0,
            0.0,
            0.0,
            0.0,
            0.0,
            0.021656073163738996,
            4.9753247572198105e-06,
            2.498430091280779e-06,
            -6.614853933283057e-07,
            -8.728032400536149e-08,
            2.6012761599676458e-06,
            7.010925571238984e-08,
            4.850907490166994e-06,
            -3.114721383855008e-06,
            -1.0835826021810553e-05
        ],
        [
            0.0,
            0.0,
            0.0,
            0.0,
            0.0,
            0.0,
            0.0,
            0.0,
            0.0,
            0.004561451930350832,
            3.84570436057932e-06,
            -5.312467366896536e-07,
            4.589183866933087e-07,
            3.239492668216257e-06,
            5.003677627940655e-07,
            7.036943704339235e-06,
            -6.365673219716259e-06,
            -2.2435633904115517e-05
        ],
        [
            0.0,
            0.0,
            0.0,
            0.0,
            0.0,
            0.0,
            0.0,
            0.0,
            0.0,
            0.0,
            0.0027579003105797917,
            -3.142235404455437e-06,
            -1.1100897806672171e-06,
            3.934059905333658e-06,
            -4.342407367290895e-07,
            1.3885432396725442e-05,
            -3.897104624356746e-06,
            -2.2488669046763946e-05
        ],
        [
            0.0,
            0.0,
            0.0,
            0.0,
            0.0,
            0.0,
            0.0,
            0.0,
            0.0,
            0.0,
            0.0,
            0.004826335906331738,
            1.6109116060740805e-06,
            -2.451763007028628e-07,
            9.092095047968215e-07,
            -1.394080112236851e-05,
            2.3455655371853963e-06,
            9.147044454961072e-06
        ],
        [
            0.0,
            0.0,
            0.0,
            0.0,
            0.0,
            0.0,
            0.0,
            0.0,
            0.0,
            0.0,
            0.0,
            0.0,
            0.003181455526861865,
            3.1095007056321556e-07,
            7.99058613952679e-07,
            -1.0682311559830624e-05,
            1.953913397311443e-06,
            2.9583582360849994e-06
        ],
        [
            0.0,
            0.0,
            0.0,
            0.0,
            0.0,
            0.0,
            0.0,
            0.0,
            0.0,
            0.0,
            0.0,
            0.0,
            0.0,
            0.004208958387436548,
            3.4220984960030683e-07,
            -1.652110576816082e-06,
            1.6080610622416732e-06,
            -1.3769016957105941e-05
        ],
        [
            0.0,
            0.0,
            0.0,
            0.0,
            0.0,
            0.0,
            0.0,
            0.0,
            0.0,
            0.0,
            0.0,
            0.0,
            0.0,
            0.0,
            0.001004981996545738,
            -1.983149909758057e-05,
            3.9446970431129875e-06,
            1.0855159391585291e-06
        ],
        [
            0.0,
            0.0,
            0.0,
            0.0,
            0.0,
            0.0,
            0.0,
            0.0,
            0.0,
            0.0,
            0.0,
            0.0,
            0.0,
            0.0,
            0.0,
            0.025346992265814557,
            -3.863282228890518e-06,
            -6.003232094054101e-06
        ],
        [
            0.0,
            0.0,
            0.0,
            0.0,
            0.0,
            0.0,
            0.0,
            0.0,
            0.0,
            0.0,
            0.0,
            0.0,
            0.0,
            0.0,
            0.0,
            0.0,
            0.01971754703734458,
            1.0197571999919599e-06
        ],
        [
            0.0,
            0.0,
            0.0,
            0.0,
            0.0,
            0.0,
            0.0,
            0.0,
            0.0,
            0.0,
            0.0,
            0.0,
            0.0,
            0.0,
            0.0,
            0.0,
            0.0,
            0.04109467213014334
        ]
    ],
    "RDR": [
        [
            [
                0.013916893485818661,
                -1.6612544200293975e-06,
                -0.002092704757805692,
                0.00015650950688687139,
                -0.0015481925097052833,
                -0.04276839520039353,
                0.0010618010513379387,
                0.004253425416813374,
                6.045868181520364e-06,
                4.649708005767789e-06,
                -3.4444709988219615e-07,
                4.103429518209745e-06,
                2.603266531584059e-06,
                2.046194836184884e-06,
                1.6751144831954367e-06,
                -1.7994682500093304e-05,
                2.7062146384634367e-06,
                -4.888523774036591e-06
            ],
            [
                0.0,
                0.006856162989957238,
                -0.0008961546674815533,
                0.0002652434429667837,
                -7.61959437561619e-05,
                -0.02675585514361973,
                0.005387945428104596,
                -0.007206222594903302,
                9.711648266678698e-06,
                2.551190804258009e-06,
                2.8012765939198196e-06,
                -2.497759699589646e-06,
                -9.255000847502231e-07,
                2.889735338737021e-06,
                -3.8149613842942965e-07,
                8.2921936261648e-06,
                -3.0856847590776996e-07,
                -1.5802596394596627e-05
            ],
            [
                0.0,
                0.0,
                1.5431908232677354,
                -0.00035243663411280173,
                0.0015155211091836302,
                0.05554174934276089,
                -0.009265844823282073,
                0.0031827087118276474,
                -2.142872838950246e-05,
                -8.41250162400923e-06,
                -3.2022315040446682e-06,
                -1.0824622203466897e-06,
                -1.2297396385740805e-06,
                -5.013275743613733e-06,
                -9.92925035957505e-07,
                4.197762555429175e-06,
                1.0208766058484712e-06,
                1.9046861163414454e-05
            ],
            [
                0.0,
                0.0,
                0.0,
                0.29040121368847316,
                -0.0007807349784251037,
                -0.0679479196949468,
                0.004062635705781546,
                -0.007017526217925965,
                1.1160520476885686e-05,
                3.0998995914258743e-06,
                2.850439398151146e-06,
                -9.059240091360895e-07,
                1.6451061185582155e-07,
                5.093242249186331e-06,
                3.762430127538264e-07,
                -2.4154466147709432e-06,
                4.150189587029128e-06,
                -2.017669491348762e-05
            ],
            [
                0.0,
                0.0,
                0.0,
                0.0,
                0.5649695233814672,
                0.08332280686077287,
                -0.006244054371950604,
                -0.002630008081896265,
                -2.0230144509912528e-05,
                -9.44276960903209e-06,
                -1.6445840173498185e-06,
                -5.11335699173349e-06,
                -3.462608652087605e-06,
                -5.699348845758626e-06,
                -2.346887957337549e-06,
                2.2412477682503583e-05,
                -2.713963507011534e-06,
                1.5010476376217152e-05
            ],
            [
                0.0,
                0.0,
                0.0,
                0.0,
                0.0,
                39.405938109426046,
                -0.0013271521782804727,
                0.0038617587441309243,
                -9.318426964026246e-06,
                -2.464547124762019e-06,
                -1.8565402500540242e-06,
                -1.1279849234663265e-06,
                -1.1759419288450825e-06,
                -5.456454816992029e-06,
                -9.69819810888945e-07,
                1.2105006198453402e-05,
                -6.660265430832878e-06,
                1.5569063634402428e-05
            ],
            [
                0.0,
                0.0,
                0.0,
                0.0,
                0.0,
                0.0,
                24.874134918485634,
                -0.0020182982733684064,
                6.27210964696393e-06,
                2.495958796008354e-06,
                1.2224210360734748e-06,
                -7.259057973402721e-07,
                -2.2154070327713493e-07,
                7.997980949802292e-07,
                -7.760315414510672e-08,
                4.371263682415189e-06,
                -2.075990654820716e-06,
                -6.141740374293457e-06
            ],
            [
                0.0,
                0.0,
                0.0,
                0.0,
                0.0,
                0.0,
                0.0,
                15.52461646505944,
                -4.630828981049883e-06,
                -1.310628399198455e-06,
                -1.6210986703931297e-06,
                1.8781374951270397e-06,
                7.547489728975248e-07,
                -1.2626227731539433e-06,
                3.5929280219018064e-07,
                -6.794325568825371e-06,
                6.018378868365294e-07,
                9.568526216075912e-06
            ],
            [
                0.0,
                0.0,
                0.0,
                0.0,
                0.0,
                0.0,
                0.0,
                0.0,
                0.021656073163738996,
                4.9753247572198105e-06,
                2.498430091280779e-06,
                -6.614853933283057e-07,
                -8.728032400536149e-08,
                2.6012761599676458e-06,
                7.010925571238984e-08,
                4.850907490166994e-06,
                -3.114721383855008e-06,
                -1.0835826021810553e-05
            ],
            [
                0.0,
                0.0,
                0.0,
                0.0,
                0.0,
                0.0,
                0.0,
                0.0,
                0.0,
                0.004561451930350832,
                3.84570436057932e-06,
                -5.312467366896536e-07,
                4.589183866933087e-07,
                3.239492668216257e-06,
                5.003677627940655e-07,
                7.036943704339235e-06,
                -6.365673219716259e-06,
                -2.2435633904115517e-05
            ],
            [
                0.0,
                0.0,
                0.0,
                0.0,
                0.0,
                0.0,
                0.0,
                0.0,
                0.0,
                0.0,
                0.0027579003105797917,
                -3.142235404455437e-06,
                -1.1100897806672171e-06,
                3.934059905333658e-06,
                -4.342407367290895e-07,
                1.3885432396725442e-05,
                -3.897104624356746e-06,
                -2.2488669046763946e-05
            ],
            [
                0.0,
                0.0,
                0.0,
                0.0,
                0.0,
                0.0,
                0.0,
                0.0,
                0.0,
                0.0,
                0.0,
                0.004826335906331738,
                1.6109116060740805e-06,
                -2.451763007028628e-07,
                9.092095047968215e-07,
                -1.394080112236851e-05,
                2.3455655371853963e-06,
                9.147044454961072e-06
            ],
            [
                0.0,
                0.0,
                0.0,
                0.0,
                0.0,
                0.0,
                0.0,
                0.0,
                0.0,
                0.0,
                0.0,
                0.0,
                0.003181455526861865,
                3.1095007056321556e-07,
                7.99058613952679e-07,
                -1.0682311559830624e-05,
                1.953913397311443e-06,
                2.9583582360849994e-06
            ],
            [
                0.0,
                0.0,
                0.0,
                0.0,
                0.0,
                0.0,
                0.0,
                0.0,
                0.0,
                0.0,
                0.0,
                0.0,
                0.0,
                0.004208958387436548,
                3.4220984960030683e-07,
                -1.652110576816082e-06,
                1.6080610622416732e-06,
                -1.3769016957105941e-05
            ],
            [
                0.0,
                0.0,
                0.0,
                0.0,
                0.0,
                0.0,
                0.0,
                0.0,
                0.0,
                0.0,
                0.0,
                0.0,
                0.0,
                0.0,
                0.001004981996545738,
                -1.983149909758057e-05,
                3.9446970431129875e-06,
                1.0855159391585291e-06
            ],
            [
                0.0,
                0.0,
                0.0,
                0.0,
                0.0,
                0.0,
                0.0,
                0.0,
                0.0,
                0.0,
                0.0,
                0.0,
                0.0,
                0.0,
                0.0,
                0.025346992265814557,
                -3.863282228890518e-06,
                -6.003232094054101e-06
            ],
            [
                0.0,
                0.0,
                0.0,
                0.0,
                0.0,
                0.0,
                0.0,
                0.0,
                0.0,
                0.0,
                0.0,
                0.0,
                0.0,
                0.0,
                0.0,
                0.0,
                0.01971754703734458,
                1.0197571999919599e-06
            ],
            [
                0.0,
                0.0,
                0.0,
                0.0,
                0.0,
                0.0,
                0.0,
                0.0,
                0.0,
                0.0,
                0.0,
                0.0,
                0.0,
                0.0,
                0.0,
                0.0,
                0.0,
                0.04109467213014334
            ]
        ],
        [
            [
                0.0027833786971637325,
                -3.322508840058795e-07,
                -0.0004185409515611384,
                3.130190137737428e-05,
                -0.0003096385019410567,
                -0.008553679040078706,
                0.00021236021026758774,
                0.0008506850833626747,
                1.2091736363040728e-06,
                9.299416011535578e-07,
                -6.888941997643923e-08,
                8.20685903641949e-07,
                5.206533063168118e-07,
                4.092389672369768e-07,
                3.350228966390874e-07,
                -3.598936500018661e-06,
                5.412429276926873e-07,
                -9.777047548073182e-07
            ],
            [
                0.0,
                0.0013712325979914478,
                -0.0001792309334963107,
                5.3048688593356744e-05,
                -1.523918875123238e-05,
                -0.005351171028723946,
                0.0010775890856209193,
                -0.0014412445189806605,
                1.9423296533357396e-06,
                5.102381608516019e-07,
                5.602553187839639e-07,
                -4.995519399179292e-07,
                -1.8510001695004464e-07,
                5.779470677474043e-07,
                -7.629922768588594e-08,
                1.6584387252329602e-06,
                -6.171369518155399e-08,
                -3.1605192789193254e-06
            ],
            [
                0.0,
                0.0,
                0.3086381646535471,
                -7.048732682256035e-05,
                0.0003031042218367261,
                0.011108349868552178,
                -0.0018531689646564147,
                0.0006365417423655295,
                -4.2857456779004925e-06,
                -1.6825003248018462e-06,
                -6.404463008089337e-07,
                -2.1649244406933796e-07,
                -2.459479277148161e-07,
                -1.0026551487227466e-06,
                -1.9858500719150102e-07,
                8.395525110858351e-07,
                2.0417532116969425e-07,
                3.809372232682891e-06
            ],
            [
                0.0,
                0.0,
                0.0,
                0.05808024273769463,
                -0.00015614699568502075,
                -0.01358958393898936,
                0.0008125271411563093,
                -0.001403505243585193,
                2.232104095377137e-06,
                6.199799182851749e-07,
                5.700878796302293e-07,
                -1.8118480182721792e-07,
                3.290212237116431e-08,
                1.0186484498372662e-06,
                7.524860255076528e-08,
                -4.830893229541886e-07,
                8.300379174058257e-07,
                -4.035338982697524e-06
            ],
            [
                0.0,
                0.0,
                0.0,
                0.0,
                0.11299390467629344,
                0.016664561372154576,
                -0.0012488108743901208,
                -0.000526001616379253,
                -4.046028901982506e-06,
                -1.8885539218064182e-06,
                -3.2891680346996374e-07,
                -1.0226713983466982e-06,
                -6.925217304175211e-07,
                -1.1398697691517252e-06,
                -4.6937759146750986e-07,
                4.4824955365007165e-06,
                -5.427927014023069e-07,
                3.0020952752434304e-06
            ],
            [
                0.0,
                0.0,
                0.0,
                0.0,
                0.0,
                7.88118762188521,
                -0.00026543043565609457,
                0.0007723517488261849,
                -1.8636853928052492e-06,
                -4.929094249524038e-07,
                -3.713080500108049e-07,
                -2.255969846932653e-07,
                -2.3518838576901652e-07,
                -1.0912909633984057e-06,
                -1.9396396217778904e-07,
                2.4210012396906805e-06,
                -1.3320530861665756e-06,
                3.1138127268804856e-06
            ],
            [
                0.0,
                0.0,
                0.0,
                0.0,
                0.0,
                0.0,
                4.9748269836971275,
                -0.0004036596546736813,
                1.2544219293927862e-06,
                4.991917592016708e-07,
                2.44484207214695e-07,
                -1.4518115946805442e-07,
                -4.430814065542699e-08,
                1.5995961899604584e-07,
                -1.5520630829021346e-08,
                8.742527364830378e-07,
                -4.151981309641432e-07,
                -1.2283480748586916e-06
            ],
            [
                0.0,
                0.0,
                0.0,
                0.0,
                0.0,
                0.0,
                0.0,
                3.104923293011888,
                -9.261657962099766e-07,
                -2.62125679839691e-07,
                -3.2421973407862595e-07,
                3.75627499025408e-07,
                1.5094979457950498e-07,
                -2.5252455463078866e-07,
                7.185856043803613e-08,
                -1.3588651137650742e-06,
                1.203675773673059e-07,
                1.9137052432151824e-06
            ],
            [
                0.0,
                0.0,
                0.0,
                0.0,
                0.0,
                0.0,
                0.0,
                0.0,
                0.004331214632747799,
                9.950649514439622e-07,
                4.996860182561557e-07,
                -1.3229707866566115e-07,
                -1.74560648010723e-08,
                5.202552319935291e-07,
                1.402185114247797e-08,
                9.701814980333988e-07,
                -6.229442767710017e-07,
                -2.1671652043621106e-06
            ],
            [
                0.0,
                0.0,
                0.0,
                0.0,
                0.0,
                0.0,
                0.0,
                0.0,
                0.0,
                0.0009122903860701665,
                7.691408721158639e-07,
                -1.0624934733793073e-07,
                9.178367733866175e-08,
                6.478985336432515e-07,
                1.000735525588131e-07,
                1.407388740867847e-06,
                -1.2731346439432518e-06,
                -4.487126780823103e-06
            ],
            [
                0.0,
                0.0,
                0.0,
                0.0,
                0.0,
                0.0,
                0.0,
                0.0,
                0.0,
                0.0,
                0.0005515800621159584,
                -6.284470808910874e-07,
                -2.2201795613344345e-07,
                7.868119810667317e-07,
                -8.68481473458179e-08,
                2.7770864793450887e-06,
                -7.794209248713492e-07,
                -4.4977338093527895e-06
            ],
            [
                0.0,
                0.0,
                0.0,
                0.0,
                0.0,
                0.0,
                0.0,
                0.0,
                0.0,
                0.0,
                0.0,
                0.0009652671812663476,
                3.221823212148161e-07,
                -4.903526014057256e-08,
                1.8184190095936432e-07,
                -2.7881602244737023e-06,
                4.6911310743707926e-07,
                1.8294088909922145e-06
            ],
            [
                0.0,
                0.0,
                0.0,
                0.0,
                0.0,
                0.0,
                0.0,
                0.0,
                0.0,
                0.0,
                0.0,
                0.0,
                0.000636291105372373,
                6.219001411264311e-08,
                1.5981172279053582e-07,
                -2.136462311966125e-06,
                3.907826794622886e-07,
                5.916716472169999e-07
            ],
            [
                0.0,
                0.0,
                0.0,
                0.0,
                0.0,
                0.0,
                0.0,
                0.0,
                0.0,
                0.0,
                0.0,
                0.0,
                0.0,
                0.0008417916774873096,
                6.844196992006137e-08,
                -3.304221153632164e-07,
                3.2161221244833465e-07,
                -2.7538033914211883e-06
            ],
            [
                0.0,
                0.0,
                0.0,
                0.0,
                0.0,
                0.0,
                0.0,
                0.0,
                0.0,
                0.0,
                0.0,
                0.0,
                0.0,
                0.0,
                0.0002009963993091476,
                -3.966299819516114e-06,
                7.889394086225976e-07,
                2.1710318783170583e-07
            ],
            [
                0.0,
                0.0,
                0.0,
                0.0,
                0.0,
                0.0,
                0.0,
                0.0,
                0.0,
                0.0,
                0.0,
                0.0,
                0.0,
                0.0,
                0.0,
                0.005069398453162912,
                -7.726564457781036e-07,
                -1.2006464188108202e-06
            ],
            [
                0.0,
                0.0,
                0.0,
                0.0,
                0.0,
                0.0,
                0.0,
                0.0,
                0.0,
                0.0,
                0.0,
                0.0,
                0.0,
                0.0,
                0.0,
                0.0,
                0.003943509407468917,
                2.03951439998392e-07
            ],
            [
                0.0,
                0.0,
                0.0,
                0.0,
                0.0,
                0.0,
                0.0,
                0.0,
                0.0,
                0.0,
                0.0,
                0.0,
                0.0,
                0.0,
                0.0,
                0.0,
                0.0,
                0.008218934426028668
            ]
        ]
    ],
    "allnames": [
        "m1_flow_nominal",
        "m2_flow_nominal",
        "tau1",
        "tau2",
        "tau_m",
        "nominalUa.hasValue",
        "workingPressure.hasValue",
        "flowCoefficient.hasValue",
        "waterFlowRateMax",
        "c1",
        "c2",
        "c3",
        "c4",
        "eps_motor",
        "f_motorToAir",
        "kp",
        "Ti",
        "Td"
    ],
    "alpha_count": 1374,
    "cov": [
        [
            0.01622621335832597,
            0.009959017418792668,
            0.479744769392109,
            -0.28441186644755123,
            0.9242547533182427,
            -61.825734195868876,
            -4.258619535128466,
            3.9888906250234326,
            0.005424406834164571,
            0.02790336081741142,
            0.003447984679859975,
            0.000541046440484561,
            0.0026130766464113166,
            0.0034540786312139775,
            -5.3048748398672574e-05,
            0.03541397753322418,
            0.02312667210358184,
            0.03892232946669654
        ],
        [
            0.009959017418792668,
            0.016622089221341566,
            -0.8686034573130764,
            -0.34140471964513697,
            1.9470308294464822,
            -73.83109321871807,
            -10.198240119428574,
            7.820204324702421,
            0.00045161489699848057,
            0.0434860404130736,
            0.0047651305416485995,
            0.0026940366064496534,
            0.0031113651653654744,
            0.0016270912709647814,
            6.792785246726047e-05,
            0.04344370251551276,
            0.035187759771446774,
            0.042313185407092654
        ],
        [
            0.479744769392109,
            -0.8686034573130764,
            269.50519258431495,
            15.131917109920122,
            -128.87326586182093,
            608.2921053794532,
            1375.971794532546,
            -172.45158215412582,
            1.2821314225820557,
            -1.9425711141931705,
            -0.1697856651186226,
            -0.5321981902849934,
            0.0068476356028802044,
            0.21042085761279727,
            -0.012725193696688135,
            -1.925343725939144,
            -1.1335392660656167,
            -1.5993468756045146
        ],
        [
            -0.28441186644755123,
            -0.34140471964513697,
            15.131917109920122,
            10.147669315683835,
            -38.181753135468696,
            1904.9488937710562,
            160.04841125189714,
            -129.8096181203113,
            0.0090009605821234,
            -0.985748556755937,
            -0.1144281275532547,
            -0.07464932429058076,
            -0.078108163127026,
            -0.07326717565598195,
            0.0028698647238412094,
            -1.2130839661365314,
            -0.7856943264801775,
            -1.3953012968853025
        ],
        [
            0.9242547533182427,
            1.9470308294464822,
            -128.87326586182093,
            -38.181753135468696,
            247.86917073765198,
            -8360.531471750804,
            -1373.20767925434,
            965.0626472295661,
            -0.2928754879338496,
            5.199275585987333,
            0.5583776092274736,
            0.3705633570313734,
            0.35465732710115977,
            0.144892384144276,
            0.010673259335898149,
            5.019572876365787,
            4.3025914064846935,
            4.556196637676594
        ],
        [
            -61.825734195868876,
            -73.83109321871807,
            608.2921053794532,
            1904.9488937710562,
            -8360.531471750804,
            572279.3693629546,
            -4392.325714675105,
            -32136.0746816542,
            -14.024556837208372,
            -235.19145340575446,
            -27.58542212559003,
            -1.2692314494878103,
            -22.415162688749234,
            -14.077957323885732,
            0.5310803078815022,
            -262.3042921017755,
            -197.0121578710764,
            -301.30077547916375
        ],
        [
            -4.258619535128466,
            -10.198240119428574,
            1375.971794532546,
            160.04841125189714,
            -1373.20767925434,
            -4392.325714675105,
            30774.165103471572,
            -6126.314663687631,
            15.371620532859168,
            -19.305409181071862,
            -1.5068941577272226,
            -5.599141692283686,
            -0.12158071921901344,
            0.0005684109196887033,
            -0.11914847100837578,
            -18.557150761448973,
            -16.602465938288,
            -22.98149204494496
        ],
        [
            3.9888906250234326,
            7.820204324702421,
            -172.45158215412582,
            -129.8096181203113,
            965.0626472295661,
            -32136.0746816542,
            -6126.314663687631,
            10097.51672102788,
            1.3271875499717236,
            21.44084051398041,
            1.9076949627799016,
            0.5137152710703878,
            1.8433243206489889,
            0.16654035294350736,
            0.10077802988148195,
            16.952635270272932,
            20.476816090397477,
            9.928775242144036
        ],
        [
            0.005424406834164571,
            0.00045161489699848057,
            1.2821314225820557,
            0.0090009605821234,
            -0.2928754879338496,
            -14.024556837208372,
            15.371620532859168,
            1.3271875499717236,
            0.027899431627577145,
            -0.000547092137253327,
            0.0002832996286062933,
            -0.004897480202941308,
            0.0013309285671472286,
            0.00024377600724247972,
            0.0002594292480516006,
            -0.009254147042577272,
            -0.0010734798915037868,
            -0.025878490155271397
        ],
        [
            0.02790336081741142,
            0.0434860404130736,
            -1.9425711141931705,
            -0.985748556755937,
            5.199275585987333,
            -235.19145340575446,
            -19.305409181071862,
            21.44084051398041,
            -0.000547092137253327,
            0.12434002337848019,
            0.013861693013893195,
            0.00642135312220826,
            0.00962947872605694,
            0.0056753288992519935,
            -1.3292161409254946e-05,
            0.13161833412922336,
            0.1018205121803844,
            0.13369546518451142
        ],
        [
            0.003447984679859975,
            0.0047651305416485995,
            -0.1697856651186226,
            -0.1144281275532547,
            0.5583776092274736,
            -27.58542212559003,
            -1.5068941577272226,
            1.9076949627799016,
            0.0002832996286062933,
            0.013861693013893195,
            0.0017240633537599504,
            0.000700733701223317,
            0.0010855887788862582,
            0.0008914360816337354,
            -3.165596397144702e-05,
            0.01571440020477452,
            0.011438871891587215,
            0.016291045359817465
        ],
        [
            0.000541046440484561,
            0.0026940366064496534,
            -0.5321981902849934,
            -0.07464932429058076,
            0.3705633570313734,
            -1.2692314494878103,
            -5.599141692283686,
            0.5137152710703878,
            -0.004897480202941308,
            0.00642135312220826,
            0.000700733701223317,
            0.0023845616307424577,
            -3.979916116071207e-05,
            0.0004207394759375515,
            -4.669188448355082e-05,
            0.009761023126852435,
            0.004002305478365749,
            0.01136915553028721
        ],
        [
            0.0026130766464113166,
            0.0031113651653654744,
            0.0068476356028802044,
            -0.078108163127026,
            0.35465732710115977,
            -22.415162688749234,
            -0.12158071921901344,
            1.8433243206489889,
            0.0013309285671472286,
            0.00962947872605694,
            0.0010855887788862582,
            -3.979916116071207e-05,
            0.0011278191357256466,
            0.0004407689658266153,
            2.1006952201764437e-05,
            0.0091547078385664,
            0.008526356647949028,
            0.009027112706082623
        ],
        [
            0.0034540786312139775,
            0.0016270912709647814,
            0.21042085761279727,
            -0.07326717565598195,
            0.144892384144276,
            -14.077957323885732,
            0.0005684109196887033,
            0.16654035294350736,
            0.00024377600724247972,
            0.0056753288992519935,
            0.0008914360816337354,
            0.0004207394759375515,
            0.0004407689658266153,
            0.0014589668008128547,
            -0.0001232201958676676,
            0.010218569089728067,
            0.004715102713390889,
            0.013458259375757042
        ],
        [
            -5.3048748398672574e-05,
            6.792785246726047e-05,
            -0.012725193696688135,
            0.0028698647238412094,
            0.010673259335898149,
            0.5310803078815022,
            -0.11914847100837578,
            0.10077802988148195,
            0.0002594292480516006,
            -1.3292161409254946e-05,
            -3.165596397144702e-05,
            -4.669188448355082e-05,
            2.1006952201764437e-05,
            -0.0001232201958676676,
            2.973697460518738e-05,
            -0.0005970981920243601,
            -1.6391833050521238e-05,
            -0.0013474231581049397
        ],
        [
            0.03541397753322418,
            0.04344370251551276,
            -1.925343725939144,
            -1.2130839661365314,
            5.019572876365787,
            -262.3042921017755,
