5.903391443425018946e-03 1.152920469247824937e-06 -7.443987511410789801e-04 8.746125845654337998e-05 -3.368150364822751746e-04 -1.292196253801373811e-02 2.472306222764547329e-03 -1.058703477959778774e-03 5.542658809666162054e-06 2.065129216196047501e-06 8.856344979777464670e-07 9.841019475896132814e-08 2.085312683940678337e-07 1.258972761821754850e-06 1.885725875958567497e-07 -2.622551316925080255e-07 -4.238907455599910791e-07 -4.910013066508722234e-06
1.152920469247824937e-06 1.433754643368515339e-03 -2.228140867434714805e-04 2.617898055115911075e-05 -1.008157719773554158e-04 -3.867813154478563949e-03 7.400128658613021066e-04 -3.168920530994256686e-04 1.659033493693177213e-06 6.181362873173026507e-07 2.650888942961511054e-07 2.945622576321258324e-08 6.241776205757781274e-08 3.768368307042691639e-07 5.644371222495651881e-08 -7.849843591527000973e-08 -1.268793495504650365e-07 -1.469669415263854151e-06
-7.443987511410789801e-04 -2.228140867434714805e-04 7.267299197414700984e+01 -1.690281415607384694e-02 6.509307168796175935e-02 2.497306066323284668e+00 -4.777993520532020089e-01 2.046056556942251747e-01 -1.071177495540638017e-03 -3.991080847182655123e-04 -1.711582430175477391e-04 -1.901881201378149481e-05 -4.030087535439045763e-05 -2.433098150674970948e-04 -3.644364898598434764e-05 5.068358071565677749e-05 8.192137434473499655e-05 9.489120078043205555e-04
8.746125845654337998e-05 2.617898055115911075e-05 -1.690281415607384694e-02 2.571373397803182304e+00 -7.647946692420181172e-03 -2.934146933709723126e-01 5.613783278953159844e-02 -2.403962675503155261e-02 1.258553048976798240e-04 4.689220031083141642e-05 2.010980715185070096e-05 2.234567468744321631e-06 4.735049958093313959e-06 2.858707458604951775e-05 4.281854850208691919e-06 -5.954939803002192133e-06 -9.625145775294571059e-06 -1.114900290198932235e-04
-3.368150364822751746e-04 -1.008157719773554158e-04 6.509307168796175935e-02 -7.647946692420181172e-03 9.726324526738602927e+00 1.129945788526279360e+00 -2.161879045959159973e-01 9.257707818758767471e-02 -4.846712688414158668e-04 -1.805827910225458186e-04 -7.744326515570934359e-05 -8.605363526539974031e-06 -1.823477105778231183e-05 -1.100893897428414030e-04 -1.648950773217407114e-05 2.293259098249207970e-05 3.706662678611979218e-05 4.293503072609386440e-04
-1.292196253801373811e-02 -3.867813154478563949e-03 2.497306066323284668e+00 -2.934146933709723126e-01 1.129945788526279360e+00 4.733325095070427778e+04 -8.294083404162762463e+00 3.551734354596517651e+00 -1.859449044980491378e-02 -6.928087549102335090e-03 -2.971123206419565895e-03 -3.301461427533122295e-04 -6.995798969038010979e-04 -4.223596977579273208e-03 -6.326225913511265972e-04 8.798125067998521917e-04 1.422067042324526211e-03 1.647209294470586977e-02
2.472306222764547329e-03 7.400128658613021066e-04 -4.777993520532020089e-01 5.613783278953159844e-02 -2.161879045959159973e-01 -8.294083404162762463e+00 1.888059525424677850e+04 -6.795388023021878832e-01 3.557607779232501832e-03 1.325522644808419317e-03 5.684528468661187873e-04 6.316551071476714414e-05 1.338477593746456649e-04 8.080835290615105519e-04 1.210370920560829714e-04 -1.683309272123690410e-04 -2.720782688840483066e-04 -3.151538148276670191e-03
-1.058703477959778774e-03 -3.168920530994256686e-04 2.046056556942251747e-01 -2.403962675503155261e-02 9.257707818758767471e-02 3.551734354596517651e+00 -6.795388023021878832e-01 7.353261466995754745e+03 -1.523456800945372598e-03 -5.676220126986940328e-04 -2.434257538535559626e-04 -2.704905454877317401e-05 -5.731696464712428984e-05 -3.460416168603840646e-04 -5.183111587957875866e-05 7.208352122685317644e-05 1.165107327290218877e-04 1.349567609295780147e-03
5.542658809666162054e-06 1.659033493693177213e-06 -1.071177495540638017e-03 1.258553048976798240e-04 -4.846712688414158668e-04 -1.859449044980491378e-02 3.557607779232501832e-03 -1.523456800945372598e-03 1.431055668780195286e-02 2.971686798751009515e-06 1.274413400148759460e-06 1.416106432150533392e-07 3.000730475136652917e-07 1.811640989315043611e-06 2.713528358274545400e-07 -3.773807985685623340e-07 -6.099717745573578221e-07 -7.065427624095837949e-06
2.065129216196047501e-06 6.181362873173026507e-07 -3.991080847182655123e-04 4.689220031083141642e-05 -1.805827910225458186e-04 -6.928087549102335090e-03 1.325522644808419317e-03 -5.676220126986940328e-04 2.971686798751009515e-06 6.345838251329894743e-04 4.748313826514363187e-07 5.276245330448824244e-08 1.118036737770585014e-07 6.749960379607325288e-07 1.011028620754446202e-07 -1.406076288506515098e-07 -2.272682797101882633e-07 -2.632494893243802126e-06
8.856344979777464670e-07 2.650888942961511054e-07 -1.711582430175477391e-04 2.010980715185070096e-05 -7.744326515570934359e-05 -2.971123206419565895e-03 5.684528468661187873e-04 -2.434257538535559626e-04 1.274413400148759460e-06 4.748313826514363187e-07 2.319480572159870980e-04 2.262727604545144386e-08 4.794721304655304745e-08 2.894733039114442721e-07 4.335815008381512613e-08 -6.029984265021723180e-08 -9.746442364422540448e-08 -1.128950321811547356e-06
9.841019475896132814e-08 2.945622576321258324e-08 -1.901881201378149481e-05 2.234567468744321631e-06 -8.605363526539974031e-06 -3.301461427533122295e-04 6.316551071476714414e-05 -2.704905454877317401e-05 1.416106432150533392e-07 5.276245330448824244e-08 2.262727604545144386e-08 7.103726199679780183e-04 5.327812528571191830e-09 3.216577976636252594e-08 4.817883679869635682e-09 -6.700415659837707588e-09 -1.083008050702553202e-08 -1.254470340714506330e-07
2.085312683940678337e-07 6.241776205757781274e-08 -4.030087535439045763e-05 4.735049958093313959e-06 -1.823477105778231183e-05 -6.995798969038010979e-04 1.338477593746456649e-04 -5.731696464712428984e-05 3.000730475136652917e-07 1.118036737770585014e-07 4.794721304655304745e-08 5.327812528571191830e-09 3.087706672547909032e-04 6.815930879918334202e-08 1.020909873412080553e-08 -1.419818525647412210e-08 -2.294894782467901212e-08 -2.658223489473514281e-07
1.258972761821754850e-06 3.768368307042691639e-07 -2.433098150674970948e-04 2.858707458604951775e-05 -1.100893897428414030e-04 -4.223596977579273208e-03 8.080835290615105519e-04 -3.460416168603840646e-04 1.811640989315043611e-06 6.749960379607325288e-07 2.894733039114442721e-07 3.216577976636252594e-08 6.815930879918334202e-08 5.404703384873792192e-04 6.163573131257415004e-08 -8.571917603944642163e-08 -1.385504459174976771e-07 -1.604858107781564766e-06
1.885725875958567497e-07 5.644371222495651881e-08 -3.644364898598434764e-05 4.281854850208691919e-06 -1.648950773217407114e-05 -6.326225913511265972e-04 1.210370920560829714e-04 -5.183111587957875866e-05 2.713528358274545400e-07 1.011028620754446202e-07 4.335815008381512613e-08 4.817883679869635682e-09 1.020909873412080553e-08 6.163573131257415004e-08 3.078340406950324615e-05 -1.283926652150375342e-08 -2.075248717964032161e-08 -2.403802967672200511e-07
-2.622551316925080255e-07 -7.849843591527000973e-08 5.068358071565677749e-05 -5.954939803002192133e-06 2.293259098249207970e-05 8.798125067998521917e-04 -1.683309272123690410e-04 7.208352122685317644e-05 -3.773807985685623340e-07 -1.406076288506515098e-07 -6.029984265021723180e-08 -6.700415659837707588e-09 -1.419818525647412210e-08 -8.571917603944642163e-08 -1.283926652150375342e-08 1.959642117054445631e-02 2.886128003879202060e-08 3.343061003123052511e-07
-4.238907455599910791e-07 -1.268793495504650365e-07 8.192137434473499655e-05 -9.625145775294571059e-06 3.706662678611979218e-05 1.422067042324526211e-03 -2.720782688840483066e-04 1.165107327290218877e-04 -6.099717745573578221e-07 -2.272682797101882633e-07 -9.746442364422540448e-08 -1.083008050702553202e-08 -2.294894782467901212e-08 -1.385504459174976771e-07 -2.075248717964032161e-08 2.886128003879202060e-08 1.186300657087136987e-02 5.403488625450010548e-07
-4.910013066508722234e-06 -1.469669415263854151e-06 9.489120078043205555e-04 -1.114900290198932235e-04 4.293503072609386440e-04 1.647209294470586977e-02 -3.151538148276670191e-03 1.349567609295780147e-03 -7.065427624095837949e-06 -2.632494893243802126e-06 -1.128950321811547356e-06 -1.254470340714506330e-07 -2.658223489473514281e-07 -1.604858107781564766e-06 -2.403802967672200511e-07 3.343061003123052511e-07 5.403488625450010548e-07 5.153015724426166649e-02
1.890892223300349268e-03 -2.835076599974925285e-07 -2.732475619398212893e-04 1.005591927006589616e-05 -1.919181896622228992e-04 -4.051145367493262303e-03 2.774054280968181853e-04 6.879953507025993956e-04 1.243432103278903084e-06 6.400648735946899443e-07 -2.106078483242983431e-08 5.486220760354566521e-07 3.143824718852356190e-07 2.593950552818509696e-07 1.964814326705021520e-07 -2.053796604293003199e-06 5.572921791363916001e-08 -2.819416178817794743e-08
-2.835076599974925285e-07 4.590370641457126432e-04 -5.864857733004181047e-05 1.485189307079278272e-05 -1.881440296669284307e-06 -1.267987839236132345e-03 4.222982887553257902e-04 -4.721465881744529923e-04 7.223375690218704611e-07 2.053054045195927813e-07 1.947616466774604123e-07 -1.772951907472373532e-07 -6.944655604205857777e-08 1.723929585331184677e-07 -3.109363373466897025e-08 6.861461484338745114e-07 -1.097011759318944091e-07 -1.027431108555565395e-06
-2.732475619398212893e-04 -5.864857733004181047e-05 2.325603691436801412e+01 -5.061175616142180901e-03 2.246134545421371240e-02 7.975113184084899887e-01 -1.429336710364425556e-01 4.556284332035329121e-02 -3.324949832649110796e-04 -1.273116969847362711e-04 -4.886658210914609205e-05 -1.611403914688077675e-05 -1.769866984437936820e-05 -7.507690013761136405e-05 -1.430191197535447074e-05 5.441786995795221804e-05 2.250377735269232197e-05 2.737303335694743663e-04
1.005591927006589616e-05 1.485189307079278272e-05 -5.061175616142180901e-03 8.230174353539482235e-01 -1.612391611905624389e-03 -9.472512531974558447e-02 2.306221742724063467e-02 -1.788210806582429813e-02 4.553541159224320855e-05 1.521168292667607680e-05 9.456535923257712296e-06 -4.416772451516322400e-06 -9.424046420383846468e-07 1.057167419568877800e-05 1.920332987200287531e-08 1.764280261254528470e-05 -4.979181060698226221e-06 -5.098912704904579274e-05
-1.919181896622228992e-04 -1.881440296669284307e-06 2.246134545421371240e-02 -1.612391611905624389e-03 3.116341529563630086e+00 3.576768324451751191e-01 -4.525924729261264490e-02 -1.818521944847804883e-02 -1.304062806398885368e-04 -5.681908000172881267e-05 -1.060512375464956997e-05 -2.683283093379136791e-05 -1.736654577783656618e-05 -2.854793426140503460e-05 -1.161563319919167260e-05 9.906153613875286548e-05 2.950378635006250949e-06 6.554506443705249228e-05
-4.051145367493262303e-03 -1.267987839236132345e-03 7.975113184084899887e-01 -9.472512531974558447e-02 3.576768324451751191e-01 1.514664419822003765e+04 -2.677955148934101359e+00 1.184220129306431613e+00 -5.974850722643491353e-03 -2.217952499909853561e-03 -9.648932258786344605e-04 -8.164055271442361133e-05 -2.123690603558881060e-04 -1.358211476963901545e-03 -1.961194303597765939e-04 1.900945949306333759e-04 4.639454168194384522e-04 5.342699252974002222e-03
2.774054280968181853e-04 4.222982887553257902e-04 -1.429336710364425556e-01 2.306221742724063467e-02 -4.525924729261264490e-02 -2.677955148934101359e+00 6.041936539346619611e+03 -5.093737373328061091e-01 1.289179612781363518e-03 4.300741528349829126e-04 2.684662400995744733e-04 -1.268111721136665562e-04 -2.757815454080640705e-05 2.993780879016142565e-04 2.676560275789430192e-08 5.061842023330874766e-04 -1.414741701558613462e-04 -1.447181429273805596e-03
6.879953507025993956e-04 -4.721465881744529923e-04 4.556284332035329121e-02 -1.788210806582429813e-02 -1.818521944847804883e-02 1.184220129306431613e+00 -5.093737373328061091e-01 2.353627123029846643e+03 -7.887955218032430965e-04 -1.934449847914960173e-04 -2.509035372441146129e-04 2.851966313186569501e-04 1.223836101828351642e-04 -1.922616710552384439e-04 6.077266748271427626e-05 -1.096287080161211262e-03 1.460291704586078618e-04 1.308655427816619735e-03
1.243432103278903084e-06 7.223375690218704611e-07 -3.324949832649110796e-04 4.553541159224320855e-05 -1.304062806398885368e-04 -5.974850722643491353e-03 1.289179612781363518e-03 -7.887955218032430965e-04 4.579533722770346392e-03 9.570362401838847827e-07 4.971514501810305753e-07 -1.064268700690944981e-07 2.335443375675572337e-08 6.218255075702926827e-07 4.688572106450956025e-08 4.572607686471034590e-07 -2.513461310365310801e-07 -2.713704004000211837e-06
6.400648735946899443e-07 2.053054045195927813e-07 -1.273116969847362711e-04 1.521168292667607680e-05 -5.681908000172881267e-05 -2.217952499909853561e-03 4.300741528349829126e-04 -1.934449847914960173e-04 9.570362401838847827e-07 2.030670629308564885e-04 1.554467731200864278e-07 1.093800541387393329e-08 3.292966298233268556e-08 2.176484244716609469e-07 3.078759627375054111e-08 -2.234478254869973022e-08 -7.492627424164998324e-08 -8.601399235298904810e-07
-2.106078483242983431e-08 1.947616466774604123e-07 -4.886658210914609205e-05 9.456535923257712296e-06 -1.060512375464956997e-05 -9.648932258786344605e-04 2.684662400995744733e-04 -2.509035372441146129e-04 4.971514501810305753e-07 1.554467731200864278e-07 7.427467891798042899e-05 -7.989318873118932647e-08 -2.638507521950066234e-08 1.168064734441186731e-07 -9.063988394079097995e-09 3.126179820507701901e-07 -6.343420633659690753e-08 -6.212534586806370618e-07
5.486220760354566521e-07 -1.772951907472373532e-07 -1.611403914688077675e-05 -4.416772451516322400e-06 -2.683283093379136791e-05 -8.164055271442361133e-05 -1.268111721136665562e-04 2.851966313186569501e-04 -1.064268700690944981e-07 1.093800541387393329e-08 -7.989318873118932647e-08 2.274672350640860575e-04 7.258008359206727069e-08 -3.076813673744146704e-08 4.050285408537774659e-08 -5.658988649279915757e-07 5.130340513455253324e-08 4.014480229463865334e-07
3.143824718852356190e-07 -6.944655604205857777e-08 -1.769866984437936820e-05 -9.424046420383846468e-07 -1.736654577783656618e-05 -2.123690603558881060e-04 -2.757815454080640705e-05 1.223836101828351642e-04 2.335443375675572337e-08 3.292966298233268556e-08 -2.638507521950066234e-08 7.258008359206727069e-08 9.884055544401580988e-05 2.146894284018011479e-09 2.192528582179304061e-08 -2.745239462121152278e-07 1.888506877377363860e-08 1.264135492064911359e-07
2.593950552818509696e-07 1.723929585331184677e-07 -7.507690013761136405e-05 1.057167419568877800e-05 -2.854793426140503460e-05 -1.358211476963901545e-03 2.993780879016142565e-04 -1.922616710552384439e-04 6.218255075702926827e-07 2.176484244716609469e-07 1.168064734441186731e-07 -3.076813673744146704e-08 2.146894284018011479e-09 1.729619006058549606e-04 8.913797405932332112e-09 1.289817435830031730e-07 -5.953162860038398787e-08 -6.360725727957967349e-07
1.964814326705021520e-07 -3.109363373466897025e-08 -1.430191197535447074e-05 1.920332987200287531e-08 -1.161563319919167260e-05 -1.961194303597765939e-04 2.676560275789430192e-08 6.077266748271427626e-05 4.688572106450956025e-08 3.078759627375054111e-08 -9.063988394079097995e-09 4.050285408537774659e-08 2.192528582179304061e-08 8.913797405932332112e-09 9.860946085102042158e-06 -1.525208335664928254e-07 7.777524068065826296e-09 3.933015927464853711e-08
-2.053796604293003199e-06 6.861461484338745114e-07 5.441786995795221804e-05 1.764280261254528470e-05 9.906153613875286548e-05 1.900945949306333759e-04 5.061842023330874766e-04 -1.096287080161211262e-03 4.572607686471034590e-07 -2.234478254869973022e-08 3.126179820507701901e-07 -5.658988649279915757e-07 -2.745239462121152278e-07 1.289817435830031730e-07 -1.525208335664928254e-07 6.273002251192811088e-03 -1.993927292992690889e-07 -1.575148072532295052e-06
5.572921791363916001e-08 -1.097011759318944091e-07 2.250377735269232197e-05 -4.979181060698226221e-06 2.950378635006250949e-06 4.639454168194384522e-04 -1.414741701558613462e-04 1.460291704586078618e-04 -2.513461310365310801e-07 -7.492627424164998324e-08 -6.343420633659690753e-08 5.130340513455253324e-08 1.888506877377363860e-08 -5.953162860038398787e-08 7.777524068065826296e-09 -1.993927292992690889e-07 3.796182371017696976e-03 3.363309511874120252e-07
-2.819416178817794743e-08 -1.027431108555565395e-06 2.737303335694743663e-04 -5.098912704904579274e-05 6.554506443705249228e-05 5.342699252974002222e-03 -1.447181429273805596e-03 1.308655427816619735e-03 -2.713704004000211837e-06 -8.601399235298904810e-07 -6.212534586806370618e-07 4.014480229463865334e-07 1.264135492064911359e-07 -6.360725727957967349e-07 3.933015927464853711e-08 -1.575148072532295052e-06 3.363309511874120252e-07 1.649096793342355941e-02
6.052017445470847740e-04 -8.749796908834807793e-08 -8.989777349241356223e-05 3.942916633219771659e-06 -6.437005223881447924e-05 -1.336798961337572200e-03 1.100768616941479689e-04 1.931127056621187487e-04 3.297281915469080818e-07 2.401324809741095052e-07 -7.822331266795218466e-09 1.677051008623670467e-07 1.062123216947421787e-07 6.631545292732934832e-08 6.770777181532744822e-08 -6.503427071116535122e-07 2.899167001024163401e-08 -1.983616593825831500e-07
-8.749796908834807793e-08 1.468919499786489275e-04 -1.883574875074226678e-05 4.772719004754103233e-06 -6.840712386213811479e-07 -4.068777658258401764e-04 1.357265443348525504e-04 -1.518371998815199082e-04 2.292568807049750541e-07 6.667733011834397725e-08 6.229368620099295196e-08 -5.695234188950891544e-08 -2.206726995345475377e-08 5.470271407061986158e-08 -9.815868260307975929e-09 2.197574129163259195e-07 -3.479482758172650115e-08 -3.340305202038273227e-07
-8.989777349241356223e-05 -1.883574875074226678e-05 7.441983815741669339e+00 -1.634911818311515080e-03 7.250160534554640421e-03 2.560588459252738924e-01 -4.618946144431133882e-02 1.515218074586873256e-02 -1.049564661649148186e-04 -4.148665393314656725e-05 -1.561440127538017594e-05 -4.990366077449538366e-06 -5.782235185802286246e-06 -2.367156200217295956e-05 -4.678854176625139120e-06 1.726835799221332503e-05 6.965188794524226615e-06 9.159860230942626488e-05
3.942916633219771659e-06 4.772719004754103233e-06 -1.634911818311515080e-03 2.633701017566826841e-01 -5.344052821792965886e-04 -3.056424392700823542e-02 7.512816169696383967e-03 -5.890977118581443642e-03 1.414610993971908663e-05 5.088001038026186010e-06 3.019336857760715436e-06 -1.462357535862451890e-06 -2.665766468858241496e-07 3.278823184446787946e-06 3.629612456715531105e-08 5.688563320032045775e-06 -1.523736134761117035e-06 -1.749755619575884793e-05
-6.437005223881447924e-05 -6.840712386213811479e-07 7.250160534554640421e-03 -5.344052821792965886e-04 9.973044772135716274e-01 1.154849309330590046e-01 -1.502487704783794266e-02 -5.131396693669900907e-03 -3.999619593295494757e-05 -1.908021150115956659e-05 -3.366098009444696668e-06 -8.386750954839279705e-06 -5.699975652632483566e-06 -8.710826837479722552e-06 -3.839941588937671351e-06 3.152490628786038299e-05 6.603243705692831638e-07 2.579001555854578006e-05
-1.336798961337572200e-03 -4.068777658258401764e-04 2.560588459252738924e-01 -3.056424392700823542e-02 1.154849309330590046e-01 4.846940208121396608e+03 -8.643574708635162196e-01 3.883585027406952217e-01 -1.888238820873671319e-03 -7.220282140821431731e-04 -3.083891453224048848e-04 -2.339292411638094112e-05 -6.990955053287736722e-05 -4.288216109631580691e-04 -6.443965663994089162e-05 5.843972831499934104e-05 1.445810384216316704e-04 1.775526758603481609e-03
1.100768616941479689e-04 1.357265443348525504e-04 -4.618946144431133882e-02 7.512816169696383967e-03 -1.502487704783794266e-02 -8.643574708635162196e-01 1.933423598480017972e+03 -1.679574643840116843e-01 4.000409622708053000e-04 1.440968532607030572e-04 8.571069000759216482e-05 -4.201931463459082720e-05 -7.796631976225557227e-06 9.274130465420159068e-05 8.946511538466906741e-07 1.632387147018298206e-04 -4.322626082744627298e-05 -4.978065977003498770e-04
1.931127056621187487e-04 -1.518371998815199082e-04 1.515218074586873256e-02 -5.890977118581443642e-03 -5.131396693669900907e-03 3.883585027406952217e-01 -1.679574643840116843e-01 7.531669725485973004e+02 -2.365523471716140830e-04 -7.011893638698262355e-05 -8.003716093444694115e-05 9.309042893032610383e-05 3.785740323662090622e-05 -5.763998183613367805e-05 1.832251643536362523e-05 -3.524109314569293778e-04 4.413295025314140942e-05 4.628263837267671617e-04
3.297281915469080818e-07 2.292568807049750541e-07 -1.049564661649148186e-04 1.414610993971908663e-05 -3.999619593295494757e-05 -1.888238820873671319e-03 4.000409622708053000e-04 -2.365523471716140830e-04 1.465490772671959900e-03 2.855414625304937280e-07 1.597235674131638242e-07 -2.945029117074991004e-08 4.183224682237916590e-09 2.087733233121571511e-07 1.216848390231871521e-08 1.422929340270799224e-07 -8.697505664505301852e-08 -7.573386686435899431e-07
2.401324809741095052e-07 6.667733011834397725e-08 -4.148665393314656725e-05 5.088001038026186010e-06 -1.908021150115956659e-05 -7.220282140821431731e-04 1.440968532607030572e-04 -7.011893638698262355e-05 2.855414625304937280e-07 6.499218787177047198e-05 4.941398740806959116e-08 1.114120306819227512e-09 1.224179432961989213e-08 6.457676517181136001e-08 1.132051743399182850e-08 -5.062547744890063811e-09 -2.058649965188376270e-08 -3.327663005748629506e-07
-7.822331266795218466e-09 6.229368620099295196e-08 -1.561440127538017594e-05 3.019336857760715436e-06 -3.366098009444696668e-06 -3.083891453224048848e-04 8.571069000759216482e-05 -8.003716093444694115e-05 1.597235674131638242e-07 4.941398740806959116e-08 2.376790734235539857e-05 -2.549264931304439780e-08 -8.495488725441750844e-09 3.753357208960989819e-08 -2.945509349085541798e-09 9.997372967011222468e-08 -2.040290199330586155e-08 -1.970371339819133873e-07
1.677051008623670467e-07 -5.695234188950891544e-08 -4.990366077449538366e-06 -1.462357535862451890e-06 -8.386750954839279705e-06 -2.339292411638094112e-05 -4.201931463459082720e-05 9.309042893032610383e-05 -2.945029117074991004e-08 1.114120306819227512e-09 -2.549264931304439780e-08 7.279004591913783555e-05 2.284655921933330978e-08 -8.717981838726625804e-09 1.263429540671102951e-08 -1.815519972829207561e-07 1.566311296478012420e-08 1.412571915510606933e-07
1.062123216947421787e-07 -2.206726995345475377e-08 -5.782235185802286246e-06 -2.665766468858241496e-07 -5.699975652632483566e-06 -6.990955053287736722e-05 -7.796631976225557227e-06 3.785740323662090622e-05 4.183224682237916590e-09 1.224179432961989213e-08 -8.495488725441750844e-09 2.284655921933330978e-08 3.162924850252083240e-05 -1.185747072410035632e-10 7.249388166256228774e-09 -8.751597926724451063e-08 6.581772629191293267e-09 3.131396027866033229e-08
6.631545292732934832e-08 5.470271407061986158e-08 -2.367156200217295956e-05 3.278823184446787946e-06 -8.710826837479722552e-06 -4.288216109631580691e-04 9.274130465420159068e-05 -5.763998183613367805e-05 2.087733233121571511e-07 6.457676517181136001e-08 3.753357208960989819e-08 -8.717981838726625804e-09 -1.185747072410035632e-10 5.535020500103395388e-05 2.158298385228861875e-09 4.028731545959090526e-08 -2.065244566239623373e-08 -1.763542415932453255e-07
6.770777181532744822e-08 -9.815868260307975929e-09 -4.678854176625139120e-06 3.629612456715531105e-08 -3.839941588937671351e-06 -6.443965663994089162e-05 8.946511538466906741e-07 1.832251643536362523e-05 1.216848390231871521e-08 1.132051743399182850e-08 -2.945509349085541798e-09 1.263429540671102951e-08 7.249388166256228774e-09 2.158298385228861875e-09 3.155703763867919416e-06 -4.852087656785087628e-08 2.952841836633783366e-09 4.711705633813064633e-09
-6.503427071116535122e-07 2.197574129163259195e-07 1.726835799221332503e-05 5.688563320032045775e-06 3.152490628786038299e-05 5.843972831499934104e-05 1.632387147018298206e-04 -3.524109314569293778e-04 1.422929340270799224e-07 -5.062547744890063811e-09 9.997372967011222468e-08 -1.815519972829207561e-07 -8.751597926724451063e-08 4.028731545959090526e-08 -4.852087656785087628e-08 2.007361126696445477e-03 -6.314594491250017384e-08 -5.152419602143246568e-07
2.899167001024163401e-08 -3.479482758172650115e-08 6.965188794524226615e-06 -1.523736134761117035e-06 6.603243705692831638e-07 1.445810384216316704e-04 -4.322626082744627298e-05 4.413295025314140942e-05 -8.697505664505301852e-08 -2.058649965188376270e-08 -2.040290199330586155e-08 1.566311296478012420e-08 6.581772629191293267e-09 -2.065244566239623373e-08 2.952841836633783366e-09 -6.314594491250017384e-08 1.214779429918989980e-03 8.944940169339920439e-08
-1.983616593825831500e-07 -3.340305202038273227e-07 9.159860230942626488e-05 -1.749755619575884793e-05 2.579001555854578006e-05 1.775526758603481609e-03 -4.978065977003498770e-04 4.628263837267671617e-04 -7.573386686435899431e-07 -3.327663005748629506e-07 -1.970371339819133873e-07 1.412571915510606933e-07 3.131396027866033229e-08 -1.763542415932453255e-07 4.711705633813064633e-09 -5.152419602143246568e-07 8.944940169339920439e-08 5.277418165980881683e-03
1.936799242956218790e-04 -2.311950081639457838e-08 -2.912394921164775135e-05 2.178126136862591138e-06 -2.154603025311070254e-05 -5.952032005632747419e-04 1.477697213460036516e-05 5.919446847566556437e-05 8.413970351151907317e-08 6.470949105642861526e-08 -4.793633600559665056e-09 5.710699153148920292e-08 3.622938303525192906e-08 2.847667558641719140e-08 2.331238983918306494e-08 -2.504300796649235323e-07 3.766210087325890260e-08 -6.803306466615948221e-08
-2.311950081639457838e-08 4.700697370462562637e-05 -6.140705949435740651e-06 1.818292274887603657e-06 -5.198398679160562547e-07 -1.833714546147783750e-04 3.693886811439031431e-05 -4.941410267434358055e-05 6.657459969224539222e-08 1.748365562449657564e-08 1.920658112213368395e-08 -1.713186445055764691e-08 -6.349704116298875737e-09 1.980909723000445151e-08 -2.618382496450722447e-09 5.688252479111072135e-08 -2.120091475416059772e-09 -1.083370554641380432e-07
-2.912394921164775135e-05 -6.140705949435740651e-06 2.381443099524142237e+00 -5.444422068853816722e-04 2.342046461342417365e-03 8.582499690257437697e-02 -1.430601716966725667e-02 4.909083603633297710e-03 -3.308997236100865412e-05 -1.299411203450891439e-05 -4.943443822030382127e-06 -1.676794652436072105e-06 -1.902341402291881442e-06 -7.743312853536121011e-06 -1.535436444186180603e-06 6.508175123456621352e-06 1.570020626664440245e-06 2.941733316691372472e-05
2.178126136862591138e-06 1.818292274887603657e-06 -5.444422068853816722e-04 8.433308397262909151e-02 -2.275230277830635119e-04 -1.976552376979152925e-02 1.184655262049641271e-03 -2.040265535699430869e-03 3.252103147660502996e-06 9.045838875590474454e-07 8.295887554641916734e-07 -2.627202210731373976e-07 4.836943977882616067e-08 1.481937325097393256e-06 1.097723526956264878e-07 -7.035449627325602152e-07 1.205202001349367287e-06 -5.871006138258492665e-06
-2.154603025311070254e-05 -5.198398679160562547e-07 2.342046461342417365e-03 -2.275230277830635119e-04 3.191958714070901038e-01 4.728032288685893314e-02 -3.546969259734385118e-03 -1.481608158540197173e-03 -1.148070435667287806e-05 -5.357439602746601972e-06 -9.358985111195642141e-07 -2.895986649968674132e-06 -1.962220333789096735e-06 -3.234920688196223460e-06 -1.330283046856450798e-06 1.269784185664859854e-05 -1.539165936729344614e-06 8.533852725261557924e-06
-5.952032005632747419e-04 -1.833714546147783750e-04 8.582499690257437697e-02 -1.976552376979152925e-02 4.728032288685893314e-02 1.552845147791182626e+03 -5.379820822526629881e-02 1.526215823954243378e-01 -3.713539273893969321e-04 -9.884958616070665786e-05 -7.372749961565794818e-05 -4.498259693161109216e-05 -4.679366417053838854e-05 -2.162809576879849954e-04 -3.855435716346337303e-05 4.798216102291311277e-04 -2.630129223368100314e-04 6.178250197538988353e-04
1.477697213460036516e-05 3.693886811439031431e-05 -1.430601716966725667e-02 1.184655262049641271e-03 -3.546969259734385118e-03 -5.379820822526629881e-02 6.187227612108407584e+02 -5.028443736570503697e-02 1.564546284161029714e-04 6.225627327790556216e-05 3.047537763015218388e-05 -1.802560493386781728e-05 -5.477611442127246876e-06 2.002200092311117219e-05 -1.903918146273893255e-06 1.085522549039014806e-04 -5.160407398042234285e-05 -1.532336574396142928e-04
5.919446847566556437e-05 -4.941410267434358055e-05 4.909083603633297710e-03 -2.040265535699430869e-03 -1.481608158540197173e-03 1.526215823954243378e-01 -5.028443736570503697e-02 2.410138716874265015e+02 -7.207807220276718572e-05 -2.038385917258917442e-05 -2.522409306747448412e-05 2.920628676682388762e-05 1.173487475062534343e-05 -1.967324919932366507e-05 5.584540337374281581e-06 -1.056063032101900879e-04 9.316769127205326527e-06 1.488760369503134033e-04
8.413970351151907317e-08 6.657459969224539222e-08 -3.308997236100865412e-05 3.252103147660502996e-06 -1.148070435667287806e-05 -3.713539273893969321e-04 1.564546284161029714e-04 -7.207807220276718572e-05 4.689867763652325852e-04 1.082494689697585673e-07 5.429748391542433777e-08 -1.421083473720079129e-08 -1.779088065268863549e-09 5.671514095339756138e-08 1.604554443549160833e-09 1.043991076783907505e-07 -6.731366805501414455e-08 -2.360093733435691455e-07
6.470949105642861526e-08 1.748365562449657564e-08 -1.299411203450891439e-05 9.045838875590474454e-07 -5.357439602746601972e-06 -9.884958616070665786e-05 6.225627327790556216e-05 -2.038385917258917442e-05 1.082494689697585673e-07 2.080708016212541429e-05 1.762102667591967023e-08 -2.360751275290752056e-09 2.147550996053792614e-09 1.493549790356438342e-08 2.322973831900317790e-09 3.179584501535103869e-08 -2.900006471357792563e-08 -1.028867819338306366e-07
-4.793633600559665056e-09 1.920658112213368395e-08 -4.943443822030382127e-06 8.295887554641916734e-07 -9.358985111195642141e-07 -7.372749961565794818e-05 3.047537763015218388e-05 -2.522409306747448412e-05 5.429748391542433777e-08 1.762102667591967023e-08 7.606071773449168761e-06 -8.670622521927751495e-09 -3.052669185213119729e-09 1.092919177458526583e-08 -1.187904012793605732e-09 3.829994479322250668e-08 -1.076000919890886244e-08 -6.237255912866602567e-08
5.710699153148920292e-08 -1.713186445055764691e-08 -1.676794652436072105e-06 -2.627202210731373976e-07 -2.895986649968674132e-06 -4.498259693161109216e-05 -1.802560493386781728e-05 2.920628676682388762e-05 -1.421083473720079129e-08 -2.360751275290752056e-09 -8.670622521927751495e-09 2.329358541664584281e-05 7.812889074580284430e-09 -1.164769812108342846e-09 4.411588879097302800e-09 -6.757466606892978167e-08 1.136921300412811515e-08 4.418164653961757686e-08
3.622938303525192906e-08 -6.349704116298875737e-09 -1.902341402291881442e-06 4.836943977882616067e-08 -1.962220333789096735e-06 -4.679366417053838854e-05 -5.477611442127246876e-06 1.173487475062534343e-05 -1.779088065268863549e-09 2.147550996053792614e-09 -3.052669185213119729e-09 7.812889074580284430e-09 1.012168647905412518e-05 1.020447520134685313e-09 2.559891608680636453e-09 -3.417838038130054221e-08 6.246645288858604120e-09 9.355690285990614450e-09
2.847667558641719140e-08 1.980909723000445151e-08 -7.743312853536121011e-06 1.481937325097393256e-06 -3.234920688196223460e-06 -2.162809576879849954e-04 2.002200092311117219e-05 -1.967324919932366507e-05 5.671514095339756138e-08 1.493549790356438342e-08 1.092919177458526583e-08 -1.164769812108342846e-09 1.020447520134685313e-09 1.771549170265519758e-05 1.467838634170509888e-09 -7.091445107375808264e-09 6.794294083397742897e-09 -5.858529654407446114e-08
2.331238983918306494e-08 -2.618382496450722447e-09 -1.535436444186180603e-06 1.097723526956264878e-07 -1.330283046856450798e-06 -3.855435716346337303e-05 -1.903918146273893255e-06 5.584540337374281581e-06 1.604554443549160833e-09 2.322973831900317790e-09 -1.187904012793605732e-09 4.411588879097302800e-09 2.559891608680636453e-09 1.467838634170509888e-09 1.010001502047338356e-06 -2.005974737163213323e-08 3.985287167405332119e-09 1.019596075730961583e-09
-2.504300796649235323e-07 5.688252479111072135e-08 6.508175123456621352e-06 -7.035449627325602152e-07 1.269784185664859854e-05 4.798216102291311277e-04 1.085522549039014806e-04 -1.056063032101900879e-04 1.043991076783907505e-07 3.179584501535103869e-08 3.829994479322250668e-08 -6.757466606892978167e-08 -3.417838038130054221e-08 -7.091445107375808264e-09 -2.005974737163213323e-08 6.424721173997212896e-04 -9.838266752591075090e-08 -1.523258370320565984e-07
3.766210087325890260e-08 -2.120091475416059772e-09 1.570020626664440245e-06 1.205202001349367287e-06 -1.539165936729344614e-06 -2.630129223368100314e-04 -5.160407398042234285e-05 9.316769127205326527e-06 -6.731366805501414455e-08 -2.900006471357792563e-08 -1.076000919890886244e-08 1.136921300412811515e-08 6.246645288858604120e-09 6.794294083397742897e-09 3.985287167405332119e-09 -9.838266752591075090e-08 3.887818510532597017e-04 2.020531899609101612e-08
-6.803306466615948221e-08 -1.083370554641380432e-07 2.941733316691372472e-05 -5.871006138258492665e-06 8.533852725261557924e-06 6.178250197538988353e-04 -1.532336574396142928e-04 1.488760369503134033e-04 -2.360093733435691455e-07 -1.028867819338306366e-07 -6.237255912866602567e-08 4.418164653961757686e-08 9.355690285990614450e-09 -5.858529654407446114e-08 1.019596075730961583e-09 -1.523258370320565984e-07 2.020531899609101612e-08 1.688775164749655973e-03
1.936799242956218790e-04 -2.311950081639457838e-08 -2.912394921164775135e-05 2.178126136862591138e-06 -2.154603025311070254e-05 -5.952032005632747419e-04 1.477697213460036516e-05 5.919446847566556437e-05 8.413970351151907317e-08 6.470949105642861526e-08 -4.793633600559665056e-09 5.710699153148920292e-08 3.622938303525192906e-08 2.847667558641719140e-08 2.331238983918306494e-08 -2.504300796649235323e-07 3.766210087325890260e-08 -6.803306466615948221e-08
-2.311950081639457838e-08 4.700697370462562637e-05 -6.140705949435740651e-06 1.818292274887603657e-06 -5.198398679160562547e-07 -1.833714546147783750e-04 3.693886811439031431e-05 -4.941410267434358055e-05 6.657459969224539222e-08 1.748365562449657564e-08 1.920658112213368395e-08 -1.713186445055764691e-08 -6.349704116298875737e-09 1.980909723000445151e-08 -2.618382496450722447e-09 5.688252479111072135e-08 -2.120091475416059772e-09 -1.083370554641380432e-07
-2.912394921164775135e-05 -6.140705949435740651e-06 2.381443099524142237e+00 -5.444422068853816722e-04 2.342046461342417365e-03 8.582499690257437697e-02 -1.430601716966725667e-02 4.909083603633297710e-03 -3.308997236100865412e-05 -1.299411203450891439e-05 -4.943443822030382127e-06 -1.676794652436072105e-06 -1.902341402291881442e-06 -7.743312853536121011e-06 -1.535436444186180603e-06 6.508175123456621352e-06 1.570020626664440245e-06 2.941733316691372472e-05
2.178126136862591138e-06 1.818292274887603657e-06 -5.444422068853816722e-04 8.433308397262909151e-02 -2.275230277830635119e-04 -1.976552376979152925e-02 1.184655262049641271e-03 -2.040265535699430869e-03 3.252103147660502996e-06 9.045838875590474454e-07 8.295887554641916734e-07 -2.627202210731373976e-07 4.836943977882616067e-08 1.481937325097393256e-06 1.097723526956264878e-07 -7.035449627325602152e-07 1.205202001349367287e-06 -5.871006138258492665e-06
-2.154603025311070254e-05 -5.198398679160562547e-07 2.342046461342417365e-03 -2.275230277830635119e-04 3.191958714070901038e-01 4.728032288685893314e-02 -3.546969259734385118e-03 -1.481608158540197173e-03 -1.148070435667287806e-05 -5.357439602746601972e-06 -9.358985111195642141e-07 -2.895986649968674132e-06 -1.962220333789096735e-06 -3.234920688196223460e-06 -1.330283046856450798e-06 1.269784185664859854e-05 -1.539165936729344614e-06 8.533852725261557924e-06
-5.952032005632747419e-04 -1.833714546147783750e-04 8.582499690257437697e-02 -1.976552376979152925e-02 4.728032288685893314e-02 1.552845147791182626e+03 -5.379820822526629881e-02 1.526215823954243378e-01 -3.713539273893969321e-04 -9.884958616070665786e-05 -7.372749961565794818e-05 -4.498259693161109216e-05 -4.679366417053838854e-05 -2.162809576879849954e-04 -3.855435716346337303e-05 4.798216102291311277e-04 -2.630129223368100314e-04 6.178250197538988353e-04
1.477697213460036516e-05 3.693886811439031431e-05 -1.430601716966725667e-02 1.184655262049641271e-03 -3.546969259734385118e-03 -5.379820822526629881e-02 6.187227612108407584e+02 -5.028443736570503697e-02 1.564546284161029714e-04 6.225627327790556216e-05 3.047537763015218388e-05 -1.802560493386781728e-05 -5.477611442127246876e-06 2.002200092311117219e-05 -1.903918146273893255e-06 1.085522549039014806e-04 -5.160407398042234285e-05 -1.532336574396142928e-04
5.919446847566556437e-05 -4.941410267434358055e-05 4.909083603633297710e-03 -2.040265535699430869e-03 -1.481608158540197173e-03 1.526215823954243378e-01 -5.028443736570503697e-02 2.410138716874265015e+02 -7.207807220276718572e-05 -2.038385917258917442e-05 -2.522409306747448412e-05 2.920628676682388762e-05 1.173487475062534343e-05 -1.967324919932366507e-05 5.584540337374281581e-06 -1.056063032101900879e-04 9.316769127205326527e-06 1.488760369503134033e-04
8.413970351151907317e-08 6.657459969224539222e-08 -3.308997236100865412e-05 3.252103147660502996e-06 -1.148070435667287806e-05 -3.713539273893969321e-04 1.564546284161029714e-04 -7.207807220276718572e-05 4.689867763652325852e-04 1.082494689697585673e-07 5.429748391542433777e-08 -1.421083473720079129e-08 -1.779088065268863549e-09 5.671514095339756138e-08 1.604554443549160833e-09 1.043991076783907505e-07 -6.731366805501414455e-08 -2.360093733435691455e-07
6.470949105642861526e-08 1.748365562449657564e-08 -1.299411203450891439e-05 9.045838875590474454e-07 -5.357439602746601972e-06 -9.884958616070665786e-05 6.225627327790556216e-05 -2.038385917258917442e-05 1.082494689697585673e-07 2.080708016212541429e-05 1.762102667591967023e-08 -2.360751275290752056e-09 2.147550996053792614e-09 1.493549790356438342e-08 2.322973831900317790e-09 3.179584501535103869e-08 -2.900006471357792563e-08 -1.028867819338306366e-07
-4.793633600559665056e-09 1.920658112213368395e-08 -4.943443822030382127e-06 8.295887554641916734e-07 -9.358985111195642141e-07 -7.372749961565794818e-05 3.047537763015218388e-05 -2.522409306747448412e-05 5.429748391542433777e-08 1.762102667591967023e-08 7.606071773449168761e-06 -8.670622521927751495e-09 -3.052669185213119729e-09 1.092919177458526583e-08 -1.187904012793605732e-09 3.829994479322250668e-08 -1.076000919890886244e-08 -6.237255912866602567e-08
5.710699153148920292e-08 -1.713186445055764691e-08 -1.676794652436072105e-06 -2.627202210731373976e-07 -2.895986649968674132e-06 -4.498259693161109216e-05 -1.802560493386781728e-05 2.920628676682388762e-05 -1.421083473720079129e-08 -2.360751275290752056e-09 -8.670622521927751495e-09 2.329358541664584281e-05 7.812889074580284430e-09 -1.164769812108342846e-09 4.411588879097302800e-09 -6.757466606892978167e-08 1.136921300412811515e-08 4.418164653961757686e-08
3.622938303525192906e-08 -6.349704116298875737e-09 -1.902341402291881442e-06 4.836943977882616067e-08 -1.962220333789096735e-06 -4.679366417053838854e-05 -5.477611442127246876e-06 1.173487475062534343e-05 -1.779088065268863549e-09 2.147550996053792614e-09 -3.052669185213119729e-09 7.812889074580284430e-09 1.012168647905412518e-05 1.020447520134685313e-09 2.559891608680636453e-09 -3.417838038130054221e-08 6.246645288858604120e-09 9.355690285990614450e-09
2.847667558641719140e-08 1.980909723000445151e-08 -7.743312853536121011e-06 1.481937325097393256e-06 -3.234920688196223460e-06 -2.162809576879849954e-04 2.002200092311117219e-05 -1.967324919932366507e-05 5.671514095339756138e-08 1.493549790356438342e-08 1.092919177458526583e-08 -1.164769812108342846e-09 1.020447520134685313e-09 1.771549170265519758e-05 1.467838634170509888e-09 -7.091445107375808264e-09 6.794294083397742897e-09 -5.858529654407446114e-08
2.331238983918306494e-08 -2.618382496450722447e-09 -1.535436444186180603e-06 1.097723526956264878e-07 -1.330283046856450798e-06 -3.855435716346337303e-05 -1.903918146273893255e-06 5.584540337374281581e-06 1.604554443549160833e-09 2.322973831900317790e-09 -1.187904012793605732e-09 4.411588879097302800e-09 2.559891608680636453e-09 1.467838634170509888e-09 1.010001502047338356e-06 -2.005974737163213323e-08 3.985287167405332119e-09 1.019596075730961583e-09
