{
    "R": [
        [
            0.0130576125572184,
            7.333116809373914e-05,
            0.00011716940769716344,
            -0.0005623416440720317,
            0.0019692691307066374,
            0.0588918182202869,
            -0.04648120003277139,
            0.017223363573974297,
            -1.7220200818040024e-05,
            1.768878005035888e-06,
            1.3374973235750688e-05,
            -1.6846746293822958e-05,
            -2.595985680509438e-05,
            1.5284422976181066e-05,
            2.3518887938614365e-06,
            1.0996280868667416e-05,
            3.551546702658164e-05,
            -7.869586544413264e-06
        ],
        [
            0.0,
            0.04492940627132101,
            0.00010060495916946483,
            -1.728022617751432e-05,
            0.00039221552891224604,
            -0.0057113052479205485,
            0.011243341405452948,
            -0.0032219612473123934,
            3.260875256824623e-06,
            1.736884871624762e-06,
            9.018532136294024e-06,
            2.803748603617168e-06,
            -3.080573147074726e-06,
            5.587811325961386e-06,
            -8.261848786325748e-07,
            4.972344203091521e-06,
            -2.4046717709279198e-05,
            2.789019473428537e-05
        ],
        [
            0.0,
            0.0,
            0.09442116489762807,
            -2.350427214134941e-05,
            0.0003648272103573792,
            -0.0008968846950949528,
            -0.0032570709098486902,
            -0.002982980000075629,
            3.6840544359620515e-07,
            6.674778908056696e-07,
            6.10054887282531e-06,
            2.4523845680883404e-07,
            -4.3684635532212535e-06,
            3.6170220886284518e-06,
            5.4700030876844904e-08,
            2.9135544977755768e-06,
            -1.0097745746608582e-05,
            7.992850423266967e-06
        ],
        [
            0.0,
            0.0,
            0.0,
            0.45636618945880136,
            0.00022083132102990722,
            -0.013623744467057218,
            -0.0021682349714950942,
            -0.036204404586087514,
            6.6310226738823094e-06,
            -1.9875379444909184e-07,
            1.1596083710046655e-05,
            7.470959745633157e-06,
            -2.828976530126239e-06,
            2.4004196954587525e-06,
            4.09531894473617e-07,
            -1.8934449488808454e-06,
            -2.712170190513034e-05,
            -6.536781171000579e-07
        ],
        [
            0.0,
            0.0,
            0.0,
            0.0,
            0.8127275029618093,
            0.03363300636196063,
            -0.023097037671007136,
            -0.021624606740099837,
            -5.493711005272261e-06,
            8.662362917440224e-07,
            1.5019648204099056e-05,
            -4.195901678724632e-06,
            -1.5609900769921532e-05,
            1.032812918320495e-05,
            1.6336744212750786e-06,
            3.005220504018457e-06,
            8.430618068272263e-06,
            -6.760450263094079e-06
        ],
        [
            0.0,
            0.0,
            0.0,
            0.0,
            0.0,
            40.27978671867848,
            0.014737668381721443,
            0.011561631947073126,
            -1.5523426546861163e-05,
            2.028225918250663e-06,
            -5.4879692508330805e-06,
            -1.3691147016974695e-05,
            -4.296092297710085e-06,
            7.415076057103566e-06,
            2.3612846637814362e-07,
            -9.358292228285567e-07,
            7.434435806678822e-05,
            2.3592317897041963e-06
        ],
        [
            0.0,
            0.0,
            0.0,
            0.0,
            0.0,
            0.0,
            16.718626568453452,
            0.024653110366434496,
            -6.314354746582896e-07,
            1.8532039266814576e-06,
            -2.0218625295247342e-05,
            -5.580921613712509e-07,
            2.0671296708263047e-05,
            -5.165205262481857e-06,
            -3.139340161453741e-06,
            -5.032239562336459e-06,
            3.5648841859096e-05,
            3.510166308180634e-05
        ],
        [
            0.0,
            0.0,
            0.0,
            0.0,
            0.0,
            0.0,
            0.0,
            22.342702203806944,
            -9.292170510042634e-06,
            3.029085580635883e-07,
            -2.435694926122909e-05,
            -1.0733005750770135e-05,
            1.0921488782854664e-05,
            -6.866400435983768e-06,
            -1.378988080389466e-06,
            9.733662415915605e-07,
            4.721351184355875e-05,
            5.793500554970087e-06
        ],
        [
            0.0,
            0.0,
            0.0,
            0.0,
            0.0,
            0.0,
            0.0,
            0.0,
            0.012802782126545507,
            -8.08604831679426e-07,
            5.27971827834495e-06,
            9.499978161424063e-06,
            2.9906173311450037e-06,
            -3.0591672325284863e-06,
            -3.2049541910408224e-07,
            -4.306335023863485e-07,
            -4.417677479446518e-05,
            3.424463704822297e-06
        ],
        [
            0.0,
            0.0,
            0.0,
            0.0,
            0.0,
            0.0,
            0.0,
            0.0,
            0.0,
            0.0019354030024308392,
            -1.0099802983536146e-07,
            -4.626273161954988e-06,
            -1.5159615685729656e-06,
            5.007425988958307e-06,
            -4.1057274404516523e-07,
            7.907306252614727e-07,
            2.5599641125450923e-05,
            1.3635496071278735e-05
        ],
        [
            0.0,
            0.0,
            0.0,
            0.0,
            0.0,
            0.0,
            0.0,
            0.0,
            0.0,
            0.0,
            0.009855514930511544,
            7.845826040099691e-06,
            -1.765195589707306e-05,
            1.0022501225877045e-05,
            1.8956624436232997e-06,
            3.2627030167657377e-06,
            -5.1054098184412636e-05,
            -5.93600538212704e-06
        ],
        [
            0.0,
            0.0,
            0.0,
            0.0,
            0.0,
            0.0,
            0.0,
            0.0,
            0.0,
            0.0,
            0.0,
            0.005663893564826008,
            4.9787675546766975e-06,
            -5.091948609605071e-06,
            -5.144434581651366e-07,
            -1.4399012168556572e-06,
            -9.267787079027568e-05,
            6.793026295230919e-06
        ],
        [
            0.0,
            0.0,
            0.0,
            0.0,
            0.0,
            0.0,
            0.0,
            0.0,
            0.0,
            0.0,
            0.0,
            0.0,
            0.00595490717666849,
            -1.6175905154538457e-05,
            -3.3913782647211446e-06,
            -6.163636129945707e-06,
            6.131257867026852e-06,
            2.1408704269107875e-05
        ],
        [
            0.0,
            0.0,
            0.0,
            0.0,
            0.0,
            0.0,
            0.0,
            0.0,
            0.0,
            0.0,
            0.0,
            0.0,
            0.0,
            0.004028685050279128,
            2.0782184645273436e-06,
            4.383116368533734e-06,
            2.237401806790937e-05,
            9.85219890988091e-07
        ],
        [
            0.0,
            0.0,
            0.0,
            0.0,
            0.0,
            0.0,
            0.0,
            0.0,
            0.0,
            0.0,
            0.0,
            0.0,
            0.0,
            0.0,
            0.0010927110551103617,
            2.309857508032371e-06,
            -4.40910211734055e-06,
            -2.7655758122033286e-05
        ],
        [
            0.0,
            0.0,
            0.0,
            0.0,
            0.0,
            0.0,
            0.0,
            0.0,
            0.0,
            0.0,
            0.0,
            0.0,
            0.0,
            0.0,
            0.0,
            0.003946283545727422,
            -1.4394451699144537e-05,
            2.0531858024022695e-06
        ],
        [
            0.0,
            0.0,
            0.0,
            0.0,
            0.0,
            0.0,
            0.0,
            0.0,
            0.0,
            0.0,
            0.0,
            0.0,
            0.0,
            0.0,
            0.0,
            0.0,
            0.03198301291575328,
            -1.4370206948973387e-06
        ],
        [
            0.0,
            0.0,
            0.0,
            0.0,
            0.0,
            0.0,
            0.0,
            0.0,
            0.0,
            0.0,
            0.0,
            0.0,
            0.0,
            0.0,
            0.0,
            0.0,
            0.0,
            0.015487998597382735
        ]
    ],
    "RDR": [
        [
            [
                0.0130576125572184,
                7.333116809373914e-05,
                0.00011716940769716344,
                -0.0005623416440720317,
                0.0019692691307066374,
                0.0588918182202869,
                -0.04648120003277139,
                0.017223363573974297,
                -1.7220200818040024e-05,
                1.768878005035888e-06,
                1.3374973235750688e-05,
                -1.6846746293822958e-05,
                -2.595985680509438e-05,
                1.5284422976181066e-05,
                2.3518887938614365e-06,
                1.0996280868667416e-05,
                3.551546702658164e-05,
                -7.869586544413264e-06
            ],
            [
                0.0,
                0.04492940627132101,
                0.00010060495916946483,
                -1.728022617751432e-05,
                0.00039221552891224604,
                -0.0057113052479205485,
                0.011243341405452948,
                -0.0032219612473123934,
                3.260875256824623e-06,
                1.736884871624762e-06,
                9.018532136294024e-06,
                2.803748603617168e-06,
                -3.080573147074726e-06,
                5.587811325961386e-06,
                -8.261848786325748e-07,
                4.972344203091521e-06,
                -2.4046717709279198e-05,
                2.789019473428537e-05
            ],
            [
                0.0,
                0.0,
                0.09442116489762807,
                -2.350427214134941e-05,
                0.0003648272103573792,
                -0.0008968846950949528,
                -0.0032570709098486902,
                -0.002982980000075629,
                3.6840544359620515e-07,
                6.674778908056696e-07,
                6.10054887282531e-06,
                2.4523845680883404e-07,
                -4.3684635532212535e-06,
                3.6170220886284518e-06,
                5.4700030876844904e-08,
                2.9135544977755768e-06,
                -1.0097745746608582e-05,
                7.992850423266967e-06
            ],
            [
                0.0,
                0.0,
                0.0,
                0.45636618945880136,
                0.00022083132102990722,
                -0.013623744467057218,
                -0.0021682349714950942,
                -0.036204404586087514,
                6.6310226738823094e-06,
                -1.9875379444909184e-07,
                1.1596083710046655e-05,
                7.470959745633157e-06,
                -2.828976530126239e-06,
                2.4004196954587525e-06,
                4.09531894473617e-07,
                -1.8934449488808454e-06,
                -2.712170190513034e-05,
                -6.536781171000579e-07
            ],
            [
                0.0,
                0.0,
                0.0,
                0.0,
                0.8127275029618093,
                0.03363300636196063,
                -0.023097037671007136,
                -0.021624606740099837,
                -5.493711005272261e-06,
                8.662362917440224e-07,
                1.5019648204099056e-05,
                -4.195901678724632e-06,
                -1.5609900769921532e-05,
                1.032812918320495e-05,
                1.6336744212750786e-06,
                3.005220504018457e-06,
                8.430618068272263e-06,
                -6.760450263094079e-06
            ],
            [
                0.0,
                0.0,
                0.0,
                0.0,
                0.0,
                40.27978671867848,
                0.014737668381721443,
                0.011561631947073126,
                -1.5523426546861163e-05,
                2.028225918250663e-06,
                -5.4879692508330805e-06,
                -1.3691147016974695e-05,
                -4.296092297710085e-06,
                7.415076057103566e-06,
                2.3612846637814362e-07,
                -9.358292228285567e-07,
                7.434435806678822e-05,
                2.3592317897041963e-06
            ],
            [
                0.0,
                0.0,
                0.0,
                0.0,
                0.0,
                0.0,
                16.718626568453452,
                0.024653110366434496,
                -6.314354746582896e-07,
                1.8532039266814576e-06,
                -2.0218625295247342e-05,
                -5.580921613712509e-07,
                2.0671296708263047e-05,
                -5.165205262481857e-06,
                -3.139340161453741e-06,
                -5.032239562336459e-06,
                3.5648841859096e-05,
                3.510166308180634e-05
            ],
            [
                0.0,
                0.0,
                0.0,
                0.0,
                0.0,
                0.0,
                0.0,
                22.342702203806944,
                -9.292170510042634e-06,
                3.029085580635883e-07,
                -2.435694926122909e-05,
                -1.0733005750770135e-05,
                1.0921488782854664e-05,
                -6.866400435983768e-06,
                -1.378988080389466e-06,
                9.733662415915605e-07,
                4.721351184355875e-05,
                5.793500554970087e-06
            ],
            [
                0.0,
                0.0,
                0.0,
                0.0,
                0.0,
                0.0,
                0.0,
                0.0,
                0.012802782126545507,
                -8.08604831679426e-07,
                5.27971827834495e-06,
                9.499978161424063e-06,
                2.9906173311450037e-06,
                -3.0591672325284863e-06,
                -3.2049541910408224e-07,
                -4.306335023863485e-07,
                -4.417677479446518e-05,
                3.424463704822297e-06
            ],
            [
                0.0,
                0.0,
                0.0,
                0.0,
                0.0,
                0.0,
                0.0,
                0.0,
                0.0,
                0.0019354030024308392,
                -1.0099802983536146e-07,
                -4.626273161954988e-06,
                -1.5159615685729656e-06,
                5.007425988958307e-06,
                -4.1057274404516523e-07,
                7.907306252614727e-07,
                2.5599641125450923e-05,
                1.3635496071278735e-05
            ],
            [
                0.0,
                0.0,
                0.0,
                0.0,
                0.0,
                0.0,
                0.0,
                0.0,
                0.0,
                0.0,
                0.009855514930511544,
                7.845826040099691e-06,
                -1.765195589707306e-05,
                1.0022501225877045e-05,
                1.8956624436232997e-06,
                3.2627030167657377e-06,
                -5.1054098184412636e-05,
                -5.93600538212704e-06
            ],
            [
                0.0,
                0.0,
                0.0,
                0.0,
                0.0,
                0.0,
                0.0,
                0.0,
                0.0,
                0.0,
                0.0,
                0.005663893564826008,
                4.9787675546766975e-06,
                -5.091948609605071e-06,
                -5.144434581651366e-07,
                -1.4399012168556572e-06,
                -9.267787079027568e-05,
                6.793026295230919e-06
            ],
            [
                0.0,
                0.0,
                0.0,
                0.0,
                0.0,
                0.0,
                0.0,
                0.0,
                0.0,
                0.0,
                0.0,
                0.0,
                0.00595490717666849,
                -1.6175905154538457e-05,
                -3.3913782647211446e-06,
                -6.163636129945707e-06,
                6.131257867026852e-06,
                2.1408704269107875e-05
            ],
            [
                0.0,
                0.0,
                0.0,
                0.0,
                0.0,
                0.0,
                0.0,
                0.0,
                0.0,
                0.0,
                0.0,
                0.0,
                0.0,
                0.004028685050279128,
                2.0782184645273436e-06,
                4.383116368533734e-06,
                2.237401806790937e-05,
                9.85219890988091e-07
            ],
            [
                0.0,
                0.0,
                0.0,
                0.0,
                0.0,
                0.0,
                0.0,
                0.0,
                0.0,
                0.0,
                0.0,
                0.0,
                0.0,
                0.0,
                0.0010927110551103617,
                2.309857508032371e-06,
                -4.40910211734055e-06,
                -2.7655758122033286e-05
            ],
            [
                0.0,
                0.0,
                0.0,
                0.0,
                0.0,
                0.0,
                0.0,
                0.0,
                0.0,
                0.0,
                0.0,
                0.0,
                0.0,
                0.0,
                0.0,
                0.003946283545727422,
                -1.4394451699144537e-05,
                2.0531858024022695e-06
            ],
            [
                0.0,
                0.0,
                0.0,
                0.0,
                0.0,
                0.0,
                0.0,
                0.0,
                0.0,
                0.0,
                0.0,
                0.0,
                0.0,
                0.0,
                0.0,
                0.0,
                0.03198301291575328,
                -1.4370206948973387e-06
            ],
            [
                0.0,
                0.0,
                0.0,
                0.0,
                0.0,
                0.0,
                0.0,
                0.0,
                0.0,
                0.0,
                0.0,
                0.0,
                0.0,
                0.0,
                0.0,
                0.0,
                0.0,
                0.015487998597382735
            ]
        ],
        [
            [
                0.00261152251144368,
                1.466623361874783e-05,
                2.343388153943269e-05,
                -0.00011246832881440633,
                0.0003938538261413275,
                0.01177836364405738,
                -0.009296240006554279,
                0.0034446727147948598,
                -3.444040163608005e-06,
                3.537756010071776e-07,
                2.674994647150138e-06,
                -3.369349258764592e-06,
                -5.191971361018876e-06,
                3.0568845952362134e-06,
                4.7037775877228735e-07,
                2.199256173733483e-06,
                7.103093405316328e-06,
                -1.573917308882653e-06
            ],
            [
                0.0,
                0.008985881254264203,
                2.0120991833892967e-05,
                -3.4560452355028643e-06,
                7.844310578244921e-05,
                -0.0011422610495841097,
                0.0022486682810905897,
                -0.0006443922494624787,
                6.521750513649247e-07,
                3.4737697432495245e-07,
                1.8037064272588049e-06,
                5.607497207234336e-07,
                -6.161146294149453e-07,
                1.1175622651922772e-06,
                -1.6523697572651498e-07,
                9.944688406183042e-07,
                -4.80934354185584e-06,
                5.578038946857075e-06
            ],
            [
                0.0,
                0.0,
                0.018884232979525614,
                -4.700854428269882e-06,
                7.296544207147585e-05,
                -0.00017937693901899057,
                -0.0006514141819697381,
                -0.0005965960000151258,
                7.368108871924103e-08,
                1.3349557816113393e-07,
                1.220109774565062e-06,
                4.904769136176681e-08,
                -8.736927106442507e-07,
                7.234044177256904e-07,
                1.0940006175368981e-08,
                5.827108995551154e-07,
                -2.0195491493217164e-06,
                1.5985700846533935e-06
            ],
            [
                0.0,
                0.0,
                0.0,
                0.09127323789176028,
                4.4166264205981444e-05,
                -0.0027247488934114437,
                -0.00043364699429901887,
                -0.007240880917217503,
                1.326204534776462e-06,
                -3.9750758889818373e-08,
                2.319216742009331e-06,
                1.4941919491266316e-06,
                -5.657953060252478e-07,
                4.800839390917505e-07,
                8.19063788947234e-08,
                -3.786889897761691e-07,
                -5.424340381026068e-06,
                -1.3073562342001158e-07
            ],
            [
                0.0,
                0.0,
                0.0,
                0.0,
                0.16254550059236186,
                0.006726601272392126,
                -0.004619407534201428,
                -0.004324921348019968,
                -1.0987422010544524e-06,
                1.732472583488045e-07,
                3.003929640819811e-06,
                -8.391803357449264e-07,
                -3.1219801539843067e-06,
                2.0656258366409904e-06,
                3.2673488425501573e-07,
                6.010441008036915e-07,
                1.6861236136544526e-06,
                -1.3520900526188159e-06
            ],
            [
                0.0,
                0.0,
                0.0,
                0.0,
                0.0,
                8.055957343735697,
                0.0029475336763442887,
                0.002312326389414625,
                -3.104685309372233e-06,
                4.056451836501326e-07,
                -1.097593850166616e-06,
                -2.738229403394939e-06,
                -8.592184595420171e-07,
                1.4830152114207133e-06,
                4.722569327562873e-08,
                -1.8716584456571135e-07,
                1.4868871613357645e-05,
                4.718463579408393e-07
            ],
            [
                0.0,
                0.0,
                0.0,
                0.0,
                0.0,
                0.0,
                3.3437253136906904,
                0.0049306220732869,
                -1.262870949316579e-07,
                3.7064078533629154e-07,
                -4.043725059049469e-06,
                -1.1161843227425018e-07,
                4.134259341652609e-06,
                -1.0330410524963714e-06,
                -6.278680322907483e-07,
                -1.006447912467292e-06,
                7.1297683718192e-06,
                7.020332616361269e-06
            ],
            [
                0.0,
                0.0,
                0.0,
                0.0,
                0.0,
                0.0,
                0.0,
                4.468540440761389,
                -1.858434102008527e-06,
                6.058171161271767e-08,
                -4.871389852245818e-06,
                -2.146601150154027e-06,
                2.184297756570933e-06,
                -1.3732800871967536e-06,
                -2.757976160778932e-07,
                1.946732483183121e-07,
                9.44270236871175e-06,
                1.1587001109940175e-06
            ],
            [
                0.0,
                0.0,
                0.0,
                0.0,
                0.0,
                0.0,
                0.0,
                0.0,
                0.0025605564253091016,
                -1.617209663358852e-07,
                1.05594365566899e-06,
                1.8999956322848128e-06,
                5.981234662290008e-07,
                -6.118334465056973e-07,
                -6.409908382081645e-08,
                -8.61267004772697e-08,
                -8.835354958893036e-06,
                6.848927409644595e-07
            ],
            [
                0.0,
                0.0,
                0.0,
                0.0,
                0.0,
                0.0,
                0.0,
                0.0,
                0.0,
                0.0003870806004861679,
                -2.019960596707229e-08,
                -9.252546323909976e-07,
                -3.0319231371459313e-07,
                1.0014851977916614e-06,
                -8.211454880903306e-08,
                1.5814612505229457e-07,
                5.1199282250901845e-06,
                2.7270992142557472e-06
            ],
            [
                0.0,
                0.0,
                0.0,
                0.0,
                0.0,
                0.0,
                0.0,
                0.0,
                0.0,
                0.0,
                0.001971102986102309,
                1.5691652080199385e-06,
                -3.530391179414612e-06,
                2.004500245175409e-06,
                3.7913248872466e-07,
                6.525406033531476e-07,
                -1.0210819636882527e-05,
                -1.1872010764254082e-06
            ],
            [
                0.0,
                0.0,
                0.0,
                0.0,
                0.0,
                0.0,
                0.0,
                0.0,
                0.0,
                0.0,
                0.0,
                0.0011327787129652015,
                9.957535109353395e-07,
                -1.0183897219210142e-06,
                -1.0288869163302733e-07,
                -2.8798024337113145e-07,
                -1.8535574158055136e-05,
                1.358605259046184e-06
            ],
            [
                0.0,
                0.0,
                0.0,
                0.0,
                0.0,
                0.0,
                0.0,
                0.0,
                0.0,
                0.0,
                0.0,
                0.0,
                0.0011909814353336982,
                -3.2351810309076915e-06,
                -6.782756529442289e-07,
                -1.2327272259891414e-06,
                1.2262515734053705e-06,
                4.281740853821575e-06
            ],
            [
                0.0,
                0.0,
                0.0,
                0.0,
                0.0,
                0.0,
                0.0,
                0.0,
                0.0,
                0.0,
                0.0,
                0.0,
                0.0,
                0.0008057370100558256,
                4.156436929054687e-07,
                8.766232737067468e-07,
                4.4748036135818746e-06,
                1.9704397819761824e-07
            ],
            [
                0.0,
                0.0,
                0.0,
                0.0,
                0.0,
                0.0,
                0.0,
                0.0,
                0.0,
                0.0,
                0.0,
                0.0,
                0.0,
                0.0,
                0.00021854221102207236,
                4.6197150160647426e-07,
                -8.8182042346811e-07,
                -5.5311516244066575e-06
            ],
            [
                0.0,
                0.0,
                0.0,
                0.0,
                0.0,
                0.0,
                0.0,
                0.0,
                0.0,
                0.0,
                0.0,
                0.0,
                0.0,
                0.0,
                0.0,
                0.0007892567091454844,
                -2.8788903398289076e-06,
                4.106371604804539e-07
            ],
            [
                0.0,
                0.0,
                0.0,
                0.0,
                0.0,
                0.0,
                0.0,
                0.0,
                0.0,
                0.0,
                0.0,
                0.0,
                0.0,
                0.0,
                0.0,
                0.0,
                0.006396602583150656,
                -2.874041389794678e-07
            ],
            [
                0.0,
                0.0,
                0.0,
                0.0,
                0.0,
                0.0,
                0.0,
                0.0,
                0.0,
                0.0,
                0.0,
                0.0,
                0.0,
                0.0,
                0.0,
                0.0,
                0.0,
                0.0030975997194765473
            ]
        ]
    ],
    "allnames": [
        "m1_flow_nominal",
        "m2_flow_nominal",
        "tau1",
        "tau2",
        "tau_m",
        "nominalUa.hasValue",
        "workingPressure.hasValue",
        "flowCoefficient.hasValue",
        "waterFlowRateMax",
        "c1",
        "c2",
        "c3",
        "c4",
        "eps_motor",
        "f_motorToAir",
        "kp",
        "Ti",
        "Td"
    ],
    "alpha_count": 1251,
    "cov": [
        [
            0.11546925737143238,
            -0.10529691486117641,
            -0.008112611169994415,
            0.29571321788459953,
            -0.3201251271757575,
            -124.21896761542386,
            131.18379282133088,
            -28.885909065105658,
            0.002027403652229313,
            0.02853306313782799,
            -0.08802463217046654,
            -0.07321960939993118,
            -0.013449699037354667,
            0.004542894158819445,
            -0.0003637311625136756,
            -0.030908900192597774,
            0.18486143929247487,
            0.031152139749533098
        ],
        [
            -0.10529691486117641,
            0.6556044843586524,
            -0.3622686461833794,
            -1.8530489106064856,
            0.07719350698801707,
            -98.44889111563327,
            -276.69134673380074,
            82.50368019471497,
            -0.008238059343921645,
            -0.03241035591733858,
            0.20074679065564086,
            0.14773290302927516,
            0.0474472193766423,
            -0.02161585864573255,
            0.0020709243013295174,
            0.028030507283930646,
            -0.2126779733652967,
            -0.05754841990952995
        ],
        [
            -0.008112611169994415,
            -0.3622686461833794,
            0.644719703732037,
            0.9853507831749759,
            0.13018998865068043,
            163.00341530400186,
            170.5484706602042,
            -55.70704271126491,
            0.010047927330433176,
            0.0031475135982846534,
            -0.10491808486710437,
            -0.059048302171763656,
            -0.02869888791519445,
            0.011459001012471309,
            -0.0029576957398281286,
            -0.004064978659838504,
            -0.06679950231003023,
            -0.029689866955705847
        ],
        [
            0.29571321788459953,
            -1.8530489106064856,
            0.9853507831749759,
            11.612175513816563,
            0.2520645017259198,
            366.9183738291331,
            776.4023455250964,
            -234.07963057476212,
            0.037028378859784494,
            0.04955184725871818,
            -0.3933088546518445,
            -0.4415429560495876,
            -0.13540583332621217,
            0.11818789604469082,
            0.0014011421092902196,
            -0.06179503775170047,
            0.5622761922485763,
            0.13905564860891853
        ],
        [
            -0.3201251271757575,
            0.07719350698801707,
            0.13018998865068043,
            0.2520645017259198,
            17.306746674583877,
            939.8785280581901,
            -48.10748210387151,
            -123.5421566106121,
            0.13196356228009068,
            -0.0862784920343856,
            0.2996077256277307,
            0.07048072708591843,
            0.038887216258501056,
            0.014572617134545381,
            0.008980418422168906,
            0.10456035903027897,
            -0.5776672285265058,
            -0.1955360858270804
        ],
        [
            -124.21896761542386,
            -98.44889111563327,
            163.00341530400186,
            366.9183738291331,
            939.8785280581901,
            277212.36114031,
            -71585.51090306547,
            402.2311198617341,
            3.289041887002832,
            -32.42443397164401,
            67.9316668440507,
            47.06409629401295,
            2.8902257021088227,
            6.043938760068999,
            0.8658411266734365,
            36.97155446515234,
            -212.88871907422762,
            -36.372398406454636
        ],
        [
            131.18379282133088,
            -276.69134673380074,
            170.5484706602042,
            776.4023455250964,
            -48.10748210387151,
            -71585.51090306547,
            231531.65321239273,
            -65635.73471081076,
            6.90098487665132,
            35.83830331642726,
            -144.911393859228,
            -113.43281318120424,
            -27.652123739160782,
            10.648158976141662,
            -1.3368790899505196,
            -38.47090810113217,
            214.7093671064749,
            28.657996018814003
        ],
        [
            -28.885909065105658,
            82.50368019471497,
            -55.70704271126491,
            -234.07963057476212,
            -123.5421566106121,
            402.2311198617341,
            -65635.73471081076,
            26569.023783227425,
            -2.5586619014172816,
            -8.44254010751689,
            37.40924202021208,
            30.43107555006078,
            8.525404388134543,
            -4.045542871578267,
            0.3178980943237993,
            9.262752386227886,
            -50.16634445100425,
            -4.301250149541243
        ],
        [
            0.002027403652229313,
            -0.008238059343921645,
            0.010047927330433176,
            0.037028378859784494,
            0.13196356228009068,
            3.289041887002832,
            6.90098487665132,
            -2.5586619014172816,
            0.003213788534045426,
            0.0002538033451349251,
            -0.0028629326949925872,
            -0.0033037330133739674,
            -9.359889256773461e-05,
            0.0005036260060912229,
            0.00011306442858913726,
            -0.00032021180872488186,
            0.0005716075356396964,
            -0.001043942879075705
        ],
        [
            0.02853306313782799,
            -0.03241035591733858,
            0.0031475135982846534,
            0.04955184725871818,
            -0.0862784920343856,
            -32.42443397164401,
            35.83830331642726,
            -8.44254010751689,
            0.0002538033451349251,
            0.008542866089124836,
            -0.028281739803038324,
            -0.020324425339723094,
            -0.00440103872210955,
            0.0004807976506746877,
            -0.0003451468015497127,
            -0.008542289875412246,
            0.053395449349079735,
            0.010815254827366212
        ],
        [
            -0.08802463217046654,
            0.20074679065564086,
            -0.10491808486710437,
            -0.3933088546518445,
            0.2996077256277307,
            67.9316668440507,
            -144.911393859228,
            37.40924202021208,
            -0.0028629326949925872,
            -0.028281739803038324,
            0.11720863743770399,
            0.07825906605810394,
            0.020810425099140974,
            -0.004022476733423886,
            0.001681375482236883,
            0.02716317721730745,
            -0.17027948592903838,
            -0.03677495443154763
        ],
        [
            -0.07321960939993118,
            0.14773290302927516,
            -0.059048302171763656,
            -0.4415429560495876,
            0.07048072708591843,
            47.06409629401295,
            -113.43281318120424,
            30.43107555006078,
            -0.0033037330133739674,
            -0.020324425339723094,
            0.07825906605810394,
            0.06267555921353346,
            0.014478132364881706,
            -0.005560303437631025,
            0.000648071892447514,
            0.020691921393066796,
            -0.13146823068948565,
            -0.025653496963246963
        ],
        [
            -0.013449699037354667,
            0.0474472193766423,
            -0.02869888791519445,
            -0.13540583332621217,
            0.038887216258501056,
            2.8902257021088227,
            -27.652123739160782,
            8.525404388134543,
            -9.359889256773461e-05,
            -0.00440103872210955,
            0.020810425099140974,
            0.014478132364881706,
            0.005247877044297835,
            -0.00153125358181119,
            0.00035857424896796865,
            0.004156145381687247,
            -0.027294304532938445,
            -0.0062721279495878135
        ],
        [
            0.004542894158819445,
            -0.02161585864573255,
            0.011459001012471309,
            0.11818789604469082,
            0.014572617134545381,
            6.043938760068999,
            10.648158976141662,
            -4.045542871578267,
            0.0005036260060912229,
            0.0004807976506746877,
            -0.004022476733423886,
            -0.005560303437631025,
            -0.00153125358181119,
            0.002031037475582092,
            8.956149965961141e-05,
            -0.0007652881122316265,
            0.0049688334288569,
            0.0002692898204087682
        ],
        [
            -0.0003637311625136756,
            0.0020709243013295174,
            -0.0029576957398281286,
            0.0014011421092902196,
            0.008980418422168906,
            0.8658411266734365,
            -1.3368790899505196,
            0.3178980943237993,
            0.00011306442858913726,
            -0.0003451468015497127,
            0.001681375482236883,
            0.000648071892447514,
            0.00035857424896796865,
            8.956149965961141e-05,
            7.610844789771335e-05,
            0.00027320768533480185,
            -0.0015983641641465155,
            -0.0005068455436811314
        ],
        [
            -0.030908900192597774,
            0.028030507283930646,
            -0.004064978659838504,
            -0.06179503775170047,
            0.10456035903027897,
            36.97155446515234,
            -38.47090810113217,
