5.851764960998744741e-04 -1.465390356760618582e-06 -1.318669826250535508e-04 1.508416970183599487e-05 9.878442365012656779e-06 -8.183747453916853654e-03 -2.139226004218462967e-03 -3.251755244804995881e-04 -5.550330302382347338e-07 -2.201139458236638315e-07 -2.379277546763254506e-06 -1.648057096896968719e-07 2.328681152909095595e-07 -4.645235789124423556e-07 -2.225354379302153124e-07 -2.714878603931450743e-05 1.885006893323855329e-05 -2.510406168628257956e-05
-1.465390356760618582e-06 1.189502093187264249e-02 5.590270170931201316e-04 -6.394670012068440950e-05 -4.187792925042740536e-05 3.469356647687000389e-02 9.068874620621482363e-03 1.378524782044172588e-03 2.352965489204162707e-06 9.331345883925697132e-07 1.008653116440532970e-05 6.986649914460235520e-07 -9.872036598981150532e-07 1.969266495065052179e-06 9.434000808023643632e-07 1.150925316946917079e-04 -7.991157147889402040e-05 1.064242803015189980e-04
-1.318669826250535508e-04 5.590270170931201316e-04 1.356078997782743727e+02 -5.754411003757750262e-03 -3.768494956556779803e-03 3.121991288328030301e+00 8.160863939830318436e-01 1.240501567676959432e-01 2.117377515491061877e-04 8.397055568620780672e-05 9.076628788140557588e-04 6.287119596679327722e-05 -8.883610245323848051e-05 1.772095943519737011e-04 8.489432286059569793e-05 1.035690238252098827e-02 -7.191051694268414847e-03 9.576867117119126221e-03
1.508416970183599487e-05 -6.394670012068440950e-05 -5.754411003757750262e-03 1.000173304738551261e+00 4.310754391555751339e-04 -3.571223475606123410e-01 -9.335153814204780187e-02 -1.419000859027599003e-02 -2.422052975712128651e-05 -9.605331726818330665e-06 -1.038269066565187610e-04 -7.191791079477667974e-06 1.016189813688621423e-05 -2.027087858375575000e-05 -9.711000792311948025e-06 -1.184718646118583085e-03 8.225792532118763115e-04 -1.095490970755797541e-03
9.878442365012656779e-06 -4.187792925042740536e-05 -3.768494956556779803e-03 4.310754391555751339e-04 1.908223722949208001e-01 -2.338751550379424005e-01 -6.113480605493695763e-02 -9.292866945206413459e-03 -1.586173531491590953e-05 -6.290416889744561985e-06 -6.799499963323342130e-05 -4.709817980315156179e-06 6.654905576416416132e-06 -1.327515599041738331e-05 -6.359618297172137261e-06 -7.758580747744951191e-04 5.386973167319659408e-04 -7.174239371415797430e-04
-8.183747453916853654e-03 3.469356647687000389e-02 3.121991288328030301e+00 -3.571223475606123410e-01 -2.338751550379424005e-01 1.683653598540849343e+05 5.064683225462641047e+01 7.698630350041390180e+00 1.314057735032194904e-02 5.211265228195384978e-03 5.633012620475399274e-02 3.901825761653527833e-03 -5.513224105041903723e-03 1.099773830960526153e-02 5.268594797060279465e-03 6.427558424114442337e-01 -4.462811677528493726e-01 5.943463657545857703e-01
-2.139226004218462967e-03 9.068874620621482363e-03 8.160863939830318436e-01 -9.335153814204780187e-02 -6.113480605493695763e-02 5.064683225462641047e+01 4.819931237322487141e+04 2.012416724051239836e+00 3.434937959235131750e-03 1.362221177255342830e-03 1.472465658021293068e-02 1.019934593566154462e-03 -1.441153021766931061e-03 2.874801295125134146e-03 1.377207087465428430e-03 1.680159389317190666e-01 -1.166575929457533550e-01 1.553617347424887385e-01
-3.251755244804995881e-04 1.378524782044172588e-03 1.240501567676959432e-01 -1.419000859027599003e-02 -9.292866945206413459e-03 7.698630350041390180e+00 2.012416724051239836e+00 5.330942065745066429e+02 5.221317197199678737e-04 2.070660065364526663e-04 2.238238464203433538e-03 1.550363382572315755e-04 -2.190641329086337940e-04 4.369874978502129412e-04 2.093439571610116552e-04 2.553945724082827204e-02 -1.773267242262544993e-02 2.361594028843425758e-02
-5.550330302382347338e-07 2.352965489204162707e-06 2.117377515491061877e-04 -2.422052975712128651e-05 -1.586173531491590953e-05 1.314057735032194904e-02 3.434937959235131750e-03 5.221317197199678737e-04 2.944922720378934447e-03 3.534351893515575692e-07 3.820386787004639534e-06 2.646272002095640662e-07 -3.739144565048031638e-07 7.458817679944196018e-07 3.573233597170916161e-07 4.359258700562751524e-05 -3.026740381114387580e-05 4.030938958630303362e-05
-2.201139458236638315e-07 9.331345883925697132e-07 8.397055568620780672e-05 -9.605331726818330665e-06 -6.290416889744561985e-06 5.211265228195384978e-03 1.362221177255342830e-03 2.070660065364526663e-04 3.534351893515575692e-07 2.285847459020127819e-04 1.515081741890631481e-06 1.049453528655658800e-07 -1.482862855683670585e-07 2.958003760617856297e-07 1.417066198898793485e-07 1.728786542730885209e-05 -1.200338956376966715e-05 1.598582122540723028e-05
-2.379277546763254506e-06 1.008653116440532970e-05 9.076628788140557588e-04 -1.038269066565187610e-04 -6.799499963323342130e-05 5.633012620475399274e-02 1.472465658021293068e-02 2.238238464203433538e-03 3.820386787004639534e-06 1.515081741890631481e-06 2.422152174722065707e-03 1.134385741784034598e-06 -1.602870860478707978e-06 3.197394833182218255e-06 1.531749284081290954e-06 1.868697137236937419e-04 -1.297482318408341878e-04 1.727955280882247080e-04
-1.648057096896968719e-07 6.986649914460235520e-07 6.287119596679327722e-05 -7.191791079477667974e-06 -4.709817980315156179e-06 3.901825761653527833e-03 1.019934593566154462e-03 1.550363382572315755e-04 2.646272002095640662e-07 1.049453528655658800e-07 1.134385741784034598e-06 2.327056728959761377e-05 -1.110262525116047026e-07 2.214743401237999576e-07 1.060998655550381418e-07 1.294392738318403631e-05 -8.987286690702208221e-06 1.196904904033856257e-05
2.328681152909095595e-07 -9.872036598981150532e-07 -8.883610245323848051e-05 1.016189813688621423e-05 6.654905576416416132e-06 -5.513224105041903723e-03 -1.441153021766931061e-03 -2.190641329086337940e-04 -3.739144565048031638e-07 -1.482862855683670585e-07 -1.602870860478707978e-06 -1.110262525116047026e-07 1.640808587823217946e-03 -3.129400811842833710e-07 -1.499175955186293461e-07 -1.828958462579832750e-05 1.269890780594561564e-05 -1.691209544314931489e-05
-4.645235789124423556e-07 1.969266495065052179e-06 1.772095943519737011e-04 -2.027087858375575000e-05 -1.327515599041738331e-05 1.099773830960526153e-02 2.874801295125134146e-03 4.369874978502129412e-04 7.458817679944196018e-07 2.958003760617856297e-07 3.197394833182218255e-06 2.214743401237999576e-07 -3.129400811842833710e-07 6.131892901305197475e-04 2.990545009790791232e-07 3.648392694974276237e-05 -2.533168654252119606e-05 3.373612180588297661e-05
-2.225354379302153124e-07 9.434000808023643632e-07 8.489432286059569793e-05 -9.711000792311948025e-06 -6.359618297172137261e-06 5.268594797060279465e-03 1.377207087465428430e-03 2.093439571610116552e-04 3.573233597170916161e-07 1.417066198898793485e-07 1.531749284081290954e-06 1.060998655550381418e-07 -1.499175955186293461e-07 2.990545009790791232e-07 1.567100117335157997e-05 1.747805069482883918e-05 -1.213543986604272548e-05 1.616168259470491771e-05
-2.714878603931450743e-05 1.150925316946917079e-04 1.035690238252098827e-02 -1.184718646118583085e-03 -7.758580747744951191e-04 6.427558424114442337e-01 1.680159389317190666e-01 2.553945724082827204e-02 4.359258700562751524e-05 1.728786542730885209e-05 1.868697137236937419e-04 1.294392738318403631e-05 -1.828958462579832750e-05 3.648392694974276237e-05 1.747805069482883918e-05 7.704104691730380150e-01 -1.480494358473715723e-03 1.971686248625940854e-03
1.885006893323855329e-05 -7.991157147889402040e-05 -7.191051694268414847e-03 8.225792532118763115e-04 5.386973167319659408e-04 -4.462811677528493726e-01 -1.166575929457533550e-01 -1.773267242262544993e-02 -3.026740381114387580e-05 -1.200338956376966715e-05 -1.297482318408341878e-04 -8.987286690702208221e-06 1.269890780594561564e-05 -2.533168654252119606e-05 -1.213543986604272548e-05 -1.480494358473715723e-03 5.667321092619568290e+00 -1.368990187903662515e-03
-2.510406168628257956e-05 1.064242803015189980e-04 9.576867117119126221e-03 -1.095490970755797541e-03 -7.174239371415797430e-04 5.943463657545857703e-01 1.553617347424887385e-01 2.361594028843425758e-02 4.030938958630303362e-05 1.598582122540723028e-05 1.727955280882247080e-04 1.196904904033856257e-05 -1.691209544314931489e-05 3.373612180588297661e-05 1.616168259470491771e-05 1.971686248625940854e-03 -1.368990187903662515e-03 3.969453696773240559e+00
1.877654027538526503e-04 1.130524153159966611e-07 -3.088680174079242889e-04 1.812586112712327260e-05 -2.147245493492246126e-06 2.634362653055942124e-03 -3.685830219006421254e-03 -1.730388178183807574e-04 -5.750759688798296100e-07 -5.330747374885758098e-09 -6.143378519978449075e-07 -1.203644156403534157e-07 -3.329779259382899239e-10 3.990229968549417975e-07 -3.769538163232918652e-08 1.467828631382165747e-06 -4.144982327050075814e-05 -5.180631016242091190e-06
1.130524153159966611e-07 3.807072215272066552e-03 -1.260610781611727496e-04 -5.255027162355032737e-06 -1.947126933267365669e-05 1.710916649013949700e-02 -5.300554625668282447e-04 3.622431885851458660e-04 2.984295180266984832e-07 3.730543619495773093e-07 3.395826446542393485e-06 1.462387724304734830e-07 -4.015003757099770068e-07 1.256451007418641168e-06 3.402150215443927897e-07 4.844280960691580448e-05 -7.986931399127273777e-05 3.731792380857494791e-05
-3.088680174079242889e-04 -1.260610781611727496e-04 4.353426038331593162e+01 -8.809902996203100578e-03 1.575597119623004623e-03 -1.753561848963437475e+00 1.833784274805141612e+00 7.584220050962893478e-02 2.760235807923921221e-04 -7.244101358452944806e-06 2.134095127706001939e-04 5.555437176181987277e-05 1.079343047052402843e-05 -2.302662739507396912e-04 9.604189461483434822e-06 -2.007130256282621626e-03 2.257882849626871927e-02 1.569830422582573892e-03
1.812586112712327260e-05 -5.255027162355032737e-06 -8.809902996203100578e-03 3.204029778808180073e-01 -7.707141596294638490e-07 2.299363335115666568e-02 -1.083002633197674008e-01 -6.343420056694757184e-03 -1.813692040932545353e-05 -1.372398805840772302e-06 -2.938247651118673469e-05 -4.068554588834289667e-06 1.295847430946854981e-06 7.824749312853918442e-06 -2.231699349255671204e-06 -1.137334958332536500e-04 -9.775445458396910502e-04 -2.760127141113030355e-04
-2.147245493492246126e-06 -1.947126933267365669e-05 1.575597119623004623e-03 -7.707141596294638490e-07 6.111852800733325042e-02 -1.296333115636431610e-01 1.174178109923235992e-02 -2.254191824919917538e-03 -9.299805453869516876e-07 -2.692020518756421082e-06 -2.329201074724725237e-05 -8.017605956872523464e-07 2.910303033907431688e-06 -9.960543915870291546e-06 -2.384667064501541518e-06 -3.542012068387938740e-04 6.676439517269414960e-04 -2.593305064770264957e-04
2.634362653055942124e-03 1.710916649013949700e-02 -1.753561848963437475e+00 2.299363335115666568e-02 -1.296333115636431610e-01 5.393113878826412838e+04 -1.477248892333538066e+01 1.751516253247487942e+00 1.023091868335883131e-04 2.339632243982334679e-03 1.954330793673188932e-02 5.505361798722917732e-04 -2.536848513734457720e-03 9.172383562054286024e-03 2.031905239013096724e-03 3.105072865733169984e-01 -6.329220866247839972e-01 2.196363542880559461e-01
-3.685830219006421254e-03 -5.300554625668282447e-04 1.833784274805141612e+00 -1.083002633197674008e-01 1.174178109923235992e-02 -1.477248892333538066e+01 1.544147939782641151e+04 1.050784785133623389e+00 3.443153143466133083e-03 5.196279317147834136e-05 3.844804297608423425e-03 7.251934012029884278e-04 -1.975143654573986233e-05 -2.309841483850783202e-03 2.430525807846967330e-04 -6.124584429408496365e-03 2.426842922910488753e-01 3.289270971801055987e-02
-1.730388178183807574e-04 3.622431885851458660e-04 7.584220050962893478e-02 -6.343420056694757184e-03 -2.254191824919917538e-03 1.751516253247487942e+00 1.050784785133623389e+00 1.705994964311624358e+02 2.209570243825203953e-04 5.743629804513870982e-05 6.963068388846183976e-04 5.877814675889878087e-05 -5.995479393235718981e-05 6.560140795355767849e-05 6.244710972851226711e-05 6.796096281804542109e-03 7.615225046919871406e-04 7.170432848869473866e-03
-5.750759688798296100e-07 2.984295180266984832e-07 2.760235807923921221e-04 -1.813692040932545353e-05 -9.299805453869516876e-07 1.023091868335883131e-04 3.443153143466133083e-03 2.209570243825203953e-04 9.426856876817318355e-04 6.225224017017523637e-08 1.107693816537003232e-06 1.374965054651471715e-07 -6.119479547520849611e-08 -1.890439580657342716e-07 8.816779116162892976e-08 6.018313807003196963e-06 2.739735581143741073e-05 1.067109419628485962e-05
-5.330747374885758098e-09 3.730543619495773093e-07 -7.244101358452944806e-06 -1.372398805840772302e-06 -2.692020518756421082e-06 2.339632243982334679e-03 5.196279317147834136e-05 5.743629804513870982e-05 6.225224017017523637e-08 7.315544754353696584e-05 5.036355591583273580e-07 2.493116732700613221e-08 -5.702713388893315692e-08 1.647186095401236533e-07 4.963375354007335253e-08 6.831283793651060974e-06 -9.915350153648730560e-06 5.480399476243874633e-06
-6.143378519978449075e-07 3.395826446542393485e-06 2.134095127706001939e-04 -2.938247651118673469e-05 -2.329201074724725237e-05 1.954330793673188932e-02 3.844804297608423425e-03 6.963068388846183976e-04 1.107693816537003232e-06 5.036355591583273580e-07 7.751311739706346401e-04 3.434657413727927527e-07 -5.345434787805969613e-07 1.181391399661242900e-06 4.998427169558241782e-07 6.273227130372935518e-05 -5.523720229628841741e-05 5.611872078272580944e-05
-1.203644156403534157e-07 1.462387724304734830e-07 5.555437176181987277e-05 -4.068554588834289667e-06 -8.017605956872523464e-07 5.505361798722917732e-04 7.251934012029884278e-04 5.877814675889878087e-05 1.374965054651471715e-07 2.493116732700613221e-08 3.434657413727927527e-07 7.455567855698845590e-06 -2.558211701333568800e-08 -1.903498371447861655e-09 2.949830588840683251e-08 2.792586564999834433e-06 3.433527441946345598e-06 3.451028772744103037e-06
-3.329779259382899239e-10 -4.015003757099770068e-07 1.079343047052402843e-05 1.295847430946854981e-06 2.910303033907431688e-06 -2.536848513734457720e-03 -1.975143654573986233e-05 -5.995479393235718981e-05 -6.119479547520849611e-08 -5.702713388893315692e-08 -5.345434787805969613e-07 -2.558211701333568800e-08 5.250697568954500400e-04 -1.806903073746158990e-07 -5.290304134949045650e-08 -7.346293951996187878e-06 1.104711541507087314e-05 -5.831431150959614957e-06
3.990229968549417975e-07 1.256451007418641168e-06 -2.302662739507396912e-04 7.824749312853918442e-06 -9.960543915870291546e-06 9.172383562054286024e-03 -2.309841483850783202e-03 6.560140795355767849e-05 -1.890439580657342716e-07 1.647186095401236533e-07 1.181391399661242900e-06 -1.903498371447861655e-09 -1.806903073746158990e-07 1.968099398623354658e-04 1.317651107230007127e-07 2.260347346895995470e-05 -5.920297905455209112e-05 1.386541345589497888e-05
-3.769538163232918652e-08 3.402150215443927897e-07 9.604189461483434822e-06 -2.231699349255671204e-06 -2.384667064501541518e-06 2.031905239013096724e-03 2.430525807846967330e-04 6.244710972851226711e-05 8.816779116162892976e-08 4.963375354007335253e-08 4.998427169558241782e-07 2.949830588840683251e-08 -5.290304134949045650e-08 1.317651107230007127e-07 5.016927619521427246e-06 6.261778066771770441e-06 -7.010329368182799291e-06 5.359605235970664964e-06
1.467828631382165747e-06 4.844280960691580448e-05 -2.007130256282621626e-03 -1.137334958332536500e-04 -3.542012068387938740e-04 3.105072865733169984e-01 -6.124584429408496365e-03 6.796096281804542109e-03 6.018313807003196963e-06 6.831283793651060974e-06 6.273227130372935518e-05 2.792586564999834433e-06 -7.346293951996187878e-06 2.260347346895995470e-05 6.261778066771770441e-06 2.467339991842286695e-01 -1.421245515649860068e-03 6.878638287576454473e-04
-4.144982327050075814e-05 -7.986931399127273777e-05 2.257882849626871927e-02 -9.775445458396910502e-04 6.676439517269414960e-04 -6.329220866247839972e-01 2.426842922910488753e-01 7.615225046919871406e-04 2.739735581143741073e-05 -9.915350153648730560e-06 -5.523720229628841741e-05 3.433527441946345598e-06 1.104711541507087314e-05 -5.920297905455209112e-05 -7.010329368182799291e-06 -1.421245515649860068e-03 1.817972734522989464e+00 -7.042265693086866354e-04
-5.180631016242091190e-06 3.731792380857494791e-05 1.569830422582573892e-03 -2.760127141113030355e-04 -2.593305064770264957e-04 2.196363542880559461e-01 3.289270971801055987e-02 7.170432848869473866e-03 1.067109419628485962e-05 5.480399476243874633e-06 5.611872078272580944e-05 3.451028772744103037e-06 -5.831431150959614957e-06 1.386541345589497888e-05 5.359605235970664964e-06 6.878638287576454473e-04 -7.042265693086866354e-04 1.270241173014703184e+00
6.017452097257002593e-05 4.357015859266248708e-07 -1.286418469009739413e-04 5.419957861839446197e-06 -1.578579619221500266e-06 1.362377274790418620e-03 -2.227234956211572841e-03 -4.845400997626208591e-05 8.243449676940312686e-08 -3.881964196817247684e-08 -1.058984593864645233e-07 -5.438503539205012097e-08 -8.531226921837540338e-08 2.045367044082749482e-07 -1.477851010917392073e-09 1.116335397689039896e-06 -1.527508963313976939e-05 5.962399656170019097e-07
4.357015859266248708e-07 1.220044740210102403e-03 -1.732471470467539406e-04 -3.377588272868911262e-06 -1.020616615987790006e-05 7.791049398643534393e-03 -4.842014852352398251e-03 1.467696188693877739e-04 1.283737427459584635e-06 -4.612700201200811546e-08 1.491083717075636779e-06 -2.396685320168606044e-08 -5.084444380394305721e-07 7.447644413207256599e-07 1.560698341680846363e-07 1.838526636388761602e-05 -3.452663731494567793e-05 2.199335570639415348e-05
-1.286418469009739413e-04 -1.732471470467539406e-04 1.394087807351347408e+01 -2.692650876011657736e-03 8.007482584665242230e-04 -7.339193312971098448e-01 9.353662985841422195e-01 2.196799626578457842e-02 -3.137597670123859249e-07 1.002832106035468820e-05 3.812184320026792565e-05 2.305625499173346500e-05 3.179878913536740608e-05 -9.925023362518499372e-05 -4.478005127157658467e-07 -8.573924116105175949e-04 7.894261454687875532e-03 -2.474933056240025023e-04
5.419957861839446197e-06 -3.377588272868911262e-06 -2.692650876011657736e-03 1.025305673673992529e-01 3.537616421574654657e-06 5.153193594278973610e-03 -3.020831216694780733e-02 -2.059263019632080229e-03 -6.934929998091748975e-06 -2.816198268916165337e-07 -9.787369323822459977e-06 -1.234576144492868431e-06 7.763687503199448069e-07 2.177694934044165110e-06 -7.590756345170726222e-07 -3.913965875623035711e-05 -3.042769554685717461e-04 -9.789245800411915859e-05
-1.578579619221500266e-06 -1.020616615987790006e-05 8.007482584665242230e-04 3.537616421574654657e-06 1.956679919644833260e-02 -4.665061740593712258e-02 1.418290535196655919e-02 -7.901811059566191727e-04 -2.948917648854739580e-06 -4.921560455261099853e-07 -8.355825483465129414e-06 -9.866908933366708338e-08 1.779112633285633509e-06 -3.952041983042021262e-06 -8.684132718170872480e-07 -1.197784995966108166e-04 2.336574125094221448e-04 -1.054139758381574064e-04
1.362377274790418620e-03 7.791049398643534393e-03 -7.339193312971098448e-01 5.153193594278973610e-03 -4.665061740593712258e-02 1.726097535722526663e+04 -1.080130063225938741e+01 6.005924594935725391e-01 1.577447849295044498e-03 5.335270280326483627e-04 6.779602526438349534e-03 8.417952169646975100e-05 -1.305744156913342955e-03 3.380672010024530182e-03 7.115708901206319525e-04 1.031109617379330073e-01 -2.141940384625911631e-01 8.335071354422261825e-02
-2.227234956211572841e-03 -4.842014852352398251e-03 9.353662985841422195e-01 -3.020831216694780733e-02 1.418290535196655919e-02 -1.080130063225938741e+01 4.953526949559925924e+03 2.553410954716100467e-01 -2.014396337981433967e-03 4.506697831372268384e-04 1.697322277283027346e-04 4.176412776861837886e-04 9.901506706313832964e-04 -1.637893601288952297e-03 -4.600969513320138647e-05 -9.522133845668663901e-03 1.011790987223580157e-01 -1.583509562716825525e-02
-4.845400997626208591e-05 1.467696188693877739e-04 2.196799626578457842e-02 -2.059263019632080229e-03 -7.901811059566191727e-04 6.005924594935725391e-01 2.553410954716100467e-01 5.459237310625316297e+01 9.128252530549288207e-05 1.551364177456126110e-05 2.298213552526973027e-04 1.758362782645607009e-05 -2.576522449550740053e-05 2.692685172372355498e-05 2.080043646317368555e-05 2.224684394020278420e-03 8.838401400463589714e-05 2.468598404812962464e-03
8.243449676940312686e-08 1.283737427459584635e-06 -3.137597670123859249e-07 -6.934929998091748975e-06 -2.948917648854739580e-06 1.577447849295044498e-03 -2.014396337981433967e-03 9.128252530549288207e-05 3.024519040226139512e-04 -9.046067356620807754e-08 6.241851233557142622e-07 -3.195918954441533414e-09 -2.729954780018615970e-07 1.680661174461190633e-07 5.969391416827274065e-08 3.849024823343220990e-06 2.785737361839832921e-06 1.011857080113216536e-05
-3.881964196817247684e-08 -4.612700201200811546e-08 1.002832106035468820e-05 -2.816198268916165337e-07 -4.921560455261099853e-07 5.335270280326483627e-04 4.506697831372268384e-04 1.551364177456126110e-05 -9.046067356620807754e-08 2.342511772231005990e-05 1.235949076813004652e-07 1.455151692959495736e-08 1.704805043888514952e-08 2.087487442136984020e-08 1.149806816637364071e-08 1.918142225374941748e-06 -2.339788479071567777e-06 8.199839604942310518e-07
-1.058984593864645233e-07 1.491083717075636779e-06 3.812184320026792565e-05 -9.787369323822459977e-06 -8.355825483465129414e-06 6.779602526438349534e-03 1.697322277283027346e-04 2.298213552526973027e-04 6.241851233557142622e-07 1.235949076813004652e-07 2.481337763316253863e-04 9.384621626391072515e-08 -2.573034554344590216e-07 4.558360482217054162e-07 1.706640097048313934e-07 2.072887869759222255e-05 -1.971168878203661962e-05 2.023964603371409765e-05
-5.438503539205012097e-08 -2.396685320168606044e-08 2.305625499173346500e-05 -1.234576144492868431e-06 -9.866908933366708338e-08 8.417952169646975100e-05 4.176412776861837886e-04 1.758362782645607009e-05 -3.195918954441533414e-09 1.455151692959495736e-08 9.384621626391072515e-08 2.388592305978566391e-06 6.905236500574954788e-09 -1.422056503186360507e-08 7.564716157445627978e-09 7.790974832953669102e-07 1.454940102027227480e-06 7.050965488157175094e-07
-8.531226921837540338e-08 -5.084444380394305721e-07 3.179878913536740608e-05 7.763687503199448069e-07 1.779112633285633509e-06 -1.305744156913342955e-03 9.901506706313832964e-04 -2.576522449550740053e-05 -2.729954780018615970e-07 1.704805043888514952e-08 -2.573034554344590216e-07 6.905236500574954788e-09 1.681033563020627641e-04 -1.309077459168194870e-07 -2.699542519426829124e-08 -2.965785671792995478e-06 5.447758608380062359e-06 -4.009743320107368557e-06
2.045367044082749482e-07 7.447644413207256599e-07 -9.925023362518499372e-05 2.177694934044165110e-06 -3.952041983042021262e-06 3.380672010024530182e-03 -1.637893601288952297e-03 2.692685172372355498e-05 1.680661174461190633e-07 2.087487442136984020e-08 4.558360482217054162e-07 -1.422056503186360507e-08 -1.309077459168194870e-07 6.304509976512014612e-05 5.124404135459063858e-08 7.787771074244403838e-06 -2.067005275283424298e-05 6.370380239303697759e-06
-1.477851010917392073e-09 1.560698341680846363e-07 -4.478005127157658467e-07 -7.590756345170726222e-07 -8.684132718170872480e-07 7.115708901206319525e-04 -4.600969513320138647e-05 2.080043646317368555e-05 5.969391416827274065e-08 1.149806816637364071e-08 1.706640097048313934e-07 7.564716157445627978e-09 -2.699542519426829124e-08 5.124404135459063858e-08 1.606667342179346011e-06 2.080163764353644999e-06 -2.480908077075460270e-06 1.981372762065738519e-06
1.116335397689039896e-06 1.838526636388761602e-05 -8.573924116105175949e-04 -3.913965875623035711e-05 -1.197784995966108166e-04 1.031109617379330073e-01 -9.522133845668663901e-03 2.224684394020278420e-03 3.849024823343220990e-06 1.918142225374941748e-06 2.072887869759222255e-05 7.790974832953669102e-07 -2.965785671792995478e-06 7.787771074244403838e-06 2.080163764353644999e-06 7.895954678774523561e-02 -4.693139972647353752e-04 2.363849553512707680e-04
-1.527508963313976939e-05 -3.452663731494567793e-05 7.894261454687875532e-03 -3.042769554685717461e-04 2.336574125094221448e-04 -2.141940384625911631e-01 1.011790987223580157e-01 8.838401400463589714e-05 2.785737361839832921e-06 -2.339788479071567777e-06 -1.971168878203661962e-05 1.454940102027227480e-06 5.447758608380062359e-06 -2.067005275283424298e-05 -2.480908077075460270e-06 -4.693139972647353752e-04 5.817964208735498799e-01 -2.759508048352239781e-04
5.962399656170019097e-07 2.199335570639415348e-05 -2.474933056240025023e-04 -9.789245800411915859e-05 -1.054139758381574064e-04 8.335071354422261825e-02 -1.583509562716825525e-02 2.468598404812962464e-03 1.011857080113216536e-05 8.199839604942310518e-07 2.023964603371409765e-05 7.050965488157175094e-07 -4.009743320107368557e-06 6.370380239303697759e-06 1.981372762065738519e-06 2.363849553512707680e-04 -2.759508048352239781e-04 4.065338846653779314e-01
1.925599998643187722e-05 1.430727052938927605e-07 -4.109830056723190244e-05 1.769857977412598127e-06 -5.062472144894602936e-07 4.380296658270701180e-04 -7.118871552232799993e-04 -1.584433444977146574e-05 2.677292483295590803e-08 -1.250905624095995677e-08 -3.432554072332968615e-08 -1.737917640290693068e-08 -2.636775823307082378e-08 6.498936137290984142e-08 -3.685723260087321954e-10 3.365824578336268834e-07 -4.872786695450955128e-06 1.892148913173295834e-07
1.430727052938927605e-07 3.905011498731360037e-04 -5.384222608691578753e-05 -2.365501111894815776e-07 -3.292196277282185162e-06 2.542379874459593705e-03 -1.529736281817586701e-03 3.889630994224936442e-05 4.201710972416381631e-07 -1.682592623822447359e-08 4.667208787330003376e-07 -7.097323008737307162e-09 -1.405151166439978877e-07 2.273191335521355993e-07 5.242580756853610814e-08 5.391903965914412596e-06 -1.068574000361373168e-05 7.000222103682154322e-06
-4.109830056723190244e-05 -5.384222608691578753e-05 4.461110349834101818e+00 -8.461219860565612986e-04 2.557571991869043949e-04 -2.339485864966401596e-01 2.996796547789761234e-01 6.881351906870556041e-03 7.200555451463193992e-08 3.171082089913814876e-06 1.200725708686458239e-05 7.388521978052352953e-06 1.058363386555098996e-05 -3.196246593047299256e-05 -9.762526609594769790e-08 -2.834020845387376993e-04 2.532835270416617691e-03 -7.989027383661558305e-05
1.769857977412598127e-06 -2.365501111894815776e-07 -8.461219860565612986e-04 3.281799048185558842e-02 8.770697465326338882e-07 2.127822477455635925e-03 -9.475034244466455993e-03 -7.374285422622378671e-04 -2.128023214705516114e-06 -1.101991359364295255e-07 -3.233329412086512974e-06 -3.895021240735539746e-07 4.641634171642995127e-07 5.898559183786730985e-07 -2.187574918491588269e-07 -1.730239553414500254e-05 -9.384127410405687382e-05 -3.169167461330698790e-05
-5.062472144894602936e-07 -3.292196277282185162e-06 2.557571991869043949e-04 8.770697465326338882e-07 6.261383662102094211e-03 -1.494306901628781638e-02 4.532577859190107389e-03 -2.504208664464142409e-04 -9.464848841664714854e-07 -1.568662292992726289e-07 -2.670715585099037422e-06 -3.174687069004412343e-08 5.626156553470395160e-07 -1.261329835809390184e-06 -2.786422388894469353e-07 -3.818072533972253341e-05 7.466081318278883997e-05 -3.372110164823783902e-05
4.380296658270701180e-04 2.542379874459593705e-03 -2.339485864966401596e-01 2.127822477455635925e-03 -1.494306901628781638e-02 5.523540041228801783e+03 -3.445239285769126081e+00 1.876130087586037054e-01 5.101000580277344036e-04 1.695574000783212239e-04 2.163560146101832157e-03 2.726187489319819397e-05 -4.052555505932203578e-04 1.075573695630331790e-03 2.291110859454522481e-04 3.271683938684136900e-02 -6.833635307000508752e-02 2.665087557876213639e-02
-7.118871552232799993e-04 -1.529736281817586701e-03 2.996796547789761234e-01 -9.475034244466455993e-03 4.532577859190107389e-03 -3.445239285769126081e+00 1.585133097087099031e+03 7.987751141770323138e-02 -6.424789588367345490e-04 1.437455731229722307e-04 5.194794588528406837e-05 1.337750514829227010e-04 3.218840172957382838e-04 -5.266238658685869429e-04 -1.415943185182273066e-05 -3.158611544696577310e-03 3.245965259279400689e-02 -5.075776405001204174e-03
-1.584433444977146574e-05 3.889630994224936442e-05 6.881351906870556041e-03 -7.374285422622378671e-04 -2.504208664464142409e-04 1.876130087586037054e-01 7.987751141770323138e-02 1.747030938974735292e+01 2.833911587221443258e-05 5.156306078448988767e-06 7.451178282752467848e-05 5.573594637467008453e-06 -1.030686676497259847e-05 9.639405633522744673e-06 6.425335173064311534e-06 7.575663319480241799e-04 -5.433036880691117331e-06 7.934507142309674610e-04
2.677292483295590803e-08 4.201710972416381631e-07 7.200555451463193992e-08 -2.128023214705516114e-06 -9.464848841664714854e-07 5.101000580277344036e-04 -6.424789588367345490e-04 2.833911587221443258e-05 9.678562149316697770e-05 -2.917039873771415076e-08 1.986135826117080039e-07 -9.609292416564033639e-10 -8.496307250987362762e-08 5.259292539502208586e-08 1.937018493756573762e-08 1.178634861264381182e-06 9.306047381493217077e-07 3.233877503615223209e-06
-1.250905624095995677e-08 -1.682592623822447359e-08 3.171082089913814876e-06 -1.101991359364295255e-07 -1.568662292992726289e-07 1.695574000783212239e-04 1.437455731229722307e-04 5.156306078448988767e-06 -2.917039873771415076e-08 7.496086793066326020e-06 3.979834624806813171e-08 4.642878978878020906e-09 4.927665452300836376e-09 6.941720592420202915e-09 3.620313773157294553e-09 6.254928037070506162e-07 -7.573609727799464876e-07 2.632903973354134348e-07
-3.432554072332968615e-08 4.667208787330003376e-07 1.200725708686458239e-05 -3.233329412086512974e-06 -2.670715585099037422e-06 2.163560146101832157e-03 5.194794588528406837e-05 7.451178282752467848e-05 1.986135826117080039e-07 3.979834624806813171e-08 7.940406024981833230e-05 2.996210160283376843e-08 -8.500107848034716949e-08 1.471889480759681668e-07 5.431429765621151653e-08 6.692240606412338370e-06 -6.351299341608402286e-06 6.481207517465872295e-06
-1.737917640290693068e-08 -7.097323008737307162e-09 7.388521978052352953e-06 -3.895021240735539746e-07 -3.174687069004412343e-08 2.726187489319819397e-05 1.337750514829227010e-04 5.573594637467008453e-06 -9.609292416564033639e-10 4.642878978878020906e-09 2.996210160283376843e-08 7.643533068037788527e-07 2.355847939616701680e-09 -4.623086759288819524e-09 2.437070614395570535e-09 2.460738946408594333e-07 4.679709124404922849e-07 2.253828399285695553e-07
-2.636775823307082378e-08 -1.405151166439978877e-07 1.058363386555098996e-05 4.641634171642995127e-07 5.626156553470395160e-07 -4.052555505932203578e-04 3.218840172957382838e-04 -1.030686676497259847e-05 -8.496307250987362762e-08 4.927665452300836376e-09 -8.500107848034716949e-08 2.355847939616701680e-09 5.379874314624817476e-05 -4.470254182292670317e-08 -8.003975532569830179e-09 -1.074606519370391928e-06 1.835979358798352224e-06 -1.292738428409586152e-06
6.498936137290984142e-08 2.273191335521355993e-07 -3.196246593047299256e-05 5.898559183786730985e-07 -1.261329835809390184e-06 1.075573695630331790e-03 -5.266238658685869429e-04 9.639405633522744673e-06 5.259292539502208586e-08 6.941720592420202915e-09 1.471889480759681668e-07 -4.623086759288819524e-09 -4.470254182292670317e-08 2.017582679488360404e-05 1.608333163893980094e-08 2.554365948054643989e-06 -6.660397255604701585e-06 2.043293774029516193e-06
-3.685723260087321954e-10 5.242580756853610814e-08 -9.762526609594769790e-08 -2.187574918491588269e-07 -2.786422388894469353e-07 2.291110859454522481e-04 -1.415943185182273066e-05 6.425335173064311534e-06 1.937018493756573762e-08 3.620313773157294553e-09 5.431429765621151653e-08 2.437070614395570535e-09 -8.003975532569830179e-09 1.608333163893980094e-08 5.142045775202051441e-07 6.515986927664455492e-07 -7.835148108727703982e-07 6.329624287026933361e-07
3.365824578336268834e-07 5.391903965914412596e-06 -2.834020845387376993e-04 -1.730239553414500254e-05 -3.818072533972253341e-05 3.271683938684136900e-02 -3.158611544696577310e-03 7.575663319480241799e-04 1.178634861264381182e-06 6.254928037070506162e-07 6.692240606412338370e-06 2.460738946408594333e-07 -1.074606519370391928e-06 2.554365948054643989e-06 6.515986927664455492e-07 2.526983566071772450e-02 -1.522334453916237196e-04 7.585625389978963430e-05
-4.872786695450955128e-06 -1.068574000361373168e-05 2.532835270416617691e-03 -9.384127410405687382e-05 7.466081318278883997e-05 -6.833635307000508752e-02 3.245965259279400689e-02 -5.433036880691117331e-06 9.306047381493217077e-07 -7.573609727799464876e-07 -6.351299341608402286e-06 4.679709124404922849e-07 1.835979358798352224e-06 -6.660397255604701585e-06 -7.835148108727703982e-07 -1.522334453916237196e-04 1.861763703726032892e-01 -8.846156455211727292e-05
1.892148913173295834e-07 7.000222103682154322e-06 -7.989027383661558305e-05 -3.169167461330698790e-05 -3.372110164823783902e-05 2.665087557876213639e-02 -5.075776405001204174e-03 7.934507142309674610e-04 3.233877503615223209e-06 2.632903973354134348e-07 6.481207517465872295e-06 2.253828399285695553e-07 -1.292738428409586152e-06 2.043293774029516193e-06 6.329624287026933361e-07 7.585625389978963430e-05 -8.846156455211727292e-05 1.300908594191114709e-01
1.925599998643187722e-05 1.430727052938927605e-07 -4.109830056723190244e-05 1.769857977412598127e-06 -5.062472144894602936e-07 4.380296658270701180e-04 -7.118871552232799993e-04 -1.584433444977146574e-05 2.677292483295590803e-08 -1.250905624095995677e-08 -3.432554072332968615e-08 -1.737917640290693068e-08 -2.636775823307082378e-08 6.498936137290984142e-08 -3.685723260087321954e-10 3.365824578336268834e-07 -4.872786695450955128e-06 1.892148913173295834e-07
1.430727052938927605e-07 3.905011498731360037e-04 -5.384222608691578753e-05 -2.365501111894815776e-07 -3.292196277282185162e-06 2.542379874459593705e-03 -1.529736281817586701e-03 3.889630994224936442e-05 4.201710972416381631e-07 -1.682592623822447359e-08 4.667208787330003376e-07 -7.097323008737307162e-09 -1.405151166439978877e-07 2.273191335521355993e-07 5.242580756853610814e-08 5.391903965914412596e-06 -1.068574000361373168e-05 7.000222103682154322e-06
-4.109830056723190244e-05 -5.384222608691578753e-05 4.461110349834101818e+00 -8.461219860565612986e-04 2.557571991869043949e-04 -2.339485864966401596e-01 2.996796547789761234e-01 6.881351906870556041e-03 7.200555451463193992e-08 3.171082089913814876e-06 1.200725708686458239e-05 7.388521978052352953e-06 1.058363386555098996e-05 -3.196246593047299256e-05 -9.762526609594769790e-08 -2.834020845387376993e-04 2.532835270416617691e-03 -7.989027383661558305e-05
1.769857977412598127e-06 -2.365501111894815776e-07 -8.461219860565612986e-04 3.281799048185558842e-02 8.770697465326338882e-07 2.127822477455635925e-03 -9.475034244466455993e-03 -7.374285422622378671e-04 -2.128023214705516114e-06 -1.101991359364295255e-07 -3.233329412086512974e-06 -3.895021240735539746e-07 4.641634171642995127e-07 5.898559183786730985e-07 -2.187574918491588269e-07 -1.730239553414500254e-05 -9.384127410405687382e-05 -3.169167461330698790e-05
-5.062472144894602936e-07 -3.292196277282185162e-06 2.557571991869043949e-04 8.770697465326338882e-07 6.261383662102094211e-03 -1.494306901628781638e-02 4.532577859190107389e-03 -2.504208664464142409e-04 -9.464848841664714854e-07 -1.568662292992726289e-07 -2.670715585099037422e-06 -3.174687069004412343e-08 5.626156553470395160e-07 -1.261329835809390184e-06 -2.786422388894469353e-07 -3.818072533972253341e-05 7.466081318278883997e-05 -3.372110164823783902e-05
4.380296658270701180e-04 2.542379874459593705e-03 -2.339485864966401596e-01 2.127822477455635925e-03 -1.494306901628781638e-02 5.523540041228801783e+03 -3.445239285769126081e+00 1.876130087586037054e-01 5.101000580277344036e-04 1.695574000783212239e-04 2.163560146101832157e-03 2.726187489319819397e-05 -4.052555505932203578e-04 1.075573695630331790e-03 2.291110859454522481e-04 3.271683938684136900e-02 -6.833635307000508752e-02 2.665087557876213639e-02
-7.118871552232799993e-04 -1.529736281817586701e-03 2.996796547789761234e-01 -9.475034244466455993e-03 4.532577859190107389e-03 -3.445239285769126081e+00 1.585133097087099031e+03 7.987751141770323138e-02 -6.424789588367345490e-04 1.437455731229722307e-04 5.194794588528406837e-05 1.337750514829227010e-04 3.218840172957382838e-04 -5.266238658685869429e-04 -1.415943185182273066e-05 -3.158611544696577310e-03 3.245965259279400689e-02 -5.075776405001204174e-03
-1.584433444977146574e-05 3.889630994224936442e-05 6.881351906870556041e-03 -7.374285422622378671e-04 -2.504208664464142409e-04 1.876130087586037054e-01 7.987751141770323138e-02 1.747030938974735292e+01 2.833911587221443258e-05 5.156306078448988767e-06 7.451178282752467848e-05 5.573594637467008453e-06 -1.030686676497259847e-05 9.639405633522744673e-06 6.425335173064311534e-06 7.575663319480241799e-04 -5.433036880691117331e-06 7.934507142309674610e-04
2.677292483295590803e-08 4.201710972416381631e-07 7.200555451463193992e-08 -2.128023214705516114e-06 -9.464848841664714854e-07 5.101000580277344036e-04 -6.424789588367345490e-04 2.833911587221443258e-05 9.678562149316697770e-05 -2.917039873771415076e-08 1.986135826117080039e-07 -9.609292416564033639e-10 -8.496307250987362762e-08 5.259292539502208586e-08 1.937018493756573762e-08 1.178634861264381182e-06 9.306047381493217077e-07 3.233877503615223209e-06
-1.250905624095995677e-08 -1.682592623822447359e-08 3.171082089913814876e-06 -1.101991359364295255e-07 -1.568662292992726289e-07 1.695574000783212239e-04 1.437455731229722307e-04 5.156306078448988767e-06 -2.917039873771415076e-08 7.496086793066326020e-06 3.979834624806813171e-08 4.642878978878020906e-09 4.927665452300836376e-09 6.941720592420202915e-09 3.620313773157294553e-09 6.254928037070506162e-07 -7.573609727799464876e-07 2.632903973354134348e-07
-3.432554072332968615e-08 4.667208787330003376e-07 1.200725708686458239e-05 -3.233329412086512974e-06 -2.670715585099037422e-06 2.163560146101832157e-03 5.194794588528406837e-05 7.451178282752467848e-05 1.986135826117080039e-07 3.979834624806813171e-08 7.940406024981833230e-05 2.996210160283376843e-08 -8.500107848034716949e-08 1.471889480759681668e-07 5.431429765621151653e-08 6.692240606412338370e-06 -6.351299341608402286e-06 6.481207517465872295e-06
-1.737917640290693068e-08 -7.097323008737307162e-09 7.388521978052352953e-06 -3.895021240735539746e-07 -3.174687069004412343e-08 2.726187489319819397e-05 1.337750514829227010e-04 5.573594637467008453e-06 -9.609292416564033639e-10 4.642878978878020906e-09 2.996210160283376843e-08 7.643533068037788527e-07 2.355847939616701680e-09 -4.623086759288819524e-09 2.437070614395570535e-09 2.460738946408594333e-07 4.679709124404922849e-07 2.253828399285695553e-07
-2.636775823307082378e-08 -1.405151166439978877e-07 1.058363386555098996e-05 4.641634171642995127e-07 5.626156553470395160e-07 -4.052555505932203578e-04 3.218840172957382838e-04 -1.030686676497259847e-05 -8.496307250987362762e-08 4.927665452300836376e-09 -8.500107848034716949e-08 2.355847939616701680e-09 5.379874314624817476e-05 -4.470254182292670317e-08 -8.003975532569830179e-09 -1.074606519370391928e-06 1.835979358798352224e-06 -1.292738428409586152e-06
6.498936137290984142e-08 2.273191335521355993e-07 -3.196246593047299256e-05 5.898559183786730985e-07 -1.261329835809390184e-06 1.075573695630331790e-03 -5.266238658685869429e-04 9.639405633522744673e-06 5.259292539502208586e-08 6.941720592420202915e-09 1.471889480759681668e-07 -4.623086759288819524e-09 -4.470254182292670317e-08 2.017582679488360404e-05 1.608333163893980094e-08 2.554365948054643989e-06 -6.660397255604701585e-06 2.043293774029516193e-06
-3.685723260087321954e-10 5.242580756853610814e-08 -9.762526609594769790e-08 -2.187574918491588269e-07 -2.786422388894469353e-07 2.291110859454522481e-04 -1.415943185182273066e-05 6.425335173064311534e-06 1.937018493756573762e-08 3.620313773157294553e-09 5.431429765621151653e-08 2.437070614395570535e-09 -8.003975532569830179e-09 1.608333163893980094e-08 5.142045775202051441e-07 6.515986927664455492e-07 -7.835148108727703982e-07 6.329624287026933361e-07
