2.372866998666921245e-02 -4.870296512505952607e-02 -9.412218276202548584e-01 -1.917537888369987564e-01 -1.512336754744724399e+00 -9.565635295150255502e+01 -7.079887490790612503e+01 -2.969568078023634783e+01 -3.294013095568910227e-02 -9.319524390048707779e-03 -1.507331604395001183e-02 -1.055177256701331570e-02 -6.610054116745658903e-03 -3.620308732848053976e-03 8.356091616764566021e-03 2.262574249999800211e-03 3.034046389785883136e-03 -5.312333620841825027e-04
-4.870296512505952607e-02 3.078227670137488881e-01 -2.084000618797879234e+00 -1.437845285719231148e-01 6.062421867635143791e+00 1.796065029092199552e+02 1.263882780974137461e+02 8.173298592797142703e+01 3.693796627386203985e-02 2.290564721323948630e-02 2.678467458736114373e-02 3.444087786048569133e-02 1.724832632162068280e-02 -1.903975923654114590e-03 -2.946238314392580701e-02 -1.320678458161550148e-02 -1.103793561429341000e-02 -1.407006237305688805e-04
-9.412218276202548584e-01 -2.084000618797879234e+00 2.437533168316316505e+02 3.486398727273011389e+01 9.221216458157197593e+00 4.900711302001521290e+03 3.140991861633297503e+03 1.349912734184986903e+03 2.169121682913198512e+00 3.086728861104146016e-01 6.697084407970962383e-01 3.544548661644307541e-02 1.689189366459953046e-01 2.717474542020651973e-01 -7.668110665250024716e-02 1.095660502097447336e-02 7.744975816734793461e-02 4.350614398725570486e-02
-1.917537888369987564e-01 -1.437845285719231148e-01 3.486398727273011389e+01 1.160541437994226399e+01 4.814447834499382850e+00 4.564855267232123879e+02 6.259871475309490734e+02 3.247671784318218329e+02 3.807343582808521698e-01 7.774052042245177541e-02 1.145082467701955542e-01 9.760109807675360072e-02 6.204794357615936451e-02 5.530532875473165300e-02 -4.492882373856785239e-02 2.124652767688144268e-03 -2.026696990076604088e-02 1.502634315146070612e-02
-1.512336754744724399e+00 6.062421867635143791e+00 9.221216458157197593e+00 4.814447834499382850e+00 1.623303320982076343e+02 6.572271141993232050e+03 3.944904721702472216e+03 2.267997744919617617e+03 1.622276295600538321e+00 6.508836482355223607e-01 8.148424689990871883e-01 8.277702587189615935e-01 4.798068933900462851e-01 1.510393716787054585e-01 -7.009671622411549619e-01 -2.973673317217337964e-01 -2.313787225818928484e-01 2.491888390021137351e-02
-9.565635295150255502e+01 1.796065029092199552e+02 4.900711302001521290e+03 4.564855267232123879e+02 6.572271141993232050e+03 4.968439094227675232e+05 2.942648057698702323e+05 1.042261506606903422e+05 1.335253411525770275e+02 3.483147790420450463e+01 6.065084087067762653e+01 3.186291159402291484e+01 2.418938723497683796e+01 1.464608193810846259e+01 -3.166823367272131762e+01 -1.038949441667132056e+01 -7.245322351551798157e+00 2.325784175223866157e+00
-7.079887490790612503e+01 1.263882780974137461e+02 3.140991861633297503e+03 6.259871475309490734e+02 3.944904721702472216e+03 2.942648057698702323e+05 2.388229035906738718e+05 7.947292610391764902e+04 1.074582978790437267e+02 2.634459383580740521e+01 4.764926047837015233e+01 2.818496894244771411e+01 1.911188460205362105e+01 9.658032203456926368e+00 -2.421017381924431433e+01 -5.722605235146898117e+00 -8.665962009920212594e+00 1.658011873120290192e+00
-2.969568078023634783e+01 8.173298592797142703e+01 1.349912734184986903e+03 3.247671784318218329e+02 2.267997744919617617e+03 1.042261506606903422e+05 7.947292610391764902e+04 5.604679301597440644e+04 4.019138740982549507e+01 1.342452338876577045e+01 1.776779608435904478e+01 1.625635235644962151e+01 8.325681779670102145e+00 3.786450027471352175e+00 -1.205302725788858531e+01 -3.970769788977570158e+00 -4.517729883796515189e+00 2.883421294621684727e-01
-3.294013095568910227e-02 3.693796627386203985e-02 2.169121682913198512e+00 3.807343582808521698e-01 1.622276295600538321e+00 1.335253411525770275e+02 1.074582978790437267e+02 4.019138740982549507e+01 5.873008704827442639e-02 1.227017224291254011e-02 2.223732277317898992e-02 1.159860821880939925e-02 9.093618723823511038e-03 6.184147912821870256e-03 -9.837594524781298130e-03 -1.648549194497014652e-03 -3.401984975973116384e-03 1.065863560569850965e-03
-9.319524390048707779e-03 2.290564721323948630e-02 3.086728861104146016e-01 7.774052042245177541e-02 6.508836482355223607e-01 3.483147790420450463e+01 2.634459383580740521e+01 1.342452338876577045e+01 1.227017224291254011e-02 4.059541248801347424e-03 5.783220019651615779e-03 5.221562902214845273e-03 2.800685256635452713e-03 1.544273500659056617e-03 -3.489386107144797078e-03 -9.923941712023205079e-04 -1.453620048734387488e-03 1.802776601884517127e-04
-1.507331604395001183e-02 2.678467458736114373e-02 6.697084407970962383e-01 1.145082467701955542e-01 8.148424689990871883e-01 6.065084087067762653e+01 4.764926047837015233e+01 1.776779608435904478e+01 2.223732277317898992e-02 5.783220019651615779e-03 1.025078119260175100e-02 6.326549163102265089e-03 4.037811309938489461e-03 2.198842722286732925e-03 -5.100695493043380137e-03 -1.162105939466839257e-03 -1.900099091873832472e-03 3.441813606747890159e-04
-1.055177256701331570e-02 3.444087786048569133e-02 3.544548661644307541e-02 9.760109807675360072e-02 8.277702587189615935e-01 3.186291159402291484e+01 2.818496894244771411e+01 1.625635235644962151e+01 1.159860821880939925e-02 5.221562902214845273e-03 6.326549163102265089e-03 8.595384018055568509e-03 3.802868129499668414e-03 1.908935421707094217e-03 -4.461212283498341979e-03 -1.253958735078955500e-03 -2.438464730949635884e-03 2.077752189614796125e-04
-6.610054116745658903e-03 1.724832632162068280e-02 1.689189366459953046e-01 6.204794357615936451e-02 4.798068933900462851e-01 2.418938723497683796e+01 1.911188460205362105e+01 8.325681779670102145e+00 9.093618723823511038e-03 2.800685256635452713e-03 4.037811309938489461e-03 3.802868129499668414e-03 2.506658587573623587e-03 1.231929895652573688e-03 -2.541771694979406450e-03 -6.511226373502290894e-04 -1.118288246654213598e-03 2.063660243829121212e-04
-3.620308732848053976e-03 -1.903975923654114590e-03 2.717474542020651973e-01 5.530532875473165300e-02 1.510393716787054585e-01 1.464608193810846259e+01 9.658032203456926368e+00 3.786450027471352175e+00 6.184147912821870256e-03 1.544273500659056617e-03 2.198842722286732925e-03 1.908935421707094217e-03 1.231929895652573688e-03 1.687131445648387251e-03 -6.096076852915230382e-04 1.581633189068201782e-04 -3.772271567994682105e-04 2.133958403686432841e-04
8.356091616764566021e-03 -2.946238314392580701e-02 -7.668110665250024716e-02 -4.492882373856785239e-02 -7.009671622411549619e-01 -3.166823367272131762e+01 -2.421017381924431433e+01 -1.205302725788858531e+01 -9.837594524781298130e-03 -3.489386107144797078e-03 -5.100695493043380137e-03 -4.461212283498341979e-03 -2.541771694979406450e-03 -6.096076852915230382e-04 3.791446472362705340e-03 1.303869592060410282e-03 1.417645618336068258e-03 -1.059404897316556517e-04
2.262574249999800211e-03 -1.320678458161550148e-02 1.095660502097447336e-02 2.124652767688144268e-03 -2.973673317217337964e-01 -1.038949441667132056e+01 -5.722605235146898117e+00 -3.970769788977570158e+00 -1.648549194497014652e-03 -9.923941712023205079e-04 -1.162105939466839257e-03 -1.253958735078955500e-03 -6.511226373502290894e-04 1.581633189068201782e-04 1.303869592060410282e-03 7.107755676410014477e-04 3.561624769075820386e-04 2.143196492706982801e-05
3.034046389785883136e-03 -1.103793561429341000e-02 7.744975816734793461e-02 -2.026696990076604088e-02 -2.313787225818928484e-01 -7.245322351551798157e+00 -8.665962009920212594e+00 -4.517729883796515189e+00 -3.401984975973116384e-03 -1.453620048734387488e-03 -1.900099091873832472e-03 -2.438464730949635884e-03 -1.118288246654213598e-03 -3.772271567994682105e-04 1.417645618336068258e-03 3.561624769075820386e-04 8.339425952903369412e-04 -4.277811869475912942e-05
-5.312333620841825027e-04 -1.407006237305688805e-04 4.350614398725570486e-02 1.502634315146070612e-02 2.491888390021137351e-02 2.325784175223866157e+00 1.658011873120290192e+00 2.883421294621684727e-01 1.065863560569850965e-03 1.802776601884517127e-04 3.441813606747890159e-04 2.077752189614796125e-04 2.063660243829121212e-04 2.133958403686432841e-04 -1.059404897316556517e-04 2.143196492706982801e-05 -4.277811869475912942e-05 6.975868668029582800e-05
1.993545481149161525e-02 -3.713783902670239612e-02 -1.462210671769135772e-01 -1.544290533570642221e-01 -9.539001937802183972e-01 -4.651453172134822012e+01 -5.678256397013379342e+01 -2.309007715561691398e+01 -2.821161661565410247e-02 -8.427114276891632325e-03 -1.401345480082824557e-02 -1.167086822287355038e-02 -7.494624946959140520e-03 -4.595750243240442554e-03 7.372386020343763002e-03 4.578849226918167052e-04 4.550197459728586545e-03 -6.430457593113856523e-04
-3.713783902670239612e-02 1.782024876967216453e-01 -1.776271390815612028e+00 -2.368497244818933492e-02 3.359011904732365217e+00 8.999073352363437550e+01 9.640872801013655646e+01 5.240651536622435458e+01 3.531449313977641502e-02 1.749581428542857850e-02 2.355494320499533500e-02 2.808099558518900932e-02 1.539213924420826558e-02 3.329075755782876303e-03 -1.988662296506765043e-02 -5.637065260996892632e-03 -1.039927031635973220e-02 5.071742149284495967e-04
-1.462210671769135772e-01 -1.776271390815612028e+00 1.454177619019286851e+02 1.729767208884034346e+01 -4.546725034577598024e+00 2.363544190947897732e+03 7.435761926800809078e+02 4.150276214064505780e+02 7.024200815200909442e-01 -6.786321286744157171e-04 8.079988701437833265e-02 -2.742548924600943239e-01 -8.921551985409928442e-02 3.253063131852786116e-02 9.542360455508024086e-02 -1.465419720984759665e-02 1.629756763734480640e-01 7.849702072111854750e-03
-1.544290533570642221e-01 -2.368497244818933492e-02 1.729767208884034346e+01 6.662748592905278322e+00 3.626740179386565899e+00 1.957838157124780878e+02 4.749844712602462664e+02 2.365979323859207568e+02 2.936785590260360124e-01 6.537343367112219417e-02 1.054019230609878760e-01 8.762939030816217778e-02 6.006887128020806099e-02 4.941806929657639735e-02 -4.444541576127161026e-02 7.179500410426518410e-03 -3.135410731577217142e-02 1.046812237026077327e-02
-9.539001937802183972e-01 3.359011904732365217e+00 -4.546725034577598024e+00 3.626740179386565899e+00 8.586902704907133455e+01 3.254846851230603988e+03 2.493430754879957476e+03 1.327079987811655883e+03 1.090882462186519852e+00 4.181806235609899502e-01 5.662781283816619160e-01 5.747677100467819544e-01 3.436278010490415036e-01 1.435992045774624748e-01 -4.290482020183143952e-01 -1.320271534406450009e-01 -1.908839469306373438e-01 2.166298633255613407e-02
-4.651453172134822012e+01 8.999073352363437550e+01 2.363544190947897732e+03 1.957838157124780878e+02 3.254846851230603988e+03 2.485162773264184361e+05 1.431884979976764007e+05 5.000548716404180595e+04 6.392587804103153815e+01 1.686993351646112416e+01 2.925509229096767427e+01 1.538924911086687786e+01 1.154703547961900867e+01 6.834947322351313304e+00 -1.539400519422814462e+01 -5.321866386839500862e+00 -3.244234962479412676e+00 1.094658376998126847e+00
-5.678256397013379342e+01 9.640872801013655646e+01 7.435761926800809078e+02 4.749844712602462664e+02 2.493430754879957476e+03 1.431884979976764007e+05 1.760936094542182400e+05 6.181447401503912261e+04 8.509537512902426215e+01 2.314585825040158440e+01 4.099774036438215319e+01 3.093508118389051731e+01 2.064149830231937344e+01 1.224026805243908278e+01 -2.055158405050763548e+01 -1.056858011756788507e+00 -1.236247526483439252e+01 1.832939685412616537e+00
-2.309007715561691398e+01 5.240651536622435458e+01 4.150276214064505780e+02 2.365979323859207568e+02 1.327079987811655883e+03 5.000548716404180595e+04 6.181447401503912261e+04 3.685546736639656592e+04 3.267527255723953772e+01 1.052984564586650862e+01 1.553913839463054636e+01 1.441574969599650657e+01 8.401838689448617004e+00 4.793669771727576467e+00 -9.245373874958398019e+00 -1.251881728963033291e+00 -5.332271695175640147e+00 5.385959890654881121e-01
-2.821161661565410247e-02 3.531449313977641502e-02 7.024200815200909442e-01 2.936785590260360124e-01 1.090882462186519852e+00 6.392587804103153815e+01 8.509537512902426215e+01 3.267527255723953772e+01 4.714965729524396576e-02 1.158409193645505882e-02 2.058228738642770700e-02 1.480688644468300744e-02 1.058740322029891844e-02 7.205288099431072547e-03 -9.520019925595465948e-03 2.018720269188770610e-04 -6.082348875026582016e-03 1.090782535651946619e-03
-8.427114276891632325e-03 1.749581428542857850e-02 -6.786321286744157171e-04 6.537343367112219417e-02 4.181806235609899502e-01 1.686993351646112416e+01 2.314585825040158440e+01 1.052984564586650862e+01 1.158409193645505882e-02 3.788404750954215468e-03 5.912359581167602601e-03 5.605052366604142133e-03 3.356748451640358902e-03 2.068328125114628647e-03 -3.237241622092591059e-03 -1.846780509733117763e-04 -2.142302710528055671e-03 2.658411912994333845e-04
-1.401345480082824557e-02 2.355494320499533500e-02 8.079988701437833265e-02 1.054019230609878760e-01 5.662781283816619160e-01 2.925509229096767427e+01 4.099774036438215319e+01 1.553913839463054636e+01 2.058228738642770700e-02 5.912359581167602601e-03 1.032224294371123993e-02 8.273925434403091306e-03 5.375639161750248377e-03 3.337090393841177140e-03 -5.110701424016887186e-03 -3.999041881446786952e-05 -3.379694789980361002e-03 4.753045053710752981e-04
-1.167086822287355038e-02 2.808099558518900932e-02 -2.742548924600943239e-01 8.762939030816217778e-02 5.747677100467819544e-01 1.538924911086687786e+01 3.093508118389051731e+01 1.441574969599650657e+01 1.480688644468300744e-02 5.605052366604142133e-03 8.273925434403091306e-03 9.471416263083983281e-03 5.235800020440344385e-03 3.130418565727377100e-03 -4.779315767732711731e-03 -1.173703290747335774e-04 -3.627884977745404662e-03 3.985279878707559289e-04
-7.494624946959140520e-03 1.539213924420826558e-02 -8.921551985409928442e-02 6.006887128020806099e-02 3.436278010490415036e-01 1.154703547961900867e+01 2.064149830231937344e+01 8.401838689448617004e+00 1.058740322029891844e-02 3.356748451640358902e-03 5.375639161750248377e-03 5.235800020440344385e-03 3.426883002176298564e-03 2.053934731985021089e-03 -2.931498657934196971e-03 1.779470918696063122e-05 -2.131748151148209116e-03 2.979018512241212932e-04
-4.595750243240442554e-03 3.329075755782876303e-03 3.253063131852786116e-02 4.941806929657639735e-02 1.435992045774624748e-01 6.834947322351313304e+00 1.224026805243908278e+01 4.793669771727576467e+00 7.205288099431072547e-03 2.068328125114628647e-03 3.337090393841177140e-03 3.130418565727377100e-03 2.053934731985021089e-03 1.805567008220600742e-03 -1.404062000177883941e-03 3.126557154199469785e-04 -1.230021895823149580e-03 2.372001364888728220e-04
7.372386020343763002e-03 -1.988662296506765043e-02 9.542360455508024086e-02 -4.444541576127161026e-02 -4.290482020183143952e-01 -1.539400519422814462e+01 -2.055158405050763548e+01 -9.245373874958398019e+00 -9.520019925595465948e-03 -3.237241622092591059e-03 -5.110701424016887186e-03 -4.779315767732711731e-03 -2.931498657934196971e-03 -1.404062000177883941e-03 3.161114722827660165e-03 3.880697223239478887e-04 1.909948117334794079e-03 -2.018285572886920336e-04
4.578849226918167052e-04 -5.637065260996892632e-03 -1.465419720984759665e-02 7.179500410426518410e-03 -1.320271534406450009e-01 -5.321866386839500862e+00 -1.056858011756788507e+00 -1.251881728963033291e+00 2.018720269188770610e-04 -1.846780509733117763e-04 -3.999041881446786952e-05 -1.173703290747335774e-04 1.779470918696063122e-05 3.126557154199469785e-04 3.880697223239478887e-04 4.119632958439553442e-04 -7.030026627841084823e-05 4.243866636316586852e-05
4.550197459728586545e-03 -1.039927031635973220e-02 1.629756763734480640e-01 -3.135410731577217142e-02 -1.908839469306373438e-01 -3.244234962479412676e+00 -1.236247526483439252e+01 -5.332271695175640147e+00 -6.082348875026582016e-03 -2.142302710528055671e-03 -3.379694789980361002e-03 -3.627884977745404662e-03 -2.131748151148209116e-03 -1.230021895823149580e-03 1.909948117334794079e-03 -7.030026627841084823e-05 1.553509157545589214e-03 -1.625097627738625989e-04
-6.430457593113856523e-04 5.071742149284495967e-04 7.849702072111854750e-03 1.046812237026077327e-02 2.166298633255613407e-02 1.094658376998126847e+00 1.832939685412616537e+00 5.385959890654881121e-01 1.090782535651946619e-03 2.658411912994333845e-04 4.753045053710752981e-04 3.985279878707559289e-04 2.979018512241212932e-04 2.372001364888728220e-04 -2.018285572886920336e-04 4.243866636316586852e-05 -1.625097627738625989e-04 5.247631726968343620e-05
