1.206428488688437821e-02 -2.109944514837832491e-02 -2.965219224746523316e-02 -1.000759657649722134e-01 -5.241911722933830786e-01 -2.242997203507216497e+01 -3.403640795690024135e+01 -1.394707337411424497e+01 -1.747397662270270061e-02 -5.180472866487070664e-03 -8.714507366860574714e-03 -7.375825295279594962e-03 -4.831143468533613365e-03 -3.055102033852267855e-03 4.498959304434720780e-03 3.008733120478813538e-05 3.055220950879613748e-03 -4.235538917740367922e-04
-2.109944514837832491e-02 9.201415489167934225e-02 -9.385363909982704644e-01 1.607936343280556499e-02 1.734133606198414501e+00 4.393585913060223191e+01 5.502057865550058580e+01 2.909021564275965588e+01 2.174507846444627759e-02 9.913924341677787799e-03 1.384471111237814411e-02 1.589697664328615367e-02 9.008421800354450212e-03 2.588085232691839273e-03 -1.091791427290342287e-02 -2.570386644396641974e-03 -6.142437310636483273e-03 3.778048111890977491e-04
-2.965219224746523316e-02 -9.385363909982704644e-01 7.340998968296219118e+01 8.158043619760578125e+00 -3.255675335946030202e+00 1.194625705835253257e+03 2.543235864541404680e+02 1.574099757230818284e+02 2.809276296063255574e-01 -2.028302026099184849e-02 5.095385153344285205e-03 -1.685313168638612469e-01 -6.683328233194373025e-02 6.518634507435089537e-04 6.436993625938494668e-02 -1.135559740798134168e-02 9.732596911749867574e-02 1.818008234030854021e-03
-1.000759657649722134e-01 1.607936343280556499e-02 8.158043619760578125e+00 3.575758132259496680e+00 2.335178733141594520e+00 8.953448893062089553e+01 2.991448606539199204e+02 1.444259371074238345e+02 1.835007177659014610e-01 4.321571562501179409e-02 7.129967110405456554e-02 6.054969605244299447e-02 4.176777498246275755e-02 3.292090802068825539e-02 -3.107998054206349142e-02 5.731094370696423156e-03 -2.415251625975861974e-02 6.339724510765194603e-03
-5.241911722933830786e-01 1.734133606198414501e+00 -3.255675335946030202e+00 2.335178733141594520e+00 4.393275093840053813e+01 1.605786584862587688e+03 1.374097501208653739e+03 7.173779446981019419e+02 6.217791323853794072e-01 2.308828863979350832e-01 3.218204339500181366e-01 3.221661005462192473e-01 1.963427573909063695e-01 8.903931269544738958e-02 -2.327535638171585597e-01 -6.132118794958077435e-02 -1.131438768868635592e-01 1.315218825984363835e-02
-2.242997203507216497e+01 4.393585913060223191e+01 1.194625705835253257e+03 8.953448893062089553e+01 1.605786584862587688e+03 1.242527820515060157e+05 6.935714786722681310e+04 2.405957192856877009e+04 3.065394916700610395e+01 8.058243351762543583e+00 1.396341195051665984e+01 7.105692026472091527e+00 5.354796609033971144e+00 3.130376487995934376e+00 -7.377541842547845619e+00 -2.726627388018926901e+00 -1.330434356381895444e+00 5.088205246748352950e-01
-3.403640795690024135e+01 5.502057865550058580e+01 2.543235864541404680e+02 2.991448606539199204e+02 1.374097501208653739e+03 6.935714786722681310e+04 1.032356333429017686e+05 3.738013298479386140e+04 5.161403455013328312e+01 1.417697077969221375e+01 2.509516566967725026e+01 1.961546969169916821e+01 1.323627371836008138e+01 8.159553771391998112e+00 -1.246368858174730754e+01 6.887411472755143593e-03 -8.281615838069610547e+00 1.191329713489009512e+00
-1.394707337411424497e+01 2.909021564275965588e+01 1.574099757230818284e+02 1.444259371074238345e+02 7.173779446981019419e+02 2.405957192856877009e+04 3.738013298479386140e+04 2.116709593590445002e+04 2.019673673733427677e+01 6.371739630753347150e+00 9.727031369226230240e+00 8.971484127199477854e+00 5.442869872483057314e+00 3.265049331258312204e+00 -5.552943796633770468e+00 -3.971828678608589902e-01 -3.559825145340622221e+00 3.864621834598722105e-01
-1.747397662270270061e-02 2.174507846444627759e-02 2.809276296063255574e-01 1.835007177659014610e-01 6.217791323853794072e-01 3.065394916700610395e+01 5.161403455013328312e+01 2.019673673733427677e+01 2.897675642216344591e-02 7.345440778916518913e-03 1.303289694634050117e-02 9.878498973178698531e-03 7.032852848586377409e-03 4.817303686504752561e-03 -6.066407991560154520e-03 4.186933396503995323e-04 -4.293737842032744473e-03 7.090268358015473001e-04
-5.180472866487070664e-03 9.913924341677787799e-03 -2.028302026099184849e-02 4.321571562501179409e-02 2.308828863979350832e-01 8.058243351762543583e+00 1.417697077969221375e+01 6.371739630753347150e+00 7.345440778916518913e-03 2.339875660596640265e-03 3.743799593985261496e-03 3.512238216698508955e-03 2.178230117925751379e-03 1.383201323737284728e-03 -1.993396984503674908e-03 -7.287634346342422153e-07 -1.430655978889812385e-03 1.799619406735607132e-04
-8.714507366860574714e-03 1.384471111237814411e-02 5.095385153344285205e-03 7.129967110405456554e-02 3.218204339500181366e-01 1.396341195051665984e+01 2.509516566967725026e+01 9.727031369226230240e+00 1.303289694634050117e-02 3.743799593985261496e-03 6.551477211117877515e-03 5.391667039707210771e-03 3.570754166846530717e-03 2.285011277230691515e-03 -3.217609956405251184e-03 1.413445061738019906e-04 -2.324894743953283185e-03 3.206780581802065513e-04
-7.375825295279594962e-03 1.589697664328615367e-02 -1.685313168638612469e-01 6.054969605244299447e-02 3.221661005462192473e-01 7.105692026472091527e+00 1.961546969169916821e+01 8.971484127199477854e+00 9.878498973178698531e-03 3.512238216698508955e-03 5.391667039707210771e-03 5.864928058673219216e-03 3.414385653176780708e-03 2.120961162380897123e-03 -2.986656069184374235e-03 8.690315422039757902e-05 -2.385987706333309553e-03 2.741100359705175697e-04
-4.831143468533613365e-03 9.008421800354450212e-03 -6.683328233194373025e-02 4.176777498246275755e-02 1.963427573909063695e-01 5.354796609033971144e+00 1.323627371836008138e+01 5.442869872483057314e+00 7.032852848586377409e-03 2.178230117925751379e-03 3.570754166846530717e-03 3.414385653176780708e-03 2.274815320173716442e-03 1.418133271879177615e-03 -1.886299405547864089e-03 1.111923802543754745e-04 -1.468946883764759345e-03 2.015285378946142655e-04
-3.055102033852267855e-03 2.588085232691839273e-03 6.518634507435089537e-04 3.292090802068825539e-02 8.903931269544738958e-02 3.130376487995934376e+00 8.159553771391998112e+00 3.265049331258312204e+00 4.817303686504752561e-03 1.383201323737284728e-03 2.285011277230691515e-03 2.120961162380897123e-03 1.418133271879177615e-03 1.175061456394794600e-03 -9.960551773482728168e-04 2.272809420079631763e-04 -8.962817979235765701e-04 1.552768452238341282e-04
4.498959304434720780e-03 -1.091791427290342287e-02 6.436993625938494668e-02 -3.107998054206349142e-02 -2.327535638171585597e-01 -7.377541842547845619e+00 -1.246368858174730754e+01 -5.552943796633770468e+00 -6.066407991560154520e-03 -1.993396984503674908e-03 -3.217609956405251184e-03 -2.986656069184374235e-03 -1.886299405547864089e-03 -9.960551773482728168e-04 1.895266842253369097e-03 1.166833014888104191e-04 1.257278532300457313e-03 -1.404949422346685303e-04
3.008733120478813538e-05 -2.570386644396641974e-03 -1.135559740798134168e-02 5.731094370696423156e-03 -6.132118794958077435e-02 -2.726627388018926901e+00 6.887411472755143593e-03 -3.971828678608589902e-01 4.186933396503995323e-04 -7.287634346342422153e-07 1.413445061738019906e-04 8.690315422039757902e-05 1.111923802543754745e-04 2.272809420079631763e-04 1.166833014888104191e-04 2.240058201452547093e-04 -1.085559190121010859e-04 3.077489648482376776e-05
3.055220950879613748e-03 -6.142437310636483273e-03 9.732596911749867574e-02 -2.415251625975861974e-02 -1.131438768868635592e-01 -1.330434356381895444e+00 -8.281615838069610547e+00 -3.559825145340622221e+00 -4.293737842032744473e-03 -1.430655978889812385e-03 -2.324894743953283185e-03 -2.385987706333309553e-03 -1.468946883764759345e-03 -8.962817979235765701e-04 1.257278532300457313e-03 -1.085559190121010859e-04 1.066161425381565624e-03 -1.191281835504129621e-04
-4.235538917740367922e-04 3.778048111890977491e-04 1.818008234030854021e-03 6.339724510765194603e-03 1.315218825984363835e-02 5.088205246748352950e-01 1.191329713489009512e+00 3.864621834598722105e-01 7.090268358015473001e-04 1.799619406735607132e-04 3.206780581802065513e-04 2.741100359705175697e-04 2.015285378946142655e-04 1.552768452238341282e-04 -1.404949422346685303e-04 3.077489648482376776e-05 -1.191281835504129621e-04 3.115788841837227564e-05
