{
    "R": [
        [
            0.004848237840530059,
            -5.85416276375121e-05,
            0.00014354334163204833,
            -0.0005432366640511621,
            0.00019623625277760958,
            0.01704649494680716,
            0.031056076606745354,
            -0.005073396723279531,
            -2.9346957845777205e-06,
            -1.6144375455483605e-05,
            1.1179520451984574e-06,
            4.0173009185912344e-07,
            -1.765553752805673e-06,
            -6.550195562147936e-06,
            -3.5389327592848958e-06,
            -1.8274813828660876e-05,
            -3.298328742770183e-05,
            -3.713248613123568e-05
        ],
        [
            0.0,
            0.0655944472592172,
            -0.0008424184084871768,
            4.255747526096263e-05,
            0.0018472028181735639,
            0.12404512965904656,
            -0.058241069189275435,
            -0.0005994880321953707,
            4.614704920520419e-05,
            6.543029961861471e-05,
            1.6320811611566943e-06,
            1.0289596275378014e-05,
            7.377292908009441e-06,
            -1.2223375328785793e-06,
            5.195451764534818e-06,
            1.4742894142812494e-05,
            -0.00013236175413711216,
            2.9576654130805877e-05
        ],
        [
            0.0,
            0.0,
            0.49416287760935185,
            0.0008608997369846749,
            -0.0005456312756613826,
            -0.043551663386171335,
            0.014772926208310692,
            -0.0034405594742385444,
            -1.3847939895189549e-05,
            -1.925667078921903e-05,
            -6.217344494985774e-07,
            -4.383325844407463e-06,
            -2.110875690126392e-06,
            3.601368319787835e-06,
            -2.1992621629819924e-06,
            -2.3072326819930008e-05,
            2.0302605860178602e-05,
            -2.6536600650044484e-05
        ],
        [
            0.0,
            0.0,
            0.0,
            0.8611202610929862,
            -0.0009752371113076104,
            -0.08380713599919173,
            -0.020443173085718313,
            -0.0043814162701198,
            -1.684577022327665e-06,
            -1.1318996607973523e-05,
            -4.185436616194073e-06,
            -6.8029659443496375e-06,
            -3.4283833355518205e-08,
            1.6623733928487937e-05,
            -1.389095615732036e-06,
            -6.418226700043882e-05,
            5.835503023672002e-05,
            -2.7859018323831685e-05
        ],
        [
            0.0,
            0.0,
            0.0,
            0.0,
            0.332048289629553,
            0.1655854692506071,
            -0.003290351144179162,
            -0.0037987284663520294,
            3.7809223703864755e-05,
            4.147361694872874e-05,
            4.482596608953212e-06,
            1.272521399245173e-05,
            4.259156913099507e-06,
            -1.7011010380998046e-05,
            8.889295200615114e-07,
            2.1697742234109585e-05,
            -0.0001726253558103451,
            -3.0932396448913668e-06
        ],
        [
            0.0,
            0.0,
            0.0,
            0.0,
            0.0,
            23.396789171412774,
            0.0024476759850356957,
            -0.0025404767542143237,
            4.048080386942723e-05,
            3.9636436981556684e-05,
            4.59116726861336e-06,
            1.414006340234628e-05,
            4.171493498714212e-06,
            -2.0420569705066675e-05,
            5.769493127563859e-07,
            2.6973116429546564e-05,
            -0.00016813448427149588,
            7.17281919936862e-07
        ],
        [
            0.0,
            0.0,
            0.0,
            0.0,
            0.0,
            0.0,
            21.714008730834344,
            -0.0067423518867693235,
            -1.18977658895566e-05,
            -3.412590800466711e-05,
            1.247096792733258e-06,
            -1.121063927911188e-06,
            -3.752085203407492e-06,
            -9.16909091601867e-06,
            -5.8421545127630936e-06,
            -2.7390754803374504e-05,
            -2.1154623197649967e-05,
            -5.603636540290038e-05
        ],
        [
            0.0,
            0.0,
            0.0,
            0.0,
            0.0,
            0.0,
            0.0,
            19.322766950074218,
            2.597352171012199e-07,
            4.3240369908841645e-06,
            -2.18018945416072e-07,
            2.823959406465958e-07,
            4.161663152286159e-07,
            6.818870221612177e-07,
            1.263805870146362e-06,
            1.2769767175949821e-05,
            1.6308502205788955e-05,
            1.7155942341358e-05
        ],
        [
            0.0,
            0.0,
            0.0,
            0.0,
            0.0,
            0.0,
            0.0,
            0.0,
            0.008183289789947609,
            4.0719430081534874e-05,
            1.398604706289349e-07,
            1.0914577072037478e-05,
            5.6128459635375574e-06,
            -7.190907534164375e-06,
            1.8232879037920245e-06,
            -3.0787027203731205e-06,
            -8.010980490851456e-05,
            1.6619820597028572e-05
        ],
        [
            0.0,
            0.0,
            0.0,
            0.0,
            0.0,
            0.0,
            0.0,
            0.0,
            0.0,
            0.010074996777813356,
            1.5152263964080375e-06,
            8.656785906847274e-06,
            7.223101201078923e-06,
            1.8207203175756018e-06,
            9.122955460555577e-06,
            6.453266706432158e-05,
            -6.940555453246155e-05,
            8.290745949730887e-05
        ],
        [
            0.0,
            0.0,
            0.0,
            0.0,
            0.0,
            0.0,
            0.0,
            0.0,
            0.0,
            0.0,
            0.0009346507559807282,
            6.738904750374977e-06,
            1.213007396679854e-08,
            -1.7412746013148634e-05,
            -1.8432122321722185e-07,
            4.415918860014956e-05,
            -0.00015339807817579313,
            -1.3554842580508246e-05
        ],
        [
            0.0,
            0.0,
            0.0,
            0.0,
            0.0,
            0.0,
            0.0,
            0.0,
            0.0,
            0.0,
            0.0,
            0.004147476974840862,
            2.3839574701449337e-06,
            -8.80011970693348e-06,
            1.0708728836926472e-06,
            1.833638187466752e-05,
            -5.7059009064373665e-05,
            1.3943863111690875e-05
        ],
        [
            0.0,
            0.0,
            0.0,
            0.0,
            0.0,
            0.0,
            0.0,
            0.0,
            0.0,
            0.0,
            0.0,
            0.0,
            0.0015633722838531727,
            1.8281073845694418e-06,
            5.422864523245696e-06,
            2.7849580253038835e-05,
            -3.730196394026178e-05,
            5.023270634641545e-05
        ],
        [
            0.0,
            0.0,
            0.0,
            0.0,
            0.0,
            0.0,
            0.0,
            0.0,
            0.0,
            0.0,
            0.0,
            0.0,
            0.0,
            0.004288657837867195,
            3.565113068407055e-06,
            -1.3349538608797144e-05,
            9.336726833161298e-05,
            2.5368550200294242e-05
        ],
        [
            0.0,
            0.0,
            0.0,
            0.0,
            0.0,
            0.0,
            0.0,
            0.0,
            0.0,
            0.0,
            0.0,
            0.0,
            0.0,
            0.0,
            0.001868019166398626,
            7.575689509641422e-05,
            2.9672319211070933e-05,
            9.941354442901487e-05
        ],
        [
            0.0,
            0.0,
            0.0,
            0.0,
            0.0,
            0.0,
            0.0,
            0.0,
            0.0,
            0.0,
            0.0,
            0.0,
            0.0,
            0.0,
            0.0,
            0.029112310772904427,
            7.671035097180407e-06,
            5.851694162252142e-05
        ],
        [
            0.0,
            0.0,
            0.0,
            0.0,
            0.0,
            0.0,
            0.0,
            0.0,
            0.0,
            0.0,
            0.0,
            0.0,
            0.0,
            0.0,
            0.0,
            0.0,
            0.034625503521027175,
            3.8711254224757764e-05
        ],
        [
            0.0,
            0.0,
            0.0,
            0.0,
            0.0,
            0.0,
            0.0,
            0.0,
            0.0,
            0.0,
            0.0,
            0.0,
            0.0,
            0.0,
            0.0,
            0.0,
            0.0,
            0.04765055456987152
        ]
    ],
    "RDR": [
        [
            [
                0.004848237840530059,
                -5.85416276375121e-05,
                0.00014354334163204833,
                -0.0005432366640511621,
                0.00019623625277760958,
                0.01704649494680716,
                0.031056076606745354,
                -0.005073396723279531,
                -2.9346957845777205e-06,
                -1.6144375455483605e-05,
                1.1179520451984574e-06,
                4.0173009185912344e-07,
                -1.765553752805673e-06,
                -6.550195562147936e-06,
                -3.5389327592848958e-06,
                -1.8274813828660876e-05,
                -3.298328742770183e-05,
                -3.713248613123568e-05
            ],
            [
                0.0,
                0.0655944472592172,
                -0.0008424184084871768,
                4.255747526096263e-05,
                0.0018472028181735639,
                0.12404512965904656,
                -0.058241069189275435,
                -0.0005994880321953707,
                4.614704920520419e-05,
                6.543029961861471e-05,
                1.6320811611566943e-06,
                1.0289596275378014e-05,
                7.377292908009441e-06,
                -1.2223375328785793e-06,
                5.195451764534818e-06,
                1.4742894142812494e-05,
                -0.00013236175413711216,
                2.9576654130805877e-05
            ],
            [
                0.0,
                0.0,
                0.49416287760935185,
                0.0008608997369846749,
                -0.0005456312756613826,
                -0.043551663386171335,
                0.014772926208310692,
                -0.0034405594742385444,
                -1.3847939895189549e-05,
                -1.925667078921903e-05,
                -6.217344494985774e-07,
                -4.383325844407463e-06,
                -2.110875690126392e-06,
                3.601368319787835e-06,
                -2.1992621629819924e-06,
                -2.3072326819930008e-05,
                2.0302605860178602e-05,
                -2.6536600650044484e-05
            ],
            [
                0.0,
                0.0,
                0.0,
                0.8611202610929862,
                -0.0009752371113076104,
                -0.08380713599919173,
                -0.020443173085718313,
                -0.0043814162701198,
                -1.684577022327665e-06,
                -1.1318996607973523e-05,
                -4.185436616194073e-06,
                -6.8029659443496375e-06,
                -3.4283833355518205e-08,
                1.6623733928487937e-05,
                -1.389095615732036e-06,
                -6.418226700043882e-05,
                5.835503023672002e-05,
                -2.7859018323831685e-05
            ],
            [
                0.0,
                0.0,
                0.0,
                0.0,
                0.332048289629553,
                0.1655854692506071,
                -0.003290351144179162,
                -0.0037987284663520294,
                3.7809223703864755e-05,
                4.147361694872874e-05,
                4.482596608953212e-06,
                1.272521399245173e-05,
                4.259156913099507e-06,
                -1.7011010380998046e-05,
                8.889295200615114e-07,
                2.1697742234109585e-05,
                -0.0001726253558103451,
                -3.0932396448913668e-06
            ],
            [
                0.0,
                0.0,
                0.0,
                0.0,
                0.0,
                23.396789171412774,
                0.0024476759850356957,
                -0.0025404767542143237,
                4.048080386942723e-05,
                3.9636436981556684e-05,
                4.59116726861336e-06,
                1.414006340234628e-05,
                4.171493498714212e-06,
                -2.0420569705066675e-05,
                5.769493127563859e-07,
                2.6973116429546564e-05,
                -0.00016813448427149588,
                7.17281919936862e-07
            ],
            [
                0.0,
                0.0,
                0.0,
                0.0,
                0.0,
                0.0,
                21.714008730834344,
                -0.0067423518867693235,
                -1.18977658895566e-05,
                -3.412590800466711e-05,
                1.247096792733258e-06,
                -1.121063927911188e-06,
                -3.752085203407492e-06,
                -9.16909091601867e-06,
                -5.8421545127630936e-06,
                -2.7390754803374504e-05,
                -2.1154623197649967e-05,
                -5.603636540290038e-05
            ],
            [
                0.0,
                0.0,
                0.0,
                0.0,
                0.0,
                0.0,
                0.0,
                19.322766950074218,
                2.597352171012199e-07,
                4.3240369908841645e-06,
                -2.18018945416072e-07,
                2.823959406465958e-07,
                4.161663152286159e-07,
                6.818870221612177e-07,
                1.263805870146362e-06,
                1.2769767175949821e-05,
                1.6308502205788955e-05,
                1.7155942341358e-05
            ],
            [
                0.0,
                0.0,
                0.0,
                0.0,
                0.0,
                0.0,
                0.0,
                0.0,
                0.008183289789947609,
                4.0719430081534874e-05,
                1.398604706289349e-07,
                1.0914577072037478e-05,
                5.6128459635375574e-06,
                -7.190907534164375e-06,
                1.8232879037920245e-06,
                -3.0787027203731205e-06,
                -8.010980490851456e-05,
                1.6619820597028572e-05
            ],
            [
                0.0,
                0.0,
                0.0,
                0.0,
                0.0,
                0.0,
                0.0,
                0.0,
                0.0,
                0.010074996777813356,
                1.5152263964080375e-06,
                8.656785906847274e-06,
                7.223101201078923e-06,
                1.8207203175756018e-06,
                9.122955460555577e-06,
                6.453266706432158e-05,
                -6.940555453246155e-05,
                8.290745949730887e-05
            ],
            [
                0.0,
                0.0,
                0.0,
                0.0,
                0.0,
                0.0,
                0.0,
                0.0,
                0.0,
                0.0,
                0.0009346507559807282,
                6.738904750374977e-06,
                1.213007396679854e-08,
                -1.7412746013148634e-05,
                -1.8432122321722185e-07,
                4.415918860014956e-05,
                -0.00015339807817579313,
                -1.3554842580508246e-05
            ],
            [
                0.0,
                0.0,
                0.0,
                0.0,
                0.0,
                0.0,
                0.0,
                0.0,
                0.0,
                0.0,
                0.0,
                0.004147476974840862,
                2.3839574701449337e-06,
                -8.80011970693348e-06,
                1.0708728836926472e-06,
                1.833638187466752e-05,
                -5.7059009064373665e-05,
                1.3943863111690875e-05
            ],
            [
                0.0,
                0.0,
                0.0,
                0.0,
                0.0,
                0.0,
                0.0,
                0.0,
                0.0,
                0.0,
                0.0,
                0.0,
                0.0015633722838531727,
                1.8281073845694418e-06,
                5.422864523245696e-06,
                2.7849580253038835e-05,
                -3.730196394026178e-05,
                5.023270634641545e-05
            ],
            [
                0.0,
                0.0,
                0.0,
                0.0,
                0.0,
                0.0,
                0.0,
                0.0,
                0.0,
                0.0,
                0.0,
                0.0,
                0.0,
                0.004288657837867195,
                3.565113068407055e-06,
                -1.3349538608797144e-05,
                9.336726833161298e-05,
                2.5368550200294242e-05
            ],
            [
                0.0,
                0.0,
                0.0,
                0.0,
                0.0,
                0.0,
                0.0,
                0.0,
                0.0,
                0.0,
                0.0,
                0.0,
                0.0,
                0.0,
                0.001868019166398626,
                7.575689509641422e-05,
                2.9672319211070933e-05,
                9.941354442901487e-05
            ],
            [
                0.0,
                0.0,
                0.0,
                0.0,
                0.0,
                0.0,
                0.0,
                0.0,
                0.0,
                0.0,
                0.0,
                0.0,
                0.0,
                0.0,
                0.0,
                0.029112310772904427,
                7.671035097180407e-06,
                5.851694162252142e-05
            ],
            [
                0.0,
                0.0,
                0.0,
                0.0,
                0.0,
                0.0,
                0.0,
                0.0,
                0.0,
                0.0,
                0.0,
                0.0,
                0.0,
                0.0,
                0.0,
                0.0,
                0.034625503521027175,
                3.8711254224757764e-05
            ],
            [
                0.0,
                0.0,
                0.0,
                0.0,
                0.0,
                0.0,
                0.0,
                0.0,
                0.0,
                0.0,
                0.0,
                0.0,
                0.0,
                0.0,
                0.0,
                0.0,
                0.0,
                0.04765055456987152
            ]
        ],
        [
            [
                0.0009696475681060118,
                -1.170832552750242e-05,
                2.8708668326409666e-05,
                -0.00010864733281023244,
                3.924725055552192e-05,
                0.003409298989361432,
                0.0062112153213490714,
                -0.0010146793446559061,
                -5.869391569155441e-07,
                -3.228875091096721e-06,
                2.235904090396915e-07,
                8.03460183718247e-08,
                -3.5311075056113464e-07,
                -1.3100391124295873e-06,
                -7.077865518569792e-07,
                -3.6549627657321754e-06,
                -6.596657485540366e-06,
                -7.426497226247136e-06
            ],
            [
                0.0,
                0.013118889451843441,
                -0.00016848368169743535,
                8.511495052192526e-06,
                0.0003694405636347128,
                0.024809025931809312,
                -0.011648213837855088,
                -0.00011989760643907415,
                9.22940984104084e-06,
                1.3086059923722942e-05,
                3.2641623223133886e-07,
                2.0579192550756027e-06,
                1.4754585816018882e-06,
                -2.444675065757159e-07,
                1.0390903529069636e-06,
                2.948578828562499e-06,
                -2.6472350827422434e-05,
                5.915330826161176e-06
            ],
            [
                0.0,
                0.0,
                0.09883257552187037,
                0.000172179947396935,
                -0.00010912625513227652,
                -0.008710332677234268,
                0.0029545852416621387,
                -0.0006881118948477089,
                -2.76958797903791e-06,
                -3.851334157843807e-06,
                -1.2434688989971547e-07,
                -8.766651688814927e-07,
                -4.221751380252784e-07,
                7.20273663957567e-07,
                -4.398524325963985e-07,
                -4.614465363986002e-06,
                4.060521172035721e-06,
                -5.307320130008897e-06
            ],
            [
                0.0,
                0.0,
                0.0,
                0.17222405221859727,
                -0.00019504742226152209,
                -0.016761427199838346,
                -0.004088634617143662,
                -0.00087628325402396,
                -3.36915404465533e-07,
                -2.2637993215947046e-06,
                -8.370873232388146e-07,
                -1.3605931888699276e-06,
                -6.856766671103641e-09,
                3.3247467856975874e-06,
                -2.778191231464072e-07,
                -1.2836453400087766e-05,
                1.1671006047344006e-05,
                -5.571803664766337e-06
            ],
            [
                0.0,
                0.0,
                0.0,
                0.0,
                0.06640965792591061,
                0.033117093850121425,
                -0.0006580702288358324,
                -0.000759745693270406,
                7.561844740772952e-06,
                8.294723389745748e-06,
                8.965193217906425e-07,
                2.5450427984903463e-06,
                8.518313826199015e-07,
                -3.4022020761996094e-06,
                1.777859040123023e-07,
                4.339548446821917e-06,
                -3.452507116206902e-05,
                -6.186479289782734e-07
            ],
            [
                0.0,
                0.0,
                0.0,
                0.0,
                0.0,
                4.679357834282555,
                0.0004895351970071392,
                -0.0005080953508428647,
                8.096160773885446e-06,
                7.927287396311338e-06,
                9.182334537226721e-07,
                2.8280126804692564e-06,
                8.342986997428424e-07,
                -4.084113941013335e-06,
                1.1538986255127718e-07,
                5.394623285909313e-06,
                -3.362689685429918e-05,
                1.434563839873724e-07
            ],
            [
                0.0,
                0.0,
                0.0,
                0.0,
                0.0,
                0.0,
                4.342801746166869,
                -0.0013484703773538648,
                -2.37955317791132e-06,
                -6.825181600933422e-06,
                2.4941935854665163e-07,
                -2.242127855822376e-07,
                -7.504170406814985e-07,
                -1.8338181832037342e-06,
                -1.1684309025526189e-06,
                -5.478150960674901e-06,
                -4.230924639529993e-06,
                -1.1207273080580077e-05
            ],
            [
                0.0,
                0.0,
                0.0,
                0.0,
                0.0,
                0.0,
                0.0,
                3.864553390014844,
                5.194704342024398e-08,
                8.64807398176833e-07,
                -4.36037890832144e-08,
                5.6479188129319166e-08,
                8.323326304572319e-08,
                1.3637740443224355e-07,
                2.527611740292724e-07,
                2.5539534351899643e-06,
                3.261700441157791e-06,
                3.4311884682716e-06
            ],
            [
                0.0,
                0.0,
                0.0,
                0.0,
                0.0,
                0.0,
                0.0,
                0.0,
                0.0016366579579895218,
                8.143886016306975e-06,
                2.797209412578698e-08,
                2.182915414407496e-06,
                1.1225691927075115e-06,
                -1.438181506832875e-06,
                3.646575807584049e-07,
                -6.157405440746241e-07,
                -1.6021960981702913e-05,
                3.3239641194057146e-06
            ],
            [
                0.0,
                0.0,
                0.0,
                0.0,
                0.0,
                0.0,
                0.0,
                0.0,
                0.0,
                0.0020149993555626713,
                3.030452792816075e-07,
                1.7313571813694549e-06,
                1.4446202402157847e-06,
                3.641440635151204e-07,
                1.8245910921111154e-06,
                1.2906533412864317e-05,
                -1.3881110906492311e-05,
                1.6581491899461775e-05
            ],
            [
                0.0,
                0.0,
                0.0,
                0.0,
                0.0,
                0.0,
                0.0,
                0.0,
                0.0,
                0.0,
                0.00018693015119614564,
                1.3477809500749954e-06,
                2.4260147933597082e-09,
                -3.482549202629727e-06,
                -3.686424464344437e-08,
                8.831837720029912e-06,
                -3.067961563515863e-05,
                -2.7109685161016496e-06
            ],
            [
                0.0,
                0.0,
                0.0,
                0.0,
                0.0,
                0.0,
                0.0,
                0.0,
                0.0,
                0.0,
                0.0,
                0.0008294953949681725,
                4.767914940289868e-07,
                -1.7600239413866962e-06,
                2.1417457673852945e-07,
                3.667276374933504e-06,
                -1.1411801812874733e-05,
                2.7887726223381752e-06
            ],
            [
                0.0,
                0.0,
                0.0,
                0.0,
                0.0,
                0.0,
                0.0,
                0.0,
                0.0,
                0.0,
                0.0,
                0.0,
                0.00031267445677063454,
                3.656214769138884e-07,
                1.0845729046491393e-06,
                5.5699160506077675e-06,
                -7.460392788052356e-06,
                1.004654126928309e-05
            ],
            [
                0.0,
                0.0,
                0.0,
                0.0,
                0.0,
                0.0,
                0.0,
                0.0,
                0.0,
                0.0,
                0.0,
                0.0,
                0.0,
                0.0008577315675734391,
                7.130226136814111e-07,
                -2.669907721759429e-06,
                1.8673453666322596e-05,
                5.073710040058849e-06
            ],
            [
                0.0,
                0.0,
                0.0,
                0.0,
                0.0,
                0.0,
                0.0,
                0.0,
                0.0,
                0.0,
                0.0,
                0.0,
                0.0,
                0.0,
                0.00037360383327972524,
                1.5151379019282845e-05,
                5.934463842214187e-06,
                1.9882708885802974e-05
            ],
            [
                0.0,
                0.0,
                0.0,
                0.0,
                0.0,
                0.0,
                0.0,
                0.0,
                0.0,
                0.0,
                0.0,
                0.0,
                0.0,
                0.0,
                0.0,
                0.005822462154580886,
                1.5342070194360816e-06,
                1.1703388324504284e-05
            ],
            [
                0.0,
                0.0,
                0.0,
                0.0,
                0.0,
                0.0,
                0.0,
                0.0,
                0.0,
                0.0,
                0.0,
                0.0,
                0.0,
                0.0,
                0.0,
                0.0,
                0.006925100704205435,
                7.742250844951554e-06
            ],
            [
                0.0,
                0.0,
                0.0,
                0.0,
                0.0,
                0.0,
                0.0,
                0.0,
                0.0,
                0.0,
                0.0,
                0.0,
                0.0,
                0.0,
                0.0,
                0.0,
                0.0,
                0.009530110913974306
            ]
        ]
    ],
    "allnames": [
        "m1_flow_nominal",
        "m2_flow_nominal",
        "tau1",
        "tau2",
        "tau_m",
        "nominalUa.hasValue",
        "workingPressure.hasValue",
        "flowCoefficient.hasValue",
        "waterFlowRateMax",
        "c1",
        "c2",
        "c3",
        "c4",
        "eps_motor",
        "f_motorToAir",
        "kp",
        "Ti",
        "Td"
    ],
    "alpha_count": 1422,
    "cov": [
        [
            0.0035324556667389274,
            0.02956284290081846,
            -0.07943323020727236,
            0.6183059723978694,
            -0.19177116675264336,
            -6.328715134038314,
            11.171538649281565,
            -2.8649036024151147,
            -0.001871171549627204,
            0.016788538572361993,
            -0.0003167990928316093,
            -0.0038190356558462724,
            0.00029214993825097063,
            0.001310993895112086,
            -0.0009364584565178113,
            -0.005995995238044615,
            0.011429306504098229,
            0.018217639402729757
        ],
        [
            0.02956284290081846,
            1.7366848374351527,
            7.29467097954473,
            15.57759219297685,
            -4.532301268041326,
            -219.44349653783237,
            272.08048120018617,
            -221.0952025817073,
            -0.046883953401466935,
            0.3993385567817403,
            -0.015291400768759797,
            -0.1735403125535378,
            0.03488271830546173,
            0.029610972322079897,
            -0.021871614094988816,
            -0.22236698910790706,
            0.6865196402230777,
            0.9513490405086626
        ],
        [
            -0.07943323020727236,
            7.29467097954473,
            54.796367428857565,
            40.40588759013239,
            -6.775845121969581,
            -758.3843041072709,
            591.4080341140925,
            -1050.0534026055882,
            -0.12252690206394523,
            0.9074464943143068,
            -0.05630030600994351,
            -0.6898521750942168,
            0.18471003723678767,
            0.08076223779720902,
            -0.04659060651018738,
            -1.1350953169485878,
            3.3326819411782536,
            4.313915459473021
        ],
        [
            0.6183059723978694,
            15.57759219297685,
            40.40588759013239,
            205.91046714669463,
            -59.59048066143206,
            -2449.6955320968214,
            3752.3781906726144,
            -1670.7999871788081,
            -0.6240831255702833,
            5.159704617871997,
            -0.15116508155993091,
            -1.7720634382979572,
            0.2672654926397408,
            0.3832704189610628,
            -0.28438381784964145,
            -2.515597051916925,
            6.269172649717545,
            8.853965095487077
        ],
        [
            -0.19177116675264336,
            -4.532301268041326,
            -6.775845121969581,
            -59.59048066143206,
            22.349265540175026,
            675.5923523064286,
            -1108.5397545352062,
            375.68003784927305,
            0.20847394340363803,
            -1.6175467079684545,
            0.04791671526412036,
            0.5177572522369329,
            -0.06702374280515071,
            -0.10094108077140768,
            0.09043333054248591,
            0.4091765019300432,
            -1.4809089023632491,
            -2.228474995107958
        ],
        [
            -6.328715134038314,
            -219.44349653783237,
            -758.3843041072709,
            -2449.6955320968214,
            675.5923523064286,
            36331.881729516215,
            -44860.89921714712,
            25646.56944576112,
            8.38596860466837,
            -62.28581236431149,
            2.1301334782406838,
            24.35163657678518,
            -4.09119243012529,
            -4.705743320976372,
            3.289455734823454,
            34.18201159877491,
            -89.65203560991075,
            -112.94028637466309
        ],
        [
            11.171538649281565,
            272.08048120018617,
            591.4080341140925,
            3752.3781906726144,
            -1108.5397545352062,
            -44860.89921714712,
            72731.7517322506,
            -25167.81807121773,
            -12.674402528637517,
            94.6470161435302,
            -2.8665623084213827,
            -31.83567870965068,
            4.223292852901989,
            6.266895624073145,
            -5.46567422093587,
            -40.83237129563568,
            107.3982214909628,
            147.94452820239604
        ],
        [
            -2.8649036024151147,
            -221.0952025817073,
            -1050.0534026055882,
            -1670.7999871788081,
            375.68003784927305,
            25646.56944576112,
            -25167.81807121773,
            48757.59496708273,
            0.4391267511170567,
            -38.13018067516447,
            1.4590461016381264,
            19.68684059941789,
            -5.556191737166138,
            -6.16734856871709,
            1.9520607952648155,
            42.38413082629368,
            -98.43280196836493,
            -147.77329669171155
        ],
        [
            -0.001871171549627204,
            -0.046883953401466935,
            -0.12252690206394523,
            -0.6240831255702833,
            0.20847394340363803,
            8.38596860466837,
            -12.674402528637517,
            0.4391267511170567,
            0.003942283025668823,
            -0.017779967856281408,
            0.0005669283315480712,
            0.006056250300008804,
            -0.0005941027978644912,
            -0.0003204824699160988,
            0.0010270856145860863,
            0.0018232543647176901,
            -0.015361664052332273,
            -0.019342690906540477
        ],
        [
            0.016788538572361993,
            0.3993385567817403,
            0.9074464943143068,
            5.159704617871997,
            -1.6175467079684545,
            -62.28581236431149,
            94.6470161435302,
            -38.13018067516447,
            -0.017779967856281408,
            0.13586374308790272,
            -0.003993786598732393,
            -0.04550660727384079,
            0.006524117473967231,
            0.009103119434996799,
            -0.007419221872512207,
            -0.05271743679334654,
            0.1502497951199149,
            0.21444404524665522
        ],
        [
            -0.0003167990928316093,
            -0.015291400768759797,
            -0.05630030600994351,
            -0.15116508155993091,
            0.04791671526412036,
            2.1301334782406838,
            -2.8665623084213827,
            1.4590461016381264,
            0.0005669283315480712,
            -0.003993786598732393,
            0.00017184448542227694,
            0.00165310596926281,
            -0.0002658926133154617,
            -0.0002171249964496833,
            0.00024497886373242453,
            0.0018988199370204165,
            -0.005729956282297769,
            -0.0073941297859648515
        ],
        [
            -0.0038190356558462724,
            -0.1735403125535378,
            -0.6898521750942168,
            -1.7720634382979572,
            0.5177572522369329,
            24.35163657678518,
            -31.83567870965068,
            19.68684059941789,
            0.006056250300008804,
            -0.04550660727384079,
            0.00165310596926281,
            0.018773851724012493,
            -0.0033761752899145398,
            -0.0032253525170112436,
            0.0024853198814101933,
            0.023803003173529694,
            -0.06878232089479516,
            -0.0933363463943154
        ],
        [
            0.00029214993825097063,
            0.03488271830546173,
            0.18471003723678767,
            0.2672654926397408,
            -0.06702374280515071,
            -4.09119243012529,
            4.223292852901989,
            -5.556191737166138,
            -0.0005941027978644912,
            0.006524117473967231,
            -0.0002658926133154617,
            -0.0033761752899145398,
            0.000853343514902002,
            0.0007076503934401808,
            -0.0003190767776954962,
            -0.005496013715867159,
            0.014669812418147628,
            0.020736293766369585
        ],
        [
            0.001310993895112086,
            0.029610972322079897,
            0.08076223779720902,
            0.3832704189610628,
            -0.10094108077140768,
            -4.705743320976372,
            6.266895624073145,
            -6.16734856871709,
            -0.0003204824699160988,
            0.009103119434996799,
            -0.0002171249964496833,
            -0.0032253525170112436,
            0.0007076503934401808,
            0.0016083225007142527,
            -0.00041064989372726853,
            -0.008013720946879266,
            0.013510388217307384,
            0.020563100375481997
        ],
        [
            -0.0009364584565178113,
            -0.021871614094988816,
            -0.04659060651018738,
            -0.28438381784964145,
            0.09043333054248591,
            3.289455734823454,
            -5.46567422093587,
            1.9520607952648155,
            0.0010270856145860863,
            -0.007419221872512207,
            0.00024497886373242453,
            0.0024853198814101933,
            -0.0003190767776954962,
            -0.00041064989372726853,
            0.0004977490860230121,
            0.0027110175495916318,
            -0.00814442802184219,
            -0.011935635136319926
        ],
        [
            -0.005995995238044615,
            -0.22236698910790706,
            -1.1350953169485878,
            -2.515597051916925,
            0.4091765019300432,
            34.18201159877491,
            -40.83237129563568,
            42.38413082629368,
