7.167039370355611895e-04 4.022192760137270371e-06 -8.889712509948784628e-06 -1.209391052641847474e-05 2.232932434296702048e-05 1.697621642243005591e-03 -5.238380317087695700e-05 -4.951790695262910796e-05 5.444772505843641055e-07 3.680392899726368363e-07 2.239574898332415158e-08 1.427132037089122450e-07 5.099855801121152362e-08 -1.688709138302031761e-07 -1.065328100965343407e-08 -1.432639270098199489e-07 -1.525773866041024484e-06 -1.746420110437025557e-07
4.022192760137270371e-06 1.308446938417852368e-01 -1.259260747407910845e-03 -1.713147280245384775e-03 3.163031608701630075e-03 2.404744018025716801e-01 -7.420360001429052166e-03 -7.014395173011320206e-03 7.712722191523612813e-05 5.213413041735019731e-05 3.172440905365476874e-06 2.021585460343504844e-05 7.224134886932795588e-06 -2.392119125644296798e-05 -1.509076766155171650e-06 -2.029386660154408576e-05 -2.161315269505096161e-04 -2.473868858071547313e-05
-8.889712509948784628e-06 -1.259260747407910845e-03 7.449097418930701764e+00 3.786339371776497285e-03 -6.990823995287255566e-03 -5.314882765473960546e-01 1.640022521714651696e-02 1.550297567467030270e-02 -1.704639410404764027e-04 -1.152250672716646611e-04 -7.011620100111324257e-06 -4.468038860507742396e-05 -1.596653519801278546e-05 5.286979661263700508e-05 3.335309719493614233e-06 4.485280804812081634e-05 4.776864893120402744e-04 5.467660116523305518e-05
-1.209391052641847474e-05 -1.713147280245384775e-03 3.786339371776497285e-03 2.252979015885980729e+01 -9.510588763171432675e-03 -7.230573154318575835e-01 2.231150401852811938e-02 2.109085085629894274e-02 -2.319057729501393557e-04 -1.567566614133498722e-04 -9.538880592716967821e-06 -6.078493781105721091e-05 -2.172149525483253369e-05 7.192612686491234926e-05 4.537485017688391655e-06 6.101950392496111920e-05 6.498632722884371132e-04 7.438417402598392894e-05
2.232932434296702048e-05 3.163031608701630075e-03 -6.990823995287255566e-03 -9.510588763171432675e-03 3.359545019293468382e+00 1.335000889874641938e+00 -4.119435220897612465e-02 -3.894062622761190057e-02 4.281740971953135080e-04 2.894241964146507511e-04 1.761190130837590642e-05 1.122289261678643220e-04 4.010500257132394844e-05 -1.327992142815732121e-04 -8.377685153201016262e-06 -1.126620121267680276e-04 -1.199860686401797889e-03 -1.373375753178965027e-04
1.697621642243005591e-03 2.404744018025716801e-01 -5.314882765473960546e-01 -7.230573154318575835e-01 1.335000889874641938e+00 1.668050972138546422e+04 -3.131864752108594274e+00 -2.960521726100091566e+00 3.255260225890203168e-02 2.200392506623491048e-02 1.338972212634986997e-03 8.532378813704088669e-03 3.049045250163818273e-03 -1.009626698840405783e-02 -6.369265549430493112e-04 -8.565304847895451046e-03 -9.122127645361545467e-02 -1.044130295085588835e-02
-5.238380317087695700e-05 -7.420360001429052166e-03 1.640022521714651696e-02 2.231150401852811938e-02 -4.119435220897612465e-02 -3.131864752108594274e+00 1.435345745809690561e+04 9.135332840021183343e-02 -1.004481250119497156e-03 -6.789789025859860978e-04 -4.131689599884623253e-05 -2.632850814542431282e-04 -9.408491401690999908e-05 3.115422480019694310e-04 1.965375231924939797e-05 2.643010857577691476e-04 2.814830626469078372e-03 3.221890820751200984e-04
-4.951790695262910796e-05 -7.014395173011320206e-03 1.550297567467030270e-02 2.109085085629894274e-02 -3.894062622761190057e-02 -2.960521726100091566e+00 9.135332840021183343e-02 1.139277637226012848e+04 -9.495264961351819986e-04 -6.418322474864367839e-04 -3.905646569739258867e-05 -2.488808634787089335e-04 -8.893756726173696536e-05 2.944979003920642478e-04 1.857850365388653485e-05 2.498412826067618808e-04 2.660832406425924293e-03 3.045622505740201670e-04
5.444772505843641055e-07 7.712722191523612813e-05 -1.704639410404764027e-04 -2.319057729501393557e-04 4.281740971953135080e-04 3.255260225890203168e-02 -1.004481250119497156e-03 -9.495264961351819986e-04 2.042088816275612270e-03 7.057306719003874844e-06 4.294478173482205846e-07 2.736585138777864092e-06 9.779185970573710278e-07 -3.238170128267619456e-06 -2.042811017662091135e-07 -2.747145487516980491e-06 -2.925734955442504557e-05 -3.348833321710585343e-06
3.680392899726368363e-07 5.213413041735019731e-05 -1.152250672716646611e-04 -1.567566614133498722e-04 2.894241964146507511e-04 2.200392506623491048e-02 -6.789789025859860978e-04 -6.418322474864367839e-04 7.057306719003874844e-06 3.080697167400798814e-03 2.902851673003886727e-07 1.849794183952629821e-06 6.610238824960151080e-07 -2.188840458511604219e-06 -1.380837703837439559e-07 -1.856932449596670160e-06 -1.977649965161108937e-05 -2.263643222258192266e-06
2.239574898332415158e-08 3.172440905365476874e-06 -7.011620100111324257e-06 -9.538880592716967821e-06 1.761190130837590642e-05 1.338972212634986997e-03 -4.131689599884623253e-05 -3.905646569739258867e-05 4.294478173482205846e-07 2.902851673003886727e-07 2.649418130913831055e-05 1.125627815924112565e-07 4.022430579480732897e-08 -1.331942616154233173e-07 -8.402606853239014729e-09 -1.129971558831346651e-07 -1.203429997920084099e-06 -1.377461232393603052e-07
1.427132037089122450e-07 2.021585460343504844e-05 -4.468038860507742396e-05 -6.078493781105721091e-05 1.122289261678643220e-04 8.532378813704088669e-03 -2.632850814542431282e-04 -2.488808634787089335e-04 2.736585138777864092e-06 1.849794183952629821e-06 1.125627815924112565e-07 5.247847821348954056e-04 2.563227312119955271e-07 -8.487583873588610294e-07 -5.354422146922155804e-08 -7.200556738729768558e-07 -7.668658483825039959e-06 -8.777643721855082858e-07
5.099855801121152362e-08 7.224134886932795588e-06 -1.596653519801278546e-05 -2.172149525483253369e-05 4.010500257132394844e-05 3.049045250163818273e-03 -9.408491401690999908e-05 -8.893756726173696536e-05 9.779185970573710278e-07 6.610238824960151080e-07 4.022430579480732897e-08 2.563227312119955271e-07 7.442916846500506351e-05 -3.033037779987844178e-07 -1.913402554071263960e-08 -2.573118681451041214e-07 -2.740394822564673361e-06 -3.136690655924348267e-07
-1.688709138302031761e-07 -2.392119125644296798e-05 5.286979661263700508e-05 7.192612686491234926e-05 -1.327992142815732121e-04 -1.009626698840405783e-02 3.115422480019694310e-04 2.944979003920642478e-04 -3.238170128267619456e-06 -2.188840458511604219e-06 -1.331942616154233173e-07 -8.487583873588610294e-07 -3.033037779987844178e-07 5.594062557633993141e-04 6.335826941617149394e-08 8.520337046288227841e-07 9.074236527242946333e-06 1.038648616990613352e-06
-1.065328100965343407e-08 -1.509076766155171650e-06 3.335309719493614233e-06 4.537485017688391655e-06 -8.377685153201016262e-06 -6.369265549430493112e-04 1.965375231924939797e-05 1.857850365388653485e-05 -2.042811017662091135e-07 -1.380837703837439559e-07 -8.402606853239014729e-09 -5.354422146922155804e-08 -1.913402554071263960e-08 6.335826941617149394e-08 1.059554547483484451e-04 5.375084601149031947e-08 5.724514037389601472e-07 6.552351341104595685e-08
-1.432639270098199489e-07 -2.029386660154408576e-05 4.485280804812081634e-05 6.101950392496111920e-05 -1.126620121267680276e-04 -8.565304847895451046e-03 2.643010857577691476e-04 2.498412826067618808e-04 -2.747145487516980491e-06 -1.856932449596670160e-06 -1.129971558831346651e-07 -7.200556738729768558e-07 -2.573118681451041214e-07 8.520337046288227841e-07 5.375084601149031947e-08 2.580984322043441276e-02 7.698251463339114150e-06 8.811516221379037200e-07
-1.525773866041024484e-06 -2.161315269505096161e-04 4.776864893120402744e-04 6.498632722884371132e-04 -1.199860686401797889e-03 -9.122127645361545467e-02 2.814830626469078372e-03 2.660832406425924293e-03 -2.925734955442504557e-05 -1.977649965161108937e-05 -1.203429997920084099e-06 -7.668658483825039959e-06 -2.740394822564673361e-06 9.074236527242946333e-06 5.724514037389601472e-07 7.698251463339114150e-06 3.650089235752902034e-02 9.384344999739643097e-06
-1.746420110437025557e-07 -2.473868858071547313e-05 5.467660116523305518e-05 7.438417402598392894e-05 -1.373375753178965027e-04 -1.044130295085588835e-02 3.221890820751200984e-04 3.045622505740201670e-04 -3.348833321710585343e-06 -2.263643222258192266e-06 -1.377461232393603052e-07 -8.777643721855082858e-07 -3.136690655924348267e-07 1.038648616990613352e-06 6.552351341104595685e-08 8.811516221379037200e-07 9.384344999739643097e-06 6.922568828255915019e-02
2.294173213210201276e-04 -4.342202310311498722e-07 5.206251801748948641e-06 2.406296243226708890e-05 4.241488339646668165e-07 3.602385279678538868e-05 5.298721732641491471e-04 -1.638621466036378098e-04 1.026959967059178478e-07 -4.231961652404479734e-07 -1.618034442790293013e-08 -1.170749155733476987e-08 -2.750307573617024326e-08 -4.707482932402421997e-08 -1.042490116194978577e-07 -1.141553896649150221e-06 -4.285156225903423414e-07 -1.171055638897770550e-06
-4.342202310311498722e-07 4.191141899725084330e-02 -5.952755528744516599e-04 -1.215438994734695764e-03 1.172719283127869909e-03 8.906758173938385259e-02 -1.543190623855902714e-02 1.291040298113661821e-03 2.638949839145251900e-05 2.960496382285403340e-05 1.572867125936584528e-06 7.839598929653072680e-06 3.358507620356802270e-06 -7.821125993871638532e-06 1.925845031093070105e-06 1.967901577911294647e-05 -7.058889862580769990e-05 1.872152899743100623e-05
5.206251801748948641e-06 -5.952755528744516599e-04 2.384610655488109021e+00 4.332402744459883451e-03 -2.987983590873334247e-03 -2.267440930909513375e-01 6.632004793480091032e-02 -1.157596029339282365e-02 -6.254079445887362739e-05 -9.731094384346551684e-05 -4.852125275718499070e-06 -2.070794040376950455e-05 -1.000530723465167362e-05 1.769636209475741476e-05 -1.019889463239260474e-05 -1.080635981097300091e-04 1.595331464736897365e-04 -1.070942080678990391e-04
2.406296243226708890e-05 -1.215438994734695764e-03 4.332402744459883451e-03 7.220360457653087316e+00 -5.648724511213583550e-03 -4.279888971331677894e-01 2.190304851175358947e-01 -5.062617447112790353e-02 -1.019394550556791879e-04 -2.598565397816089912e-04 -1.210237696855946679e-05 -4.169159089932816348e-05 -2.393773284526311637e-05 2.571574606718844328e-05 -3.763635611137032186e-05 -4.052009681938253342e-04 2.311100239688248376e-04 -4.084677994582821582e-04
4.241488339646668165e-07 1.172719283127869909e-03 -2.987983590873334247e-03 -5.648724511213583550e-03 1.075681301511407506e+00 4.745086687531599456e-01 -6.416730615301155516e-02 1.344617460339849130e-03 1.436880025348278678e-04 1.430723601015982272e-04 7.813401610231002120e-06 4.126473858630556950e-05 1.692097356937960503e-05 -4.314527404244727124e-05 6.724570294322728007e-06 6.614591348256282388e-05 -3.895266757737586311e-04 6.006485457143299932e-05
3.602385279678538868e-05 8.906758173938385259e-02 -2.267440930909513375e-01 -4.279888971331677894e-01 4.745086687531599456e-01 5.341333217465912639e+03 -4.849766132306964295e+00 9.446799456196201816e-02 1.092035429385857306e-02 1.084894269715844760e-02 5.928022311589676392e-04 3.134208498077507062e-03 1.284146286680276638e-03 -3.279821593566388353e-03 5.059601522725625748e-04 4.971411759962436963e-03 -2.961124088557840275e-02 4.508069707239239360e-03
5.298721732641491471e-04 -1.543190623855902714e-02 6.632004793480091032e-02 2.190304851175358947e-01 -6.416730615301155516e-02 -4.849766132306964295e+00 4.597252982741320920e+03 -1.093571572840671413e+00 -8.640884357545133626e-04 -4.320887043138045905e-03 -1.903240732571350477e-04 -5.194848470442192320e-04 -3.625313439773717892e-04 1.525191314090462095e-04 -7.586501178232068479e-04 -8.227120903169269500e-03 1.353853534073321506e-03 -8.356219737174336998e-03
-1.638621466036378098e-04 1.291040298113661821e-03 -1.157596029339282365e-02 -5.062617447112790353e-02 1.344617460339849130e-03 9.446799456196201816e-02 -1.093571572840671413e+00 3.645992469274541236e+03 -1.569099067084213958e-04 9.057796669528196893e-04 3.545733540244382456e-05 3.820956388093234388e-05 6.155294042884839787e-05 7.993534479568008462e-05 2.130734219454721986e-04 2.330569209043303718e-03 7.287750236292098909e-04 2.388052893011260308e-03
1.026959967059178478e-07 2.638949839145251900e-05 -6.254079445887362739e-05 -1.019394550556791879e-04 1.436880025348278678e-04 1.092035429385857306e-02 -8.640884357545133626e-04 -1.569099067084213958e-04 6.535394370066792890e-04 2.795367594769720363e-06 1.606002746855373115e-07 9.326651555330321167e-07 3.564374524026781422e-07 -1.043127593824055750e-06 3.473570017413549282e-08 2.086440109166792605e-07 -9.421648907956773890e-06 3.542294758717468583e-08
-4.231961652404479734e-07 2.960496382285403340e-05 -9.731094384346551684e-05 -2.598565397816089912e-04 1.430723601015982272e-04 1.084894269715844760e-02 -4.320887043138045905e-03 9.057796669528196893e-04 2.795367594769720363e-06 9.898841705486100765e-04 2.681581276342708926e-07 1.022656260348137436e-06 5.405060059160467841e-07 -7.527069845255133618e-07 7.128233834470238509e-07 7.631322338049183421e-06 -6.776890845001705929e-06 7.647267668526827028e-06
-1.618034442790293013e-08 1.572867125936584528e-06 -4.852125275718499070e-06 -1.210237696855946679e-05 7.813401610231002120e-06 5.928022311589676392e-04 -1.903240732571350477e-04 3.545733540244382456e-05 1.606002746855373115e-07 2.681581276342708926e-07 8.485702139797793387e-06 5.460908022290633706e-08 2.706973807487395323e-08 -4.487836528953076432e-08 2.998200910747046464e-08 3.188365965010955348e-07 -4.044499994575662402e-07 3.172219599727763549e-07
-1.170749155733476987e-08 7.839598929653072680e-06 -2.070794040376950455e-05 -4.169159089932816348e-05 4.126473858630556950e-05 3.134208498077507062e-03 -5.194848470442192320e-04 3.820956388093234388e-05 9.326651555330321167e-07 1.022656260348137436e-06 5.460908022290633706e-08 1.679768131271097719e-04 1.169150673081212477e-07 -2.771473479584738708e-07 6.315515085587038633e-08 6.419917366128396045e-07 -2.501529655323883588e-06 6.070197077367414104e-07
-2.750307573617024326e-08 3.358507620356802270e-06 -1.000530723465167362e-05 -2.393773284526311637e-05 1.692097356937960503e-05 1.284146286680276638e-03 -3.625313439773717892e-04 6.155294042884839787e-05 3.564374524026781422e-07 5.405060059160467841e-07 2.706973807487395323e-08 1.169150673081212477e-07 2.384398367786191519e-05 -1.012921307321187664e-07 5.520073968897706777e-08 5.839920493446688218e-07 -9.132510677609281913e-07 5.777923809570694012e-07
-4.707482932402421997e-08 -7.821125993871638532e-06 1.769636209475741476e-05 2.571574606718844328e-05 -4.314527404244727124e-05 -3.279821593566388353e-03 1.525191314090462095e-04 7.993534479568008462e-05 -1.043127593824055750e-06 -7.527069845255133618e-07 -4.487836528953076432e-08 -2.771473479584738708e-07 -1.012921307321187664e-07 1.790106748168144159e-04 1.052969246838361702e-08 1.667638173491247146e-07 2.909528060196374833e-06 2.245999443937939500e-07
-1.042490116194978577e-07 1.925845031093070105e-06 -1.019889463239260474e-05 -3.763635611137032186e-05 6.724570294322728007e-06 5.059601522725625748e-04 -7.586501178232068479e-04 2.130734219454721986e-04 3.473570017413549282e-08 7.128233834470238509e-07 2.998200910747046464e-08 6.315515085587038633e-08 5.520073968897706777e-08 1.052969246838361702e-08 3.404685696121229115e-05 1.550492590624947930e-06 9.959783781326893734e-08 1.581492453167493843e-06
-1.141553896649150221e-06 1.967901577911294647e-05 -1.080635981097300091e-04 -4.052009681938253342e-04 6.614591348256282388e-05 4.971411759962436963e-03 -8.227120903169269500e-03 2.330569209043303718e-03 2.086440109166792605e-07 7.631322338049183421e-06 3.188365965010955348e-07 6.419917366128396045e-07 5.839920493446688218e-07 1.667638173491247146e-07 1.550492590624947930e-06 8.275810317521963347e-03 1.555202924243886377e-06 1.723836028251919108e-05
-4.285156225903423414e-07 -7.058889862580769990e-05 1.595331464736897365e-04 2.311100239688248376e-04 -3.895266757737586311e-04 -2.961124088557840275e-02 1.353853534073321506e-03 7.287750236292098909e-04 -9.421648907956773890e-06 -6.776890845001705929e-06 -4.044499994575662402e-07 -2.501529655323883588e-06 -9.132510677609281913e-07 2.909528060196374833e-06 9.959783781326893734e-08 1.555202924243886377e-06 1.168033506649361099e-02 2.078621764924257425e-06
-1.171055638897770550e-06 1.872152899743100623e-05 -1.070942080678990391e-04 -4.084677994582821582e-04 6.006485457143299932e-05 4.508069707239239360e-03 -8.356219737174336998e-03 2.388052893011260308e-03 3.542294758717468583e-08 7.647267668526827028e-06 3.172219599727763549e-07 6.070197077367414104e-07 5.777923809570694012e-07 2.245999443937939500e-07 1.581492453167493843e-06 1.723836028251919108e-05 2.078621764924257425e-06 2.216947780248983840e-02
7.343951340870999488e-05 -1.750364919734915657e-07 2.573133898423787013e-06 -1.369734412414550564e-07 3.130005244647782489e-06 1.993416617753334676e-04 3.285809481377376215e-04 -8.912643254743332318e-05 -2.490295102446095393e-08 -1.629436490181735985e-07 1.395912466984675155e-08 -2.228147474605601964e-09 -1.785337127390463744e-08 -5.320757854431286152e-08 -4.454193983181627812e-08 -3.447278957851886146e-07 -6.083416749775851204e-07 -5.665150135713125346e-07
-1.750364919734915657e-07 1.341170422048785713e-02 -1.917486347870974741e-04 -3.780508316534997564e-04 3.711096346695811590e-04 2.824065936750946859e-02 -5.159170179880132739e-03 4.641142514821740696e-04 8.524904636392539406e-06 9.511828562894067190e-06 4.767269301497337616e-07 2.506562055858554670e-06 1.087300691550473180e-06 -2.449759903055949232e-06 6.318081069481186030e-07 6.268704023961417645e-06 -2.193369400659440221e-05 6.257362890253399506e-06
2.573133898423787013e-06 -1.917486347870974741e-04 7.631070952508600680e-01 1.112624035054051450e-03 -8.515668509196615537e-04 -6.599790494741321345e-02 2.677693080420431165e-02 -4.985880861894034267e-03 -2.203076626934333081e-05 -3.210078583807586690e-05 -8.842446277519302433e-07 -6.573509588022721115e-06 -3.517891485703842184e-06 4.330507031887073115e-06 -3.654234201354623861e-06 -3.386187920344524985e-05 3.459135760164864550e-05 -4.096878237225681514e-05
-1.369734412414550564e-07 -3.780508316534997564e-04 1.112624035054051450e-03 2.312880347846488771e+00 -2.711172427764560293e-03 -1.936329252169556314e-01 2.210186737439755883e-02 -5.128301397480062793e-03 -1.518872902038089184e-05 -7.484914158160427039e-05 -9.647666852262551845e-06 -1.379947003268742007e-05 -4.928343451307903321e-06 1.973961014918586035e-05 -8.669174135507235333e-06 -1.358715052440996509e-04 2.161538590637354196e-04 -7.283725219515411770e-05
3.130005244647782489e-06 3.711096346695811590e-04 -8.515668509196615537e-04 -2.711172427764560293e-03 3.445632415955521277e-01 1.734967845550014764e-01 -2.199120156504371683e-03 -3.799957327156692870e-03 3.932007032347861075e-05 4.261013697626140197e-05 4.706669088006204376e-06 1.337976289713743764e-05 4.371016959664873808e-06 -1.820425627323406952e-05 8.626047462699764713e-07 2.353823478856090161e-05 -1.789774430428339236e-04 -2.890191790500404992e-06
1.993416617753334676e-04 2.824065936750946859e-02 -6.599790494741321345e-02 -1.936329252169556314e-01 1.734967845550014764e-01 1.710584862686589531e+03 -4.019112637980060687e-01 -2.351088521878642035e-01 3.076763723912398496e-03 3.272636249121481464e-03 3.280904360986032042e-04 1.013926395254429293e-03 3.454617782675459812e-04 -1.325389955693916317e-03 8.103943257581762189e-05 1.739605153349461138e-03 -1.288334084411437916e-02 5.568829030122359760e-05
3.285809481377376215e-04 -5.159170179880132739e-03 2.677693080420431165e-02 2.210186737439755883e-02 -2.199120156504371683e-03 -4.019112637980060687e-01 1.472094669496591223e+03 -5.746047013438780882e-01 -6.302162930371319523e-04 -1.551198369205893665e-03 5.627405066404257889e-05 -1.569386761892655445e-04 -1.714391743763320685e-04 -1.847531521792593855e-04 -3.112386946842290634e-04 -2.506729419734910098e-03 -2.452098330039176322e-03 -3.848271370568083927e-03
-8.912643254743332318e-05 4.641142514821740696e-04 -4.985880861894034267e-03 -5.128301397480062793e-03 -3.799957327156692870e-03 -2.351088521878642035e-01 -5.746047013438780882e-01 1.166769425584266173e+03 3.139861530377064210e-05 3.287302473129342429e-04 -1.568965848768713914e-05 1.008211791047198408e-05 3.248590996315696108e-05 7.946760973696875006e-05 8.398148581447834840e-05 7.167223206257736928e-04 8.989302579613949080e-04 1.035114610705764344e-03
-2.490295102446095393e-08 8.524904636392539406e-06 -2.203076626934333081e-05 -1.518872902038089184e-05 3.932007032347861075e-05 3.076763723912398496e-03 -6.302162930371319523e-04 3.139861530377064210e-05 2.092611064550014719e-04 9.557315686438940839e-07 8.826545133170636543e-09 2.950758478690225468e-07 1.341949637189298976e-07 -2.489589814022803882e-07 3.598781301874862529e-08 2.101423367538137334e-08 -1.966813180081250698e-06 4.379001876678968745e-07
-1.629436490181735985e-07 9.511828562894067190e-06 -3.210078583807586690e-05 -7.484914158160427039e-05 4.261013697626140197e-05 3.272636249121481464e-03 -1.551198369205893665e-03 3.287302473129342429e-04 9.557315686438940839e-07 3.167920982849940607e-04 6.553141026222824297e-08 3.256411229658823536e-07 1.825546828197478393e-07 -2.004456529151895876e-07 2.399532532733397251e-07 2.420225928603658530e-06 -1.669259550158172036e-06 2.650350826527829207e-06
1.395912466984675155e-08 4.767269301497337616e-07 -8.842446277519302433e-07 -9.647666852262551845e-06 4.706669088006204376e-06 3.280904360986032042e-04 5.627405066404257889e-05 -1.568965848768713914e-05 8.826545133170636543e-09 6.553141026222824297e-08 2.729525962608481179e-06 1.859365194113722130e-08 1.991922370229212879e-09 -4.246781311487519407e-08 1.354421562550457029e-09 1.171845608949027021e-07 -4.766474211772169066e-07 -3.980302665316199900e-08
-2.228147474605601964e-09 2.506562055858554670e-06 -6.573509588022721115e-06 -1.379947003268742007e-05 1.337976289713743764e-05 1.013926395254429293e-03 -1.569386761892655445e-04 1.008211791047198408e-05 2.950758478690225468e-07 3.256411229658823536e-07 1.859365194113722130e-08 5.375266895810743066e-05 3.688361572729815088e-08 -9.091704189903240173e-08 1.955592954823189789e-08 2.066398474029117655e-07 -8.280369865276381779e-07 1.830349416596350292e-07
-1.785337127390463744e-08 1.087300691550473180e-06 -3.517891485703842184e-06 -4.928343451307903321e-06 4.371016959664873808e-06 3.454617782675459812e-04 -1.714391743763320685e-04 3.248590996315696108e-05 1.341949637189298976e-07 1.825546828197478393e-07 1.991922370229212879e-09 3.688361572729815088e-08 7.633230104683292976e-06 -1.911802016712107879e-08 2.156195815989216080e-08 1.797077397204511423e-07 -1.279916131221887887e-07 2.517400136274604051e-07
-5.320757854431286152e-08 -2.449759903055949232e-06 4.330507031887073115e-06 1.973961014918586035e-05 -1.820425627323406952e-05 -1.325389955693916317e-03 -1.847531521792593855e-04 7.946760973696875006e-05 -2.489589814022803882e-07 -2.004456529151895876e-07 -4.246781311487519407e-08 -9.091704189903240173e-08 -1.911802016712107879e-08 5.733943842587953889e-05 1.979315392388842192e-08 2.315371375984747665e-08 1.623136405796173909e-06 3.535398474603883494e-07
-4.454193983181627812e-08 6.318081069481186030e-07 -3.654234201354623861e-06 -8.669174135507235333e-06 8.626047462699764713e-07 8.103943257581762189e-05 -3.112386946842290634e-04 8.398148581447834840e-05 3.598781301874862529e-08 2.399532532733397251e-07 1.354421562550457029e-09 1.955592954823189789e-08 2.156195815989216080e-08 1.979315392388842192e-08 1.089980901505051832e-05 4.873010035579716396e-07 2.347649030520514091e-07 5.886518430811345154e-07
-3.447278957851886146e-07 6.268704023961417645e-06 -3.386187920344524985e-05 -1.358715052440996509e-04 2.353823478856090161e-05 1.739605153349461138e-03 -2.506729419734910098e-03 7.167223206257736928e-04 2.101423367538137334e-08 2.420225928603658530e-06 1.171845608949027021e-07 2.066398474029117655e-07 1.797077397204511423e-07 2.315371375984747665e-08 4.873010035579716396e-07 2.648275593045607262e-03 1.244495884482322535e-07 5.364382962751113740e-06
-6.083416749775851204e-07 -2.193369400659440221e-05 3.459135760164864550e-05 2.161538590637354196e-04 -1.789774430428339236e-04 -1.288334084411437916e-02 -2.452098330039176322e-03 8.989302579613949080e-04 -1.966813180081250698e-06 -1.669259550158172036e-06 -4.766474211772169066e-07 -8.280369865276381779e-07 -1.279916131221887887e-07 1.623136405796173909e-06 2.347649030520514091e-07 1.244495884482322535e-07 3.746257092106598623e-03 4.144811638957912711e-06
-5.665150135713125346e-07 6.257362890253399506e-06 -4.096878237225681514e-05 -7.283725219515411770e-05 -2.890191790500404992e-06 5.568829030122359760e-05 -3.848271370568083927e-03 1.035114610705764344e-03 4.379001876678968745e-07 2.650350826527829207e-06 -3.980302665316199900e-08 1.830349416596350292e-07 2.517400136274604051e-07 3.535398474603883494e-07 5.886518430811345154e-07 5.364382962751113740e-06 4.144811638957912711e-06 7.095649056523089908e-03
2.350541015834756904e-05 -2.838237343584064825e-07 6.959322606566304272e-07 -2.633740551016159388e-06 9.514000264002285710e-07 8.264546184951489618e-05 1.505672457832231707e-04 -2.459703397382503003e-05 -1.422810315323375412e-08 -7.827177199500031637e-08 5.420097409429132229e-09 1.947683033031018576e-09 -8.559824513842317172e-09 -3.175690598727768513e-08 -1.715758771865648609e-08 -8.860064393275566178e-08 -1.599108222120633519e-07 -1.800271243744144248e-07
-2.838237343584064825e-07 4.302634938364393626e-03 -5.526637312656147705e-05 2.823336024996581648e-06 1.211547598441241298e-04 8.135673785623388776e-03 -3.822108814528941533e-03 -3.902608120853954919e-05 3.027161987127117481e-06 4.292809455504357191e-06 1.069900149159081525e-07 6.749168622704725061e-07 4.840128089605930922e-07 -7.979509572381349742e-08 3.409999616404143082e-07 9.681218296452385511e-07 -8.680265205553423821e-06 1.942238075663604533e-06
6.959322606566304272e-07 -5.526637312656147705e-05 2.441976798806211324e-01 4.253108621548476009e-04 -2.711586705452560613e-04 -2.162366629344445595e-02 7.353752967638556813e-03 -1.700420002940933317e-03 -6.882434207355633191e-06 -9.573368956849420038e-06 -3.084525053150346020e-07 -2.174687392410293987e-06 -1.049584606144502059e-06 1.779752014917260540e-06 -1.091678453517478836e-06 -1.141653032774499119e-05 1.013956358180372183e-05 -1.314364897823981137e-05
-2.633740551016159388e-06 2.823336024996581648e-06 4.253108621548476009e-04 7.415291421304217589e-01 -8.402941601775749817e-04 -7.220949768214575404e-02 -1.761066192917119452e-02 -3.773157756814808812e-03 -1.458986956858656608e-06 -9.752040612163460751e-06 -3.605237378035195145e-06 -5.861725749547637556e-06 -3.006668336550676913e-08 1.432164080466590387e-05 -1.195928140183570746e-06 -5.527795850779534394e-05 5.028046213053305946e-05 -2.399138004971198488e-05
9.514000264002285710e-07 1.211547598441241298e-04 -2.711586705452560613e-04 -8.402941601775749817e-04 1.102607661137421508e-01 5.532034848441867020e-02 -1.182167838252137218e-03 -1.257314053762024174e-03 1.264835385986720960e-05 1.391048424208581912e-05 1.496093735618600650e-06 4.253497531137268950e-06 1.428711853518389549e-06 -5.670197294494558896e-06 3.066247967903821220e-07 7.303527044063613753e-06 -5.763891339336074232e-05 -9.381092467542452974e-07
8.264546184951489618e-05 8.135673785623388776e-03 -2.162366629344445595e-02 -7.220949768214575404e-02 5.532034848441867020e-02 5.474617602397751170e+02 5.109769919507816532e-02 -5.971182441387221096e-02 9.598000624890033576e-04 9.438611656048947552e-04 1.087601814057010573e-04 3.349834534432429294e-04 9.928463454497532764e-05 -4.824058562902042028e-04 1.444229698383722806e-05 6.425781821119350016e-04 -3.985147192098688167e-03 2.279625711485644415e-05
1.505672457832231707e-04 -3.822108814528941533e-03 7.353752967638556813e-03 -1.761066192917119452e-02 -1.182167838252137218e-03 5.109769919507816532e-02 4.715031846449875843e+02 -1.464811089024435908e-01 -2.613224442515531092e-04 -7.454149027068893976e-04 2.709200283916043969e-05 -2.486253331433597807e-05 -8.199159006273957671e-05 -1.995106031967764011e-04 -1.272746928504148189e-04 -5.952234032105763401e-04 -4.534036880194112552e-04 -1.219460455887607948e-03
-2.459703397382503003e-05 -3.902608120853954919e-05 -1.700420002940933317e-03 -3.773157756814808812e-03 -1.257314053762024174e-03 -5.971182441387221096e-02 -1.464811089024435908e-01 3.733694460835478139e+02 4.894804243707488037e-06 8.368273457949731704e-05 -4.236002532379553822e-06 5.416648514221781558e-06 8.051953198427667783e-06 1.330300174218494129e-05 2.448326632939886189e-05 2.472254329820763592e-04 3.162720745308841602e-04 3.322720403966374710e-04
-1.422810315323375412e-08 3.027161987127117481e-06 -6.882434207355633191e-06 -1.458986956858656608e-06 1.264835385986720960e-05 9.598000624890033576e-04 -2.613224442515531092e-04 4.894804243707488037e-06 6.697177440926411118e-05 3.401511687280381989e-07 1.572657420265777588e-09 9.092990591830719017e-08 4.668110611246678509e-08 -6.032088550283357289e-08 1.533023098393969596e-08 -2.179084651772796821e-08 -6.750296309873862120e-07 1.384763106976927684e-07
-7.827177199500031637e-08 4.292809455504357191e-06 -9.573368956849420038e-06 -9.752040612163460751e-06 1.391048424208581912e-05 9.438611656048947552e-04 -7.454149027068893976e-04 8.368273457949731704e-05 3.401511687280381989e-07 1.015167332318892490e-04 1.574406847481818914e-08 8.961740297031495658e-08 7.402534057485102485e-08 1.662014353479004893e-08 9.270770648261818857e-08 6.554304456216571863e-07 -7.247334299993348211e-07 8.412167872139388201e-07
5.420097409429132229e-09 1.069900149159081525e-07 -3.084525053150346020e-07 -3.605237378035195145e-06 1.496093735618600650e-06 1.087601814057010573e-04 2.709200283916043969e-05 -4.236002532379553822e-06 1.572657420265777588e-09 1.574406847481818914e-08 8.736389443383341957e-07 6.482108900943644877e-09 6.806362616206476189e-11 -1.653580873998131851e-08 -1.474209337815832204e-10 4.184153426691012240e-08 -1.455754428257698198e-07 -1.248543147896510725e-08
1.947683033031018576e-09 6.749168622704725061e-07 -2.174687392410293987e-06 -5.861725749547637556e-06 4.253497531137268950e-06 3.349834534432429294e-04 -2.486253331433597807e-05 5.416648514221781558e-06 9.092990591830719017e-08 8.961740297031495658e-08 6.482108900943644877e-09 1.720233947767289354e-05 1.021347483441270965e-08 -3.731719146115723533e-08 4.636558092290173948e-09 7.824629203378761332e-08 -2.455668403386271160e-07 5.927331934805672692e-08
-8.559824513842317172e-09 4.840128089605930922e-07 -1.049584606144502059e-06 -3.006668336550676913e-08 1.428711853518389549e-06 9.928463454497532764e-05 -8.199159006273957671e-05 8.051953198427667783e-06 4.668110611246678509e-08 7.402534057485102485e-08 6.806362616206476189e-11 1.021347483441270965e-08 2.444334050267075522e-06 2.681037245436988877e-09 8.634542222591777105e-09 4.453730649806547317e-08 -6.171925484000275234e-08 7.980556757032419527e-08
-3.175690598727768513e-08 -7.979509572381349742e-08 1.779752014917260540e-06 1.432164080466590387e-05 -5.670197294494558896e-06 -4.824058562902042028e-04 -1.995106031967764011e-04 1.330300174218494129e-05 -6.032088550283357289e-08 1.662014353479004893e-08 -1.653580873998131851e-08 -3.731719146115723533e-08 2.681037245436988877e-09 1.839414969117439703e-05 1.531009225981139098e-08 -5.969976097714965022e-08 4.119710333911110486e-07 1.092454776827093956e-07
-1.715758771865648609e-08 3.409999616404143082e-07 -1.091678453517478836e-06 -1.195928140183570746e-06 3.066247967903821220e-07 1.444229698383722806e-05 -1.272746928504148189e-04 2.448326632939886189e-05 1.533023098393969596e-08 9.270770648261818857e-08 -1.474209337815832204e-10 4.636558092290173948e-09 8.634542222591777105e-09 1.531009225981139098e-08 3.489708591107240462e-06 1.427055518044458975e-07 5.394404449034276474e-08 1.876021999146706145e-07
-8.860064393275566178e-08 9.681218296452385511e-07 -1.141653032774499119e-05 -5.527795850779534394e-05 7.303527044063613753e-06 6.425781821119350016e-04 -5.952234032105763401e-04 2.472254329820763592e-04 -2.179084651772796821e-08 6.554304456216571863e-07 4.184153426691012240e-08 7.824629203378761332e-08 4.453730649806547317e-08 -5.969976097714965022e-08 1.427055518044458975e-07 8.475471063338308820e-04 1.981762917653789023e-07 1.722332271514238649e-06
-1.599108222120633519e-07 -8.680265205553423821e-06 1.013956358180372183e-05 5.028046213053305946e-05 -5.763891339336074232e-05 -3.985147192098688167e-03 -4.534036880194112552e-04 3.162720745308841602e-04 -6.750296309873862120e-07 -7.247334299993348211e-07 -1.455754428257698198e-07 -2.455668403386271160e-07 -6.171925484000275234e-08 4.119710333911110486e-07 5.394404449034276474e-08 1.981762917653789023e-07 1.199055770912190724e-03 1.335512259363880128e-06
-1.800271243744144248e-07 1.942238075663604533e-06 -1.314364897823981137e-05 -2.399138004971198488e-05 -9.381092467542452974e-07 2.279625711485644415e-05 -1.219460455887607948e-03 3.322720403966374710e-04 1.384763106976927684e-07 8.412167872139388201e-07 -1.248543147896510725e-08 5.927331934805672692e-08 7.980556757032419527e-08 1.092454776827093956e-07 1.876021999146706145e-07 1.722332271514238649e-06 1.335512259363880128e-06 2.270608029980561351e-03
2.350541015834756904e-05 -2.838237343584064825e-07 6.959322606566304272e-07 -2.633740551016159388e-06 9.514000264002285710e-07 8.264546184951489618e-05 1.505672457832231707e-04 -2.459703397382503003e-05 -1.422810315323375412e-08 -7.827177199500031637e-08 5.420097409429132229e-09 1.947683033031018576e-09 -8.559824513842317172e-09 -3.175690598727768513e-08 -1.715758771865648609e-08 -8.860064393275566178e-08 -1.599108222120633519e-07 -1.800271243744144248e-07
-2.838237343584064825e-07 4.302634938364393626e-03 -5.526637312656147705e-05 2.823336024996581648e-06 1.211547598441241298e-04 8.135673785623388776e-03 -3.822108814528941533e-03 -3.902608120853954919e-05 3.027161987127117481e-06 4.292809455504357191e-06 1.069900149159081525e-07 6.749168622704725061e-07 4.840128089605930922e-07 -7.979509572381349742e-08 3.409999616404143082e-07 9.681218296452385511e-07 -8.680265205553423821e-06 1.942238075663604533e-06
6.959322606566304272e-07 -5.526637312656147705e-05 2.441976798806211324e-01 4.253108621548476009e-04 -2.711586705452560613e-04 -2.162366629344445595e-02 7.353752967638556813e-03 -1.700420002940933317e-03 -6.882434207355633191e-06 -9.573368956849420038e-06 -3.084525053150346020e-07 -2.174687392410293987e-06 -1.049584606144502059e-06 1.779752014917260540e-06 -1.091678453517478836e-06 -1.141653032774499119e-05 1.013956358180372183e-05 -1.314364897823981137e-05
-2.633740551016159388e-06 2.823336024996581648e-06 4.253108621548476009e-04 7.415291421304217589e-01 -8.402941601775749817e-04 -7.220949768214575404e-02 -1.761066192917119452e-02 -3.773157756814808812e-03 -1.458986956858656608e-06 -9.752040612163460751e-06 -3.605237378035195145e-06 -5.861725749547637556e-06 -3.006668336550676913e-08 1.432164080466590387e-05 -1.195928140183570746e-06 -5.527795850779534394e-05 5.028046213053305946e-05 -2.399138004971198488e-05
9.514000264002285710e-07 1.211547598441241298e-04 -2.711586705452560613e-04 -8.402941601775749817e-04 1.102607661137421508e-01 5.532034848441867020e-02 -1.182167838252137218e-03 -1.257314053762024174e-03 1.264835385986720960e-05 1.391048424208581912e-05 1.496093735618600650e-06 4.253497531137268950e-06 1.428711853518389549e-06 -5.670197294494558896e-06 3.066247967903821220e-07 7.303527044063613753e-06 -5.763891339336074232e-05 -9.381092467542452974e-07
8.264546184951489618e-05 8.135673785623388776e-03 -2.162366629344445595e-02 -7.220949768214575404e-02 5.532034848441867020e-02 5.474617602397751170e+02 5.109769919507816532e-02 -5.971182441387221096e-02 9.598000624890033576e-04 9.438611656048947552e-04 1.087601814057010573e-04 3.349834534432429294e-04 9.928463454497532764e-05 -4.824058562902042028e-04 1.444229698383722806e-05 6.425781821119350016e-04 -3.985147192098688167e-03 2.279625711485644415e-05
1.505672457832231707e-04 -3.822108814528941533e-03 7.353752967638556813e-03 -1.761066192917119452e-02 -1.182167838252137218e-03 5.109769919507816532e-02 4.715031846449875843e+02 -1.464811089024435908e-01 -2.613224442515531092e-04 -7.454149027068893976e-04 2.709200283916043969e-05 -2.486253331433597807e-05 -8.199159006273957671e-05 -1.995106031967764011e-04 -1.272746928504148189e-04 -5.952234032105763401e-04 -4.534036880194112552e-04 -1.219460455887607948e-03
-2.459703397382503003e-05 -3.902608120853954919e-05 -1.700420002940933317e-03 -3.773157756814808812e-03 -1.257314053762024174e-03 -5.971182441387221096e-02 -1.464811089024435908e-01 3.733694460835478139e+02 4.894804243707488037e-06 8.368273457949731704e-05 -4.236002532379553822e-06 5.416648514221781558e-06 8.051953198427667783e-06 1.330300174218494129e-05 2.448326632939886189e-05 2.472254329820763592e-04 3.162720745308841602e-04 3.322720403966374710e-04
-1.422810315323375412e-08 3.027161987127117481e-06 -6.882434207355633191e-06 -1.458986956858656608e-06 1.264835385986720960e-05 9.598000624890033576e-04 -2.613224442515531092e-04 4.894804243707488037e-06 6.697177440926411118e-05 3.401511687280381989e-07 1.572657420265777588e-09 9.092990591830719017e-08 4.668110611246678509e-08 -6.032088550283357289e-08 1.533023098393969596e-08 -2.179084651772796821e-08 -6.750296309873862120e-07 1.384763106976927684e-07
-7.827177199500031637e-08 4.292809455504357191e-06 -9.573368956849420038e-06 -9.752040612163460751e-06 1.391048424208581912e-05 9.438611656048947552e-04 -7.454149027068893976e-04 8.368273457949731704e-05 3.401511687280381989e-07 1.015167332318892490e-04 1.574406847481818914e-08 8.961740297031495658e-08 7.402534057485102485e-08 1.662014353479004893e-08 9.270770648261818857e-08 6.554304456216571863e-07 -7.247334299993348211e-07 8.412167872139388201e-07
5.420097409429132229e-09 1.069900149159081525e-07 -3.084525053150346020e-07 -3.605237378035195145e-06 1.496093735618600650e-06 1.087601814057010573e-04 2.709200283916043969e-05 -4.236002532379553822e-06 1.572657420265777588e-09 1.574406847481818914e-08 8.736389443383341957e-07 6.482108900943644877e-09 6.806362616206476189e-11 -1.653580873998131851e-08 -1.474209337815832204e-10 4.184153426691012240e-08 -1.455754428257698198e-07 -1.248543147896510725e-08
1.947683033031018576e-09 6.749168622704725061e-07 -2.174687392410293987e-06 -5.861725749547637556e-06 4.253497531137268950e-06 3.349834534432429294e-04 -2.486253331433597807e-05 5.416648514221781558e-06 9.092990591830719017e-08 8.961740297031495658e-08 6.482108900943644877e-09 1.720233947767289354e-05 1.021347483441270965e-08 -3.731719146115723533e-08 4.636558092290173948e-09 7.824629203378761332e-08 -2.455668403386271160e-07 5.927331934805672692e-08
-8.559824513842317172e-09 4.840128089605930922e-07 -1.049584606144502059e-06 -3.006668336550676913e-08 1.428711853518389549e-06 9.928463454497532764e-05 -8.199159006273957671e-05 8.051953198427667783e-06 4.668110611246678509e-08 7.402534057485102485e-08 6.806362616206476189e-11 1.021347483441270965e-08 2.444334050267075522e-06 2.681037245436988877e-09 8.634542222591777105e-09 4.453730649806547317e-08 -6.171925484000275234e-08 7.980556757032419527e-08
-3.175690598727768513e-08 -7.979509572381349742e-08 1.779752014917260540e-06 1.432164080466590387e-05 -5.670197294494558896e-06 -4.824058562902042028e-04 -1.995106031967764011e-04 1.330300174218494129e-05 -6.032088550283357289e-08 1.662014353479004893e-08 -1.653580873998131851e-08 -3.731719146115723533e-08 2.681037245436988877e-09 1.839414969117439703e-05 1.531009225981139098e-08 -5.969976097714965022e-08 4.119710333911110486e-07 1.092454776827093956e-07
-1.715758771865648609e-08 3.409999616404143082e-07 -1.091678453517478836e-06 -1.195928140183570746e-06 3.066247967903821220e-07 1.444229698383722806e-05 -1.272746928504148189e-04 2.448326632939886189e-05 1.533023098393969596e-08 9.270770648261818857e-08 -1.474209337815832204e-10 4.636558092290173948e-09 8.634542222591777105e-09 1.531009225981139098e-08 3.489708591107240462e-06 1.427055518044458975e-07 5.394404449034276474e-08 1.876021999146706145e-07
