{
    "R": [
        [
            0.009406431884687988,
            -1.4791013993870236e-06,
            0.0002977961508034746,
            -0.00022519379787155075,
            -0.00013089195724368978,
            0.028616945442816226,
            -0.0186215250401017,
            0.031005663807805128,
            2.3944235182630616e-05,
            -8.648259117135118e-07,
            -2.741927442757363e-07,
            -1.7456597256160016e-05,
            -4.2919780560724124e-07,
            -8.57455276485912e-06,
            4.5973253013986165e-06,
            1.9951205897454603e-05,
            2.0326123097591844e-05,
            1.10334455437118e-07
        ],
        [
            0.0,
            0.0624339199594156,
            -0.00019870229472463964,
            0.00010446608432079293,
            -0.0019804243944609094,
            -0.01220533846597091,
            -0.013936625453371232,
            -0.03001714081997101,
            -1.8908790297109485e-05,
            -3.0531560357878403e-06,
            -4.180545119703609e-08,
            -1.1407743416599095e-05,
            -1.0736815727232399e-07,
            -2.333102186347483e-07,
            5.058183939448123e-06,
            -2.364050277019434e-05,
            -3.41831134817498e-05,
            2.575904252909411e-07
        ],
        [
            0.0,
            0.0,
            0.8466315755127912,
            -0.0003497762965495853,
            0.0004523884113723415,
            -0.014390298402415309,
            -0.01048481449807643,
            -0.06604327247016473,
            -9.231185044831348e-08,
            3.414830458277002e-06,
            -3.829202253351686e-07,
            -1.5309501452775057e-05,
            6.676026823128221e-07,
            -3.7256719129207497e-06,
            5.434268273571768e-06,
            1.8169906189275736e-05,
            2.5992346401577684e-05,
            1.111494424754819e-06
        ],
        [
            0.0,
            0.0,
            0.0,
            0.14273682162105186,
            -0.0015567972705866706,
            -0.056439465566204286,
            0.028041766634793342,
            -0.055163790126461026,
            -5.96303661589684e-05,
            -2.0691398695269713e-06,
            7.523050097379713e-07,
            3.4427962278666324e-05,
            5.219680505871495e-07,
            2.0235124329640193e-05,
            -8.623557887841704e-06,
            -6.098918180938644e-05,
            -8.868429613512099e-05,
            8.122675410944928e-08
        ],
        [
            0.0,
            0.0,
            0.0,
            0.0,
            0.9739314910599939,
            0.002596807569809131,
            0.05044371664669173,
            0.05105157739651578,
            2.2445711180057854e-05,
            7.182482579400902e-06,
            1.228214431383141e-07,
            3.358676205380541e-05,
            3.768150240096714e-07,
            2.10916162594142e-06,
            -1.2401426183338093e-05,
            2.9380456057221715e-05,
            8.801539853757565e-05,
            -2.0634048400979515e-06
        ],
        [
            0.0,
            0.0,
            0.0,
            0.0,
            0.0,
            36.77066648895739,
            -0.020102816632452777,
            0.0660339532585485,
            3.654689553032516e-05,
            -1.5015375177729442e-06,
            -2.4542887735241944e-07,
            -1.68882478159859e-05,
            -7.353297698405612e-07,
            -1.0234221003370299e-05,
            3.5716010421677756e-06,
            2.7466052593703916e-05,
            2.52013267444118e-05,
            -1.0313132373703871e-07
        ],
        [
            0.0,
            0.0,
            0.0,
            0.0,
            0.0,
            0.0,
            19.58299049477281,
            -0.010780916037834223,
            -2.2729264333212523e-05,
            4.283408513918262e-06,
            4.4054153803909816e-07,
            4.083441142294933e-05,
            6.777440547831329e-07,
            1.2301142375358923e-05,
            -1.2396167437341865e-05,
            -1.6862733192736452e-05,
            1.7070969582668084e-05,
            -1.5267042667463025e-06
        ],
        [
            0.0,
            0.0,
            0.0,
            0.0,
            0.0,
            0.0,
            0.0,
            32.85468976461594,
            6.0285419649901895e-05,
            -1.5043748099817355e-06,
            -1.456253699999999e-07,
            -6.237818235130522e-06,
            -1.2933162833539576e-06,
            -1.2857442705155321e-05,
            -1.387755198691317e-06,
            3.957746830614166e-05,
            5.628236798989288e-05,
            -1.5608603781167334e-06
        ],
        [
            0.0,
            0.0,
            0.0,
            0.0,
            0.0,
            0.0,
            0.0,
            0.0,
            0.019758755384962162,
            -3.505818164270052e-07,
            -4.057199477976452e-07,
            -2.1431241688562808e-05,
            -9.367900469374389e-07,
            -1.5636843704873734e-05,
            3.826129132084184e-06,
            5.036305849732085e-05,
            5.898301571405713e-05,
            -3.628181596359153e-07
        ],
        [
            0.0,
            0.0,
            0.0,
            0.0,
            0.0,
            0.0,
            0.0,
            0.0,
            0.0,
            0.0016447125627631304,
            1.2818196031226049e-07,
            3.403826842646064e-05,
            1.1360500453021788e-06,
            7.737075936514694e-06,
            -1.1023359268874515e-05,
            1.707569969246509e-05,
            6.587196343270783e-05,
            -9.497414501196705e-07
        ],
        [
            0.0,
            0.0,
            0.0,
            0.0,
            0.0,
            0.0,
            0.0,
            0.0,
            0.0,
            0.0,
            0.00015470850810637773,
            5.406850229350732e-05,
            7.262447403727609e-07,
            2.269787772329624e-05,
            -1.5641371939478936e-05,
            -5.001643229877541e-05,
            -5.0513047347571524e-05,
            -9.684462366525831e-07
        ],
        [
            0.0,
            0.0,
            0.0,
            0.0,
            0.0,
            0.0,
            0.0,
            0.0,
            0.0,
            0.0,
            0.0,
            0.009894107557627714,
            1.0493828197851728e-06,
            2.266689900329171e-05,
            -2.047728845497632e-05,
            -3.4273052108232255e-05,
            1.4799207626692354e-06,
            -1.982354593945968e-06
        ],
        [
            0.0,
            0.0,
            0.0,
            0.0,
            0.0,
            0.0,
            0.0,
            0.0,
            0.0,
            0.0,
            0.0,
            0.0,
            0.0004358993728143608,
            1.326666751304886e-05,
            -5.529092925041701e-06,
            -2.242065357807896e-05,
            -1.4684028905851273e-05,
            4.165972210776934e-07
        ],
        [
            0.0,
            0.0,
            0.0,
            0.0,
            0.0,
            0.0,
            0.0,
            0.0,
            0.0,
            0.0,
            0.0,
            0.0,
            0.0,
            0.004609797274691782,
            -1.2727963459255348e-05,
            -5.346349145936791e-05,
            -5.6068380827567146e-05,
            -1.5484904832216602e-07
        ],
        [
            0.0,
            0.0,
            0.0,
            0.0,
            0.0,
            0.0,
            0.0,
            0.0,
            0.0,
            0.0,
            0.0,
            0.0,
            0.0,
            0.0,
            0.00485416611971055,
            1.1706401489928923e-05,
            -1.2978469397108834e-05,
            1.390750299630716e-06
        ],
        [
            0.0,
            0.0,
            0.0,
            0.0,
            0.0,
            0.0,
            0.0,
            0.0,
            0.0,
            0.0,
            0.0,
            0.0,
            0.0,
            0.0,
            0.0,
            0.03830458788922135,
            3.0253726994145957e-05,
            8.286978705725666e-09
        ],
        [
            0.0,
            0.0,
            0.0,
            0.0,
            0.0,
            0.0,
            0.0,
            0.0,
            0.0,
            0.0,
            0.0,
            0.0,
            0.0,
            0.0,
            0.0,
            0.0,
            0.019385466890289128,
            -1.9601852869987095e-06
        ],
        [
            0.0,
            0.0,
            0.0,
            0.0,
            0.0,
            0.0,
            0.0,
            0.0,
            0.0,
            0.0,
            0.0,
            0.0,
            0.0,
            0.0,
            0.0,
            0.0,
            0.0,
            0.0009206891983498446
        ]
    ],
    "RDR": [
        [
            [
                0.009406431884687988,
                -1.4791013993870236e-06,
                0.0002977961508034746,
                -0.00022519379787155075,
                -0.00013089195724368978,
                0.028616945442816226,
                -0.0186215250401017,
                0.031005663807805128,
                2.3944235182630616e-05,
                -8.648259117135118e-07,
                -2.741927442757363e-07,
                -1.7456597256160016e-05,
                -4.2919780560724124e-07,
                -8.57455276485912e-06,
                4.5973253013986165e-06,
                1.9951205897454603e-05,
                2.0326123097591844e-05,
                1.10334455437118e-07
            ],
            [
                0.0,
                0.0624339199594156,
                -0.00019870229472463964,
                0.00010446608432079293,
                -0.0019804243944609094,
                -0.01220533846597091,
                -0.013936625453371232,
                -0.03001714081997101,
                -1.8908790297109485e-05,
                -3.0531560357878403e-06,
                -4.180545119703609e-08,
                -1.1407743416599095e-05,
                -1.0736815727232399e-07,
                -2.333102186347483e-07,
                5.058183939448123e-06,
                -2.364050277019434e-05,
                -3.41831134817498e-05,
                2.575904252909411e-07
            ],
            [
                0.0,
                0.0,
                0.8466315755127912,
                -0.0003497762965495853,
                0.0004523884113723415,
                -0.014390298402415309,
                -0.01048481449807643,
                -0.06604327247016473,
                -9.231185044831348e-08,
                3.414830458277002e-06,
                -3.829202253351686e-07,
                -1.5309501452775057e-05,
                6.676026823128221e-07,
                -3.7256719129207497e-06,
                5.434268273571768e-06,
                1.8169906189275736e-05,
                2.5992346401577684e-05,
                1.111494424754819e-06
            ],
            [
                0.0,
                0.0,
                0.0,
                0.14273682162105186,
                -0.0015567972705866706,
                -0.056439465566204286,
                0.028041766634793342,
                -0.055163790126461026,
                -5.96303661589684e-05,
                -2.0691398695269713e-06,
                7.523050097379713e-07,
                3.4427962278666324e-05,
                5.219680505871495e-07,
                2.0235124329640193e-05,
                -8.623557887841704e-06,
                -6.098918180938644e-05,
                -8.868429613512099e-05,
                8.122675410944928e-08
            ],
            [
                0.0,
                0.0,
                0.0,
                0.0,
                0.9739314910599939,
                0.002596807569809131,
                0.05044371664669173,
                0.05105157739651578,
                2.2445711180057854e-05,
                7.182482579400902e-06,
                1.228214431383141e-07,
                3.358676205380541e-05,
                3.768150240096714e-07,
                2.10916162594142e-06,
                -1.2401426183338093e-05,
                2.9380456057221715e-05,
                8.801539853757565e-05,
                -2.0634048400979515e-06
            ],
            [
                0.0,
                0.0,
                0.0,
                0.0,
                0.0,
                36.77066648895739,
                -0.020102816632452777,
                0.0660339532585485,
                3.654689553032516e-05,
                -1.5015375177729442e-06,
                -2.4542887735241944e-07,
                -1.68882478159859e-05,
                -7.353297698405612e-07,
                -1.0234221003370299e-05,
                3.5716010421677756e-06,
                2.7466052593703916e-05,
                2.52013267444118e-05,
                -1.0313132373703871e-07
            ],
            [
                0.0,
                0.0,
                0.0,
                0.0,
                0.0,
                0.0,
                19.58299049477281,
                -0.010780916037834223,
                -2.2729264333212523e-05,
                4.283408513918262e-06,
                4.4054153803909816e-07,
                4.083441142294933e-05,
                6.777440547831329e-07,
                1.2301142375358923e-05,
                -1.2396167437341865e-05,
                -1.6862733192736452e-05,
                1.7070969582668084e-05,
                -1.5267042667463025e-06
            ],
            [
                0.0,
                0.0,
                0.0,
                0.0,
                0.0,
                0.0,
                0.0,
                32.85468976461594,
                6.0285419649901895e-05,
                -1.5043748099817355e-06,
                -1.456253699999999e-07,
                -6.237818235130522e-06,
                -1.2933162833539576e-06,
                -1.2857442705155321e-05,
                -1.387755198691317e-06,
                3.957746830614166e-05,
                5.628236798989288e-05,
                -1.5608603781167334e-06
            ],
            [
                0.0,
                0.0,
                0.0,
                0.0,
                0.0,
                0.0,
                0.0,
                0.0,
                0.019758755384962162,
                -3.505818164270052e-07,
                -4.057199477976452e-07,
                -2.1431241688562808e-05,
                -9.367900469374389e-07,
                -1.5636843704873734e-05,
                3.826129132084184e-06,
                5.036305849732085e-05,
                5.898301571405713e-05,
                -3.628181596359153e-07
            ],
            [
                0.0,
                0.0,
                0.0,
                0.0,
                0.0,
                0.0,
                0.0,
                0.0,
                0.0,
                0.0016447125627631304,
                1.2818196031226049e-07,
                3.403826842646064e-05,
                1.1360500453021788e-06,
                7.737075936514694e-06,
                -1.1023359268874515e-05,
                1.707569969246509e-05,
                6.587196343270783e-05,
                -9.497414501196705e-07
            ],
            [
                0.0,
                0.0,
                0.0,
                0.0,
                0.0,
                0.0,
                0.0,
                0.0,
                0.0,
                0.0,
                0.00015470850810637773,
                5.406850229350732e-05,
                7.262447403727609e-07,
                2.269787772329624e-05,
                -1.5641371939478936e-05,
                -5.001643229877541e-05,
                -5.0513047347571524e-05,
                -9.684462366525831e-07
            ],
            [
                0.0,
                0.0,
                0.0,
                0.0,
                0.0,
                0.0,
                0.0,
                0.0,
                0.0,
                0.0,
                0.0,
                0.009894107557627714,
                1.0493828197851728e-06,
                2.266689900329171e-05,
                -2.047728845497632e-05,
                -3.4273052108232255e-05,
                1.4799207626692354e-06,
                -1.982354593945968e-06
            ],
            [
                0.0,
                0.0,
                0.0,
                0.0,
                0.0,
                0.0,
                0.0,
                0.0,
                0.0,
                0.0,
                0.0,
                0.0,
                0.0004358993728143608,
                1.326666751304886e-05,
                -5.529092925041701e-06,
                -2.242065357807896e-05,
                -1.4684028905851273e-05,
                4.165972210776934e-07
            ],
            [
                0.0,
                0.0,
                0.0,
                0.0,
                0.0,
                0.0,
                0.0,
                0.0,
                0.0,
                0.0,
                0.0,
                0.0,
                0.0,
                0.004609797274691782,
                -1.2727963459255348e-05,
                -5.346349145936791e-05,
                -5.6068380827567146e-05,
                -1.5484904832216602e-07
            ],
            [
                0.0,
                0.0,
                0.0,
                0.0,
                0.0,
                0.0,
                0.0,
                0.0,
                0.0,
                0.0,
                0.0,
                0.0,
                0.0,
                0.0,
                0.00485416611971055,
                1.1706401489928923e-05,
                -1.2978469397108834e-05,
                1.390750299630716e-06
            ],
            [
                0.0,
                0.0,
                0.0,
                0.0,
                0.0,
                0.0,
                0.0,
                0.0,
                0.0,
                0.0,
                0.0,
                0.0,
                0.0,
                0.0,
                0.0,
                0.03830458788922135,
                3.0253726994145957e-05,
                8.286978705725666e-09
            ],
            [
                0.0,
                0.0,
                0.0,
                0.0,
                0.0,
                0.0,
                0.0,
                0.0,
                0.0,
                0.0,
                0.0,
                0.0,
                0.0,
                0.0,
                0.0,
                0.0,
                0.019385466890289128,
                -1.9601852869987095e-06
            ],
            [
                0.0,
                0.0,
                0.0,
                0.0,
                0.0,
                0.0,
                0.0,
                0.0,
                0.0,
                0.0,
                0.0,
                0.0,
                0.0,
                0.0,
                0.0,
                0.0,
                0.0,
                0.0009206891983498446
            ]
        ],
        [
            [
                0.0018812863769375977,
                -2.9582027987740476e-07,
                5.955923016069492e-05,
                -4.503875957431015e-05,
                -2.617839144873796e-05,
                0.005723389088563246,
                -0.0037243050080203403,
                0.006201132761561026,
                4.788847036526123e-06,
                -1.7296518234270237e-07,
                -5.4838548855147265e-08,
                -3.4913194512320035e-06,
                -8.583956112144825e-08,
                -1.714910552971824e-06,
                9.194650602797234e-07,
                3.990241179490921e-06,
                4.065224619518369e-06,
                2.2066891087423604e-08
            ],
            [
                0.0,
                0.01248678399188312,
                -3.974045894492793e-05,
                2.0893216864158587e-05,
                -0.0003960848788921819,
                -0.0024410676931941825,
                -0.0027873250906742465,
                -0.006003428163994202,
                -3.7817580594218973e-06,
                -6.106312071575681e-07,
                -8.361090239407217e-09,
                -2.281548683319819e-06,
                -2.14736314544648e-08,
                -4.6662043726949664e-08,
                1.0116367878896246e-06,
                -4.7281005540388684e-06,
                -6.836622696349961e-06,
                5.151808505818823e-08
            ],
            [
                0.0,
                0.0,
                0.16932631510255824,
                -6.995525930991706e-05,
                9.047768227446831e-05,
                -0.002878059680483062,
                -0.002096962899615286,
                -0.013208654494032947,
                -1.8462370089662698e-08,
                6.829660916554004e-07,
                -7.658404506703373e-08,
                -3.061900290555012e-06,
                1.3352053646256443e-07,
                -7.4513438258415e-07,
                1.0868536547143536e-06,
                3.6339812378551474e-06,
                5.198469280315537e-06,
                2.222988849509638e-07
            ],
            [
                0.0,
                0.0,
                0.0,
                0.028547364324210373,
                -0.00031135945411733416,
                -0.011287893113240858,
                0.005608353326958668,
                -0.011032758025292206,
                -1.192607323179368e-05,
                -4.1382797390539426e-07,
                1.5046100194759425e-07,
                6.8855924557332654e-06,
                1.043936101174299e-07,
                4.047024865928038e-06,
                -1.724711577568341e-06,
                -1.2197836361877289e-05,
                -1.7736859227024197e-05,
                1.6245350821889856e-08
            ],
            [
                0.0,
                0.0,
                0.0,
                0.0,
                0.19478629821199878,
                0.0005193615139618262,
                0.010088743329338346,
                0.010210315479303157,
                4.489142236011571e-06,
                1.4364965158801806e-06,
                2.4564288627662822e-08,
                6.717352410761082e-06,
                7.536300480193428e-08,
                4.21832325188284e-07,
                -2.4802852366676187e-06,
                5.876091211444343e-06,
                1.7603079707515132e-05,
                -4.126809680195903e-07
            ],
            [
                0.0,
                0.0,
                0.0,
                0.0,
                0.0,
                7.354133297791478,
                -0.0040205633264905555,
                0.0132067906517097,
                7.309379106065033e-06,
                -3.0030750355458886e-07,
                -4.908577547048389e-08,
                -3.3776495631971803e-06,
                -1.4706595396811225e-07,
                -2.0468442006740598e-06,
                7.143202084335552e-07,
                5.493210518740783e-06,
                5.04026534888236e-06,
                -2.0626264747407745e-08
            ],
            [
                0.0,
                0.0,
                0.0,
                0.0,
                0.0,
                0.0,
                3.9165980989545623,
                -0.0021561832075668447,
                -4.545852866642505e-06,
                8.566817027836524e-07,
                8.810830760781963e-08,
                8.166882284589865e-06,
                1.355488109566266e-07,
                2.460228475071785e-06,
                -2.479233487468373e-06,
                -3.3725466385472907e-06,
                3.414193916533617e-06,
                -3.053408533492605e-07
            ],
            [
                0.0,
                0.0,
                0.0,
                0.0,
                0.0,
                0.0,
                0.0,
                6.570937952923188,
                1.205708392998038e-05,
                -3.0087496199634714e-07,
                -2.912507399999998e-08,
                -1.2475636470261044e-06,
                -2.586632566707915e-07,
                -2.5714885410310646e-06,
                -2.775510397382634e-07,
                7.915493661228332e-06,
                1.1256473597978577e-05,
                -3.121720756233467e-07
            ],
            [
                0.0,
                0.0,
                0.0,
                0.0,
                0.0,
                0.0,
                0.0,
                0.0,
                0.003951751076992432,
                -7.011636328540105e-08,
                -8.114398955952904e-08,
                -4.2862483377125614e-06,
                -1.8735800938748778e-07,
                -3.127368740974747e-06,
                7.652258264168369e-07,
                1.007261169946417e-05,
                1.1796603142811427e-05,
                -7.256363192718307e-08
            ],
            [
                0.0,
                0.0,
                0.0,
                0.0,
                0.0,
                0.0,
                0.0,
                0.0,
                0.0,
                0.0003289425125526261,
                2.5636392062452098e-08,
                6.807653685292129e-06,
                2.2721000906043576e-07,
                1.547415187302939e-06,
                -2.204671853774903e-06,
                3.4151399384930184e-06,
                1.3174392686541568e-05,
                -1.899482900239341e-07
            ],
            [
                0.0,
                0.0,
                0.0,
                0.0,
                0.0,
                0.0,
                0.0,
                0.0,
                0.0,
                0.0,
                3.0941701621275544e-05,
                1.0813700458701464e-05,
                1.452489480745522e-07,
                4.539575544659248e-06,
                -3.1282743878957874e-06,
                -1.0003286459755082e-05,
                -1.0102609469514305e-05,
                -1.9368924733051663e-07
            ],
            [
                0.0,
                0.0,
                0.0,
                0.0,
                0.0,
                0.0,
                0.0,
                0.0,
                0.0,
                0.0,
                0.0,
                0.001978821511525543,
                2.0987656395703457e-07,
                4.533379800658342e-06,
                -4.095457690995264e-06,
                -6.854610421646451e-06,
                2.959841525338471e-07,
                -3.964709187891936e-07
            ],
            [
                0.0,
                0.0,
                0.0,
                0.0,
                0.0,
                0.0,
                0.0,
                0.0,
                0.0,
                0.0,
                0.0,
                0.0,
                8.717987456287217e-05,
                2.653333502609772e-06,
                -1.1058185850083401e-06,
                -4.484130715615793e-06,
                -2.9368057811702546e-06,
                8.331944421553868e-08
            ],
            [
                0.0,
                0.0,
                0.0,
                0.0,
                0.0,
                0.0,
                0.0,
                0.0,
                0.0,
                0.0,
                0.0,
                0.0,
                0.0,
                0.0009219594549383565,
                -2.5455926918510696e-06,
                -1.0692698291873582e-05,
                -1.121367616551343e-05,
                -3.0969809664433205e-08
            ],
            [
                0.0,
                0.0,
                0.0,
                0.0,
                0.0,
                0.0,
                0.0,
                0.0,
                0.0,
                0.0,
                0.0,
                0.0,
                0.0,
                0.0,
                0.00097083322394211,
                2.341280297985785e-06,
                -2.595693879421767e-06,
                2.781500599261432e-07
            ],
            [
                0.0,
                0.0,
                0.0,
                0.0,
                0.0,
                0.0,
                0.0,
                0.0,
                0.0,
                0.0,
                0.0,
                0.0,
                0.0,
                0.0,
                0.0,
                0.00766091757784427,
                6.050745398829192e-06,
                1.6573957411451333e-09
            ],
            [
                0.0,
                0.0,
                0.0,
                0.0,
                0.0,
                0.0,
                0.0,
                0.0,
                0.0,
                0.0,
                0.0,
                0.0,
                0.0,
                0.0,
                0.0,
                0.0,
                0.003877093378057826,
                -3.9203705739974193e-07
            ],
            [
                0.0,
                0.0,
                0.0,
                0.0,
                0.0,
                0.0,
                0.0,
                0.0,
                0.0,
                0.0,
                0.0,
                0.0,
                0.0,
                0.0,
                0.0,
                0.0,
                0.0,
                0.00018413783966996893
            ]
        ]
    ],
    "allnames": [
        "m1_flow_nominal",
        "m2_flow_nominal",
        "tau1",
        "tau2",
        "tau_m",
        "nominalUa.hasValue",
        "workingPressure.hasValue",
        "flowCoefficient.hasValue",
        "waterFlowRateMax",
        "c1",
        "c2",
        "c3",
        "c4",
        "eps_motor",
        "f_motorToAir",
        "kp",
        "Ti",
        "Td"
    ],
    "alpha_count": 1398,
    "cov": [
        [
            0.00394989643399123,
            -0.05379659732259432,
            -0.05484690012699878,
            0.020235588426699896,
            0.060687686833617506,
            3.8587024273292556,
            -3.0901528090626185,
            -8.167371830878952,
            0.004306776228031144,
            -0.0002792146196936433,
            2.5494881956068988e-05,
            0.001868493853374127,
            1.6078060876056225e-05,
            -0.00031648803447644684,
            -0.0018961331008812508,
            0.002742981594598758,
            -0.001886456413098842,
            6.083615326022376e-05
        ],
        [
            -0.05379659732259432,
            1.9079102847557656,
            1.0512340209540003,
            1.620775501344762,
            11.179175822474283,
            255.5241924093329,
            131.96986130974338,
            41.28416466638625,
            0.1513308481443699,
            -0.06265597036952841,
            0.0010531511662662046,
            0.10916180701948054,
            0.005831301016627921,
            -0.009016175494847628,
            0.10933983713375517,
            0.14537175994377854,
            -0.11455184747239475,
            0.003427630423963292
        ],
        [
            -0.05484690012699878,
            1.0512340209540003,
            11.054405102276412,
            -4.130748959291779,
            -31.992936909918356,
            -606.7803637918572,
            -246.39010264372507,
            387.10215828637064,
            -0.27555753141992095,
            0.07927907547357578,
            0.0011779051600748882,
            -0.39094499591147175,
            -0.010362687672799109,
            -0.03278424836230503,
            0.01689918052719796,
            0.1582337792397703,
            0.3095633030075022,
            0.022204555367768247
        ],
        [
            0.020235588426699896,
            1.620775501344762,
            -4.130748959291779,
            21.436032428311957,
            114.94604222433982,
            2750.5759989320977,
            681.326332946504,
            -396.33477206121876,
            1.899223359247028,
            -0.5339451750785205,
            0.007705698382714684,
            1.7191741201962742,
            0.05229161741120959,
            -0.0113100182575534,
            0.45228305577861566,
            0.6660364624435157,
            -1.6954088786134465,
            -0.03567654325331242
        ],
        [
            0.060687686833617506,
            11.179175822474283,
            -31.992936909918356,
            114.94604222433982,
            700.1465869825288,
            15545.485224699747,
            4800.272358029007,
            -3277.1601391659738,
            10.160347854699221,
            -2.9447917632215246,
            0.028508179938659735,
            9.609978948652817,
            0.2858279605364424,
            0.09674041700104243,
            2.450268535802696,
            3.237292891024771,
            -9.125717786785389,
            -0.26674772622715176
        ],
        [
            3.8587024273292556,
            255.5241924093329,
            -606.7803637918572,
            2750.5759989320977,
            15545.485224699747,
            387372.4239589621,
            85686.77729159252,
            -61850.81177389644,
            244.5808410923848,
            -69.87615355120467,
            0.8942437825601862,
            227.0396443595599,
            6.8718725384288595,
            0.47167715235391594,
            60.745523795043944,
            92.47241589957078,
            -217.34641674458754,
            -5.075770845524908
        ],
        [
            -3.0901528090626185,
            131.96986130974338,
            -246.39010264372507,
            681.326332946504,
            4800.272358029007,
            85686.77729159252,
            52171.339910702125,
            -20504.471393066113,
            57.886731009467006,
            -18.283354200509972,
            0.05600764017383661,
            57.63593029982226,
            1.7348419529540586,
            1.313013563779036,
            15.914895527803912,
            8.439103613000093,
            -53.056663607725035,
            -2.1125602832929515
        ],
        [
            -8.167371830878952,
            41.28416466638625,
            387.10215828637064,
            -396.33477206121876,
            -3277.1601391659738,
            -61850.81177389644,
            -20504.471393066113,
            66157.71858652646,
            -44.082354233125216,
            11.3155255995642,
            -0.033578799364832525,
            -36.09977900067779,
            -0.9004189806574595,
            0.39322500254627957,
            -2.521199407661581,
            -16.111729441092415,
            28.104740284701755,
            0.9839124388064071
        ],
        [
            0.004306776228031144,
            0.1513308481443699,
            -0.27555753141992095,
            1.899223359247028,
            10.160347854699221,
            244.5808410923848,
            57.886731009467006,
            -44.082354233125216,
            0.17929257655505396,
            -0.04881318017081065,
            0.0007989186319542172,
            0.15146345870442254,
            0.0045823729461670635,
            -0.003057501512798028,
            0.041214045858719704,
            0.06991174806887138,
            -0.14893212292620062,
            -0.002370050276214713
        ],
        [
            -0.0002792146196936433,
            -0.06265597036952841,
            0.07927907547357578,
            -0.5339451750785205,
            -2.9447917632215246,
            -69.87615355120467,
            -18.283354200509972,
            11.3155255995642,
            -0.04881318017081065,
            0.013888499972269685,
            -0.00020508209414434384,
            -0.042931193924169365,
            -0.0013331783378087777,
            0.0005874302734408068,
            -0.012266851769449895,
            -0.018793004181564293,
            0.04206090707927574,
            0.0007489064574823298
        ],
        [
            2.5494881956068988e-05,
            0.0010531511662662046,
            0.0011779051600748882,
            0.007705698382714684,
            0.028508179938659735,
            0.8942437825601862,
            0.05600764017383661,
            -0.033578799364832525,
            0.0007989186319542172,
            -0.00020508209414434384,
            7.3689380269503e-06,
            0.0005226193168013857,
            1.8847785117881496e-05,
            -6.442640823090174e-05,
            0.00020172886965619797,
            0.0004579422092721723,
            -0.0005903473102391746,
            1.6774200223368957e-05
        ],
        [
            0.001868493853374127,
            0.10916180701948054,
            -0.39094499591147175,
            1.7191741201962742,
            9.609978948652817,
            227.0396443595599,
            57.63593029982226,
            -36.09977900067779,
            0.15146345870442254,
            -0.042931193924169365,
            0.0005226193168013857,
            0.14254345847940608,
            0.0042123102519745015,
            0.0005402189049519166,
            0.035469081713854045,
            0.04888474366594871,
            -0.13730580816922855,
            -0.0035648300763650655
        ],
        [
            1.6078060876056225e-05,
            0.005831301016627921,
            -0.010362687672799109,
            0.05229161741120959,
            0.2858279605364424,
            6.8718725384288595,
            1.7348419529540586,
            -0.9004189806574595,
            0.0045823729461670635,
            -0.0013331783378087777,
            1.8847785117881496e-05,
            0.0042123102519745015,
            0.00013553346540331592,
            -2.6286696935653277e-05,
            0.0011768839152447197,
            0.0017537526072859153,
            -0.004192246779732156,
            -8.333625276624752e-05
        ],
        [
            -0.00031648803447644684,
            -0.009016175494847628,
            -0.03278424836230503,
            -0.0113100182575534,
            0.09674041700104243,
            0.47167715235391594,
            1.313013563779036,
            0.39322500254627957,
            -0.003057501512798028,
            0.0005874302734408068,
            -6.442640823090174e-05,
            0.0005402189049519166,
            -2.6286696935653277e-05,
            0.0012190973497264574,
            -0.0006547446309267058,
            -0.0029828529787646447,
            9.292890030151303e-05,
            -0.0004479336122557314
        ],
        [
            -0.0018961331008812508,
            0.10933983713375517,
            0.01689918052719796,
            0.45228305577861566,
            2.450268535802696,
            60.745523795043944,
            15.914895527803912,
            -2.521199407661581,
            0.041214045858719704,
            -0.012266851769449895,
            0.00020172886965619797,
            0.035469081713854045,
            0.0011768839152447197,
            -0.0006547446309267058,
            0.013432934781671896,
            0.02008366087257494,
            -0.035357603097902236,
            -0.0004302427725556855
        ],
        [
            0.002742981594598758,
            0.14537175994377854,
            0.1582337792397703,
            0.6660364624435157,
            3.237292891024771,
            92.47241589957078,
