{
    "R": [
        [
            0.009446467353037368,
            -0.00034850661080651534,
            -0.0007266973275374438,
            -0.0009912476884174363,
            0.0002596492272933131,
            0.3466423485143898,
            0.12627208800067058,
            0.052919078936909524,
            1.1521368230306183e-05,
            5.435490214351073e-06,
            1.8887965069900537e-05,
            -1.7459972580573485e-06,
            -3.521056560767583e-07,
            1.3407154019934797e-05,
            -2.521897961694297e-07,
            0.0014843317491996585,
            -0.0007813008301244883,
            -0.0011094566633464199
        ],
        [
            0.0,
            0.05784059020781915,
            0.00029138663175471964,
            0.0005890481244584303,
            -0.0001763932912407523,
            -0.16857917033350622,
            -0.06957030389268024,
            -0.005293704424319373,
            -1.2782328973192507e-05,
            -2.932069833656148e-06,
            -1.2399270386367766e-05,
            1.5815836828493211e-06,
            6.74842080499801e-08,
            -9.175386790760112e-06,
            -1.1768668603151555e-06,
            -0.001193113178052994,
            0.00026893315313922196,
            0.0007568002924419752
        ],
        [
            0.0,
            0.0,
            0.29669863975225963,
            0.0003139169412122297,
            -1.9085026871140093e-05,
            0.01241799486931424,
            -0.028444432220444654,
            -0.014534297875620137,
            -4.704684887870553e-06,
            -7.282228576740861e-07,
            -1.8283621561551249e-06,
            2.9947764011733725e-07,
            1.254445661749084e-07,
            5.5389707993730675e-06,
            -4.86490617281533e-07,
            -4.4141854788486774e-05,
            0.0002600666756441233,
            -0.00023667625835939782
        ],
        [
            0.0,
            0.0,
            0.0,
            0.1727218309417103,
            -0.00020199289167417093,
            -0.17266353188047198,
            -0.05831748216371377,
            -0.017503051537233714,
            -9.507838455031664e-06,
            -1.9395487746305672e-06,
            -1.0078239206993244e-05,
            4.983645126267327e-07,
            1.8634427009588984e-07,
            -4.563321906319617e-06,
            -4.921579037476635e-07,
            -0.0008729425893054395,
            0.00046943624303107405,
            0.00035436319692658464
        ],
        [
            0.0,
            0.0,
            0.0,
            0.0,
            0.06973981668314228,
            0.019708378615108237,
            0.04692616093333997,
            0.0016838209736935535,
            1.0816097314910278e-05,
            1.724447640107763e-06,
            6.206977516910198e-06,
            -1.278731194127814e-06,
            -4.1863944422027375e-08,
            -4.891293243387851e-07,
            1.4394613523583692e-06,
            0.0005768963561893237,
            -0.00016978781114443812,
            -0.0001685705091231926
        ],
        [
            0.0,
            0.0,
            0.0,
            0.0,
            0.0,
            63.16020001703004,
            0.06874727496402283,
            0.03484663108032258,
            -3.9489212111390705e-06,
            4.811249495166711e-06,
            1.0909843863308766e-05,
            -1.883495266871292e-06,
            -5.166862156946692e-08,
            2.2138824493185653e-05,
            -1.8341748166456221e-06,
            0.0008606601622109454,
            -4.505653280101851e-05,
            -0.0015997067173713518
        ],
        [
            0.0,
            0.0,
            0.0,
            0.0,
            0.0,
            0.0,
            17.279668585274926,
            0.030569022195652603,
            7.080877284168215e-06,
            3.457163035823352e-06,
            1.283353610310158e-05,
            -1.0688242024668928e-06,
            -2.0444874685342546e-07,
            1.1210394385030645e-05,
            -2.503953299756177e-07,
            0.001059699442698994,
            -0.0004702067230594863,
            -0.000841927787794499
        ],
        [
            0.0,
            0.0,
            0.0,
            0.0,
            0.0,
            0.0,
            0.0,
            13.596720024070876,
            -8.508022983545924e-06,
            2.112417945665186e-06,
            2.8788536822937104e-06,
            2.743726153379735e-07,
            -2.804394175916862e-07,
            4.32105492269776e-06,
            -2.4758275324430143e-06,
            -0.00011277190828009504,
            -0.0004231953261652879,
            -0.00030940404037443377
        ],
        [
            0.0,
            0.0,
            0.0,
            0.0,
            0.0,
            0.0,
            0.0,
            0.0,
            0.005872738258470205,
            -3.174749579364608e-07,
            4.112450760895372e-06,
            -4.43073211890052e-07,
            -9.22346002198246e-09,
            -6.607198826130608e-06,
            2.476161487231658e-06,
            0.0005257199048321244,
            -0.0001808386801337556,
            0.0003501928497630649
        ],
        [
            0.0,
            0.0,
            0.0,
            0.0,
            0.0,
            0.0,
            0.0,
            0.0,
            0.0,
            0.00231773423973681,
            4.975680664526546e-06,
            -4.906600247859963e-07,
            -3.775599122309005e-08,
            9.100657301096214e-06,
            -6.898922632818115e-07,
            0.00042305301513002777,
            -7.243419061818145e-05,
            -0.0006071931023934603
        ],
        [
            0.0,
            0.0,
            0.0,
            0.0,
            0.0,
            0.0,
            0.0,
            0.0,
            0.0,
            0.0,
            0.003344168034443328,
            -1.6714031852451172e-06,
            -4.0439778134141305e-08,
            1.423403309765937e-05,
            2.1847487434690562e-07,
            0.0011091579124844157,
            -0.00015786409633776466,
            -0.001070255084771337
        ],
        [
            0.0,
            0.0,
            0.0,
            0.0,
            0.0,
            0.0,
            0.0,
            0.0,
            0.0,
            0.0,
            0.0,
            0.0018938646369392209,
            -1.665889644687242e-08,
            -5.043497341772527e-06,
            -2.0913112154366698e-08,
            -0.0003199487408056042,
            -3.7916605833207065e-06,
            0.00031905887106008153
        ],
        [
            0.0,
            0.0,
            0.0,
            0.0,
            0.0,
            0.0,
            0.0,
            0.0,
            0.0,
            0.0,
            0.0,
            0.0,
            0.00021855394454122618,
            3.274206012078926e-06,
            2.6849919144509213e-07,
            8.113077744235687e-05,
            0.00022637064796719557,
            -0.00017183421897286157
        ],
        [
            0.0,
            0.0,
            0.0,
            0.0,
            0.0,
            0.0,
            0.0,
            0.0,
            0.0,
            0.0,
            0.0,
            0.0,
            0.0,
            0.0045605965234888895,
            -2.233359546302306e-06,
            0.0010133352648503814,
            0.00036751204053958917,
            -0.0021767302678667453
        ],
        [
            0.0,
            0.0,
            0.0,
            0.0,
            0.0,
            0.0,
            0.0,
            0.0,
            0.0,
            0.0,
            0.0,
            0.0,
            0.0,
            0.0,
            0.0013422322172710094,
            0.00021821344543899277,
            -3.8762659618238745e-05,
            0.0004723445954298008
        ],
        [
            0.0,
            0.0,
            0.0,
            0.0,
            0.0,
            0.0,
            0.0,
            0.0,
            0.0,
            0.0,
            0.0,
            0.0,
            0.0,
            0.0,
            0.0,
            0.3964472818011421,
            -6.733533553527975e-06,
            -0.0008690999166806787
        ],
        [
            0.0,
            0.0,
            0.0,
            0.0,
            0.0,
            0.0,
            0.0,
            0.0,
            0.0,
            0.0,
            0.0,
            0.0,
            0.0,
            0.0,
            0.0,
            0.0,
            0.21190765934746308,
            -0.0003943380174940397
        ],
        [
            0.0,
            0.0,
            0.0,
            0.0,
            0.0,
            0.0,
            0.0,
            0.0,
            0.0,
            0.0,
            0.0,
            0.0,
            0.0,
            0.0,
            0.0,
            0.0,
            0.0,
            0.45289041719006207
        ]
    ],
    "RDR": [
        [
            [
                0.009446467353037368,
                -0.00034850661080651534,
                -0.0007266973275374438,
                -0.0009912476884174363,
                0.0002596492272933131,
                0.3466423485143898,
                0.12627208800067058,
                0.052919078936909524,
                1.1521368230306183e-05,
                5.435490214351073e-06,
                1.8887965069900537e-05,
                -1.7459972580573485e-06,
                -3.521056560767583e-07,
                1.3407154019934797e-05,
                -2.521897961694297e-07,
                0.0014843317491996585,
                -0.0007813008301244883,
                -0.0011094566633464199
            ],
            [
                0.0,
                0.05784059020781915,
                0.00029138663175471964,
                0.0005890481244584303,
                -0.0001763932912407523,
                -0.16857917033350622,
                -0.06957030389268024,
                -0.005293704424319373,
                -1.2782328973192507e-05,
                -2.932069833656148e-06,
                -1.2399270386367766e-05,
                1.5815836828493211e-06,
                6.74842080499801e-08,
                -9.175386790760112e-06,
                -1.1768668603151555e-06,
                -0.001193113178052994,
                0.00026893315313922196,
                0.0007568002924419752
            ],
            [
                0.0,
                0.0,
                0.29669863975225963,
                0.0003139169412122297,
                -1.9085026871140093e-05,
                0.01241799486931424,
                -0.028444432220444654,
                -0.014534297875620137,
                -4.704684887870553e-06,
                -7.282228576740861e-07,
                -1.8283621561551249e-06,
                2.9947764011733725e-07,
                1.254445661749084e-07,
                5.5389707993730675e-06,
                -4.86490617281533e-07,
                -4.4141854788486774e-05,
                0.0002600666756441233,
                -0.00023667625835939782
            ],
            [
                0.0,
                0.0,
                0.0,
                0.1727218309417103,
                -0.00020199289167417093,
                -0.17266353188047198,
                -0.05831748216371377,
                -0.017503051537233714,
                -9.507838455031664e-06,
                -1.9395487746305672e-06,
                -1.0078239206993244e-05,
                4.983645126267327e-07,
                1.8634427009588984e-07,
                -4.563321906319617e-06,
                -4.921579037476635e-07,
                -0.0008729425893054395,
                0.00046943624303107405,
                0.00035436319692658464
            ],
            [
                0.0,
                0.0,
                0.0,
                0.0,
                0.06973981668314228,
                0.019708378615108237,
                0.04692616093333997,
                0.0016838209736935535,
                1.0816097314910278e-05,
                1.724447640107763e-06,
                6.206977516910198e-06,
                -1.278731194127814e-06,
                -4.1863944422027375e-08,
                -4.891293243387851e-07,
                1.4394613523583692e-06,
                0.0005768963561893237,
                -0.00016978781114443812,
                -0.0001685705091231926
            ],
            [
                0.0,
                0.0,
                0.0,
                0.0,
                0.0,
                63.16020001703004,
                0.06874727496402283,
                0.03484663108032258,
                -3.9489212111390705e-06,
                4.811249495166711e-06,
                1.0909843863308766e-05,
                -1.883495266871292e-06,
                -5.166862156946692e-08,
                2.2138824493185653e-05,
                -1.8341748166456221e-06,
                0.0008606601622109454,
                -4.505653280101851e-05,
                -0.0015997067173713518
            ],
            [
                0.0,
                0.0,
                0.0,
                0.0,
                0.0,
                0.0,
                17.279668585274926,
                0.030569022195652603,
                7.080877284168215e-06,
                3.457163035823352e-06,
                1.283353610310158e-05,
                -1.0688242024668928e-06,
                -2.0444874685342546e-07,
                1.1210394385030645e-05,
                -2.503953299756177e-07,
                0.001059699442698994,
                -0.0004702067230594863,
                -0.000841927787794499
            ],
            [
                0.0,
                0.0,
                0.0,
                0.0,
                0.0,
                0.0,
                0.0,
                13.596720024070876,
                -8.508022983545924e-06,
                2.112417945665186e-06,
                2.8788536822937104e-06,
                2.743726153379735e-07,
                -2.804394175916862e-07,
                4.32105492269776e-06,
                -2.4758275324430143e-06,
                -0.00011277190828009504,
                -0.0004231953261652879,
                -0.00030940404037443377
            ],
            [
                0.0,
                0.0,
                0.0,
                0.0,
                0.0,
                0.0,
                0.0,
                0.0,
                0.005872738258470205,
                -3.174749579364608e-07,
                4.112450760895372e-06,
                -4.43073211890052e-07,
                -9.22346002198246e-09,
                -6.607198826130608e-06,
                2.476161487231658e-06,
                0.0005257199048321244,
                -0.0001808386801337556,
                0.0003501928497630649
            ],
            [
                0.0,
                0.0,
                0.0,
                0.0,
                0.0,
                0.0,
                0.0,
                0.0,
                0.0,
                0.00231773423973681,
                4.975680664526546e-06,
                -4.906600247859963e-07,
                -3.775599122309005e-08,
                9.100657301096214e-06,
                -6.898922632818115e-07,
                0.00042305301513002777,
                -7.243419061818145e-05,
                -0.0006071931023934603
            ],
            [
                0.0,
                0.0,
                0.0,
                0.0,
                0.0,
                0.0,
                0.0,
                0.0,
                0.0,
                0.0,
                0.003344168034443328,
                -1.6714031852451172e-06,
                -4.0439778134141305e-08,
                1.423403309765937e-05,
                2.1847487434690562e-07,
                0.0011091579124844157,
                -0.00015786409633776466,
                -0.001070255084771337
            ],
            [
                0.0,
                0.0,
                0.0,
                0.0,
                0.0,
                0.0,
                0.0,
                0.0,
                0.0,
                0.0,
                0.0,
                0.0018938646369392209,
                -1.665889644687242e-08,
                -5.043497341772527e-06,
                -2.0913112154366698e-08,
                -0.0003199487408056042,
                -3.7916605833207065e-06,
                0.00031905887106008153
            ],
            [
                0.0,
                0.0,
                0.0,
                0.0,
                0.0,
                0.0,
                0.0,
                0.0,
                0.0,
                0.0,
                0.0,
                0.0,
                0.00021855394454122618,
                3.274206012078926e-06,
                2.6849919144509213e-07,
                8.113077744235687e-05,
                0.00022637064796719557,
                -0.00017183421897286157
            ],
            [
                0.0,
                0.0,
                0.0,
                0.0,
                0.0,
                0.0,
                0.0,
                0.0,
                0.0,
                0.0,
                0.0,
                0.0,
                0.0,
                0.0045605965234888895,
                -2.233359546302306e-06,
                0.0010133352648503814,
                0.00036751204053958917,
                -0.0021767302678667453
            ],
            [
                0.0,
                0.0,
                0.0,
                0.0,
                0.0,
                0.0,
                0.0,
                0.0,
                0.0,
                0.0,
                0.0,
                0.0,
                0.0,
                0.0,
                0.0013422322172710094,
                0.00021821344543899277,
                -3.8762659618238745e-05,
                0.0004723445954298008
            ],
            [
                0.0,
                0.0,
                0.0,
                0.0,
                0.0,
                0.0,
                0.0,
                0.0,
                0.0,
                0.0,
                0.0,
                0.0,
                0.0,
                0.0,
                0.0,
                0.3964472818011421,
                -6.733533553527975e-06,
                -0.0008690999166806787
            ],
            [
                0.0,
                0.0,
                0.0,
                0.0,
                0.0,
                0.0,
                0.0,
                0.0,
                0.0,
                0.0,
                0.0,
                0.0,
                0.0,
                0.0,
                0.0,
                0.0,
                0.21190765934746308,
                -0.0003943380174940397
            ],
            [
                0.0,
                0.0,
                0.0,
                0.0,
                0.0,
                0.0,
                0.0,
                0.0,
                0.0,
                0.0,
                0.0,
                0.0,
                0.0,
                0.0,
                0.0,
                0.0,
                0.0,
                0.45289041719006207
            ]
        ],
        [
            [
                0.0018892934706074738,
                -6.970132216130308e-05,
                -0.00014533946550748876,
                -0.00019824953768348728,
                5.1929845458662624e-05,
                0.06932846970287797,
                0.025254417600134117,
                0.010583815787381906,
                2.3042736460612367e-06,
                1.0870980428702148e-06,
                3.7775930139801078e-06,
                -3.491994516114697e-07,
                -7.042113121535166e-08,
                2.6814308039869597e-06,
                -5.043795923388594e-08,
                0.0002968663498399317,
                -0.00015626016602489769,
                -0.000221891332669284
            ],
            [
                0.0,
                0.011568118041563831,
                5.8277326350943934e-05,
                0.00011780962489168607,
                -3.527865824815046e-05,
                -0.03371583406670125,
                -0.013914060778536047,
                -0.0010587408848638745,
                -2.5564657946385017e-06,
                -5.864139667312296e-07,
                -2.4798540772735535e-06,
                3.1631673656986427e-07,
                1.3496841609996022e-08,
                -1.8350773581520226e-06,
                -2.353733720630311e-07,
                -0.00023862263561059881,
                5.3786630627844395e-05,
                0.00015136005848839505
            ],
            [
                0.0,
                0.0,
                0.05933972795045193,
                6.278338824244595e-05,
                -3.817005374228019e-06,
                0.002483598973862848,
                -0.005688886444088931,
                -0.0029068595751240277,
                -9.409369775741107e-07,
                -1.4564457153481722e-07,
                -3.65672431231025e-07,
                5.989552802346745e-08,
                2.508891323498168e-08,
                1.1077941598746135e-06,
                -9.72981234563066e-08,
                -8.828370957697356e-06,
                5.2013335128824666e-05,
                -4.7335251671879564e-05
            ],
            [
                0.0,
                0.0,
                0.0,
                0.034544366188342064,
                -4.039857833483419e-05,
                -0.034532706376094395,
                -0.011663496432742754,
                -0.003500610307446743,
                -1.9015676910063328e-06,
                -3.8790975492611347e-07,
                -2.015647841398649e-06,
                9.967290252534655e-08,
                3.726885401917797e-08,
                -9.126643812639235e-07,
                -9.843158074953271e-08,
                -0.00017458851786108793,
                9.388724860621482e-05,
                7.087263938531693e-05
            ],
            [
                0.0,
                0.0,
                0.0,
                0.0,
                0.013947963336628455,
                0.003941675723021647,
                0.009385232186667994,
                0.0003367641947387107,
                2.163219462982056e-06,
                3.448895280215526e-07,
                1.2413955033820398e-06,
                -2.5574623882556284e-07,
                -8.372788884405475e-09,
                -9.782586486775703e-08,
                2.8789227047167384e-07,
                0.00011537927123786475,
                -3.3957562228887626e-05,
                -3.371410182463852e-05
            ],
            [
                0.0,
                0.0,
                0.0,
                0.0,
                0.0,
                12.63204000340601,
                0.013749454992804567,
                0.006969326216064516,
                -7.897842422278141e-07,
                9.622498990333421e-07,
                2.1819687726617532e-06,
                -3.766990533742584e-07,
                -1.0333724313893385e-08,
                4.427764898637131e-06,
                -3.6683496332912446e-07,
                0.0001721320324421891,
                -9.011306560203703e-06,
                -0.00031994134347427037
            ],
            [
                0.0,
                0.0,
                0.0,
                0.0,
                0.0,
                0.0,
                3.4559337170549855,
                0.006113804439130521,
                1.416175456833643e-06,
                6.914326071646705e-07,
                2.5667072206203164e-06,
                -2.1376484049337857e-07,
                -4.0889749370685097e-08,
                2.242078877006129e-06,
                -5.007906599512354e-08,
                0.00021193988853979883,
                -9.404134461189726e-05,
                -0.00016838555755889983
            ],
            [
                0.0,
                0.0,
                0.0,
                0.0,
                0.0,
                0.0,
                0.0,
                2.7193440048141753,
                -1.701604596709185e-06,
                4.224835891330372e-07,
                5.757707364587421e-07,
                5.48745230675947e-08,
                -5.608788351833724e-08,
                8.642109845395521e-07,
                -4.951655064886029e-07,
                -2.2554381656019008e-05,
                -8.463906523305758e-05,
                -6.188080807488676e-05
            ],
            [
                0.0,
                0.0,
                0.0,
                0.0,
                0.0,
                0.0,
                0.0,
                0.0,
                0.0011745476516940411,
                -6.349499158729217e-08,
                8.224901521790745e-07,
                -8.861464237801041e-08,
                -1.8446920043964922e-09,
                -1.3214397652261217e-06,
                4.952322974463316e-07,
                0.00010514398096642488,
                -3.6167736026751124e-05,
                7.003856995261299e-05
            ],
            [
                0.0,
                0.0,
                0.0,
                0.0,
                0.0,
                0.0,
                0.0,
                0.0,
                0.0,
                0.000463546847947362,
                9.951361329053092e-07,
                -9.813200495719928e-08,
                -7.551198244618011e-09,
                1.820131460219243e-06,
                -1.379784526563623e-07,
                8.461060302600556e-05,
                -1.4486838123636292e-05,
                -0.00012143862047869205
            ],
            [
                0.0,
                0.0,
                0.0,
                0.0,
                0.0,
                0.0,
                0.0,
                0.0,
                0.0,
                0.0,
                0.0006688336068886657,
                -3.3428063704902344e-07,
                -8.087955626828262e-09,
                2.846806619531874e-06,
                4.3694974869381124e-08,
                0.00022183158249688314,
                -3.1572819267552936e-05,
                -0.00021405101695426743
            ],
            [
                0.0,
                0.0,
                0.0,
                0.0,
                0.0,
                0.0,
                0.0,
                0.0,
                0.0,
                0.0,
                0.0,
                0.0003787729273878442,
                -3.3317792893744846e-09,
                -1.0086994683545055e-06,
                -4.18262243087334e-09,
                -6.398974816112085e-05,
                -7.583321166641413e-07,
                6.38117742120163e-05
            ],
            [
                0.0,
                0.0,
                0.0,
                0.0,
                0.0,
                0.0,
                0.0,
                0.0,
                0.0,
                0.0,
                0.0,
                0.0,
                4.3710788908245236e-05,
                6.548412024157852e-07,
                5.369983828901843e-08,
                1.6226155488471376e-05,
                4.5274129593439116e-05,
                -3.4366843794572316e-05
            ],
            [
                0.0,
                0.0,
                0.0,
                0.0,
                0.0,
                0.0,
                0.0,
                0.0,
                0.0,
                0.0,
                0.0,
                0.0,
                0.0,
                0.0009121193046977779,
                -4.4667190926046126e-07,
                0.00020266705297007629,
                7.350240810791784e-05,
                -0.0004353460535733491
            ],
            [
                0.0,
                0.0,
                0.0,
                0.0,
                0.0,
                0.0,
                0.0,
                0.0,
                0.0,
                0.0,
                0.0,
                0.0,
                0.0,
                0.0,
                0.0002684464434542019,
                4.3642689087798554e-05,
                -7.752531923647749e-06,
                9.446891908596017e-05
            ],
            [
                0.0,
                0.0,
                0.0,
                0.0,
                0.0,
                0.0,
                0.0,
                0.0,
                0.0,
                0.0,
                0.0,
                0.0,
                0.0,
                0.0,
                0.0,
                0.07928945636022842,
                -1.3467067107055951e-06,
                -0.00017381998333613574
            ],
            [
                0.0,
                0.0,
                0.0,
                0.0,
                0.0,
                0.0,
                0.0,
                0.0,
                0.0,
                0.0,
                0.0,
                0.0,
                0.0,
                0.0,
                0.0,
                0.0,
                0.04238153186949262,
                -7.886760349880794e-05
            ],
            [
                0.0,
                0.0,
                0.0,
                0.0,
                0.0,
                0.0,
                0.0,
                0.0,
                0.0,
                0.0,
                0.0,
                0.0,
                0.0,
                0.0,
                0.0,
                0.0,
                0.0,
                0.09057808343801242
            ]
        ]
    ],
    "allnames": [
        "m1_flow_nominal",
        "m2_flow_nominal",
        "tau1",
        "tau2",
        "tau_m",
        "nominalUa.hasValue",
        "workingPressure.hasValue",
        "flowCoefficient.hasValue",
        "waterFlowRateMax",
        "c1",
        "c2",
        "c3",
        "c4",
        "eps_motor",
        "f_motorToAir",
        "kp",
        "Ti",
        "Td"
    ],
    "alpha_count": 1383,
    "cov": [
        [
            0.005224411970411429,
            0.01040447115231861,
            0.1155491583743456,
            0.09375712102831214,
            0.009466047068935408,
            28.160116927788405,
            12.488116395906554,
            -5.3231528411522815,
            0.000969483630571872,
            0.002564255702976187,
            0.0030622073456575472,
            -0.0001957405852133701,
            9.264454818428504e-05,
            0.00121115497007042,
            8.916367858343201e-05,
            -0.006841459706038222,
            -0.18778298381781805,
            0.12847511984427787
        ],
        [
            0.01040447115231861,
            0.2184416395099849,
            1.3562421575587151,
            0.519325646168767,
            0.01932311295968621,
            179.90440445863,
            53.20093905924278,
            -63.485499513743264,
            -0.004887254565110211,
            0.01882224922398298,
            0.02338667893160472,
            -0.004384754334821608,
            0.0007819292729846622,
            0.009023956407419126,
            6.794872684943812e-05,
            -0.02279800249528875,
            -1.1790747839092623,
            0.033978473105354616
        ],
        [
            0.1155491583743456,
            1.3562421575587151,
            12.208894542285028,
            5.563641796116402,
            -0.42282352519484057,
            2195.6332961131147,
            601.3542143405226,
            -544.1958100171629,
            -0.038003532050777486,
            0.21388831075746678,
            0.229655869589153,
            -0.030887005919048846,
            0.005941380992073218,
            0.08137088091931931,
            -0.0030932812923346693,
            0.44848608650216215,
            -10.84556822203393,
            0.507552875683995
        ],
        [
            0.09375712102831214,
            0.519325646168767,
            5.563641796116402,
            5.484156076329718,
            -0.013878824443482624,
            1314.097903004918,
            478.0245486406499,
            -210.0311105197616,
            -0.004016427701674468,
            0.09723340098661315,
            0.14808226811222805,
            -0.017730147219622943,
            0.0019514483110014294,
            0.038965150560374105,
            0.006990525893178847,
            -1.6754140740831718,
            -5.8710705022023495,
            4.402314342486935
        ],
        [
            0.009466047068935408,
            0.01932311295968621,
            -0.42282352519484057,
            -0.013878824443482624,
            0.4985231796477088,
            -399.0676604716399,
            -6.73745559932088,
            30.544957397206705,
            0.014793136447693,
            -0.025965518225116526,
            -0.01231395339206288,
            -0.0003169314769837412,
            0.0003184519839150473,
            -0.006143840998113437,
            0.0024258557908864572,
            0.039601007735001664,
            -0.1408194821324945,
            1.4611688783488779
        ],
        [
            28.160116927788405,
            179.90440445863,
            2195.6332961131147,
            1314.097903004918,
            -399.0676604716399,
            1089769.9359712813,
            178045.48798758176,
            -87058.52958974798,
            15.570594393264239,
            75.17059867942855,
            53.66935743075691,
            1.9250769780017962,
            0.3335015355393127,
            23.812841463949432,
            -4.915064295049756,
            1141.0186290660372,
            -2045.5928757302506,
            -687.0055113354377
        ],
        [
            12.488116395906554,
            53.20093905924278,
            601.3542143405226,
            478.0245486406499,
            -6.73745559932088,
            178045.48798758176,
            58699.17417440398,
            -26397.028000517166,
            3.208000949738918,
            14.566867300511657,
            15.866822327900438,
            -0.6874035698722224,
            0.25299138223836365,
            5.16683671931708,
            -0.40086825627567657,
            40.090782445250504,
            -784.0078359484681,
            426.77321163416804
        ],
        [
            -5.3231528411522815,
            -63.485499513743264,
            -544.1958100171629,
            -210.0311105197616,
            30.544957397206705,
            -87058.52958974798,
            -26397.028000517166,
            41479.684645563844,
            4.452115475658039,
            -9.68156466317792,
            -10.914817225739208,
            1.9791347191807482,
            -0.3896946883902013,
            -3.9668711920939557,
            0.254296197774087,
            108.099565632623,
            618.5726178242744,
            -40.88509577798646
        ],
        [
            0.000969483630571872,
            -0.004887254565110211,
            -0.038003532050777486,
            -0.004016427701674468,
            0.014793136447693,
            15.570594393264239,
            3.208000949738918,
            4.452115475658039,
            0.005296888521394728,
            -2.534078933163857e-05,
            -0.0015096632544734782,
            0.0007948792693764212,
            -3.501789642258711e-07,
            -0.00019815407656227578,
            -0.0002151406434274962,
            0.26222055907745184,
            0.06022668898994591,
            -0.04137821339089532
        ],
        [
            0.002564255702976187,
            0.01882224922398298,
            0.21388831075746678,
            0.09723340098661315,
            -0.025965518225116526,
            75.17059867942855,
            14.566867300511657,
            -9.68156466317792,
            -2.534078933163857e-05,
            0.006604766159623747,
            0.0049943046080417035,
            -6.570983640673249e-05,
            5.4083748660130394e-05,
            0.0020924269575386804,
            -0.0004546265717037625,
            0.05368438627497566,
            -0.2347334489811843,
            -0.029081951634931043
        ],
        [
            0.0030622073456575472,
            0.02338667893160472,
            0.229655869589153,
            0.14808226811222805,
            -0.01231395339206288,
            53.66935743075691,
            15.866822327900438,
            -10.914817225739208,
            -0.0015096632544734782,
            0.0049943046080417035,
            0.005870802037577185,
            -0.0006516227080232119,
            8.280518703293665e-05,
            0.0019031900070070368,
            -6.504577711511912e-05,
            -0.08643772491289942,
            -0.2679553343219644,
            0.10619882324213115
        ],
        [
            -0.0001957405852133701,
            -0.004384754334821608,
            -0.030887005919048846,
            -0.017730147219622943,
            -0.0003169314769837412,
            1.9250769780017962,
            -0.6874035698722224,
            1.9791347191807482,
            0.0007948792693764212,
            -6.570983640673249e-05,
            -0.0006516227080232119,
            0.00036822917726543153,
            -2.4106054254109342e-05,
            -0.00015884922252313482,
            -0.00010016583949619278,
            0.044376493429622806,
            0.02689274135683706,
            -0.019482327100096435
        ],
        [
            9.264454818428504e-05,
            0.0007819292729846622,
            0.005941380992073218,
            0.0019514483110014294,
            0.0003184519839150473,
            0.3335015355393127,
            0.25299138223836365,
            -0.3896946883902013,
            -3.501789642258711e-07,
            5.4083748660130394e-05,
            8.280518703293665e-05,
            -2.4106054254109342e-05,
            6.637484203266993e-06,
            3.8536078541483205e-05,
            2.9759315977392314e-06,
            0.00149235215208207,
            -0.006006411537731029,
            0.0004692130485373533
        ],
        [
            0.00121115497007042,
            0.009023956407419126,
            0.08137088091931931,
            0.038965150560374105,
            -0.006143840998113437,
            23.812841463949432,
            5.16683671931708,
            -3.9668711920939557,
            -0.00019815407656227578,
            0.0020924269575386804,
            0.0019031900070070368,
            -0.00015884922252313482,
            3.8536078541483205e-05,
            0.0009484402635293283,
            -0.00010939267843339308,
            -0.0017218863836005074,
            -0.09578565747588269,
            0.015437204406891829
        ],
        [
            8.916367858343201e-05,
            6.794872684943812e-05,
            -0.0030932812923346693,
            0.006990525893178847,
            0.0024258557908864572,
            -4.915064295049756,
            -0.40086825627567657,
            0.254296197774087,
            -0.0002151406434274962,
            -0.0004546265717037625,
            -6.504577711511912e-05,
            -0.00010016583949619278,
            2.9759315977392314e-06,
            -0.00010939267843339308,
            0.00012857796788315288,
            -0.019775235929236887,
            0.0086852278522506,
            0.008272690137081581
        ],
        [
            -0.006841459706038222,
            -0.02279800249528875,
            0.44848608650216215,
            -1.6754140740831718,
            0.039601007735001664,
