{
    "R": [
        [
            7.182067112299763e-07,
            -1.0860204595639398e-08,
            -2.946102444193571e-07,
            1.8174549571052794e-07,
            1.0851002559848522e-08,
            8.789168742714866e-06,
            1.6861242466199893e-06,
            2.3615970068689554e-05,
            1.853111616022337e-09,
            -4.678181598226077e-10,
            6.181713566241819e-10,
            -3.012210845714291e-10,
            -2.859555683723636e-10,
            3.630185150227745e-11,
            -9.67149159013085e-10,
            1.7664410708803864e-10,
            9.043625224694241e-10,
            -7.796281614068555e-10
        ],
        [
            0.0,
            1.0583021547080018e-05,
            3.2498053347422523e-07,
            2.806989119406016e-07,
            -7.631872989539862e-09,
            1.9405719352982324e-05,
            -2.405438404508941e-06,
            -7.781191109547303e-06,
            3.122359480802928e-09,
            3.8962506598670184e-10,
            -1.1570357215550616e-09,
            -1.723472019448748e-10,
            -4.5919440106777343e-10,
            -1.7562137350519293e-10,
            -6.864802385430643e-10,
            -2.965493436009507e-09,
            -1.2506306764856421e-08,
            -4.63301783515561e-11
        ],
        [
            0.0,
            0.0,
            0.0004005024531176646,
            1.8294513239331856e-07,
            3.2125040534824396e-08,
            1.3842713972666593e-05,
            4.1449235268995964e-07,
            1.2543890511761812e-06,
            -2.1491757089109157e-09,
            1.0396617640793298e-10,
            -4.0949451644129806e-10,
            -2.386765210916251e-10,
            -6.468687647136095e-10,
            -1.9864976764827265e-10,
            -9.377325577571863e-11,
            -5.388882200211127e-09,
            9.24365688309603e-09,
            -7.435649075807862e-10
        ],
        [
            0.0,
            0.0,
            0.0,
            0.00012792111162035412,
            5.2160328651891734e-08,
            5.3756006647514216e-05,
            4.122551218902357e-06,
            2.4614514203468984e-05,
            2.401044506100344e-09,
            -4.782679388772765e-10,
            -1.2481662251190208e-09,
            -1.374454753580338e-10,
            -1.3636208312191253e-09,
            -3.4209575876549965e-10,
            -1.4882580911767444e-09,
            -1.043532007294403e-08,
            -6.394224563152148e-10,
            -1.1362337846601317e-09
        ],
        [
            0.0,
            0.0,
            0.0,
            0.0,
            2.5343321220558502e-05,
            -2.159946972336204e-05,
            4.235831895531928e-06,
            -4.215395776801823e-07,
            -5.147950971071101e-09,
            -4.87731340501997e-10,
            -8.04613764075837e-10,
            -1.1848087686099022e-11,
            -7.705167279973133e-10,
            -6.882582628021781e-11,
            2.586196466715145e-11,
            -3.294719863099183e-09,
            5.486119686860557e-09,
            1.0717023320793095e-09
        ],
        [
            0.0,
            0.0,
            0.0,
            0.0,
            0.0,
            0.011867941273173272,
            1.5582112768731687e-05,
            2.4660671723470932e-05,
            -1.1072195449321573e-08,
            7.166304410495999e-10,
            -2.297818003207518e-09,
            1.220892296345671e-09,
            -3.2448262297202046e-11,
            -2.6841031800925144e-10,
            1.7471736005053749e-09,
            -4.717577211134287e-09,
            -6.3302640272800295e-09,
            -2.4028711572100916e-09
        ],
        [
            0.0,
            0.0,
            0.0,
            0.0,
            0.0,
            0.0,
            0.0036681809604599924,
            2.7406344301755514e-05,
            -3.402460399489292e-09,
            -2.240002997063522e-10,
            5.858303766242476e-10,
            7.749766484233438e-10,
            5.728215615907809e-10,
            1.3439858486176367e-10,
            2.6324483966495987e-10,
            -3.934962352811304e-09,
            2.3740892834950438e-09,
            -2.6265509786045666e-09
        ],
        [
            0.0,
            0.0,
            0.0,
            0.0,
            0.0,
            0.0,
            0.0,
            0.004809821274619816,
            -6.387166225356001e-09,
            -6.275955571315748e-10,
            -1.0933076386183071e-09,
            1.6395480851696072e-09,
            -1.0732577150546708e-10,
            -9.35808827228877e-11,
            2.8777949193029055e-10,
            -6.83059402059954e-09,
            -7.115246219474312e-09,
            -3.219586692149928e-09
        ],
        [
            0.0,
            0.0,
            0.0,
            0.0,
            0.0,
            0.0,
            0.0,
            0.0,
            2.9775521318964143e-06,
            -2.993754510701813e-10,
            -8.00414789690594e-10,
            -5.599746762134703e-10,
            -6.677839534263225e-10,
            1.4482605449918643e-10,
            -7.611246830731772e-10,
            6.6146169097837495e-09,
            -2.4121012535995747e-08,
            2.7411062696878373e-09
        ],
        [
            0.0,
            0.0,
            0.0,
            0.0,
            0.0,
            0.0,
            0.0,
            0.0,
            0.0,
            3.107465694107323e-07,
            -9.264523142224694e-11,
            -9.58501516225683e-11,
            -5.917527990805475e-10,
            -1.9153066400459528e-10,
            1.7832453278973746e-09,
            1.4998659304985984e-09,
            -6.049997741740376e-09,
            -8.155562488652823e-10
        ],
        [
            0.0,
            0.0,
            0.0,
            0.0,
            0.0,
            0.0,
            0.0,
            0.0,
            0.0,
            0.0,
            4.056744026965896e-07,
            -3.593150185927332e-11,
            -3.2107757609141694e-10,
            3.1060268158256054e-10,
            9.865685996046652e-10,
            1.0021134678777608e-08,
            -9.829516689528227e-09,
            1.8015215007962377e-09
        ],
        [
            0.0,
            0.0,
            0.0,
            0.0,
            0.0,
            0.0,
            0.0,
            0.0,
            0.0,
            0.0,
            0.0,
            3.0690922260081685e-07,
            2.6770253435534225e-09,
            1.938687489765387e-10,
            1.2646586109310804e-09,
            -1.2937030786676334e-09,
            -7.814723842293946e-10,
            -1.498692851388378e-09
        ],
        [
            0.0,
            0.0,
            0.0,
            0.0,
            0.0,
            0.0,
            0.0,
            0.0,
            0.0,
            0.0,
            0.0,
            0.0,
            5.516254282020628e-07,
            4.6288129341973533e-10,
            8.811825246699511e-10,
            3.6248006389535897e-09,
            -3.6616983343834403e-09,
            1.3343435937331575e-09
        ],
        [
            0.0,
            0.0,
            0.0,
            0.0,
            0.0,
            0.0,
            0.0,
            0.0,
            0.0,
            0.0,
            0.0,
            0.0,
            0.0,
            6.619644100832623e-08,
            -5.037175630145789e-11,
            1.0206042131260213e-08,
            -1.2424839695161025e-08,
            1.9608897434856542e-09
        ],
        [
            0.0,
            0.0,
            0.0,
            0.0,
            0.0,
            0.0,
            0.0,
            0.0,
            0.0,
            0.0,
            0.0,
            0.0,
            0.0,
            0.0,
            4.7615035187067855e-07,
            2.3783239729156973e-09,
            8.762612184071206e-09,
            -1.1602098944341197e-09
        ],
        [
            0.0,
            0.0,
            0.0,
            0.0,
            0.0,
            0.0,
            0.0,
            0.0,
            0.0,
            0.0,
            0.0,
            0.0,
            0.0,
            0.0,
            0.0,
            3.2101559029361854e-06,
            -4.765651028965307e-09,
            9.100723329746229e-10
        ],
        [
            0.0,
            0.0,
            0.0,
            0.0,
            0.0,
            0.0,
            0.0,
            0.0,
            0.0,
            0.0,
            0.0,
            0.0,
            0.0,
            0.0,
            0.0,
            0.0,
            8.16844051532984e-06,
            6.556030329275926e-10
        ],
        [
            0.0,
            0.0,
            0.0,
            0.0,
            0.0,
            0.0,
            0.0,
            0.0,
            0.0,
            0.0,
            0.0,
            0.0,
            0.0,
            0.0,
            0.0,
            0.0,
            0.0,
            6.117504401347486e-07
        ]
    ],
    "RDR": [
        [
            [
                7.182067112299763e-07,
                -1.0860204595639398e-08,
                -2.946102444193571e-07,
                1.8174549571052794e-07,
                1.0851002559848522e-08,
                8.789168742714866e-06,
                1.6861242466199893e-06,
                2.3615970068689554e-05,
                1.853111616022337e-09,
                -4.678181598226077e-10,
                6.181713566241819e-10,
                -3.012210845714291e-10,
                -2.859555683723636e-10,
                3.630185150227745e-11,
                -9.67149159013085e-10,
                1.7664410708803864e-10,
                9.043625224694241e-10,
                -7.796281614068555e-10
            ],
            [
                0.0,
                1.0583021547080018e-05,
                3.2498053347422523e-07,
                2.806989119406016e-07,
                -7.631872989539862e-09,
                1.9405719352982324e-05,
                -2.405438404508941e-06,
                -7.781191109547303e-06,
                3.122359480802928e-09,
                3.8962506598670184e-10,
                -1.1570357215550616e-09,
                -1.723472019448748e-10,
                -4.5919440106777343e-10,
                -1.7562137350519293e-10,
                -6.864802385430643e-10,
                -2.965493436009507e-09,
                -1.2506306764856421e-08,
                -4.63301783515561e-11
            ],
            [
                0.0,
                0.0,
                0.0004005024531176646,
                1.8294513239331856e-07,
                3.2125040534824396e-08,
                1.3842713972666593e-05,
                4.1449235268995964e-07,
                1.2543890511761812e-06,
                -2.1491757089109157e-09,
                1.0396617640793298e-10,
                -4.0949451644129806e-10,
                -2.386765210916251e-10,
                -6.468687647136095e-10,
                -1.9864976764827265e-10,
                -9.377325577571863e-11,
                -5.388882200211127e-09,
                9.24365688309603e-09,
                -7.435649075807862e-10
            ],
            [
                0.0,
                0.0,
                0.0,
                0.00012792111162035412,
                5.2160328651891734e-08,
                5.3756006647514216e-05,
                4.122551218902357e-06,
                2.4614514203468984e-05,
                2.401044506100344e-09,
                -4.782679388772765e-10,
                -1.2481662251190208e-09,
                -1.374454753580338e-10,
                -1.3636208312191253e-09,
                -3.4209575876549965e-10,
                -1.4882580911767444e-09,
                -1.043532007294403e-08,
                -6.394224563152148e-10,
                -1.1362337846601317e-09
            ],
            [
                0.0,
                0.0,
                0.0,
                0.0,
                2.5343321220558502e-05,
                -2.159946972336204e-05,
                4.235831895531928e-06,
                -4.215395776801823e-07,
                -5.147950971071101e-09,
                -4.87731340501997e-10,
                -8.04613764075837e-10,
                -1.1848087686099022e-11,
                -7.705167279973133e-10,
                -6.882582628021781e-11,
                2.586196466715145e-11,
                -3.294719863099183e-09,
                5.486119686860557e-09,
                1.0717023320793095e-09
            ],
            [
                0.0,
                0.0,
                0.0,
                0.0,
                0.0,
                0.011867941273173272,
                1.5582112768731687e-05,
                2.4660671723470932e-05,
                -1.1072195449321573e-08,
                7.166304410495999e-10,
                -2.297818003207518e-09,
                1.220892296345671e-09,
                -3.2448262297202046e-11,
                -2.6841031800925144e-10,
                1.7471736005053749e-09,
                -4.717577211134287e-09,
                -6.3302640272800295e-09,
                -2.4028711572100916e-09
            ],
            [
                0.0,
                0.0,
                0.0,
                0.0,
                0.0,
                0.0,
                0.0036681809604599924,
                2.7406344301755514e-05,
                -3.402460399489292e-09,
                -2.240002997063522e-10,
                5.858303766242476e-10,
                7.749766484233438e-10,
                5.728215615907809e-10,
                1.3439858486176367e-10,
                2.6324483966495987e-10,
                -3.934962352811304e-09,
                2.3740892834950438e-09,
                -2.6265509786045666e-09
            ],
            [
                0.0,
                0.0,
                0.0,
                0.0,
                0.0,
                0.0,
                0.0,
                0.004809821274619816,
                -6.387166225356001e-09,
                -6.275955571315748e-10,
                -1.0933076386183071e-09,
                1.6395480851696072e-09,
                -1.0732577150546708e-10,
                -9.35808827228877e-11,
                2.8777949193029055e-10,
                -6.83059402059954e-09,
                -7.115246219474312e-09,
                -3.219586692149928e-09
            ],
            [
                0.0,
                0.0,
                0.0,
                0.0,
                0.0,
                0.0,
                0.0,
                0.0,
                2.9775521318964143e-06,
                -2.993754510701813e-10,
                -8.00414789690594e-10,
                -5.599746762134703e-10,
                -6.677839534263225e-10,
                1.4482605449918643e-10,
                -7.611246830731772e-10,
                6.6146169097837495e-09,
                -2.4121012535995747e-08,
                2.7411062696878373e-09
            ],
            [
                0.0,
                0.0,
                0.0,
                0.0,
                0.0,
                0.0,
                0.0,
                0.0,
                0.0,
                3.107465694107323e-07,
                -9.264523142224694e-11,
                -9.58501516225683e-11,
                -5.917527990805475e-10,
                -1.9153066400459528e-10,
                1.7832453278973746e-09,
                1.4998659304985984e-09,
                -6.049997741740376e-09,
                -8.155562488652823e-10
            ],
            [
                0.0,
                0.0,
                0.0,
                0.0,
                0.0,
                0.0,
                0.0,
                0.0,
                0.0,
                0.0,
                4.056744026965896e-07,
                -3.593150185927332e-11,
                -3.2107757609141694e-10,
                3.1060268158256054e-10,
                9.865685996046652e-10,
                1.0021134678777608e-08,
                -9.829516689528227e-09,
                1.8015215007962377e-09
            ],
            [
                0.0,
                0.0,
                0.0,
                0.0,
                0.0,
                0.0,
                0.0,
                0.0,
                0.0,
                0.0,
                0.0,
                3.0690922260081685e-07,
                2.6770253435534225e-09,
                1.938687489765387e-10,
                1.2646586109310804e-09,
                -1.2937030786676334e-09,
                -7.814723842293946e-10,
                -1.498692851388378e-09
            ],
            [
                0.0,
                0.0,
                0.0,
                0.0,
                0.0,
                0.0,
                0.0,
                0.0,
                0.0,
                0.0,
                0.0,
                0.0,
                5.516254282020628e-07,
                4.6288129341973533e-10,
                8.811825246699511e-10,
                3.6248006389535897e-09,
                -3.6616983343834403e-09,
                1.3343435937331575e-09
            ],
            [
                0.0,
                0.0,
                0.0,
                0.0,
                0.0,
                0.0,
                0.0,
                0.0,
                0.0,
                0.0,
                0.0,
                0.0,
                0.0,
                6.619644100832623e-08,
                -5.037175630145789e-11,
                1.0206042131260213e-08,
                -1.2424839695161025e-08,
                1.9608897434856542e-09
            ],
            [
                0.0,
                0.0,
                0.0,
                0.0,
                0.0,
                0.0,
                0.0,
                0.0,
                0.0,
                0.0,
                0.0,
                0.0,
                0.0,
                0.0,
                4.7615035187067855e-07,
                2.3783239729156973e-09,
                8.762612184071206e-09,
                -1.1602098944341197e-09
            ],
            [
                0.0,
                0.0,
                0.0,
                0.0,
                0.0,
                0.0,
                0.0,
                0.0,
                0.0,
                0.0,
                0.0,
                0.0,
                0.0,
                0.0,
                0.0,
                3.2101559029361854e-06,
                -4.765651028965307e-09,
                9.100723329746229e-10
            ],
            [
                0.0,
                0.0,
                0.0,
                0.0,
                0.0,
                0.0,
                0.0,
                0.0,
                0.0,
                0.0,
                0.0,
                0.0,
                0.0,
                0.0,
                0.0,
                0.0,
                8.16844051532984e-06,
                6.556030329275926e-10
            ],
            [
                0.0,
                0.0,
                0.0,
                0.0,
                0.0,
                0.0,
                0.0,
                0.0,
                0.0,
                0.0,
                0.0,
                0.0,
                0.0,
                0.0,
                0.0,
                0.0,
                0.0,
                6.117504401347486e-07
            ]
        ],
        [
            [
                1.4364134224599526e-07,
                -2.1720409191278797e-09,
                -5.892204888387143e-08,
                3.634909914210559e-08,
                2.1702005119697046e-09,
                1.7578337485429733e-06,
                3.372248493239979e-07,
                4.7231940137379115e-06,
                3.706223232044674e-10,
                -9.356363196452155e-11,
                1.236342713248364e-10,
                -6.024421691428581e-11,
                -5.7191113674472726e-11,
                7.26037030045549e-12,
                -1.93429831802617e-10,
                3.532882141760773e-11,
                1.8087250449388482e-10,
                -1.5592563228137113e-10
            ],
            [
                0.0,
                2.1166043094160038e-06,
                6.499610669484505e-08,
                5.613978238812032e-08,
                -1.5263745979079725e-09,
                3.881143870596465e-06,
                -4.810876809017882e-07,
                -1.5562382219094606e-06,
                6.244718961605856e-10,
                7.792501319734037e-11,
                -2.3140714431101235e-10,
                -3.446944038897496e-11,
                -9.18388802135547e-11,
                -3.512427470103859e-11,
                -1.3729604770861286e-10,
                -5.930986872019014e-10,
                -2.501261352971284e-09,
                -9.266035670311221e-12
            ],
            [
                0.0,
                0.0,
                8.010049062353293e-05,
                3.658902647866372e-08,
                6.4250081069648795e-09,
                2.768542794533319e-06,
                8.289847053799193e-08,
                2.508778102352362e-07,
                -4.2983514178218317e-10,
                2.0793235281586598e-11,
                -8.189890328825961e-11,
                -4.773530421832502e-11,
                -1.293737529427219e-10,
                -3.972995352965453e-11,
                -1.8754651155143727e-11,
                -1.0777764400422255e-09,
                1.848731376619206e-09,
                -1.4871298151615727e-10
            ],
            [
                0.0,
                0.0,
                0.0,
                2.5584222324070826e-05,
                1.0432065730378347e-08,
                1.0751201329502844e-05,
                8.245102437804714e-07,
                4.922902840693797e-06,
                4.802089012200689e-10,
                -9.565358777545531e-11,
                -2.4963324502380416e-10,
                -2.7489095071606765e-11,
                -2.727241662438251e-10,
                -6.841915175309993e-11,
                -2.976516182353489e-10,
                -2.0870640145888063e-09,
                -1.2788449126304296e-10,
                -2.2724675693202635e-10
            ],
            [
                0.0,
                0.0,
                0.0,
                0.0,
                5.0686642441117005e-06,
                -4.319893944672409e-06,
                8.471663791063856e-07,
                -8.430791553603646e-08,
                -1.0295901942142203e-09,
                -9.75462681003994e-11,
                -1.609227528151674e-10,
                -2.3696175372198046e-12,
                -1.5410334559946268e-10,
                -1.3765165256043563e-11,
                5.17239293343029e-12,
                -6.589439726198366e-10,
                1.0972239373721115e-09,
                2.143404664158619e-10
            ],
            [
                0.0,
                0.0,
                0.0,
                0.0,
                0.0,
                0.0023735882546346548,
                3.1164225537463376e-06,
                4.9321343446941865e-06,
                -2.2144390898643146e-09,
                1.4332608820991998e-10,
                -4.5956360064150366e-10,
                2.441784592691342e-10,
                -6.489652459440409e-12,
                -5.368206360185029e-11,
                3.49434720101075e-10,
                -9.435154422268573e-10,
                -1.266052805456006e-09,
                -4.805742314420183e-10
            ],
            [
                0.0,
                0.0,
                0.0,
                0.0,
                0.0,
                0.0,
                0.0007336361920919985,
                5.481268860351103e-06,
                -6.804920798978585e-10,
                -4.480005994127044e-11,
                1.1716607532484953e-10,
                1.5499532968466879e-10,
                1.1456431231815619e-10,
                2.6879716972352735e-11,
                5.264896793299198e-11,
                -7.869924705622607e-10,
                4.748178566990088e-10,
                -5.253101957209133e-10
            ],
            [
                0.0,
                0.0,
                0.0,
                0.0,
                0.0,
                0.0,
                0.0,
                0.0009619642549239633,
                -1.2774332450712003e-09,
                -1.2551911142631496e-10,
                -2.1866152772366145e-10,
                3.279096170339215e-10,
                -2.146515430109342e-11,
                -1.871617654457754e-11,
                5.7555898386058113e-11,
                -1.3661188041199081e-09,
                -1.4230492438948625e-09,
                -6.439173384299857e-10
            ],
            [
                0.0,
                0.0,
                0.0,
                0.0,
                0.0,
                0.0,
                0.0,
                0.0,
                5.955104263792829e-07,
                -5.987509021403627e-11,
                -1.6008295793811882e-10,
                -1.1199493524269406e-10,
                -1.335567906852645e-10,
                2.8965210899837287e-11,
                -1.5222493661463544e-10,
                1.32292338195675e-09,
                -4.82420250719915e-09,
                5.482212539375675e-10
            ],
            [
                0.0,
                0.0,
                0.0,
                0.0,
                0.0,
                0.0,
                0.0,
                0.0,
                0.0,
                6.214931388214647e-08,
                -1.8529046284449387e-11,
                -1.917003032451366e-11,
                -1.183505598161095e-10,
                -3.830613280091906e-11,
                3.5664906557947494e-10,
                2.999731860997197e-10,
                -1.2099995483480753e-09,
                -1.6311124977305646e-10
            ],
            [
                0.0,
                0.0,
                0.0,
                0.0,
                0.0,
                0.0,
                0.0,
                0.0,
                0.0,
                0.0,
                8.113488053931793e-08,
                -7.186300371854664e-12,
                -6.421551521828339e-11,
                6.21205363165121e-11,
                1.9731371992093305e-10,
                2.004226935755522e-09,
                -1.9659033379056453e-09,
                3.603043001592476e-10
            ],
            [
                0.0,
                0.0,
                0.0,
                0.0,
                0.0,
                0.0,
                0.0,
                0.0,
                0.0,
                0.0,
                0.0,
                6.138184452016337e-08,
                5.354050687106845e-10,
                3.877374979530774e-11,
                2.5293172218621606e-10,
                -2.587406157335267e-10,
                -1.5629447684587894e-10,
                -2.997385702776756e-10
            ],
            [
                0.0,
                0.0,
                0.0,
                0.0,
                0.0,
                0.0,
                0.0,
                0.0,
                0.0,
                0.0,
                0.0,
                0.0,
                1.1032508564041257e-07,
                9.257625868394707e-11,
                1.7623650493399023e-10,
                7.249601277907179e-10,
                -7.323396668766881e-10,
                2.668687187466315e-10
            ],
            [
                0.0,
                0.0,
                0.0,
                0.0,
                0.0,
                0.0,
                0.0,
                0.0,
                0.0,
                0.0,
                0.0,
                0.0,
                0.0,
                1.3239288201665246e-08,
                -1.007435126029158e-11,
                2.0412084262520426e-09,
                -2.484967939032205e-09,
                3.921779486971309e-10
            ],
            [
                0.0,
                0.0,
                0.0,
                0.0,
                0.0,
                0.0,
                0.0,
                0.0,
                0.0,
                0.0,
                0.0,
                0.0,
                0.0,
                0.0,
                9.523007037413571e-08,
                4.756647945831395e-10,
                1.7525224368142412e-09,
                -2.3204197888682395e-10
            ],
            [
                0.0,
                0.0,
                0.0,
                0.0,
                0.0,
                0.0,
                0.0,
                0.0,
                0.0,
                0.0,
                0.0,
                0.0,
                0.0,
                0.0,
                0.0,
                6.420311805872371e-07,
                -9.531302057930615e-10,
                1.820144665949246e-10
            ],
            [
                0.0,
                0.0,
                0.0,
                0.0,
                0.0,
                0.0,
                0.0,
                0.0,
                0.0,
                0.0,
                0.0,
                0.0,
                0.0,
                0.0,
                0.0,
                0.0,
                1.633688103065968e-06,
                1.3112060658551854e-10
            ],
            [
                0.0,
                0.0,
                0.0,
                0.0,
                0.0,
                0.0,
                0.0,
                0.0,
                0.0,
                0.0,
                0.0,
                0.0,
                0.0,
                0.0,
                0.0,
                0.0,
                0.0,
                1.223500880269497e-07
            ]
        ]
    ],
    "allnames": [
        "m1_flow_nominal",
        "m2_flow_nominal",
        "tau1",
        "tau2",
        "tau_m",
        "nominalUa.hasValue",
        "workingPressure.hasValue",
        "flowCoefficient.hasValue",
        "waterFlowRateMax",
        "c1",
        "c2",
        "c3",
        "c4",
        "eps_motor",
        "f_motorToAir",
        "kp",
        "Ti",
        "Td"
    ],
    "alpha_count": 5361,
    "cov": [
        [
            0.0002056560253146378,
            -0.0038166412420909137,
            -0.1336477974320021,
            -0.016307392441695653,
            -0.011148969930752284,
            -1.3518644822453452,
            1.8265284512066626,
            -0.4341655777686664,
            -0.00012869877374238194,
            -6.494964679792271e-05,
            -0.00039190114224864537,
            -0.000156299348715557,
            -0.0001758821736128073,
            -8.790384649242119e-07,
            -0.0001709344298575967,
            0.0006170067938489511,
            0.0003457159013337763,
            5.2879636810698574e-05
        ],
        [
            -0.0038166412420909137,
            0.14931030739773105,
            3.296017948006594,
            0.2759336301253935,
            0.3444755651648855,
            21.014082620409127,
            -70.70330012380187,
            20.852720275806817,
            0.0016757860396361295,
            0.0038135155635741678,
            0.012757308767764765,
            0.003645893839539279,
            0.006765177866897477,
            8.722830793394004e-05,
            0.0035425411671378437,
            -0.03233599043271032,
            -0.012621612713027093,
            -0.0009957967156210771
        ],
        [
            -0.1336477974320021,
            3.296017948006594,
            256.9335010416108,
            6.5805567330648875,
            12.303117703499263,
            -824.2620978715468,
            -2624.6972632425723,
            -472.90614705715643,
            0.31259170899734606,
            0.22151382877073253,
            0.5439176441229061,
            0.19352339555059467,
            0.3424834016276953,
            -0.0055251276076293794,
            0.21140870537231904,
            -1.3705765707746784,
            -0.2046145788951807,
            -0.06736565145432273
        ],
        [
            -0.016307392441695653,
            0.2759336301253935,
            6.5805567330648875,
            9.972935094021823,
            0.02241960919526511,
            941.0515774704896,
            213.36207083011539,
            22.24463572791769,
            -0.034522746138689005,
            -0.07460758828693713,
            -0.0221436985748861,
            0.013897873579946598,
            -0.018532707660392833,
            -0.003180200376344781,
            0.024758667781202642,
            0.2868346988907189,
            -0.01956635823294037,
            -0.02542425848074791
        ],
        [
            -0.011148969930752284,
            0.3444755651648855,
            12.303117703499263,
            0.02241960919526511,
            1.28020494756112,
            -62.13821412620209,
            -253.32217868096654,
            47.933623236805346,
            0.0137820744101211,
            0.024453144616532155,
            0.04774456182726143,
            0.011950397915874579,
            0.027497884880363723,
            0.0008402770508296239,
            0.007877456520511502,
            -0.13227395182773377,
            -0.01644075093854975,
            -0.0009057392428692468
        ],
        [
            -1.3518644822453452,
            21.014082620409127,
            -824.2620978715468,
            941.0515774704896,
            -62.13821412620209,
            204314.38505559892,
            95777.09919889097,
            27106.26756361635,
            -14.3136675707255,
            -19.761702846237764,
            -13.554363828812612,
            0.5606954420426044,
            -11.70661573347935,
            -0.6145709882420998,
            4.481964734595361,
            80.3399763180663,
            -19.09174884344273,
            -3.2809653716451117
        ],
        [
            1.8265284512066626,
            -70.70330012380187,
            -2624.6972632425723,
            213.36207083011539,
            -253.32217868096654,
            95777.09919889097,
            105484.96993640493,
            5614.230572116139,
            -10.01265911956067,
            -14.770990403079187,
            -16.568587833858505,
            -1.950437245280926,
            -11.907709354820014,
            -0.5153545336595633,
            1.0218873467715557,
            69.0432141228758,
            -4.811884161735935,
            -1.1180803999855056
        ],
        [
            -0.4341655777686664,
            20.852720275806817,
            -472.90614705715643,
            22.24463572791769,
            47.933623236805346,
            27106.26756361635,
            5614.230572116139,
            18297.948587256837,
            -3.846027338951179,
            -2.1518778583719524,
            -0.7228900260186848,
            0.04301780163160047,
            -1.5150431968039335,
            0.039740270082206125,
            0.4985394019574329,
            9.585396265264723,
            -3.6279272798773077,
            -0.09726766096811974
        ],
        [
            -0.00012869877374238194,
            0.0016757860396361295,
            0.31259170899734606,
            -0.034522746138689005,
            0.0137820744101211,
            -14.3136675707255,
            -10.01265911956067,
            -3.846027338951179,
            0.0019999618446461275,
            0.0016776915212733696,
            0.0016086561228393953,
            0.00019420827181868084,
            0.001288951675756099,
            3.890777863467224e-05,
            -0.00010249580213244838,
            -0.0076488558068086845,
            0.0012385795155404134,
            0.00014743678499919838
        ],
        [
            -6.494964679792271e-05,
            0.0038135155635741678,
            0.22151382877073253,
            -0.07460758828693713,
            0.024453144616532155,
            -19.761702846237764,
            -14.770990403079187,
            -2.1518778583719524,
            0.0016776915212733696,
            0.002607448201958617,
            0.0022009622076120537,
            7.232036737828686e-05,
            0.0017343768275172164,
            9.682605477639384e-05,
            -0.0005270272652516339,
            -0.01117782903231941,
            0.0017470532746503276,
            0.0003307404225265578
        ],
        [
            -0.00039190114224864537,
            0.012757308767764765,
            0.5439176441229061,
            -0.0221436985748861,
            0.04774456182726143,
            -13.554363828812612,
            -16.568587833858505,
            -0.7228900260186848,
            0.0016086561228393953,
            0.0022009622076120537,
            0.0027931968548949486,
            0.0004394201618258536,
            0.0019044234131239425,
            6.836180635587715e-05,
            3.8572772362709646e-05,
            -0.010422405804747277,
            0.0006309773003445931,
            0.00011508704208358457
        ],
        [
            -0.000156299348715557,
            0.003645893839539279,
            0.19352339555059467,
            0.013897873579946598,
            0.011950397915874579,
            0.5606954420426044,
            -1.950437245280926,
            0.04301780163160047,
            0.00019420827181868084,
            7.232036737828686e-05,
            0.0004394201618258536,
            0.00019029898321450183,
            0.00022989418538653551,
            -7.3507091080770345e-06,
            0.0002159813957822172,
            -0.0007209138723826065,
            -0.000272150080216582,
            -6.778978313147765e-05
        ],
        [
            -0.0001758821736128073,
            0.006765177866897477,
            0.3424834016276953,
            -0.018532707660392833,
            0.027497884880363723,
            -11.70661573347935,
            -11.907709354820014,
            -1.5150431968039335,
            0.001288951675756099,
            0.0017343768275172164,
            0.0019044234131239425,
            0.00022989418538653551,
            0.0014528061165955738,
            5.4599107850912564e-05,
            -0.00013204496785009442,
            -0.008053888039660801,
            0.0009308062378316979,
            8.722503194790937e-05
        ],
        [
            -8.790384649242119e-07,
            8.722830793394004e-05,
            -0.0055251276076293794,
            -0.003180200376344781,
            0.0008402770508296239,
            -0.6145709882420998,
            -0.5153545336595633,
            0.039740270082206125,
            3.890777863467224e-05,
            9.682605477639384e-05,
            6.836180635587715e-05,
            -7.3507091080770345e-06,
            5.4599107850912564e-05,
            6.212408062087628e-06,
            -3.422198717611978e-05,
            -0.0003902559053268459,
            8.312293756392826e-05,
            1.748413691686573e-05
        ],
        [
            -0.0001709344298575967,
            0.0035425411671378437,
            0.21140870537231904,
            0.024758667781202642,
            0.007877456520511502,
            4.481964734595361,
            1.0218873467715557,
            0.4985394019574329,
            -0.00010249580213244838,
            -0.0005270272652516339,
            3.8572772362709646e-05,
            0.0002159813957822172,
            -0.00013204496785009442,
            -3.422198717611978e-05,
            0.0004634087123412807,
