4.149569226184002062e-04 9.982542238576374836e-07 4.703603184529695636e-05 8.396565617840219564e-05 8.920120572805114798e-07 1.103411278208739008e-02 2.018617772928281602e-03 5.422485085936254098e-03 -1.467279363105411251e-06 -1.224255553388262956e-08 -1.699524546184431512e-07 1.592729942443849443e-07 7.308556779606630089e-08 -2.532539393739962636e-08 4.502934988002107667e-08 -1.192133947734359558e-06 2.091061045063736599e-07 -3.706563406145861653e-07
9.982542238576374836e-07 9.013743583623896882e-02 2.651307954071992841e-04 4.732942031055519883e-04 5.028057363287998617e-06 6.219663912443937348e-02 1.137846273937111533e-02 3.056524386764789339e-02 -8.270700766259553649e-06 -6.900834018462506575e-08 -9.579810988859850464e-07 8.977835500620010611e-07 4.119657624667446758e-07 -1.427531527469785336e-07 2.538196119440033412e-07 -6.719772255327669891e-06 1.178680803572488358e-06 -2.089300618153507324e-06
4.703603184529695636e-05 2.651307954071992841e-04 1.294519036337416651e+02 2.230081343752168127e-02 2.369134641330820109e-04 2.930599268813892877e+00 5.361337051912237195e-01 1.440182019327955754e+00 -3.897012758146717760e-04 -3.251554973613624505e-06 -4.513843107046023868e-05 4.230202551782265296e-05 1.941112219658512359e-05 -6.726284425500204315e-06 1.195954604051006265e-05 -3.166241767285629866e-04 5.553742372161725530e-05 -9.844427207140146773e-05
8.396565617840219564e-05 4.732942031055519883e-04 2.230081343752168127e-02 1.315035390802677107e+01 4.229224637584221274e-04 5.231514669673570594e+00 9.570709217946129499e-01 2.570919006665721707e+00 -6.956692997606934775e-04 -5.804463859910281268e-06 -8.057818304402173944e-05 7.551481685278779873e-05 3.465146927691743929e-05 -1.200732424213125438e-05 2.134940154369434709e-05 -5.652168288430653659e-04 9.914178646236757953e-05 -1.757362935858900409e-04
8.920120572805114798e-07 5.028057363287998617e-06 2.369134641330820109e-04 4.229224637584221274e-04 5.177189982342236263e-01 5.557717733157001988e-02 1.016747609402906399e-02 2.731224713310040006e-02 -7.390466906468918951e-06 -6.166392290304939046e-08 -8.560251190832911837e-07 8.022342729376866910e-07 3.681210843135905014e-07 -1.275602250627402939e-07 2.268061069187122504e-07 -6.004600562337479309e-06 1.053236203107398977e-06 -1.866940603040550092e-06
1.103411278208739008e-02 6.219663912443937348e-02 2.930599268813892877e+00 5.231514669673570594e+00 5.557717733157001988e-02 1.135448001012844470e+05 1.257708088304617462e+02 3.378501587945487472e+02 -9.141944292420965679e-02 -7.627774471710094956e-04 -1.058895743748282207e-02 9.923569275775652454e-03 4.553626297568213847e-03 -1.577909063406421342e-03 2.805572125377950310e-03 -7.427639489337277412e-02 1.302844166332822740e-02 -2.309389542806323040e-02
2.018617772928281602e-03 1.137846273937111533e-02 5.361337051912237195e-01 9.570709217946129499e-01 1.016747609402906399e-02 1.257708088304617462e+02 1.084163320977160765e+04 6.180744647058990893e+01 -1.672458093573170324e-02 -1.395450764422020214e-04 -1.937179554189791958e-03 1.815451201793518137e-03 8.330557387873547236e-04 -2.886680009857810181e-04 5.132608182792862102e-04 -1.358837396371414923e-02 2.383467018557920182e-03 -4.224875046855980365e-03
5.422485085936254098e-03 3.056524386764789339e-02 1.440182019327955754e+00 2.570919006665721707e+00 2.731224713310040006e-02 3.378501587945487472e+02 6.180744647058990893e+01 1.856906770860686447e+04 -4.492618261305726668e-02 -3.748511015663976462e-04 -5.203722756357593779e-03 4.876731592276604965e-03 2.237784874337637921e-03 -7.754305699299130720e-04 1.378740031738414458e-03 -3.650158843765528849e-02 6.402556508854461391e-03 -1.134901428034474496e-02
-1.467279363105411251e-06 -8.270700766259553649e-06 -3.897012758146717760e-04 -6.956692997606934775e-04 -7.390466906468918951e-06 -9.141944292420965679e-02 -1.672458093573170324e-02 -4.492618261305726668e-02 7.128589552491355029e-03 1.014315902854604658e-07 1.408084096262144232e-06 -1.319603006988478274e-06 -6.055259743730813297e-07 2.098250626322892910e-07 -3.730755850124724825e-07 9.877026231763494761e-06 -1.732478538470030868e-06 3.070948869611001532e-06
-1.224255553388262956e-08 -6.900834018462506575e-08 -3.251554973613624505e-06 -5.804463859910281268e-06 -6.166392290304939046e-08 -7.627774471710094956e-04 -1.395450764422020214e-04 -3.748511015663976462e-04 1.014315902854604658e-07 7.759519809503377620e-05 1.174864731170338302e-08 -1.101038663935351615e-08 -5.052333969164035318e-09 1.750719764939307914e-09 -3.112835007904910821e-09 8.241105626679015323e-08 -1.445530091392379331e-08 2.562311106070250320e-08
-1.699524546184431512e-07 -9.579810988859850464e-07 -4.513843107046023868e-05 -8.057818304402173944e-05 -8.560251190832911837e-07 -1.058895743748282207e-02 -1.937179554189791958e-03 -5.203722756357593779e-03 1.408084096262144232e-06 1.174864731170338302e-08 1.327370948760799062e-04 -1.528473553154299173e-07 -7.013703611432616725e-08 2.430367749421162355e-08 -4.321270579100094338e-08 1.144039025306160035e-06 -2.006700207134323754e-07 3.557027458585117727e-07
1.592729942443849443e-07 8.977835500620010611e-07 4.230202551782265296e-05 7.551481685278779873e-05 8.022342729376866910e-07 9.923569275775652454e-03 1.815451201793518137e-03 4.876731592276604965e-03 -1.319603006988478274e-06 -1.101038663935351615e-08 -1.528473553154299173e-07 7.571925201404122513e-05 6.572976997852093167e-08 -2.277648471946743987e-08 4.049730882785080174e-08 -1.072149981605302250e-06 1.880603320844457614e-07 -3.333511217653611773e-07
7.308556779606630089e-08 4.119657624667446758e-07 1.941112219658512359e-05 3.465146927691743929e-05 3.681210843135905014e-07 4.553626297568213847e-03 8.330557387873547236e-04 2.237784874337637921e-03 -6.055259743730813297e-07 -5.052333969164035318e-09 -7.013703611432616725e-08 6.572976997852093167e-08 2.440560398838379679e-04 -1.045144109971670097e-08 1.858299220114316281e-08 -4.919772528915586897e-07 8.629520789456156994e-08 -1.529647642104019893e-07
-2.532539393739962636e-08 -1.427531527469785336e-07 -6.726284425500204315e-06 -1.200732424213125438e-05 -1.275602250627402939e-07 -1.577909063406421342e-03 -2.886680009857810181e-04 -7.754305699299130720e-04 2.098250626322892910e-07 1.750719764939307914e-09 2.430367749421162355e-08 -2.277648471946743987e-08 -1.045144109971670097e-08 3.490455164799908973e-06 -6.439323278472302235e-09 1.704784968283301940e-07 -2.990275920052710181e-08 5.300489589106513456e-08
4.502934988002107667e-08 2.538196119440033412e-07 1.195954604051006265e-05 2.134940154369434709e-05 2.268061069187122504e-07 2.805572125377950310e-03 5.132608182792862102e-04 1.378740031738414458e-03 -3.730755850124724825e-07 -3.112835007904910821e-09 -4.321270579100094338e-08 4.049730882785080174e-08 1.858299220114316281e-08 -6.439323278472302235e-09 1.821582370985820598e-04 -3.031161489403927931e-07 5.316804981383090588e-08 -9.424437812626320594e-08
-1.192133947734359558e-06 -6.719772255327669891e-06 -3.166241767285629866e-04 -5.652168288430653659e-04 -6.004600562337479309e-06 -7.427639489337277412e-02 -1.358837396371414923e-02 -3.650158843765528849e-02 9.877026231763494761e-06 8.241105626679015323e-08 1.144039025306160035e-06 -1.072149981605302250e-06 -4.919772528915586897e-07 1.704784968283301940e-07 -3.031161489403927931e-07 8.308212227004349928e-03 -1.407602758795806860e-06 2.495082048636925303e-06
2.091061045063736599e-07 1.178680803572488358e-06 5.553742372161725530e-05 9.914178646236757953e-05 1.053236203107398977e-06 1.302844166332822740e-02 2.383467018557920182e-03 6.402556508854461391e-03 -1.732478538470030868e-06 -1.445530091392379331e-08 -2.006700207134323754e-07 1.880603320844457614e-07 8.629520789456156994e-08 -2.990275920052710181e-08 5.316804981383090588e-08 -1.407602758795806860e-06 5.374933878937918075e-02 -4.376495515506511598e-07
-3.706563406145861653e-07 -2.089300618153507324e-06 -9.844427207140146773e-05 -1.757362935858900409e-04 -1.866940603040550092e-06 -2.309389542806323040e-02 -4.224875046855980365e-03 -1.134901428034474496e-02 3.070948869611001532e-06 2.562311106070250320e-08 3.557027458585117727e-07 -3.333511217653611773e-07 -1.529647642104019893e-07 5.300489589106513456e-08 -9.424437812626320594e-08 2.495082048636925303e-06 -4.376495515506511598e-07 3.011802309563543691e-04
1.328036731782792290e-04 7.795384306498927787e-07 3.095141662559014933e-05 3.312429914251963721e-05 4.442496936241867537e-07 3.792096379877427266e-03 5.194586439610290179e-04 1.585304573421436472e-03 -5.537976630476422039e-07 1.338913651923796002e-08 -6.863514852210487475e-08 1.433140704306411138e-08 -5.366660478029839728e-08 -1.943746515706259627e-08 -4.845722351643451558e-09 -4.847468145744268081e-07 1.675044065483668861e-07 -1.562370206102107850e-07
7.795384306498927787e-07 2.885610514321316350e-02 5.038770409018151521e-04 3.163098043058091527e-04 5.794243015916628788e-06 2.678622722640445694e-02 3.072760751394429976e-04 5.830569434916981625e-03 -4.867480919272846583e-06 4.340299605633833614e-07 -6.821166047772456766e-07 -6.782351918600363748e-07 -1.898898138562556891e-06 -3.443666554808989275e-07 -4.262386074863776075e-07 -4.871807508049333118e-06 3.028199261394657046e-06 -1.660220604059628149e-06
3.095141662559014933e-05 5.038770409018151521e-04 4.143909004559250064e+01 1.283328899415354073e-02 2.204453345176235024e-04 1.175662720487842927e+00 5.635329480696001092e-02 3.243447558115742368e-01 -2.014520567828171043e-04 1.472169551983761263e-05 -2.742287095776268377e-05 -1.982968538347022619e-05 -6.396565578471868495e-05 -1.247429323920100248e-05 -1.370961477192323405e-05 -1.953677778291489921e-04 1.093851180929357502e-04 -6.577109456206206963e-05
3.312429914251963721e-05 3.163098043058091527e-04 1.283328899415354073e-02 4.210354559776095407e+00 1.922363118266520450e-04 1.767667224606345844e+00 2.609372970327796248e-01 7.689873238644393538e-01 -2.528080226677028208e-04 4.343689805239778710e-06 -3.089101272670150775e-05 1.103785111022883158e-05 -1.652045482205467372e-05 -7.903149996583662740e-06 -6.741932122597997573e-08 -2.178695044460601023e-04 6.776755977057512454e-05 -6.971760023536275274e-05
4.442496936241867537e-07 5.794243015916628788e-06 2.204453345176235024e-04 1.922363118266520450e-04 1.656715240093261932e-01 2.016051847103604577e-02 2.102896116903155924e-03 7.376441490711406479e-03 -3.131494157429785242e-06 1.376981183637944547e-07 -4.035562047620843731e-07 -7.654329155499025030e-08 -5.831214309315366555e-07 -1.439127837210530818e-07 -1.025758407753074348e-07 -2.860810823252686207e-06 1.252054800909476838e-06 -9.396942336260991417e-07
3.792096379877427266e-03 2.678622722640445694e-02 1.175662720487842927e+00 1.767667224606345844e+00 2.016051847103604577e-02 3.633824343168907217e+04 3.835416429065161026e+01 1.058696050523401766e+02 -3.051492087027729561e-02 1.482968016092445060e-05 -3.601659566792960766e-03 2.627448400713894468e-03 3.043908414795282332e-04 -6.744838212705535439e-04 6.097160905378036554e-04 -2.531333127797857213e-02 5.673989256363396599e-03 -7.952966809737310738e-03
5.194586439610290179e-04 3.072760751394429976e-04 5.635329480696001092e-02 2.609372970327796248e-01 2.102896116903155924e-03 3.835416429065161026e+01 3.470239230553007474e+03 2.086448030975263634e+01 -4.741263794882101881e-03 -1.700579836780281536e-04 -5.166403002841414788e-04 8.464059834454296365e-04 8.249057582066377913e-04 -1.025315949325752921e-05 3.037647046849849394e-04 -3.600036132098609429e-03 3.383789490678734761e-05 -1.079317404377253898e-03
1.585304573421436472e-03 5.830569434916981625e-03 3.243447558115742368e-01 7.689873238644393538e-01 7.376441490711406479e-03 1.058696050523401766e+02 2.086448030975263634e+01 5.943388600245583802e+03 -1.365286664992114429e-02 -2.685449506193268092e-04 -1.542840295051407101e-03 1.875103624098422607e-03 1.377662466214000115e-03 -1.508318246246646746e-04 6.065176678347533124e-04 -1.079390307307676565e-02 1.185167017913004621e-03 -3.308626164332240799e-03
-5.537976630476422039e-07 -4.867480919272846583e-06 -2.014520567828171043e-04 -2.528080226677028208e-04 -3.131494157429785242e-06 -3.051492087027729561e-02 -4.741263794882101881e-03 -1.365286664992114429e-02 2.281555413873925364e-03 -5.108039314361220051e-08 5.193724243793227179e-07 -2.454337683882269682e-07 1.781659341057678734e-07 1.218492614386461118e-07 -2.644108653474616940e-08 3.659096321555877161e-06 -1.039936269439063709e-06 1.164326515840669356e-06
1.338913651923796002e-08 4.340299605633833614e-07 1.472169551983761263e-05 4.343689805239778710e-06 1.376981183637944547e-07 1.482968016092445060e-05 -1.700579836780281536e-04 -2.685449506193268092e-04 -5.108039314361220051e-08 2.484762026787438010e-05 -1.036738748518945246e-08 -3.984200679529749397e-08 -7.800344433367618513e-08 -1.067496183678215000e-08 -2.008447185383343826e-08 -7.599814548082787416e-08 9.509364154664292895e-08 -2.910174559982140486e-08
-6.863514852210487475e-08 -6.821166047772456766e-07 -2.742287095776268377e-05 -3.089101272670150775e-05 -4.035562047620843731e-07 -3.601659566792960766e-03 -5.166403002841414788e-04 -1.542840295051407101e-03 5.193724243793227179e-07 -1.036738748518945246e-08 4.248750247973317096e-05 -1.900638875367458668e-08 4.045287375412938847e-08 1.702822205424292120e-08 1.889273264424273192e-09 4.503835764180182127e-07 -1.463232031661435021e-07 1.445385985489340669e-07
1.433140704306411138e-08 -6.782351918600363748e-07 -1.982968538347022619e-05 1.103785111022883158e-05 -7.654329155499025030e-08 2.627448400713894468e-03 8.464059834454296365e-04 1.875103624098422607e-03 -2.454337683882269682e-07 -3.984200679529749397e-08 -1.900638875367458668e-08 2.430704215995488194e-05 1.827333614526272872e-07 1.649483768783370448e-08 5.336650709927102631e-08 -1.263858524520272024e-07 -1.509124285015929655e-07 -2.771111872245188765e-08
-5.366660478029839728e-08 -1.898898138562556891e-06 -6.396565578471868495e-05 -1.652045482205467372e-05 -5.831214309315366555e-07 3.043908414795282332e-04 8.249057582066377913e-04 1.377662466214000115e-03 1.781659341057678734e-07 -7.800344433367618513e-08 4.045287375412938847e-08 1.827333614526272872e-07 7.843802539109192217e-05 4.667741645443783019e-08 9.093271764851378594e-08 2.983426413747775177e-07 -4.163608959458279798e-07 1.171252588623976297e-07
-1.943746515706259627e-08 -3.443666554808989275e-07 -1.247429323920100248e-05 -7.903149996583662740e-06 -1.439127837210530818e-07 -6.744838212705535439e-04 -1.025315949325752921e-05 -1.508318246246646746e-04 1.218492614386461118e-07 -1.067496183678215000e-08 1.702822205424292120e-08 1.649483768783370448e-08 4.667741645443783019e-08 1.124303025496557862e-06 1.043944433057590190e-08 1.215899715782955911e-07 -7.487015499816749833e-08 4.138824277668100866e-08
-4.845722351643451558e-09 -4.262386074863776075e-07 -1.370961477192323405e-05 -6.741932122597997573e-08 -1.025758407753074348e-07 6.097160905378036554e-04 3.037647046849849394e-04 6.065176678347533124e-04 -2.644108653474616940e-08 -2.008447185383343826e-08 1.889273264424273192e-09 5.336650709927102631e-08 9.093271764851378594e-08 1.043944433057590190e-08 5.831187316637654184e-05 1.689709146470486178e-08 -9.393176688928846480e-08 1.134222852048711969e-08
-4.847468145744268081e-07 -4.871807508049333118e-06 -1.953677778291489921e-04 -2.178695044460601023e-04 -2.860810823252686207e-06 -2.531333127797857213e-02 -3.600036132098609429e-03 -1.079390307307676565e-02 3.659096321555877161e-06 -7.599814548082787416e-08 4.503835764180182127e-07 -1.263858524520272024e-07 2.983426413747775177e-07 1.215899715782955911e-07 1.689709146470486178e-08 2.659238720296766643e-03 -1.045426760559276014e-06 1.020990415050618169e-06
1.675044065483668861e-07 3.028199261394657046e-06 1.093851180929357502e-04 6.776755977057512454e-05 1.252054800909476838e-06 5.673989256363396599e-03 3.383789490678734761e-05 1.185167017913004621e-03 -1.039936269439063709e-06 9.509364154664292895e-08 -1.463232031661435021e-07 -1.509124285015929655e-07 -4.163608959458279798e-07 -7.487015499816749833e-08 -9.393176688928846480e-08 -1.045426760559276014e-06 1.720036800211930880e-02 -3.568498417610267320e-07
-1.562370206102107850e-07 -1.660220604059628149e-06 -6.577109456206206963e-05 -6.971760023536275274e-05 -9.396942336260991417e-07 -7.952966809737310738e-03 -1.079317404377253898e-03 -3.308626164332240799e-03 1.164326515840669356e-06 -2.910174559982140486e-08 1.445385985489340669e-07 -2.771111872245188765e-08 1.171252588623976297e-07 4.138824277668100866e-08 1.134222852048711969e-08 1.020990415050618169e-06 -3.568498417610267320e-07 9.645877112977027169e-05
4.249507434833536200e-05 3.137975439474552132e-07 7.303078721231640434e-06 1.096461431138525933e-05 1.743532146045465604e-07 1.196941467064897152e-03 1.623671385526749339e-04 4.928974961096018121e-04 -1.681427810660644921e-07 2.954639426842402402e-09 -2.543169231984224827e-08 4.995375586922698874e-09 -1.693216087044064359e-08 -6.233068977727467130e-09 -9.028538232159014090e-10 -1.849892872118587940e-07 7.841991735475529199e-08 -4.862161488940078049e-08
3.137975439474552132e-07 9.231983072151499214e-03 2.409077709494329852e-04 9.004595277572919893e-05 8.682373083343456359e-07 9.077804938346178618e-03 2.165294674999473912e-04 2.306781335307511727e-03 -1.835438394315052397e-06 1.796173034387506261e-07 -1.120561640602306669e-07 -2.295708529904946567e-07 -6.150327064549138587e-07 -1.097967507457736724e-07 -1.562345402772186318e-07 -6.442000260756910757e-07 2.089567806950855653e-07 -5.733564502622754740e-07
7.303078721231640434e-06 2.409077709494329852e-04 1.325728800141054897e+01 4.558366324252756917e-03 1.104016821468607149e-04 3.557467261035498485e-01 1.325437341658905477e-02 8.596143833368807829e-02 -5.323185281954456960e-05 3.064386645210320807e-06 -1.306966858744254345e-05 -5.838705557586344409e-06 -2.017043398917814329e-05 -4.007968600246432397e-06 -3.585050844173153204e-06 -9.950070435830953128e-05 6.573152094323039146e-05 -1.934528689080127175e-05
1.096461431138525933e-05 9.004595277572919893e-05 4.558366324252756917e-03 1.347250106991037422e+00 5.592543485688487344e-05 5.685237433779996019e-01 8.417013733125223995e-02 2.485764157540377162e-01 -8.247395006097624172e-05 1.620907546108965990e-06 -9.282848437948432670e-06 3.461035348284842238e-06 -5.328420325435479568e-06 -2.526736709455237387e-06 -1.340570174335093475e-07 -6.453143324020505953e-05 1.737602704644706337e-05 -2.254825956463303688e-05
1.743532146045465604e-07 8.682373083343456359e-07 1.104016821468607149e-04 5.592543485688487344e-05 5.301439440574308437e-02 6.704634791195360211e-03 7.320653255343923622e-04 2.581102633982143308e-03 -1.141089718591921809e-06 6.444035149839287860e-08 -7.599325643359890514e-08 -3.076567979025969634e-08 -1.902938836261115566e-07 -4.585167248447695895e-08 -4.274974076059952039e-08 -4.577761372859738109e-07 2.037965282317827543e-08 -3.217586155314177202e-07
1.196941467064897152e-03 9.077804938346178618e-03 3.557467261035498485e-01 5.685237433779996019e-01 6.704634791195360211e-03 1.162810785945142743e+04 1.224296839301623940e+01 3.376498724393539419e+01 -9.693400395692356938e-03 -5.716870767033128942e-06 -1.179817757194931210e-03 8.440037026255851720e-04 9.930224788020554382e-05 -2.159377258310826860e-04 2.002052955163906127e-04 -8.335259505335515864e-03 2.010926911625725549e-03 -2.534138123701413278e-03
1.623671385526749339e-04 2.165294674999473912e-04 1.325437341658905477e-02 8.417013733125223995e-02 7.320653255343923622e-04 1.224296839301623940e+01 1.110469463706820989e+03 6.650181203796359242e+00 -1.500538439143272356e-03 -5.686152955673235760e-05 -1.716963702206422736e-04 2.716018383820465701e-04 2.644128359622031086e-04 -3.305039009671723027e-06 9.839466144259686824e-05 -1.206882807682281783e-03 5.641930235497290990e-05 -3.428571291154320646e-04
4.928974961096018121e-04 2.306781335307511727e-03 8.596143833368807829e-02 2.485764157540377162e-01 2.581102633982143308e-03 3.376498724393539419e+01 6.650181203796359242e+00 1.901785659894311493e+03 -4.306737882244969506e-03 -9.504893139638165333e-05 -5.174803644121504786e-04 6.028385279547944292e-04 4.425047625628212417e-04 -4.835583035726503015e-05 1.985252859537383501e-04 -3.658769294155997821e-03 5.493505457010070502e-04 -1.049341883979764464e-03
-1.681427810660644921e-07 -1.835438394315052397e-06 -5.323185281954456960e-05 -8.247395006097624172e-05 -1.141089718591921809e-06 -9.693400395692356938e-03 -1.500538439143272356e-03 -4.306737882244969506e-03 7.300585572658604191e-04 -1.060324987413084879e-08 1.811760135253037096e-07 -8.030628366088381073e-08 5.597179525755522116e-08 3.904824400190093882e-08 -1.125826758835264340e-08 1.299891608426452169e-06 -4.399465868070459205e-07 3.666505156724874946e-07
2.954639426842402402e-09 1.796173034387506261e-07 3.064386645210320807e-06 1.620907546108965990e-06 6.444035149839287860e-08 -5.716870767033128942e-06 -5.686152955673235760e-05 -9.504893139638165333e-05 -1.060324987413084879e-08 7.950396727365399664e-06 -5.512937284813719332e-09 -1.249035720794439916e-08 -2.480846314003802641e-08 -3.424266934241302808e-09 -6.017016381112888770e-09 -4.322599929625319693e-08 4.613899086084946799e-08 -8.442730250720092921e-09
-2.543169231984224827e-08 -1.120561640602306669e-07 -1.306966858744254345e-05 -9.282848437948432670e-06 -7.599325643359890514e-08 -1.179817757194931210e-03 -1.716963702206422736e-04 -5.174803644121504786e-04 1.811760135253037096e-07 -5.512937284813719332e-09 1.359027508392672907e-05 -5.406330032181470710e-09 1.334301447546180005e-08 5.427438379449975192e-09 1.673918432407040556e-09 9.481283444688000812e-08 -5.853026617959428394e-09 4.852093360179562401e-08
4.995375586922698874e-09 -2.295708529904946567e-07 -5.838705557586344409e-06 3.461035348284842238e-06 -3.076567979025969634e-08 8.440037026255851720e-04 2.716018383820465701e-04 6.028385279547944292e-04 -8.030628366088381073e-08 -1.249035720794439916e-08 -5.406330032181470710e-09 7.778173747373644947e-06 5.842769486315131642e-08 5.280896300198842941e-09 1.695108379507879909e-08 -3.462420895122672124e-08 -5.312706113483507151e-08 -9.135282624402871472e-09
-1.693216087044064359e-08 -6.150327064549138587e-07 -2.017043398917814329e-05 -5.328420325435479568e-06 -1.902938836261115566e-07 9.930224788020554382e-05 2.644128359622031086e-04 4.425047625628212417e-04 5.597179525755522116e-08 -2.480846314003802641e-08 1.334301447546180005e-08 5.842769486315131642e-08 2.510014044656627965e-05 1.493827455259894374e-08 2.902412023451939604e-08 9.889804518176145935e-08 -1.360840603758955621e-07 3.732235375833356117e-08
-6.233068977727467130e-09 -1.097967507457736724e-07 -4.007968600246432397e-06 -2.526736709455237387e-06 -4.585167248447695895e-08 -2.159377258310826860e-04 -3.305039009671723027e-06 -4.835583035726503015e-05 3.904824400190093882e-08 -3.424266934241302808e-09 5.427438379449975192e-09 5.280896300198842941e-09 1.493827455259894374e-08 3.597768867290370122e-07 3.344654900174582605e-09 3.872283438943044714e-08 -2.380394287798091459e-08 1.325279291843729481e-08
-9.028538232159014090e-10 -1.562345402772186318e-07 -3.585050844173153204e-06 -1.340570174335093475e-07 -4.274974076059952039e-08 2.002052955163906127e-04 9.839466144259686824e-05 1.985252859537383501e-04 -1.125826758835264340e-08 -6.017016381112888770e-09 1.673918432407040556e-09 1.695108379507879909e-08 2.902412023451939604e-08 3.344654900174582605e-09 1.865959969798816314e-05 1.461633847182859443e-08 -3.770992198104888169e-08 3.205825820018251196e-09
-1.849892872118587940e-07 -6.442000260756910757e-07 -9.950070435830953128e-05 -6.453143324020505953e-05 -4.577761372859738109e-07 -8.335259505335515864e-03 -1.206882807682281783e-03 -3.658769294155997821e-03 1.299891608426452169e-06 -4.322599929625319693e-08 9.481283444688000812e-08 -3.462420895122672124e-08 9.889804518176145935e-08 3.872283438943044714e-08 1.461633847182859443e-08 8.505317326970862363e-04 1.830121625405834645e-08 3.462540008087961047e-07
7.841991735475529199e-08 2.089567806950855653e-07 6.573152094323039146e-05 1.737602704644706337e-05 2.037965282317827543e-08 2.010926911625725549e-03 5.641930235497290990e-05 5.493505457010070502e-04 -4.399465868070459205e-07 4.613899086084946799e-08 -5.853026617959428394e-09 -5.312706113483507151e-08 -1.360840603758955621e-07 -2.380394287798091459e-08 -3.770992198104888169e-08 1.830121625405834645e-08 5.503824596395411398e-03 -1.304248213971463436e-07
-4.862161488940078049e-08 -5.733564502622754740e-07 -1.934528689080127175e-05 -2.254825956463303688e-05 -3.217586155314177202e-07 -2.534138123701413278e-03 -3.428571291154320646e-04 -1.049341883979764464e-03 3.666505156724874946e-07 -8.442730250720092921e-09 4.852093360179562401e-08 -9.135282624402871472e-09 3.732235375833356117e-08 1.325279291843729481e-08 3.205825820018251196e-09 3.462540008087961047e-07 -1.304248213971463436e-07 3.086590792715289709e-05
1.360694336049316954e-05 -3.526046005366714774e-08 6.964613273135097904e-07 1.526316626902066651e-06 -1.096699097898589143e-07 2.244193290082114429e-04 5.503578899124143104e-05 1.241249531041919030e-04 -1.270651328073319131e-07 -9.715406490517433716e-11 -2.383045435398485563e-09 1.978554498009823448e-09 2.515115625718117415e-09 -2.919672025930864326e-10 -2.974924804168451152e-10 -3.858083301541585691e-08 6.596560099144858540e-08 -1.279831514490465368e-08
-3.526046005366714774e-08 2.956395242681845222e-03 1.032161252668693015e-04 6.038414485803806394e-05 2.912863091945536249e-06 5.430662102141706714e-03 2.026687249020551289e-05 1.273291852907938032e-03 5.793295613347519562e-07 7.408174625027173271e-08 -1.275089165256663907e-07 -7.951478792506137345e-08 -3.231514058064115695e-07 -6.224940928946972961e-08 -4.985842667302900606e-08 -5.344533703731296271e-07 -5.840155024539222565e-07 -2.274371430359952371e-07
6.964613273135097904e-07 1.032161252668693015e-04 4.242648058889252560e+00 1.840399444522269629e-03 6.718999727005339957e-05 1.443792610608947702e-01 3.648642720136570285e-03 3.397809153971171475e-02 -2.927391973414498240e-06 1.181373698843683690e-06 -5.290492317103605234e-06 -1.941564991240313335e-06 -7.982191699554509330e-06 -1.610404602535154184e-06 -1.145564252788447928e-06 -3.580998155410619843e-05 1.316394400586398688e-05 -6.722071844016315038e-06
1.526316626902066651e-06 6.038414485803806394e-05 1.840399444522269629e-03 4.315812959477072774e-01 5.639657290584383203e-05 2.188315931682739968e-01 2.621817439637095029e-02 8.736312859850711710e-02 -9.345427847553790384e-06 7.612948424085369586e-07 -4.309625252490645436e-06 1.019103740184245046e-06 -3.551064468646211220e-06 -1.204725497342880141e-06 -4.090199724442510826e-08 -2.544699320625343710e-05 -3.949716307084896025e-06 -7.857788475076597383e-06
-1.096699097898589143e-07 2.912863091945536249e-06 6.718999727005339957e-05 5.639657290584383203e-05 1.696781975079529603e-02 5.225773114238444622e-03 1.744755638499149455e-04 1.478559364106291291e-03 1.057660665740239019e-06 4.087053537379294947e-08 -1.360905279897805798e-07 -1.722585962604768235e-08 -2.149728286135305939e-07 -4.773989560408304537e-08 -1.351329487427534768e-08 -5.468772480842636386e-07 -7.872596718520835873e-07 -1.565778230064208612e-07
2.244193290082114429e-04 5.430662102141706714e-03 1.443792610608947702e-01 2.188315931682739968e-01 5.225773114238444622e-03 3.723947079343024143e+03 3.860443572498895470e+00 1.143034180513624953e+01 -1.738076206114041707e-03 1.758056417943722194e-05 -4.846796616160097665e-04 2.630063928110988429e-04 -1.159131177248671129e-04 -1.007962791339407898e-04 6.422540766831036677e-05 -3.051069613806346031e-03 -1.173700425270434198e-04 -8.623160918706218028e-04
5.503578899124143104e-05 2.026687249020551289e-05 3.648642720136570285e-03 2.621817439637095029e-02 1.744755638499149455e-04 3.860443572498895470e+00 3.553513406442696123e+02 2.115916766701202434e+00 -5.066425225838206911e-04 -1.857241737670825229e-05 -5.286339770562153994e-05 8.704990290255405988e-05 8.747861917534435641e-05 -4.424208855035029542e-07 3.148319179042431823e-05 -3.787535858674004482e-04 3.282183568924430285e-05 -1.087168162117145429e-04
1.241249531041919030e-04 1.273291852907938032e-03 3.397809153971171475e-02 8.736312859850711710e-02 1.478559364106291291e-03 1.143034180513624953e+01 2.115916766701202434e+00 6.087039426251485565e+02 -1.089211718210033198e-03 -2.630336070006756080e-05 -1.882925353600267964e-04 1.914094261010167446e-04 1.103111742903610689e-04 -2.218919168284965725e-05 6.356192916763314443e-05 -1.252117226418319497e-03 1.459094246645496005e-05 -3.466775608880859642e-04
-1.270651328073319131e-07 5.793295613347519562e-07 -2.927391973414498240e-06 -9.345427847553790384e-06 1.057660665740239019e-06 -1.738076206114041707e-03 -5.066425225838206911e-04 -1.089211718210033198e-03 2.342486934264161925e-04 5.572569531229684315e-09 8.488476626296110743e-09 -2.896591103150665525e-08 -5.030808480623075133e-08 -2.145281001989742605e-09 -3.528872930942575264e-09 2.386913773709159865e-07 -4.922330037012154798e-07 9.358985900215983906e-08
-9.715406490517433716e-11 7.408174625027173271e-08 1.181373698843683690e-06 7.612948424085369586e-07 4.087053537379294947e-08 1.758056417943722194e-05 -1.857241737670825229e-05 -2.630336070006756080e-05 5.572569531229684315e-09 2.544254552570585776e-06 -2.468457931102011429e-09 -4.043423522078980379e-09 -8.909611439217642248e-09 -1.304134189496415313e-09 -1.924395298565001122e-09 -1.635530735217162149e-08 9.762589942728915611e-09 -3.039520585885412354e-09
-2.383045435398485563e-09 -1.275089165256663907e-07 -5.290492317103605234e-06 -4.309625252490645436e-06 -1.360905279897805798e-07 -4.846796616160097665e-04 -5.286339770562153994e-05 -1.882925353600267964e-04 8.488476626296110743e-09 -2.468457931102011429e-09 4.352775680222554456e-06 -1.473306758385442493e-09 9.628899607403608096e-09 2.886922052896683548e-09 5.298584821536678326e-10 4.426634651720032788e-08 2.573615598144061781e-08 1.739152637310082671e-08
1.978554498009823448e-09 -7.951478792506137345e-08 -1.941564991240313335e-06 1.019103740184245046e-06 -1.722585962604768235e-08 2.630063928110988429e-04 8.704990290255405988e-05 1.914094261010167446e-04 -2.896591103150665525e-08 -4.043423522078980379e-09 -1.473306758385442493e-09 2.489032551434556526e-06 1.905074961121029171e-08 1.765835736224954088e-09 5.423964117600831396e-09 -1.016013601490737786e-08 -1.517750763151366942e-08 -2.800147669431464553e-09
2.515115625718117415e-09 -3.231514058064115695e-07 -7.982191699554509330e-06 -3.551064468646211220e-06 -2.149728286135305939e-07 -1.159131177248671129e-04 8.747861917534435641e-05 1.103111742903610689e-04 -5.030808480623075133e-08 -8.909611439217642248e-09 9.628899607403608096e-09 1.905074961121029171e-08 8.039432517095500169e-06 6.365719711886516461e-09 9.279729486620928496e-09 5.084471283196575696e-08 -5.487687037162591566e-09 1.451382038492849540e-08
-2.919672025930864326e-10 -6.224940928946972961e-08 -1.610404602535154184e-06 -1.204725497342880141e-06 -4.773989560408304537e-08 -1.007962791339407898e-04 -4.424208855035029542e-07 -2.218919168284965725e-05 -2.145281001989742605e-09 -1.304134189496415313e-09 2.886922052896683548e-09 1.765835736224954088e-09 6.365719711886516461e-09 1.154688671384113449e-07 1.068575024693523701e-09 1.651131160736641209e-08 5.507523406956391121e-10 4.792593163103452106e-09
-2.974924804168451152e-10 -4.985842667302900606e-08 -1.145564252788447928e-06 -4.090199724442510826e-08 -1.351329487427534768e-08 6.422540766831036677e-05 3.148319179042431823e-05 6.356192916763314443e-05 -3.528872930942575264e-09 -1.924395298565001122e-09 5.298584821536678326e-10 5.423964117600831396e-09 9.279729486620928496e-09 1.068575024693523701e-09 5.971071911995576012e-06 4.656468138561709245e-09 -1.210833260452762613e-08 1.023084320056130986e-09
-3.858083301541585691e-08 -5.344533703731296271e-07 -3.580998155410619843e-05 -2.544699320625343710e-05 -5.468772480842636386e-07 -3.051069613806346031e-03 -3.787535858674004482e-04 -1.252117226418319497e-03 2.386913773709159865e-07 -1.635530735217162149e-08 4.426634651720032788e-08 -1.016013601490737786e-08 5.084471283196575696e-08 1.651131160736641209e-08 4.656468138561709245e-09 2.722200406355709096e-04 1.047569967923646484e-07 1.174814118482127188e-07
6.596560099144858540e-08 -5.840155024539222565e-07 1.316394400586398688e-05 -3.949716307084896025e-06 -7.872596718520835873e-07 -1.173700425270434198e-04 3.282183568924430285e-05 1.459094246645496005e-05 -4.922330037012154798e-07 9.762589942728915611e-09 2.573615598144061781e-08 -1.517750763151366942e-08 -5.487687037162591566e-09 5.507523406956391121e-10 -1.210833260452762613e-08 1.047569967923646484e-07 1.761419943820083465e-03 -2.849241182785688890e-08
-1.279831514490465368e-08 -2.274371430359952371e-07 -6.722071844016315038e-06 -7.857788475076597383e-06 -1.565778230064208612e-07 -8.623160918706218028e-04 -1.087168162117145429e-04 -3.466775608880859642e-04 9.358985900215983906e-08 -3.039520585885412354e-09 1.739152637310082671e-08 -2.800147669431464553e-09 1.451382038492849540e-08 4.792593163103452106e-09 1.023084320056130986e-09 1.174814118482127188e-07 -2.849241182785688890e-08 9.877985056268449428e-06
4.354495439115632340e-06 -2.885893501592454002e-08 2.527897099642201993e-07 3.186706635409821594e-07 -4.809333297828594266e-08 7.896201846425007439e-05 1.810791374982492760e-05 4.774361773789721883e-05 -4.317273292164555780e-08 4.654896605230877686e-10 -2.647643382117291130e-10 8.331428470240095638e-10 6.272769962247941141e-10 -1.551980481537175860e-10 1.015932991886476695e-09 -7.904448484285753642e-09 2.069961660509833460e-08 -4.752194852960054449e-09
-2.885893501592454002e-08 9.471756524031722541e-04 3.110676276139961148e-05 3.022885775781823333e-05 1.767257499916900133e-06 1.278586679055961160e-03 -2.541063394477294018e-05 -1.080390936880923862e-04 3.467663056408777979e-07 -8.197435458135173643e-09 -7.278555072802538352e-08 -3.829443353869529353e-08 -9.200079313913483094e-08 -1.595138158327818748e-08 -8.734124758705395561e-08 -4.563718439305326791e-07 -1.605838936073606200e-07 -3.058684717137880183e-08
2.527897099642201993e-07 3.110676276139961148e-05 1.357650651687393406e+00 5.703606930773642792e-04 2.007898781900897042e-05 4.698318520815993049e-02 1.221868026239517156e-03 1.175060489757402682e-02 -1.211513080517009617e-06 4.323548120749126152e-07 -1.638507641450339828e-06 -5.994244386434862270e-07 -2.573722650300045141e-06 -5.220856441412147518e-07 -2.450463915167348036e-07 -1.097339696035552834e-05 4.167685043259746872e-06 -2.222895790860069745e-06
3.186706635409821594e-07 3.022885775781823333e-05 5.703606930773642792e-04 1.382113476823298992e-01 2.611296563310911803e-05 6.559076578705161364e-02 8.081753701283953331e-03 2.297740958455216434e-02 -1.431869004194500162e-06 -6.452078367008549429e-08 -1.687979217905278820e-06 2.020066644798438361e-07 -1.026161827083377194e-06 -3.471837968734349328e-07 -7.025628169138516279e-07 -1.089900829340808150e-05 -1.009885086263682800e-06 -2.106978429241903613e-06
-4.809333297828594266e-08 1.767257499916900133e-06 2.007898781900897042e-05 2.611296563310911803e-05 5.430319993481418951e-03 1.332602951155779361e-03 3.224177067842703921e-05 9.187907838543025963e-05 4.578092111346124790e-07 -1.051743066032597346e-08 -6.720347590680892147e-08 -1.501595599117897189e-08 -6.035416517932975445e-08 -1.234170332204925063e-08 -5.712197947885904892e-08 -3.860441142820465419e-07 -2.324707402460166704e-07 -1.889879491262853844e-08
7.896201846425007439e-05 1.278586679055961160e-03 4.698318520815993049e-02 6.559076578705161364e-02 1.332602951155779361e-03 1.191849828137872919e+03 1.248313772458645277e+00 3.867355526775041241e+00 -6.218165218044564933e-04 1.860068483439847087e-05 -1.420904168690019270e-04 8.938790346952685609e-05 -4.173158886351843700e-05 -3.386873379542705846e-05 4.958439749218135969e-05 -8.602943182257446380e-04 -4.825482062723417793e-05 -2.931006779897841292e-04
1.810791374982492760e-05 -2.541063394477294018e-05 1.221868026239517156e-03 8.081753701283953331e-03 3.224177067842703921e-05 1.248313772458645277e+00 1.137133299800276802e+02 6.916545884947635781e-01 -1.666841654444552331e-04 -5.041986118726949939e-06 -1.601286538000778066e-05 2.821893710856212206e-05 2.767092369153728075e-05 -2.536717311259085891e-07 1.209109208159328445e-05 -1.131408982319488129e-04 9.760055722789793902e-06 -3.598121669728094159e-05
4.774361773789721883e-05 -1.080390936880923862e-04 1.175060489757402682e-02 2.297740958455216434e-02 9.187907838543025963e-05 3.867355526775041241e+00 6.916545884947635781e-01 1.950205950150996728e+02 -4.222215668993268200e-04 6.147599538228266098e-06 -4.565282405416835670e-05 6.711718060884026263e-05 3.009173583967257752e-05 -8.912214459061864770e-06 5.292930879747319533e-05 -2.704105946857670553e-04 -7.337899612726225242e-06 -1.301988464491374959e-04
-4.317273292164555780e-08 3.467663056408777979e-07 -1.211513080517009617e-06 -1.431869004194500162e-06 4.578092111346124790e-07 -6.218165218044564933e-04 -1.666841654444552331e-04 -4.222215668993268200e-04 7.498264633140965202e-05 -2.776416597007140980e-09 -1.854631696657352349e-09 -1.110556165359803421e-08 -1.446821300811297354e-08 -1.193248338814629956e-10 -1.133175409828068312e-08 3.559968536703811995e-08 -1.537556314960515333e-07 3.597895374534142971e-08
4.654896605230877686e-10 -8.197435458135173643e-09 4.323548120749126152e-07 -6.452078367008549429e-08 -1.051743066032597346e-08 1.860068483439847087e-05 -5.041986118726949939e-06 6.147599538228266098e-06 -2.776416597007140980e-09 8.150628578954653200e-07 1.137295085829148027e-10 -9.308413038707574146e-10 -3.173386492433542425e-09 -5.294465615778984548e-10 1.401142227735245854e-09 2.828461615927748228e-09 2.380920968174257771e-09 -2.164764627673765071e-09
-2.647643382117291130e-10 -7.278555072802538352e-08 -1.638507641450339828e-06 -1.687979217905278820e-06 -6.720347590680892147e-08 -1.420904168690019270e-04 -1.601286538000778066e-05 -4.565282405416835670e-05 -1.854631696657352349e-09 1.137295085829148027e-10 1.393794094232902790e-06 -1.075037668025776436e-10 2.758137890764087887e-09 8.114134317268091882e-10 2.191504349369190692e-09 2.224738052986185653e-08 7.490619606207401757e-09 4.370214609047070573e-09
8.331428470240095638e-10 -3.829443353869529353e-08 -5.994244386434862270e-07 2.020066644798438361e-07 -1.501595599117897189e-08 8.938790346952685609e-05 2.821893710856212206e-05 6.711718060884026263e-05 -1.110556165359803421e-08 -9.308413038707574146e-10 -1.075037668025776436e-10 7.966366425652223992e-07 5.966423845611654387e-09 5.199077887637217010e-10 2.548028047685081845e-09 -4.074963795213373587e-12 -5.156101431288275458e-09 -1.376192554750848948e-09
6.272769962247941141e-10 -9.200079313913483094e-08 -2.573722650300045141e-06 -1.026161827083377194e-06 -6.035416517932975445e-08 -4.173158886351843700e-05 2.767092369153728075e-05 3.009173583967257752e-05 -1.446821300811297354e-08 -3.173386492433542425e-09 2.758137890764087887e-09 5.966423845611654387e-09 2.572733653028473806e-06 2.077121959151869801e-09 2.248320128514414957e-09 1.338754973766878194e-08 -1.490349387643734562e-09 5.070684005217362865e-09
-1.551980481537175860e-10 -1.595138158327818748e-08 -5.220856441412147518e-07 -3.471837968734349328e-07 -1.234170332204925063e-08 -3.386873379542705846e-05 -2.536717311259085891e-07 -8.912214459061864770e-06 -1.193248338814629956e-10 -5.294465615778984548e-10 8.114134317268091882e-10 5.199077887637217010e-10 2.077121959151869801e-09 3.696398433520045188e-08 9.105946726111525358e-11 4.280782469682382723e-09 2.686745626762686940e-10 1.681915181796855238e-09
1.015932991886476695e-09 -8.734124758705395561e-08 -2.450463915167348036e-07 -7.025628169138516279e-07 -5.712197947885904892e-08 4.958439749218135969e-05 1.209109208159328445e-05 5.292930879747319533e-05 -1.133175409828068312e-08 1.401142227735245854e-09 2.191504349369190692e-09 2.548028047685081845e-09 2.248320128514414957e-09 9.105946726111525358e-11 1.915256077414750870e-06 1.952972356650499341e-08 -5.537422781084511196e-09 -2.340061539115205139e-09
