2.612558673988153723e-02 -5.569208743479429902e-03 3.849932904359520403e-01 -2.273495861825063802e+00 -2.692126265315732403e-01 1.685149932107718485e+01 2.085443657104608106e-01 1.408925623853360953e+00 1.423087406153878721e-03 -2.163219123546665512e-02 3.335585204236327355e-03 2.553731868129647739e-02 -3.658548498879543218e-04 2.315094773784103811e-03 3.368580725145244991e-03 -2.519459329310642579e-02 -2.708423687384800896e-02 -2.180136809440705314e-02
-5.569208743479429902e-03 4.579416092243454410e-03 -1.060036050248702039e-01 7.396666552753251578e-01 1.892409534149612216e-01 -1.651275060925180727e+00 -1.462527972093700668e-01 1.256424932639268847e-02 9.365589726995913241e-04 7.090332201971584827e-03 -2.709257808555196609e-04 -6.360894339909510010e-03 2.175513115408739544e-04 -4.143178304413476162e-04 -1.245913863566825818e-04 4.239112605947377085e-03 2.410412279467350101e-03 1.161965953299935739e-02
3.849932904359520403e-01 -1.060036050248702039e-01 1.258793226630699991e+01 -2.931401827365372270e+01 5.131762540720657739e+00 1.563740341673298531e+02 -4.263248723641791749e+00 2.781188472122511257e+01 2.047559487394730871e-01 -3.069334390460913276e-01 2.502206331610392145e-02 3.503748254459310152e-01 -2.465075631111385626e-02 3.712418182026435559e-02 3.464418567240593050e-02 -3.136935190042839938e-01 -6.561976922783990807e-01 -4.391068920678172782e-01
-2.273495861825063802e+00 7.396666552753251578e-01 -2.931401827365372270e+01 2.480118121940628839e+02 5.839345163645751313e+01 -1.047900056425488629e+03 -4.152358534028977743e+01 -1.077861671993476165e+02 8.056034418768638627e-02 2.272314123134826058e+00 -3.376614608893402925e-01 -2.527713226746900244e+00 1.959806623249402829e-02 -1.988420535434666792e-01 -2.595414244278863580e-01 2.367628595653726187e+00 1.776278721704685593e+00 2.391062291381254923e+00
-2.692126265315732403e-01 1.892409534149612216e-01 5.131762540720657739e+00 5.839345163645751313e+01 5.789289765495423978e+01 1.390284596197215592e+02 -2.438269313695470686e+01 1.644834750665913958e+01 4.207474963935658452e-01 4.722639720789927331e-01 -1.433460921453978965e-01 -4.516588770019199783e-01 -9.044767963853141829e-03 -4.379170415967770583e-03 1.327610879148436590e-02 5.706529748006725772e-02 -3.518915375221482456e-01 1.323080143262408859e+00
1.685149932107718485e+01 -1.651275060925180727e+00 1.563740341673298531e+02 -1.047900056425488629e+03 1.390284596197215592e+02 3.381178505058430892e+04 -1.849723550844221052e+02 1.307970104146783342e+03 1.991447844424786284e-01 -7.530723179710873794e+00 2.591899920208255104e+00 1.440518661827981184e+01 4.880545533748060355e-02 2.343825071193179621e+00 4.627559830012680564e+00 -1.516295728880882265e+01 -3.685665292968255358e+01 3.664927059637632101e-01
2.085443657104608106e-01 -1.462527972093700668e-01 -4.263248723641791749e+00 -4.152358534028977743e+01 -2.438269313695470686e+01 -1.849723550844221052e+02 3.158230216117807743e+01 -4.015673266327821977e+01 -3.179036144767693473e-01 -4.335184988556080588e-01 1.611235448208530111e-02 3.153899759315406115e-01 2.963117761769375885e-02 -1.266355086086761762e-02 -1.223661135472776419e-02 -4.096061802213674108e-01 1.068372333036301969e+00 -3.458196781225581495e-01
1.408925623853360953e+00 1.256424932639268847e-02 2.781188472122511257e+01 -1.077861671993476165e+02 1.644834750665913958e+01 1.307970104146783342e+03 -4.015673266327821977e+01 3.365246927550792861e+02 1.371606716048240138e+00 -9.495166546179347744e-01 3.421994578952701760e-01 1.712506301840706069e+00 -7.150353085260394148e-02 2.550865541004930792e-01 3.796883426010922435e-01 -1.809417090053667909e+00 -4.253531093037959288e+00 1.179129851777100946e-01
1.423087406153878721e-03 9.365589726995913241e-04 2.047559487394730871e-01 8.056034418768638627e-02 4.207474963935658452e-01 1.991447844424786284e-01 -3.179036144767693473e-01 1.371606716048240138e+00 1.321382869311473439e-02 -2.763486716067661765e-04 -1.774596757620996621e-04 2.487226954961522553e-03 -6.224475383191335580e-04 8.922763072885951836e-04 7.346389148648250871e-04 -3.560433536035619104e-03 -1.640917299927487777e-02 6.595998216694036465e-03
-2.163219123546665512e-02 7.090332201971584827e-03 -3.069334390460913276e-01 2.272314123134826058e+00 4.722639720789927331e-01 -7.530723179710873794e+00 -4.335184988556080588e-01 -9.495166546179347744e-01 -2.763486716067661765e-04 2.252137541688320477e-02 -2.627268483204560010e-03 -2.359557457446446668e-02 2.633370341075773205e-04 -1.699584676717980124e-03 -2.073504422673921790e-03 2.323497049464225833e-02 1.142818919280340004e-02 2.453258743789622429e-02
3.335585204236327355e-03 -2.709257808555196609e-04 2.502206331610392145e-02 -3.376614608893402925e-01 -1.433460921453978965e-01 2.591899920208255104e+00 1.611235448208530111e-02 3.421994578952701760e-01 -1.774596757620996621e-04 -2.627268483204560010e-03 1.107468935124095904e-03 4.050750591755210468e-03 -5.442017390723496081e-06 3.753809213117629108e-04 6.699065562714714376e-04 -3.517994005263363078e-03 -5.732583170812062708e-03 -3.333526575435839020e-03
2.553731868129647739e-02 -6.360894339909510010e-03 3.503748254459310152e-01 -2.527713226746900244e+00 -4.516588770019199783e-01 1.440518661827981184e+01 3.153899759315406115e-01 1.712506301840706069e+00 2.487226954961522553e-03 -2.359557457446446668e-02 4.050750591755210468e-03 2.840448292807198211e-02 -2.680211495062391090e-04 2.516214463996066953e-03 3.605038671551779976e-03 -2.829227900592957284e-02 -2.640908789920745625e-02 -2.091770927239157418e-02
-3.658548498879543218e-04 2.175513115408739544e-04 -2.465075631111385626e-02 1.959806623249402829e-02 -9.044767963853141829e-03 4.880545533748060355e-02 2.963117761769375885e-02 -7.150353085260394148e-02 -6.224475383191335580e-04 2.633370341075773205e-04 -5.442017390723496081e-06 -2.680211495062391090e-04 1.004260900593005699e-04 -5.600224233429441955e-05 3.332023444200250649e-05 -2.309571405717518076e-04 1.643807396327776754e-03 1.484584861956741607e-03
2.315094773784103811e-03 -4.143178304413476162e-04 3.712418182026435559e-02 -1.988420535434666792e-01 -4.379170415967770583e-03 2.343825071193179621e+00 -1.266355086086761762e-02 2.550865541004930792e-01 8.922763072885951836e-04 -1.699584676717980124e-03 3.753809213117629108e-04 2.516214463996066953e-03 -5.600224233429441955e-05 3.600867234891857375e-04 4.783827615356348604e-04 -2.274829751093119037e-03 -4.751947176765194784e-03 -8.546179218386250808e-04
3.368580725145244991e-03 -1.245913863566825818e-04 3.464418567240593050e-02 -2.595414244278863580e-01 1.327610879148436590e-02 4.627559830012680564e+00 -1.223661135472776419e-02 3.796883426010922435e-01 7.346389148648250871e-04 -2.073504422673921790e-03 6.699065562714714376e-04 3.605038671551779976e-03 3.332023444200250649e-05 4.783827615356348604e-04 9.451399939507288024e-04 -4.266181760620484965e-03 -6.661105296351916595e-03 1.176989770484986606e-03
-2.519459329310642579e-02 4.239112605947377085e-03 -3.136935190042839938e-01 2.367628595653726187e+00 5.706529748006725772e-02 -1.516295728880882265e+01 -4.096061802213674108e-01 -1.809417090053667909e+00 -3.560433536035619104e-03 2.323497049464225833e-02 -3.517994005263363078e-03 -2.829227900592957284e-02 -2.309571405717518076e-04 -2.274829751093119037e-03 -4.266181760620484965e-03 4.082668694551963573e-02 1.751138033458849580e-02 3.121240417827719424e-03
-2.708423687384800896e-02 2.410412279467350101e-03 -6.561976922783990807e-01 1.776278721704685593e+00 -3.518915375221482456e-01 -3.685665292968255358e+01 1.068372333036301969e+00 -4.253531093037959288e+00 -1.640917299927487777e-02 1.142818919280340004e-02 -5.732583170812062708e-03 -2.640908789920745625e-02 1.643807396327776754e-03 -4.751947176765194784e-03 -6.661105296351916595e-03 1.751138033458849580e-02 1.019637289867694890e-01 8.469102164089237911e-03
-2.180136809440705314e-02 1.161965953299935739e-02 -4.391068920678172782e-01 2.391062291381254923e+00 1.323080143262408859e+00 3.664927059637632101e-01 -3.458196781225581495e-01 1.179129851777100946e-01 6.595998216694036465e-03 2.453258743789622429e-02 -3.333526575435839020e-03 -2.091770927239157418e-02 1.484584861956741607e-03 -8.546179218386250808e-04 1.176989770484986606e-03 3.121240417827719424e-03 8.469102164089237911e-03 8.847996714804273743e-02
2.357995995570026648e-02 -9.903195998678001027e-04 3.467201521661241181e-01 -2.098855232306906515e+00 -1.073723563952416332e-01 2.217991501423005118e+01 -1.757189191446396903e-01 2.717605053896630984e+00 4.260415862728044421e-03 -2.022173578316388554e-02 6.683840703723019014e-03 3.208467623195476043e-02 -2.466285696987670947e-04 2.666846845306851052e-03 5.194900193000769571e-03 -4.071450101537655436e-02 -4.724051744301566158e-02 -1.356854944891559486e-02
-9.903195998678001027e-04 3.239593539596815827e-03 -1.659668531578055786e-02 2.577460661369532224e-01 1.790130995153036142e-01 2.847538837479158591e+00 -1.860458652868912377e-01 6.357123290776343083e-01 2.946951325332472938e-03 2.132591141189391429e-03 9.542532278060503496e-04 8.493792093524004739e-04 9.082653614877906072e-05 1.621113917668155150e-04 8.368679114107558216e-04 -4.646746442844081060e-03 -7.923142079883475908e-03 8.092974410724106810e-03
3.467201521661241181e-01 -1.659668531578055786e-02 8.926974296458960012e+00 -2.800072172672718906e+01 4.374283721266460923e+00 2.938440487409098978e+02 -7.579876974353624064e+00 4.884457785660572426e+01 1.914091754553043923e-01 -2.878750655902745370e-01 9.028115447143483796e-02 4.702258830760714936e-01 -1.409949829840521397e-02 4.259396818930671208e-02 7.304040910019234112e-02 -6.001234767929128910e-01 -8.848878436645702950e-01 -2.192259400393018753e-01
-2.098855232306906515e+00 2.577460661369532224e-01 -2.800072172672718906e+01 2.161338118345294106e+02 3.307602698415079345e+01 -1.675943217348199369e+03 -2.643324008617119469e-01 -2.154163323405835797e+02 -1.366268151617393012e-01 2.011886540690124736e+00 -6.089196516727625186e-01 -2.971421922325478526e+00 1.530069109566539569e-02 -2.286204566722680742e-01 -4.265170985254336800e-01 3.595823599858907649e+00 3.703460464137690700e+00 1.660070484646972933e+00
-1.073723563952416332e-01 1.790130995153036142e-01 4.374283721266460923e+00 3.307602698415079345e+01 4.038384643164329901e+01 2.815802060818592736e+02 -2.099406995094574313e+01 5.038089038015573351e+01 4.637325717644942280e-01 2.338439454126380046e-01 -3.112935528232716603e-02 -7.397565408759172734e-02 -4.639393054446140641e-03 1.581672701246759211e-02 5.742260875608019149e-02 -3.243843966477503171e-01 -7.025440177119712803e-01 1.056590630020477706e+00
2.217991501423005118e+01 2.847538837479158591e+00 2.938440487409098978e+02 -1.675943217348199369e+03 2.815802060818592736e+02 3.846473218502275995e+04 -5.906389721677046509e+02 3.897650080797151531e+03 8.586041173819380035e+00 -1.572471156310453289e+01 8.342051922019731336e+00 3.420088550207773892e+01 -3.889712021939046444e-02 3.396786918500967811e+00 7.638787945751761121e+00 -4.888175352314828359e+01 -7.000238121001008551e+01 3.597892906561063420e+00
-1.757189191446396903e-01 -1.860458652868912377e-01 -7.579876974353624064e+00 -2.643324008617119469e-01 -2.099406995094574313e+01 -5.906389721677046509e+02 3.065547108321634795e+01 -1.051886619376553114e+02 -4.577237580789087490e-01 1.376814777171313578e-02 -1.518395135359949522e-01 -4.331853893066039407e-01 1.876222304241838279e-02 -5.868423619128251834e-02 -1.296252893831538466e-01 7.398076246161651159e-01 1.804625465054777500e+00 -3.731628663992721529e-01
2.717605053896630984e+00 6.357123290776343083e-01 4.884457785660572426e+01 -2.154163323405835797e+02 5.038089038015573351e+01 3.897650080797151531e+03 -1.051886619376553114e+02 6.908145521758399354e+02 2.251057770078444431e+00 -2.191747301185681174e+00 1.243745052716224375e+00 4.903462228639158482e+00 -5.434279729604781645e-02 4.694158278196704503e-01 1.000171533443280580e+00 -7.197357749105553815e+00 -1.020856774363327979e+01 8.271077675306388599e-01
4.260415862728044421e-03 2.946951325332472938e-03 1.914091754553043923e-01 -1.366268151617393012e-01 4.637325717644942280e-01 8.586041173819380035e+00 -4.577237580789087490e-01 2.251057770078444431e+00 1.358976823268260789e-02 -2.753009330304865328e-03 2.322256490558755049e-03 1.002005598536893916e-02 -3.749013395172444180e-04 1.295074599362928004e-03 2.448002472603327904e-03 -1.723980279607358404e-02 -3.009867456077473455e-02 1.067620365942165313e-02
-2.022173578316388554e-02 2.132591141189391429e-03 -2.878750655902745370e-01 2.011886540690124736e+00 2.338439454126380046e-01 -1.572471156310453289e+01 1.376814777171313578e-02 -2.191747301185681174e+00 -2.753009330304865328e-03 1.973681665559583881e-02 -5.730301629952591971e-03 -2.887747470983853190e-02 1.829793985327122000e-04 -2.167079637391910660e-03 -4.095171899311458516e-03 3.623906797876226549e-02 3.488615599469929718e-02 1.534846390469557682e-02
6.683840703723019014e-03 9.542532278060503496e-04 9.028115447143483796e-02 -6.089196516727625186e-01 -3.112935528232716603e-02 8.342051922019731336e+00 -1.518395135359949522e-01 1.243745052716224375e+00 2.322256490558755049e-03 -5.730301629952591971e-03 3.043015228855030455e-03 1.150874441876447926e-02 -4.084505817955168407e-05 9.514877644102303104e-04 2.114354772671324205e-03 -1.585003242224453796e-02 -2.026242469921351805e-02 -1.996276134593801335e-03
3.208467623195476043e-02 8.493792093524004739e-04 4.702258830760714936e-01 -2.971421922325478526e+00 -7.397565408759172734e-02 3.420088550207773892e+01 -4.331853893066039407e-01 4.903462228639158482e+00 1.002005598536893916e-02 -2.887747470983853190e-02 1.150874441876447926e-02 5.063170320081306769e-02 -2.519822704761376765e-04 4.165938314077255629e-03 8.634865216242406175e-03 -6.833216394669035243e-02 -7.927064709062160708e-02 -1.164637493559762815e-02
-2.466285696987670947e-04 9.082653614877906072e-05 -1.409949829840521397e-02 1.530069109566539569e-02 -4.639393054446140641e-03 -3.889712021939046444e-02 1.876222304241838279e-02 -5.434279729604781645e-02 -3.749013395172444180e-04 1.829793985327122000e-04 -4.084505817955168407e-05 -2.519822704761376765e-04 5.482332769161254001e-05 -3.916880284469107963e-05 -2.149755031915244698e-06 4.220049233956381444e-05 1.094835009216141471e-03 8.016794826392966040e-04
2.666846845306851052e-03 1.621113917668155150e-04 4.259396818930671208e-02 -2.286204566722680742e-01 1.581672701246759211e-02 3.396786918500967811e+00 -5.868423619128251834e-02 4.694158278196704503e-01 1.295074599362928004e-03 -2.167079637391910660e-03 9.514877644102303104e-04 4.165938314077255629e-03 -3.916880284469107963e-05 4.174707467053972477e-04 7.974990776901419876e-04 -5.523170576083099616e-03 -7.847302802457462034e-03 -3.104890049188270659e-04
5.194900193000769571e-03 8.368679114107558216e-04 7.304040910019234112e-02 -4.265170985254336800e-01 5.742260875608019149e-02 7.638787945751761121e+00 -1.296252893831538466e-01 1.000171533443280580e+00 2.448002472603327904e-03 -4.095171899311458516e-03 2.114354772671324205e-03 8.634865216242406175e-03 -2.149755031915244698e-06 7.974990776901419876e-04 1.805143434958592303e-03 -1.255741271901125895e-02 -1.624486044437684421e-02 1.240539127754372974e-03
-4.071450101537655436e-02 -4.646746442844081060e-03 -6.001234767929128910e-01 3.595823599858907649e+00 -3.243843966477503171e-01 -4.888175352314828359e+01 7.398076246161651159e-01 -7.197357749105553815e+00 -1.723980279607358404e-02 3.623906797876226549e-02 -1.585003242224453796e-02 -6.833216394669035243e-02 4.220049233956381444e-05 -5.523170576083099616e-03 -1.255741271901125895e-02 1.025677332361862037e-01 1.096532317174816196e-01 -1.417116585710816818e-03
-4.724051744301566158e-02 -7.923142079883475908e-03 -8.848878436645702950e-01 3.703460464137690700e+00 -7.025440177119712803e-01 -7.000238121001008551e+01 1.804625465054777500e+00 -1.020856774363327979e+01 -3.009867456077473455e-02 3.488615599469929718e-02 -2.026242469921351805e-02 -7.927064709062160708e-02 1.094835009216141471e-03 -7.847302802457462034e-03 -1.624486044437684421e-02 1.096532317174816196e-01 1.784400061014485839e-01 -2.666646204783933681e-03
-1.356854944891559486e-02 8.092974410724106810e-03 -2.192259400393018753e-01 1.660070484646972933e+00 1.056590630020477706e+00 3.597892906561063420e+00 -3.731628663992721529e-01 8.271077675306388599e-01 1.067620365942165313e-02 1.534846390469557682e-02 -1.996276134593801335e-03 -1.164637493559762815e-02 8.016794826392966040e-04 -3.104890049188270659e-04 1.240539127754372974e-03 -1.417116585710816818e-03 -2.666646204783933681e-03 5.992661855734030679e-02
2.028250742787909497e-02 1.259136466584155319e-03 3.194118606736270904e-01 -1.721903846262466731e+00 7.483279352838606568e-02 2.292842970387083668e+01 -3.578974122937380042e-01 3.157931078514434997e+00 7.413859272217482137e-03 -1.715300016311289283e-02 7.063609306649597415e-03 3.094364884933949178e-02 -2.194705896279311268e-04 2.602085212829489784e-03 5.438901305990115516e-03 -4.261520794474407681e-02 -5.187582253791502701e-02 -6.102699493080432011e-03
1.259136466584155319e-03 2.971063986325140835e-03 2.584879172982436010e-02 3.743148048876862588e-02 1.806256827216733418e-01 5.307164891110289773e+00 -2.244165988790923494e-01 9.833201083548144261e-01 3.842590287557727958e-03 -1.123340959518327140e-04 1.727889314132570464e-03 4.557573044356339441e-03 3.845964904293488129e-05 4.499460821986874231e-04 1.382608153392986044e-03 -9.569216580915935327e-03 -1.377391820879443618e-02 6.580887851055802762e-03
3.194118606736270904e-01 2.584879172982436010e-02 7.658256878183159699e+00 -2.493868936320292562e+01 5.735674875429717545e+00 3.533121787828026754e+02 -9.701295316022582327e+00 5.862555972484233280e+01 2.163697675242411689e-01 -2.631452234471811646e-01 1.106093684336438843e-01 4.984553256171800895e-01 -1.046970561408484129e-02 4.437963429647057839e-02 8.692814724523419134e-02 -6.993801883847658996e-01 -9.842757943503720464e-01 -8.887044304100773229e-02
-1.721903846262466731e+00 3.743148048876862588e-02 -2.493868936320292562e+01 1.671073585969685666e+02 1.169329682777565438e+01 -1.694149899337053284e+03 1.690914008231501242e+01 -2.394625631580331344e+02 -4.198573821202141731e-01 1.602405404164141345e+00 -5.905642799926624775e-01 -2.659140005181299227e+00 1.425873987302430333e-02 -2.112635330227347619e-01 -4.245873932667642014e-01 3.493827365669895713e+00 3.917979254348228579e+00 8.932735528140830494e-01
7.483279352838606568e-02 1.806256827216733418e-01 5.735674875429717545e+00 1.169329682777565438e+01 3.155489122704062765e+01 4.477127463147728008e+02 -2.165144239287927164e+01 7.646640093345078526e+01 4.540136903498338539e-01 3.814928340001350754e-02 6.264519440856980426e-02 2.561497578493031613e-01 -4.824928173007192803e-03 3.682195547689941229e-02 1.013434231400940078e-01 -7.105308863976179667e-01 -1.118139593995883363e+00 7.961691089864301185e-01
2.292842970387083668e+01 5.307164891110289773e+00 3.533121787828026754e+02 -1.694149899337053284e+03 4.477127463147728008e+02 4.013881811921871122e+04 -8.219908484092788967e+02 4.996345127450611471e+03 1.386991578680674664e+01 -1.704232723679717765e+01 1.020701251152907396e+01 3.983305097876669976e+01 -1.244954553523531238e-01 3.733805179907789817e+00 8.611336912649010245e+00 -6.015478020426391481e+01 -8.296873689025115084e+01 7.614012289198906380e+00
-3.578974122937380042e-01 -2.244165988790923494e-01 -9.701295316022582327e+00 1.690914008231501242e+01 -2.165144239287927164e+01 -8.219908484092788967e+02 3.305793979126454474e+01 -1.409055104350364616e+02 -5.454853828193581000e-01 2.032796304110544017e-01 -2.383940349133502334e-01 -7.920499469142622262e-01 1.540628177877365231e-02 -8.253687301901777018e-02 -1.903507315770539277e-01 1.307366148768980274e+00 2.274630452105570022e+00 -4.025027900920497004e-01
3.157931078514434997e+00 9.833201083548144261e-01 5.862555972484233280e+01 -2.394625631580331344e+02 7.646640093345078526e+01 4.996345127450611471e+03 -1.409055104350364616e+02 8.577218199930593983e+02 2.855205290746686053e+00 -2.548756242900868774e+00 1.596943514782018569e+00 6.088422473361371878e+00 -5.278191771288811424e-02 5.568313809354711319e-01 1.249184778797146400e+00 -9.356882164457045903e+00 -1.281615805909800976e+01 1.421620637432325474e+00
7.413859272217482137e-03 3.842590287557727958e-03 2.163697675242411689e-01 -4.198573821202141731e-01 4.540136903498338539e-01 1.386991578680674664e+01 -5.454853828193581000e-01 2.855205290746686053e+00 1.371099914008442819e-02 -5.551667508948746575e-03 4.156663851199070107e-03 1.628361751872344637e-02 -3.077951088899792578e-04 1.697794583349924004e-03 3.614370619014509352e-03 -2.699397557682314472e-02 -4.053787343339517596e-02 1.011976703938674213e-02
-1.715300016311289283e-02 -1.123340959518327140e-04 -2.631452234471811646e-01 1.602405404164141345e+00 3.814928340001350754e-02 -1.704232723679717765e+01 2.032796304110544017e-01 -2.548756242900868774e+00 -5.551667508948746575e-03 1.612271416329756277e-02 -5.919707565595301244e-03 -2.695648895558772073e-02 1.674527143950505848e-04 -2.111972287311398352e-03 -4.323488223360868327e-03 3.662307379674283742e-02 3.971180954486732556e-02 7.827715757035091579e-03
7.063609306649597415e-03 1.727889314132570464e-03 1.106093684336438843e-01 -5.905642799926624775e-01 6.264519440856980426e-02 1.020701251152907396e+01 -2.383940349133502334e-01 1.596943514782018569e+00 4.156663851199070107e-03 -5.919707565595301244e-03 3.515835308771678939e-03 1.312575354883046067e-02 -5.876221298045671389e-05 1.104876427537603923e-03 2.536634146369297176e-03 -1.939361573815925541e-02 -2.513412437254091900e-02 3.418495255502461980e-04
3.094364884933949178e-02 4.557573044356339441e-03 4.984553256171800895e-01 -2.659140005181299227e+00 2.561497578493031613e-01 3.983305097876669976e+01 -7.920499469142622262e-01 6.088422473361371878e+00 1.628361751872344637e-02 -2.695648895558772073e-02 1.312575354883046067e-02 5.376127972113120546e-02 -2.848274643648133412e-04 4.506430611931699394e-03 9.891691320765018045e-03 -7.792459938135586073e-02 -9.552084106208849623e-02 -1.588477897793613789e-03
-2.194705896279311268e-04 3.845964904293488129e-05 -1.046970561408484129e-02 1.425873987302430333e-02 -4.824928173007192803e-03 -1.244954553523531238e-01 1.540628177877365231e-02 -5.278191771288811424e-02 -3.077951088899792578e-04 1.674527143950505848e-04 -5.876221298045671389e-05 -2.848274643648133412e-04 3.726135838728100773e-05 -3.637625263320028071e-05 -2.555928761196413215e-05 2.161755259401786794e-04 9.788702833794862834e-04 4.955564062647752630e-04
2.602085212829489784e-03 4.499460821986874231e-04 4.437963429647057839e-02 -2.112635330227347619e-01 3.682195547689941229e-02 3.733805179907789817e+00 -8.253687301901777018e-02 5.568313809354711319e-01 1.697794583349924004e-03 -2.111972287311398352e-03 1.104876427537603923e-03 4.506430611931699394e-03 -3.637625263320028071e-05 4.281284964062880417e-04 8.888537030661183402e-04 -6.477103111071501503e-03 -8.919309227146988983e-03 3.312269367266810344e-04
5.438901305990115516e-03 1.382608153392986044e-03 8.692814724523419134e-02 -4.245873932667642014e-01 1.013434231400940078e-01 8.611336912649010245e+00 -1.903507315770539277e-01 1.249184778797146400e+00 3.614370619014509352e-03 -4.323488223360868327e-03 2.536634146369297176e-03 9.891691320765018045e-03 -2.555928761196413215e-05 8.888537030661183402e-04 2.057736265216235805e-03 -1.506152930392425440e-02 -1.964535849297573480e-02 2.098147868775167551e-03
-4.261520794474407681e-02 -9.569216580915935327e-03 -6.993801883847658996e-01 3.493827365669895713e+00 -7.105308863976179667e-01 -6.015478020426391481e+01 1.307366148768980274e+00 -9.356882164457045903e+00 -2.699397557682314472e-02 3.662307379674283742e-02 -1.939361573815925541e-02 -7.792459938135586073e-02 2.161755259401786794e-04 -6.477103111071501503e-03 -1.506152930392425440e-02 1.207569227206042872e-01 1.421257332244223459e-01 -1.088361570673170194e-02
-5.187582253791502701e-02 -1.377391820879443618e-02 -9.842757943503720464e-01 3.917979254348228579e+00 -1.118139593995883363e+00 -8.296873689025115084e+01 2.274630452105570022e+00 -1.281615805909800976e+01 -4.053787343339517596e-02 3.971180954486732556e-02 -2.513412437254091900e-02 -9.552084106208849623e-02 9.788702833794862834e-04 -8.919309227146988983e-03 -1.964535849297573480e-02 1.421257332244223459e-01 2.099079122991235613e-01 -1.492217442806456455e-02
-6.102699493080432011e-03 6.580887851055802762e-03 -8.887044304100773229e-02 8.932735528140830494e-01 7.961691089864301185e-01 7.614012289198906380e+00 -4.025027900920497004e-01 1.421620637432325474e+00 1.011976703938674213e-02 7.827715757035091579e-03 3.418495255502461980e-04 -1.588477897793613789e-03 4.955564062647752630e-04 3.312269367266810344e-04 2.098147868775167551e-03 -1.088361570673170194e-02 -1.492217442806456455e-02 4.184695038320634941e-02
1.860344460108650372e-02 3.410911965381184692e-03 2.711983685325364268e-01 -1.429395359758141915e+00 1.837132115782569297e-01 2.366251964715526412e+01 -4.451585359495867644e-01 3.435647892922620183e+00 8.880678865349614370e-03 -1.524580853121047450e-02 7.347978786428395297e-03 3.017501692344931596e-02 -1.502617460088268735e-04 2.531500551639561617e-03 5.639834297888043045e-03 -4.392605811503542262e-02 -5.370491323566504299e-02 7.907568735492296859e-04
3.410911965381184692e-03 4.024727336152169981e-03 4.157135107924556094e-02 -7.218276015751100283e-02 2.263471831444500426e-01 8.649659777287830309e+00 -2.963563930619050879e-01 1.511555167463877414e+00 5.252509203254368889e-03 -1.821546507179561646e-03 2.791940695283001445e-03 8.484981039873239206e-03 3.930719640705911583e-05 7.574188362543466313e-04 2.167639961602798974e-03 -1.585879812993019541e-02 -2.106610130041140783e-02 8.783418724213086504e-03
2.711983685325364268e-01 4.157135107924556094e-02 6.153401241334684357e+00 -2.002911009334930625e+01 5.743655603093395179e+00 3.297173214717790870e+02 -8.945496245205804442e+00 5.410654629161980722e+01 1.998573696098537023e-01 -2.190389978107325220e-01 1.010838342390945749e-01 4.386692366558451184e-01 -7.708082898911862262e-03 3.897623433192402842e-02 8.030732828509648535e-02 -6.380194120719325790e-01 -8.782331320234058047e-01 -8.661586756147959115e-03
-1.429395359758141915e+00 -7.218276015751100283e-02 -2.002911009334930625e+01 1.309487784392759124e+02 3.507628773439485759e+00 -1.534637755619218751e+03 1.991189908308285794e+01 -2.230391573923506030e+02 -4.509017710277518631e-01 1.298331039460782543e+00 -5.262718500031918767e-01 -2.277821471105937690e+00 1.012202698154069519e-02 -1.820677454758862779e-01 -3.820363576564157482e-01 3.107911592235549136e+00 3.541985202199651184e+00 4.516761644580529755e-01
1.837132115782569297e-01 2.263471831444500426e-01 5.743655603093395179e+00 3.507628773439485759e+00 2.904950098721625551e+01 5.897636732905585859e+02 -2.289238980524912392e+01 9.799472581634974233e+01 4.821522148691106402e-01 -5.993559291113436521e-02 1.215236408378288502e-01 4.537297335903870965e-01 -3.037994070850287033e-03 5.016434163120968986e-02 1.360975250628042865e-01 -9.869974535477334943e-01 -1.398827473525378950e+00 8.213794898442429160e-01
2.366251964715526412e+01 8.649659777287830309e+00 3.297173214717790870e+02 -1.534637755619218751e+03 5.897636732905585859e+02 4.264367292266333970e+04 -9.533537495862419746e+02 5.792026811648303010e+03 1.704831786162564455e+01 -1.730301886867459160e+01 1.151593149970813457e+01 4.315099410278271108e+01 -6.487534559164033487e-02 3.920436780342194005e+00 9.461813316831822362e+00 -6.800289208077516889e+01 -9.050913198599322129e+01 1.639291896108046487e+01
-4.451585359495867644e-01 -2.963563930619050879e-01 -8.945496245205804442e+00 1.991189908308285794e+01 -2.289238980524912392e+01 -9.533537495862419746e+02 3.399170678742244434e+01 -1.611576237447742415e+02 -5.821084441593129544e-01 2.765546881855188155e-01 -2.854641634244451387e-01 -9.569460747678254497e-01 1.080351611573907369e-02 -9.211589170993997322e-02 -2.240286083075559431e-01 1.603606979086528161e+00 2.476487396974258903e+00 -5.796891265749266609e-01
3.435647892922620183e+00 1.511555167463877414e+00 5.410654629161980722e+01 -2.230391573923506030e+02 9.799472581634974233e+01 5.792026811648303010e+03 -1.611576237447742415e+02 9.795263000207712594e+02 3.203089637390728939e+00 -2.660311933736879464e+00 1.839646742704625915e+00 6.757201268107647429e+00 -3.497935063620916107e-02 6.008493667556294993e-01 1.429225191476390933e+00 -1.078387330184713910e+01 -1.426679001087157950e+01 2.783421543341265902e+00
8.880678865349614370e-03 5.252509203254368889e-03 1.998573696098537023e-01 -4.509017710277518631e-01 4.821522148691106402e-01 1.704831786162564455e+01 -5.821084441593129544e-01 3.203089637390728939e+00 1.402075688873346757e-02 -6.465692301923002538e-03 5.051405762896196867e-03 1.902120623350028392e-02 -2.152131699584264703e-04 1.862667458697529104e-03 4.280426847642640475e-03 -3.207962306160232896e-02 -4.499191807810570126e-02 1.355531529391325665e-02
-1.524580853121047450e-02 -1.821546507179561646e-03 -2.190389978107325220e-01 1.298331039460782543e+00 -5.993559291113436521e-02 -1.730301886867459160e+01 2.765546881855188155e-01 -2.660311933736879464e+00 -6.465692301923002538e-03 1.376492597704845680e-02 -5.884238095547249768e-03 -2.510986157816462797e-02 1.155499848084514362e-04 -1.989891737912043677e-03 -4.336131520182542019e-03 3.586096769816471408e-02 4.016823551932324765e-02 2.133937127708909667e-03
7.347978786428395297e-03 2.791940695283001445e-03 1.010838342390945749e-01 -5.262718500031918767e-01 1.215236408378288502e-01 1.151593149970813457e+01 -2.854641634244451387e-01 1.839646742704625915e+00 5.051405762896196867e-03 -5.884238095547249768e-03 3.886239635639142116e-03 1.405717977445750458e-02 -3.553211967234727933e-05 1.176063035473270783e-03 2.839430298534341337e-03 -2.175617488168870434e-02 -2.777459925520960396e-02 3.390706673477640685e-03
3.017501692344931596e-02 8.484981039873239206e-03 4.386692366558451184e-01 -2.277821471105937690e+00 4.537297335903870965e-01 4.315099410278271108e+01 -9.569460747678254497e-01 6.757201268107647429e+00 1.902120623350028392e-02 -2.510986157816462797e-02 1.405717977445750458e-02 5.463445959091872001e-02 -1.839559062728835306e-04 4.570887234341045741e-03 1.062394087460220675e-02 -8.301620820680470636e-02 -1.020337063803048311e-01 9.806843088416066986e-03
-1.502617460088268735e-04 3.930719640705911583e-05 -7.708082898911862262e-03 1.012202698154069519e-02 -3.037994070850287033e-03 -6.487534559164033487e-02 1.080351611573907369e-02 -3.497935063620916107e-02 -2.152131699584264703e-04 1.155499848084514362e-04 -3.553211967234727933e-05 -1.839559062728835306e-04 2.801045496088979100e-05 -2.472985344583157011e-05 -1.237735143429292525e-05 1.110179648049498921e-04 6.706690655870231567e-04 3.968273106358611506e-04
2.531500551639561617e-03 7.574188362543466313e-04 3.897623433192402842e-02 -1.820677454758862779e-01 5.016434163120968986e-02 3.920436780342194005e+00 -9.211589170993997322e-02 6.008493667556294993e-01 1.862667458697529104e-03 -1.989891737912043677e-03 1.176063035473270783e-03 4.570887234341045741e-03 -2.472985344583157011e-05 4.212414827956489872e-04 9.354503241930702808e-04 -6.909323321312456877e-03 -9.224597342860541352e-03 1.198007740404110049e-03
5.639834297888043045e-03 2.167639961602798974e-03 8.030732828509648535e-02 -3.820363576564157482e-01 1.360975250628042865e-01 9.461813316831822362e+00 -2.240286083075559431e-01 1.429225191476390933e+00 4.280426847642640475e-03 -4.336131520182542019e-03 2.839430298534341337e-03 1.062394087460220675e-02 -1.237735143429292525e-05 9.354503241930702808e-04 2.265145946382026657e-03 -1.681112920468974536e-02 -2.155123932517842567e-02 4.103410732460312932e-03
-4.392605811503542262e-02 -1.585879812993019541e-02 -6.380194120719325790e-01 3.107911592235549136e+00 -9.869974535477334943e-01 -6.800289208077516889e+01 1.603606979086528161e+00 -1.078387330184713910e+01 -3.207962306160232896e-02 3.586096769816471408e-02 -2.175617488168870434e-02 -8.301620820680470636e-02 1.110179648049498921e-04 -6.909323321312456877e-03 -1.681112920468974536e-02 1.327911392347465303e-01 1.588089247774721602e-01 -2.723905325988289564e-02
-5.370491323566504299e-02 -2.106610130041140783e-02 -8.782331320234058047e-01 3.541985202199651184e+00 -1.398827473525378950e+00 -9.050913198599322129e+01 2.476487396974258903e+00 -1.426679001087157950e+01 -4.499191807810570126e-02 4.016823551932324765e-02 -2.777459925520960396e-02 -1.020337063803048311e-01 6.706690655870231567e-04 -9.224597342860541352e-03 -2.155123932517842567e-02 1.588089247774721602e-01 2.219949519705667063e-01 -3.469581724434671333e-02
7.907568735492296859e-04 8.783418724213086504e-03 -8.661586756147959115e-03 4.516761644580529755e-01 8.213794898442429160e-01 1.639291896108046487e+01 -5.796891265749266609e-01 2.783421543341265902e+00 1.355531529391325665e-02 2.133937127708909667e-03 3.390706673477640685e-03 9.806843088416066986e-03 3.968273106358611506e-04 1.198007740404110049e-03 4.103410732460312932e-03 -2.723905325988289564e-02 -3.469581724434671333e-02 4.105243900477464208e-02
1.860344460108650372e-02 3.410911965381184692e-03 2.711983685325364268e-01 -1.429395359758141915e+00 1.837132115782569297e-01 2.366251964715526412e+01 -4.451585359495867644e-01 3.435647892922620183e+00 8.880678865349614370e-03 -1.524580853121047450e-02 7.347978786428395297e-03 3.017501692344931596e-02 -1.502617460088268735e-04 2.531500551639561617e-03 5.639834297888043045e-03 -4.392605811503542262e-02 -5.370491323566504299e-02 7.907568735492296859e-04
3.410911965381184692e-03 4.024727336152169981e-03 4.157135107924556094e-02 -7.218276015751100283e-02 2.263471831444500426e-01 8.649659777287830309e+00 -2.963563930619050879e-01 1.511555167463877414e+00 5.252509203254368889e-03 -1.821546507179561646e-03 2.791940695283001445e-03 8.484981039873239206e-03 3.930719640705911583e-05 7.574188362543466313e-04 2.167639961602798974e-03 -1.585879812993019541e-02 -2.106610130041140783e-02 8.783418724213086504e-03
2.711983685325364268e-01 4.157135107924556094e-02 6.153401241334684357e+00 -2.002911009334930625e+01 5.743655603093395179e+00 3.297173214717790870e+02 -8.945496245205804442e+00 5.410654629161980722e+01 1.998573696098537023e-01 -2.190389978107325220e-01 1.010838342390945749e-01 4.386692366558451184e-01 -7.708082898911862262e-03 3.897623433192402842e-02 8.030732828509648535e-02 -6.380194120719325790e-01 -8.782331320234058047e-01 -8.661586756147959115e-03
-1.429395359758141915e+00 -7.218276015751100283e-02 -2.002911009334930625e+01 1.309487784392759124e+02 3.507628773439485759e+00 -1.534637755619218751e+03 1.991189908308285794e+01 -2.230391573923506030e+02 -4.509017710277518631e-01 1.298331039460782543e+00 -5.262718500031918767e-01 -2.277821471105937690e+00 1.012202698154069519e-02 -1.820677454758862779e-01 -3.820363576564157482e-01 3.107911592235549136e+00 3.541985202199651184e+00 4.516761644580529755e-01
1.837132115782569297e-01 2.263471831444500426e-01 5.743655603093395179e+00 3.507628773439485759e+00 2.904950098721625551e+01 5.897636732905585859e+02 -2.289238980524912392e+01 9.799472581634974233e+01 4.821522148691106402e-01 -5.993559291113436521e-02 1.215236408378288502e-01 4.537297335903870965e-01 -3.037994070850287033e-03 5.016434163120968986e-02 1.360975250628042865e-01 -9.869974535477334943e-01 -1.398827473525378950e+00 8.213794898442429160e-01
2.366251964715526412e+01 8.649659777287830309e+00 3.297173214717790870e+02 -1.534637755619218751e+03 5.897636732905585859e+02 4.264367292266333970e+04 -9.533537495862419746e+02 5.792026811648303010e+03 1.704831786162564455e+01 -1.730301886867459160e+01 1.151593149970813457e+01 4.315099410278271108e+01 -6.487534559164033487e-02 3.920436780342194005e+00 9.461813316831822362e+00 -6.800289208077516889e+01 -9.050913198599322129e+01 1.639291896108046487e+01
-4.451585359495867644e-01 -2.963563930619050879e-01 -8.945496245205804442e+00 1.991189908308285794e+01 -2.289238980524912392e+01 -9.533537495862419746e+02 3.399170678742244434e+01 -1.611576237447742415e+02 -5.821084441593129544e-01 2.765546881855188155e-01 -2.854641634244451387e-01 -9.569460747678254497e-01 1.080351611573907369e-02 -9.211589170993997322e-02 -2.240286083075559431e-01 1.603606979086528161e+00 2.476487396974258903e+00 -5.796891265749266609e-01
3.435647892922620183e+00 1.511555167463877414e+00 5.410654629161980722e+01 -2.230391573923506030e+02 9.799472581634974233e+01 5.792026811648303010e+03 -1.611576237447742415e+02 9.795263000207712594e+02 3.203089637390728939e+00 -2.660311933736879464e+00 1.839646742704625915e+00 6.757201268107647429e+00 -3.497935063620916107e-02 6.008493667556294993e-01 1.429225191476390933e+00 -1.078387330184713910e+01 -1.426679001087157950e+01 2.783421543341265902e+00
8.880678865349614370e-03 5.252509203254368889e-03 1.998573696098537023e-01 -4.509017710277518631e-01 4.821522148691106402e-01 1.704831786162564455e+01 -5.821084441593129544e-01 3.203089637390728939e+00 1.402075688873346757e-02 -6.465692301923002538e-03 5.051405762896196867e-03 1.902120623350028392e-02 -2.152131699584264703e-04 1.862667458697529104e-03 4.280426847642640475e-03 -3.207962306160232896e-02 -4.499191807810570126e-02 1.355531529391325665e-02
-1.524580853121047450e-02 -1.821546507179561646e-03 -2.190389978107325220e-01 1.298331039460782543e+00 -5.993559291113436521e-02 -1.730301886867459160e+01 2.765546881855188155e-01 -2.660311933736879464e+00 -6.465692301923002538e-03 1.376492597704845680e-02 -5.884238095547249768e-03 -2.510986157816462797e-02 1.155499848084514362e-04 -1.989891737912043677e-03 -4.336131520182542019e-03 3.586096769816471408e-02 4.016823551932324765e-02 2.133937127708909667e-03
7.347978786428395297e-03 2.791940695283001445e-03 1.010838342390945749e-01 -5.262718500031918767e-01 1.215236408378288502e-01 1.151593149970813457e+01 -2.854641634244451387e-01 1.839646742704625915e+00 5.051405762896196867e-03 -5.884238095547249768e-03 3.886239635639142116e-03 1.405717977445750458e-02 -3.553211967234727933e-05 1.176063035473270783e-03 2.839430298534341337e-03 -2.175617488168870434e-02 -2.777459925520960396e-02 3.390706673477640685e-03
3.017501692344931596e-02 8.484981039873239206e-03 4.386692366558451184e-01 -2.277821471105937690e+00 4.537297335903870965e-01 4.315099410278271108e+01 -9.569460747678254497e-01 6.757201268107647429e+00 1.902120623350028392e-02 -2.510986157816462797e-02 1.405717977445750458e-02 5.463445959091872001e-02 -1.839559062728835306e-04 4.570887234341045741e-03 1.062394087460220675e-02 -8.301620820680470636e-02 -1.020337063803048311e-01 9.806843088416066986e-03
-1.502617460088268735e-04 3.930719640705911583e-05 -7.708082898911862262e-03 1.012202698154069519e-02 -3.037994070850287033e-03 -6.487534559164033487e-02 1.080351611573907369e-02 -3.497935063620916107e-02 -2.152131699584264703e-04 1.155499848084514362e-04 -3.553211967234727933e-05 -1.839559062728835306e-04 2.801045496088979100e-05 -2.472985344583157011e-05 -1.237735143429292525e-05 1.110179648049498921e-04 6.706690655870231567e-04 3.968273106358611506e-04
2.531500551639561617e-03 7.574188362543466313e-04 3.897623433192402842e-02 -1.820677454758862779e-01 5.016434163120968986e-02 3.920436780342194005e+00 -9.211589170993997322e-02 6.008493667556294993e-01 1.862667458697529104e-03 -1.989891737912043677e-03 1.176063035473270783e-03 4.570887234341045741e-03 -2.472985344583157011e-05 4.212414827956489872e-04 9.354503241930702808e-04 -6.909323321312456877e-03 -9.224597342860541352e-03 1.198007740404110049e-03
5.639834297888043045e-03 2.167639961602798974e-03 8.030732828509648535e-02 -3.820363576564157482e-01 1.360975250628042865e-01 9.461813316831822362e+00 -2.240286083075559431e-01 1.429225191476390933e+00 4.280426847642640475e-03 -4.336131520182542019e-03 2.839430298534341337e-03 1.062394087460220675e-02 -1.237735143429292525e-05 9.354503241930702808e-04 2.265145946382026657e-03 -1.681112920468974536e-02 -2.155123932517842567e-02 4.103410732460312932e-03
