4.527045537520394021e-03 -4.149847814370090371e-06 5.650695905234162924e-05 -5.887218345622688913e-05 -3.544255682056547641e-05 -1.150230542567012328e-02 3.361834278071183335e-04 -4.863305690200305171e-04 -9.202183310105239589e-07 -9.958068446281353951e-07 -2.555697939407878429e-07 1.226501579134428299e-06 -3.318911847970637171e-07 -2.881779590376295190e-06 -6.132679504860007310e-07 -1.449363769365001633e-05 -6.997066734219551071e-05 4.692644030834432765e-05
-4.149847814370090371e-06 6.911729514738340630e-02 -2.808713854618223745e-04 2.926278817657910277e-04 1.761694524966490101e-04 5.717293082291827894e-02 -1.671020821524405418e-03 2.417336607807280165e-03 4.574002952784648412e-06 4.949720402472793797e-06 1.270325696342120179e-06 -6.096403055126435285e-06 1.649685958328951332e-06 1.432406626933946300e-05 3.048286826986797157e-06 7.204153555009748424e-05 3.477935922881046789e-04 -2.332508159214062896e-04
5.650695905234162924e-05 -2.808713854618223745e-04 1.217084692597360203e+02 -3.984606778892918824e-03 -2.398834965472737644e-03 -7.785028765936542472e-01 2.275367901697923981e-02 -3.291598796468792748e-02 -6.228252435264887703e-05 -6.739853137133057048e-05 -1.729756013166894310e-05 8.301248942423937395e-05 -2.246316999233543936e-05 -1.950455685005533552e-04 -4.150740620315525331e-05 -9.809632260008769276e-04 -4.735778071195089270e-03 3.176091002314704228e-03
-5.887218345622688913e-05 2.926278817657910277e-04 -3.984606778892918824e-03 5.478914728899957787e+00 2.499243536317503379e-03 8.110888453503266593e-01 -2.370608484082263601e-02 3.429375982354796598e-02 6.488949788307737162e-05 7.021964675001930278e-05 1.802158796889866886e-05 -8.648716173197416781e-05 2.340341591505940461e-05 2.032096344178124857e-04 4.324479097381230788e-05 1.022023622815048174e-03 4.934004591489689340e-03 -3.309033352666217696e-03
-3.544255682056547641e-05 1.761694524966490101e-04 -2.398834965472737644e-03 2.499243536317503379e-03 7.851416761166079894e+00 4.882961833618766345e-01 -1.427166803807638530e-02 2.064571856827175991e-02 3.906513366348873757e-05 4.227401930332788633e-05 1.084945585650691958e-05 -5.206747845889030655e-05 1.408945362085234919e-05 1.223373856975212349e-04 2.603446774523710626e-05 6.152843023142744302e-04 2.970396676672062281e-03 -1.992122522688837341e-03
-1.150230542567012328e-02 5.717293082291827894e-02 -7.785028765936542472e-01 8.110888453503266593e-01 4.882961833618766345e-01 7.521813723043088976e+04 -4.631637766394916866e+00 6.700232206918466993e+00 1.267795382728558254e-02 1.371934547666173870e-02 3.521014457158367847e-03 -1.689765337784963906e-02 4.572503040576963995e-03 3.970260899615440930e-02 8.449063116877488303e-03 1.996805141533301853e-01 9.639939348464996449e-01 -6.465109675165320313e-01
3.361834278071183335e-04 -1.671020821524405418e-03 2.275367901697923981e-02 -2.370608484082263601e-02 -1.427166803807638530e-02 -4.631637766394916866e+00 1.782063194992823583e+02 -1.958309179826246416e-01 -3.705446706123205524e-04 -4.009819265728220106e-04 -1.029103875927514484e-04 4.938758643796895258e-04 -1.336427515138842773e-04 -1.160407300211758249e-03 -2.469448423836378601e-04 -5.836158685591798755e-03 -2.817511563192449595e-02 1.889588783562855256e-02
-4.863305690200305171e-04 2.417336607807280165e-03 -3.291598796468792748e-02 3.429375982354796598e-02 2.064571856827175991e-02 6.700232206918466993e+00 -1.958309179826246416e-01 4.109851034429013816e+04 5.360383219413825898e-04 5.800695465238499444e-04 1.488724999995225324e-04 -7.144520231581388955e-04 1.933306344488814189e-04 1.678671510633673435e-03 3.572360080220866635e-04 8.442719478972944211e-03 4.075876109318694179e-02 -2.733521977327321370e-02
-9.202183310105239589e-07 4.574002952784648412e-06 -6.228252435264887703e-05 6.488949788307737162e-05 3.906513366348873757e-05 1.267795382728558254e-02 -3.705446706123205524e-04 5.360383219413825898e-04 4.597663823028693038e-03 1.097588068641894276e-06 2.816915328990607567e-07 -1.351862067117143032e-06 3.658137182785808301e-07 3.176325722117234767e-06 6.759499484915315098e-07 1.597502958488825222e-05 7.712235564958772646e-05 -5.172278265019223759e-05
-9.958068446281353951e-07 4.949720402472793797e-06 -6.739853137133057048e-05 7.021964675001930278e-05 4.227401930332788633e-05 1.371934547666173870e-02 -4.009819265728220106e-04 5.800695465238499444e-04 1.097588068641894276e-06 1.016122978182890536e-03 3.048302202659209260e-07 -1.462906632114237772e-06 3.958623646636670414e-07 3.437235260657477877e-06 7.314737846992578718e-07 1.728724941427704176e-05 8.345733511455826566e-05 -5.597139206052802125e-05
-2.555697939407878429e-07 1.270325696342120179e-06 -1.729756013166894310e-05 1.802158796889866886e-05 1.084945585650691958e-05 3.521014457158367847e-03 -1.029103875927514484e-04 1.488724999995225324e-04 2.816915328990607567e-07 3.048302202659209260e-07 3.750974310660171407e-05 -3.754490627784990109e-07 1.015964727615289121e-07 8.821525098276292128e-07 1.877297845833622960e-07 4.436702553756439028e-06 2.141898707880432064e-05 -1.436483110419869471e-05
1.226501579134428299e-06 -6.096403055126435285e-06 8.301248942423937395e-05 -8.648716173197416781e-05 -5.206747845889030655e-05 -1.689765337784963906e-02 4.938758643796895258e-04 -7.144520231581388955e-04 -1.351862067117143032e-06 -1.462906632114237772e-06 -3.754490627784990109e-07 1.146130341455483658e-03 -4.875702732904861926e-07 -4.233526308635921347e-06 -9.009314977786694860e-07 -2.129211987232252972e-05 -1.027915743505272337e-04 6.893806878202915435e-05
-3.318911847970637171e-07 1.649685958328951332e-06 -2.246316999233543936e-05 2.340341591505940461e-05 1.408945362085234919e-05 4.572503040576963995e-03 -1.336427515138842773e-04 1.933306344488814189e-04 3.658137182785808301e-07 3.958623646636670414e-07 1.015964727615289121e-07 -4.875702732904861926e-07 4.901671422080078593e-04 1.145591727190687493e-06 2.437919586127032379e-07 5.761645163354252534e-06 2.781538807510395355e-05 -1.865463340196924923e-05
-2.881779590376295190e-06 1.432406626933946300e-05 -1.950455685005533552e-04 2.032096344178124857e-04 1.223373856975212349e-04 3.970260899615440930e-02 -1.160407300211758249e-03 1.678671510633673435e-03 3.176325722117234767e-06 3.437235260657477877e-06 8.821525098276292128e-07 -4.233526308635921347e-06 1.145591727190687493e-06 6.197039953333064290e-04 2.116822388812558818e-06 5.002781694517447332e-05 2.415183690469019254e-04 -1.619764075283221597e-04
-6.132679504860007310e-07 3.048286826986797157e-06 -4.150740620315525331e-05 4.324479097381230788e-05 2.603446774523710626e-05 8.449063116877488303e-03 -2.469448423836378601e-04 3.572360080220866635e-04 6.759499484915315098e-07 7.314737846992578718e-07 1.877297845833622960e-07 -9.009314977786694860e-07 2.437919586127032379e-07 2.116822388812558818e-06 6.101458955904385953e-04 1.064635785044538817e-05 5.139722541055770794e-05 -3.446999895609937763e-05
-1.449363769365001633e-05 7.204153555009748424e-05 -9.809632260008769276e-04 1.022023622815048174e-03 6.152843023142744302e-04 1.996805141533301853e-01 -5.836158685591798755e-03 8.442719478972944211e-03 1.597502958488825222e-05 1.728724941427704176e-05 4.436702553756439028e-06 -2.129211987232252972e-05 5.761645163354252534e-06 5.002781694517447332e-05 1.064635785044538817e-05 3.961992711074377116e+00 1.214693777767358309e-03 -8.146450108378896311e-04
-6.997066734219551071e-05 3.477935922881046789e-04 -4.735778071195089270e-03 4.934004591489689340e-03 2.970396676672062281e-03 9.639939348464996449e-01 -2.817511563192449595e-02 4.075876109318694179e-02 7.712235564958772646e-05 8.345733511455826566e-05 2.141898707880432064e-05 -1.027915743505272337e-04 2.781538807510395355e-05 2.415183690469019254e-04 5.139722541055770794e-05 1.214693777767358309e-03 4.441865234797970352e+00 -3.932846691779162858e-03
4.692644030834432765e-05 -2.332508159214062896e-04 3.176091002314704228e-03 -3.309033352666217696e-03 -1.992122522688837341e-03 -6.465109675165320313e-01 1.889588783562855256e-02 -2.733521977327321370e-02 -5.172278265019223759e-05 -5.597139206052802125e-05 -1.436483110419869471e-05 6.893806878202915435e-05 -1.865463340196924923e-05 -1.619764075283221597e-04 -3.446999895609937763e-05 -8.146450108378896311e-04 -3.932846691779162858e-03 1.106199131944361369e+00
1.448895223662613561e-03 -1.485396874214754711e-06 -4.098615055936256799e-05 -1.146126929329531736e-05 -2.993937941715974470e-05 -5.330559777925939066e-04 9.325298700555444316e-05 -3.033366715358603097e-03 5.535984214874119510e-07 -3.718793926294674362e-07 -1.408659582429390470e-07 9.716583544921996934e-07 -2.689883885746022740e-07 -1.265748539921113823e-06 -5.465645422827652244e-07 1.407822509720137153e-06 -3.171402224942554985e-05 1.507055177949361169e-05
-1.485396874214754711e-06 2.211763745542390594e-02 -5.123354697890555100e-05 8.881400095116756446e-05 6.854175039656120675e-05 1.623597717546827746e-02 -5.253541131693043433e-04 2.656300483893169351e-03 9.088349897539721486e-07 1.618730329612681661e-06 4.451594943197596108e-07 -2.329774226570184054e-06 6.343998989833414764e-07 4.808486710663186209e-06 1.204646733951512223e-06 1.909785491564313070e-05 1.173937597503496610e-04 -7.467564988002240833e-05
-4.098615055936256799e-05 -5.123354697890555100e-05 3.896120860153070709e+01 -3.085975534485158305e-03 3.797226418552080048e-03 -1.021725012420169776e+00 1.079744828488336111e-02 6.958135196110406540e-01 -2.280902788852012212e-04 -8.504291164442244128e-06 8.966961509041058970e-06 -1.155962376628860710e-04 3.276721418755875479e-05 2.191751278400121846e-05 7.270400274215978479e-05 -1.797857310591745392e-03 7.729982825228113533e-04 1.003072417736217614e-03
-1.146126929329531736e-05 8.881400095116756446e-05 -3.085975534485158305e-03 1.753478900624910297e+00 2.295931046781314469e-04 3.560491545738173058e-01 -8.025140651915629170e-03 -7.725095256546507527e-02 4.676447350847423947e-05 2.083864661125735872e-05 3.955539355064679652e-06 -9.919623460656276726e-06 2.498532171602781899e-06 5.449373445160094474e-05 3.098359929369935782e-06 5.123975490605797104e-04 1.293047080886390978e-03 -1.057232370151326003e-03
-2.993937941715974470e-05 6.854175039656120675e-05 3.797226418552080048e-03 2.295931046781314469e-04 2.513890614114286937e+00 -8.700069995793204003e-02 -3.459830931371970109e-03 2.290008558619362200e-01 -5.303858370122594681e-05 1.764066520237442257e-05 8.037857761304001113e-06 -6.142094164541586209e-05 1.708864771648180847e-05 6.570004135840174073e-05 3.540395936230839193e-05 -2.703324654891011217e-04 1.671047757844125285e-03 -6.416593957655775810e-04
-5.330559777925939066e-04 1.623597717546827746e-02 -1.021725012420169776e+00 3.560491545738173058e-01 -8.700069995793204003e-02 2.411097504305144321e+04 -1.669501876194841472e+00 -3.549627601753656592e+01 1.514953075511398135e-02 3.694066492896704544e-03 3.539211098621582044e-04 2.168296337520100956e-03 -6.659750620386927248e-04 8.210880455405120126e-03 -1.878408683231198428e-03 1.429756001708619995e-01 1.865294967840914475e-01 -2.061760103026344937e-01
9.325298700555444316e-05 -5.253541131693043433e-04 1.079744828488336111e-02 -8.025140651915629170e-03 -3.459830931371970109e-03 -1.669501876194841472e+00 5.702687503242203348e+01 1.086426375339575173e-01 -1.690588017553177962e-04 -1.251460209571698891e-04 -2.941414541058711869e-05 1.235625008056343694e-04 -3.307538758660696497e-05 -3.508774782882279064e-04 -5.816828375856527910e-05 -2.227469339438473139e-03 -8.461025453914590433e-03 6.043464140918808868e-03
-3.033366715358603097e-03 2.656300483893169351e-03 6.958135196110406540e-01 -7.725095256546507527e-02 2.290008558619362200e-01 -3.549627601753656592e+01 1.086426375339575173e-01 1.318593567621955299e+04 -9.969768505773558831e-03 8.220476799445092372e-04 7.541681579076034902e-04 -7.154501789899894368e-03 2.008446652162852904e-03 4.645734003705648089e-03 4.303469096057881138e-03 -6.959455981987819340e-02 1.245332262196621465e-01 -9.394095470448860299e-03
5.535984214874119510e-07 9.088349897539721486e-07 -2.280902788852012212e-04 4.676447350847423947e-05 -5.303858370122594681e-05 1.514953075511398135e-02 -1.690588017553177962e-04 -9.969768505773558831e-03 1.474241057778787880e-03 1.636740439079021750e-07 -1.180723107771402218e-07 1.608455401733215685e-06 -4.565956567912299045e-07 -1.943653353478610042e-07 -1.018236713212990384e-06 2.641765908229969036e-05 -8.176997600036962395e-06 -1.636067152022921975e-05
-3.718793926294674362e-07 1.618730329612681661e-06 -8.504291164442244128e-06 2.083864661125735872e-05 1.764066520237442257e-05 3.694066492896704544e-03 -1.251460209571698891e-04 8.220476799445092372e-04 1.636740439079021750e-07 3.251711231281742358e-04 1.106122812418530114e-07 -5.962179235721012041e-07 1.626761998212374862e-07 1.175899349166316093e-06 3.115461980013517384e-07 4.194866763698583738e-06 2.876826124574232384e-05 -1.792280790234697670e-05
-1.408659582429390470e-07 4.451594943197596108e-07 8.966961509041058970e-06 3.955539355064679652e-06 8.037857761304001113e-06 3.539211098621582044e-04 -2.941414541058711869e-05 7.541681579076034902e-04 -1.180723107771402218e-07 1.106122812418530114e-07 1.201762371816568112e-05 -2.623406287582555368e-07 7.247661316144193217e-08 3.666426656438596924e-07 1.460820985908218214e-07 -6.458729790967303213e-08 9.143113824382985874e-06 -4.610026083329793734e-06
9.716583544921996934e-07 -2.329774226570184054e-06 -1.155962376628860710e-04 -9.919623460656276726e-06 -6.142094164541586209e-05 2.168296337520100956e-03 1.235625008056343694e-04 -7.154501789899894368e-03 1.608455401733215685e-06 -5.962179235721012041e-07 -2.623406287582555368e-07 3.681556202257785606e-04 -5.477938579760199969e-07 -2.181622322578419188e-06 -1.131412526625812289e-06 7.736954079405647221e-06 -5.533200995167647100e-05 2.219036287218194116e-05
-2.689883885746022740e-07 6.343998989833414764e-07 3.276721418755875479e-05 2.498532171602781899e-06 1.708864771648180847e-05 -6.659750620386927248e-04 -3.307538758660696497e-05 2.008446652162852904e-03 -4.565956567912299045e-07 1.626761998212374862e-07 7.247661316144193217e-08 -5.477938579760199969e-07 1.569635964183519698e-04 5.989954154019196691e-07 3.149784209442546657e-07 -2.245805104359642188e-06 1.520752691332466708e-05 -6.006071205513866538e-06
-1.265748539921113823e-06 4.808486710663186209e-06 2.191751278400121846e-05 5.449373445160094474e-05 6.570004135840174073e-05 8.210880455405120126e-03 -3.508774782882279064e-04 4.645734003705648089e-03 -1.943653353478610042e-07 1.175899349166316093e-06 3.666426656438596924e-07 -2.181622322578419188e-06 5.989954154019196691e-07 1.987958073480086609e-04 1.177534333838400919e-06 7.377314307951492428e-06 9.059693587769211351e-05 -5.190967611731322606e-05
-5.465645422827652244e-07 1.204646733951512223e-06 7.270400274215978479e-05 3.098359929369935782e-06 3.540395936230839193e-05 -1.878408683231198428e-03 -5.816828375856527910e-05 4.303469096057881138e-03 -1.018236713212990384e-06 3.115461980013517384e-07 1.460820985908218214e-07 -1.131412526625812289e-06 3.149784209442546657e-07 1.177534333838400919e-06 1.957566488402563720e-04 -5.394071826758486478e-06 3.001928272561848885e-05 -1.110914025169211959e-05
1.407822509720137153e-06 1.909785491564313070e-05 -1.797857310591745392e-03 5.123975490605797104e-04 -2.703324654891011217e-04 1.429756001708619995e-01 -2.227469339438473139e-03 -6.959455981987819340e-02 2.641765908229969036e-05 4.194866763698583738e-06 -6.458729790967303213e-08 7.736954079405647221e-06 -2.245805104359642188e-06 7.377314307951492428e-06 -5.394071826758486478e-06 1.267989553202368835e+00 1.544740794510836908e-04 -2.593275018663249252e-04
-3.171402224942554985e-05 1.173937597503496610e-04 7.729982825228113533e-04 1.293047080886390978e-03 1.671047757844125285e-03 1.865294967840914475e-01 -8.461025453914590433e-03 1.245332262196621465e-01 -8.176997600036962395e-06 2.876826124574232384e-05 9.143113824382985874e-06 -5.533200995167647100e-05 1.520752691332466708e-05 9.059693587769211351e-05 3.001928272561848885e-05 1.544740794510836908e-04 1.421758085821364537e+00 -1.260606548759094859e-03
1.507055177949361169e-05 -7.467564988002240833e-05 1.003072417736217614e-03 -1.057232370151326003e-03 -6.416593957655775810e-04 -2.061760103026344937e-01 6.043464140918808868e-03 -9.394095470448860299e-03 -1.636067152022921975e-05 -1.792280790234697670e-05 -4.610026083329793734e-06 2.219036287218194116e-05 -6.006071205513866538e-06 -5.190967611731322606e-05 -1.110914025169211959e-05 -2.593275018663249252e-04 -1.260606548759094859e-03 3.539837343801149894e-01
4.636465427182723535e-04 -5.044447087877489669e-07 -1.371448336462870591e-05 -3.539808233722132096e-06 -9.937865575381689482e-06 -1.899682555656631089e-04 2.911175759250373134e-05 -9.413887317931990970e-04 1.831898495959401905e-07 -1.208463184556673142e-07 -4.492369109022916883e-08 3.132158020762797242e-07 -8.557597922781937252e-08 -4.061061007634800448e-07 -1.738621644744547964e-07 4.479847135923910359e-07 -1.043621105296740140e-05 4.798232394484208556e-06
-5.044447087877489669e-07 7.089560863232069986e-03 2.287206649580375995e-04 -2.388282401160701454e-05 1.681493019582144875e-04 1.313131348070110428e-02 1.303224637282695327e-04 -1.113680814542220010e-02 -2.180463844114140495e-06 1.273053108308224575e-06 7.966332767637654586e-08 -1.680752361531800266e-06 -1.749720193205879344e-09 1.975225365878100164e-06 -3.953092155900743676e-08 7.142044769008575847e-06 1.553215195158562368e-04 -1.393297389376186241e-05
-1.371448336462870591e-05 2.287206649580375995e-04 1.247262847246478934e+01 -2.063326314641873629e-03 4.222593153293366895e-03 -1.637224176889036931e-01 9.593637554955534996e-03 -2.389379277686117312e-02 -1.238202829662562109e-04 1.280926290196825385e-05 1.577962298624156980e-06 -5.622720711641131084e-05 6.273896682961693903e-06 1.599206592053660617e-05 1.452318993846149728e-05 -5.541134762045529620e-04 2.669444473198812149e-03 5.259145497411816606e-04
-3.539808233722132096e-06 -2.388282401160701454e-05 -2.063326314641873629e-03 5.613428079687271532e-01 -5.682735577917505040e-04 7.910541392584530263e-02 -3.877882876946734877e-03 2.788999677419481613e-02 2.581115464934341470e-05 3.354403024068454216e-06 1.541348534623899532e-06 9.304314241695765037e-07 1.698214003191848913e-06 1.552214958443543961e-05 2.856883237268533359e-06 1.594433253238490751e-04 -1.030551701225230788e-04 -3.820431006108194138e-04
-9.937865575381689482e-06 1.681493019582144875e-04 4.222593153293366895e-03 -5.682735577917505040e-04 8.062390152645231289e-01 6.952929132880308893e-02 2.554557316880457039e-03 -7.379389090908321236e-02 -4.729422826580807515e-05 1.490932910505420560e-05 1.801731115170653788e-06 -3.112958197996872620e-05 2.956061660041029218e-06 2.637983442204094639e-05 6.114445486271576868e-06 -7.385967570098710491e-05 1.979554509762145378e-03 -8.308559014613152893e-05
-1.899682555656631089e-04 1.313131348070110428e-02 -1.637224176889036931e-01 7.910541392584530263e-02 6.952929132880308893e-02 7.720796697965841304e+03 -3.355033978461446909e-01 -1.934118875327916953e+01 3.202144128323111336e-03 1.684917640753056051e-03 7.144256379595619456e-05 7.106113156242477562e-05 -3.494662133491885131e-04 2.918166396446737233e-03 -8.841227388251249840e-04 4.643858640893151757e-02 1.381063161838544662e-01 -5.934151138776550677e-02
2.911175759250373134e-05 1.303224637282695327e-04 9.593637554955534996e-03 -3.877882876946734877e-03 2.554557316880457039e-03 -3.355033978461446909e-01 1.825607377309322743e+01 -2.654218220562986619e-01 -1.159876519095495218e-04 -2.113768431202925390e-05 -1.098492663042973613e-05 1.611905918487044042e-05 -1.571189514866529785e-05 -1.013492307802900551e-04 -2.925762401246105560e-05 -6.869774647350089048e-04 2.414372518190683638e-04 2.183418980385638895e-03
-9.413887317931990970e-04 -1.113680814542220010e-02 -2.389379277686117312e-02 2.788999677419481613e-02 -7.379389090908321236e-02 -1.934118875327916953e+01 -2.654218220562986619e-01 4.231556598051194669e+03 -7.045294948710735528e-04 -4.964360102211220734e-04 3.044900571459484349e-04 -1.348726608637009676e-03 8.486624536883538399e-04 1.047563144189366446e-03 1.804622654245939626e-03 -2.330704027491866184e-02 -7.859605684075805787e-02 -1.302782439878703326e-02
1.831898495959401905e-07 -2.180463844114140495e-06 -1.238202829662562109e-04 2.581115464934341470e-05 -4.729422826580807515e-05 3.202144128323111336e-03 -1.159876519095495218e-04 -7.045294948710735528e-04 4.722696283935807560e-04 -1.042065598224355502e-07 -2.476238745265998015e-08 7.086501739982501146e-07 -1.036484937570427684e-07 -1.527191359468921157e-07 -2.376966471493985637e-07 8.239900553447223523e-06 -2.703647175652502222e-05 -7.301564437562232688e-06
-1.208463184556673142e-07 1.273053108308224575e-06 1.280926290196825385e-05 3.354403024068454216e-06 1.490932910505420560e-05 1.684917640753056051e-03 -2.113768431202925390e-05 -4.964360102211220734e-04 -1.042065598224355502e-07 1.041026003477718077e-04 3.141766881160367388e-08 -2.500460411499476264e-07 3.908283297919497459e-08 4.039452625722324098e-07 7.276543512624229979e-08 1.407665015785354470e-06 1.666689284720658163e-05 -5.104022964510023570e-06
-4.492369109022916883e-08 7.966332767637654586e-08 1.577962298624156980e-06 1.541348534623899532e-06 1.801731115170653788e-06 7.144256379595619456e-05 -1.098492663042973613e-05 3.044900571459484349e-04 -2.476238745265998015e-08 3.141766881160367388e-08 3.845970406051733078e-06 -7.902148457528659180e-08 2.427134465758408909e-08 1.150257686977901154e-07 4.898560810284932141e-08 -2.609865759567387287e-08 2.305365503357622282e-06 -1.527702689797173109e-06
3.132158020762797242e-07 -1.680752361531800266e-06 -5.622720711641131084e-05 9.304314241695765037e-07 -3.112958197996872620e-05 7.106113156242477562e-05 1.611905918487044042e-05 -1.348726608637009676e-03 7.086501739982501146e-07 -2.500460411499476264e-07 -7.902148457528659180e-08 1.178831939627706456e-04 -1.592248563099982349e-07 -7.323759808396365231e-07 -3.286970313101639853e-07 2.394934553609638005e-06 -2.694757815800828641e-05 6.319011489419299564e-06
-8.557597922781937252e-08 -1.749720193205879344e-09 6.273896682961693903e-06 1.698214003191848913e-06 2.956061660041029218e-06 -3.494662133491885131e-04 -1.571189514866529785e-05 8.486624536883538399e-04 -1.036484937570427684e-07 3.908283297919497459e-08 2.427134465758408909e-08 -1.592248563099982349e-07 5.023186903308976678e-05 1.841783551147529935e-07 1.080958195732631595e-07 -7.363678210319219246e-07 2.843114567484053861e-06 -2.093132660967153883e-06
-4.061061007634800448e-07 1.975225365878100164e-06 1.599206592053660617e-05 1.552214958443543961e-05 2.637983442204094639e-05 2.918166396446737233e-03 -1.013492307802900551e-04 1.047563144189366446e-03 -1.527191359468921157e-07 4.039452625722324098e-07 1.150257686977901154e-07 -7.323759808396365231e-07 1.841783551147529935e-07 6.363064749340693969e-05 3.612427818908364096e-07 2.398495777525348704e-06 3.330434866877959020e-05 -1.624614777911040055e-05
-1.738621644744547964e-07 -3.953092155900743676e-08 1.452318993846149728e-05 2.856883237268533359e-06 6.114445486271576868e-06 -8.841227388251249840e-04 -2.925762401246105560e-05 1.804622654245939626e-03 -2.376966471493985637e-07 7.276543512624229979e-08 4.898560810284932141e-08 -3.286970313101639853e-07 1.080958195732631595e-07 3.612427818908364096e-07 6.265728597848608378e-05 -1.762864223756463755e-06 5.406395864235367431e-06 -3.910265663988939048e-06
4.479847135923910359e-07 7.142044769008575847e-06 -5.541134762045529620e-04 1.594433253238490751e-04 -7.385967570098710491e-05 4.643858640893151757e-02 -6.869774647350089048e-04 -2.330704027491866184e-02 8.239900553447223523e-06 1.407665015785354470e-06 -2.609865759567387287e-08 2.394934553609638005e-06 -7.363678210319219246e-07 2.398495777525348704e-06 -1.762864223756463755e-06 4.057567461761988903e-01 5.961677985235514399e-05 -8.212304665455822739e-05
-1.043621105296740140e-05 1.553215195158562368e-04 2.669444473198812149e-03 -1.030551701225230788e-04 1.979554509762145378e-03 1.381063161838544662e-01 2.414372518190683638e-04 -7.859605684075805787e-02 -2.703647175652502222e-05 1.666689284720658163e-05 2.305365503357622282e-06 -2.694757815800828641e-05 2.843114567484053861e-06 3.330434866877959020e-05 5.406395864235367431e-06 5.961677985235514399e-05 4.561261776437202653e-01 -3.049433250060729008e-04
4.798232394484208556e-06 -1.393297389376186241e-05 5.259145497411816606e-04 -3.820431006108194138e-04 -8.308559014613152893e-05 -5.934151138776550677e-02 2.183418980385638895e-03 -1.302782439878703326e-02 -7.301564437562232688e-06 -5.104022964510023570e-06 -1.527702689797173109e-06 6.319011489419299564e-06 -2.093132660967153883e-06 -1.624614777911040055e-05 -3.910265663988939048e-06 -8.212304665455822739e-05 -3.049433250060729008e-04 1.132831248710275407e-01
1.485025542219723879e-04 -1.302479729539917882e-07 -1.506014843754514985e-05 6.439304375039647711e-06 -3.411516837278348426e-06 2.269095410645314951e-04 -1.965420225363879946e-05 -6.560085777448927506e-04 -8.029602083716769638e-09 1.045790498823241171e-07 -2.427701189411189854e-08 7.621602365222224134e-08 -1.930799508083296459e-09 -1.410846920007595406e-07 -3.354655305242651765e-08 9.241690265240507713e-07 -3.484579966262174082e-06 2.091706416925002121e-06
-1.302479729539917882e-07 2.268666639990242137e-03 7.073833518972716980e-05 -5.902473932410223683e-06 5.375460172674806646e-05 4.268132654302757810e-03 3.504598895854500084e-05 -3.645302210311430601e-03 -7.130644549548761408e-07 4.402953283841845367e-07 2.321694971958463678e-08 -5.433588690719945611e-07 5.289220520091744154e-09 6.295143109109673061e-07 -7.573839730559860875e-09 2.464882711010293959e-06 4.966956747755112378e-05 -4.330722219155200278e-06
-1.506014843754514985e-05 7.073833518972716980e-05 3.992080568231803017e+00 -1.255906705132676850e-03 1.369432497149518238e-03 -7.502257147603320908e-02 5.348838546148143927e-03 2.026092615155050333e-02 -3.437955029687020988e-05 -7.169550956121813827e-06 1.283827667322142071e-06 -1.610376060944209998e-05 5.388219988607012946e-09 5.993042393767977656e-06 2.909799286092341229e-06 -2.387377524572926156e-04 8.656278219242543497e-04 1.245344318002494842e-04
6.439304375039647711e-06 -5.902473932410223683e-06 -1.255906705132676850e-03 1.800523404635372415e-01 -1.947633759502917635e-04 4.137199011983158647e-02 -2.857912980548575708e-03 -1.087675435239665242e-02 4.539406633835531011e-06 9.069058206480372215e-06 -5.942772238252706557e-08 -1.042575807922236548e-06 1.964144367584695061e-06 4.345813378255449043e-06 2.147143433627686202e-06 9.460385222375258861e-05 -4.107056644387957912e-05 -9.120485551486418117e-05
-3.411516837278348426e-06 5.375460172674806646e-05 1.369432497149518238e-03 -1.947633759502917635e-04 2.579968795896017686e-01 2.175863664851393486e-02 8.668731894811868097e-04 -2.300891427949996321e-02 -1.502046574336145812e-05 4.526640153752328165e-06 5.934430936345419695e-07 -9.920506557207977184e-06 9.025229879246112063e-07 8.460533017283016104e-06 1.918944174862358212e-06 -2.496695152917327565e-05 6.337047606109975960e-04 -2.753623704786433457e-05
2.269095410645314951e-04 4.268132654302757810e-03 -7.502257147603320908e-02 4.137199011983158647e-02 2.175863664851393486e-02 2.471265076019126354e+03 -1.687985562717531085e-01 -6.941539396130435691e+00 8.833387256804006498e-04 8.429679246639920978e-04 1.863360640095822266e-06 -2.818559388403924496e-05 -5.784916158244939396e-05 9.102079547690003058e-04 -2.360737545320800194e-04 1.651624303722368584e-02 4.388653140544668957e-02 -1.780958089947282802e-02
-1.965420225363879946e-05 3.504598895854500084e-05 5.348838546148143927e-03 -2.857912980548575708e-03 8.668731894811868097e-04 -1.687985562717531085e-01 5.848130069412879273e+00 -9.175997060055169144e-03 -2.288303562433110239e-05 -3.735470350818320180e-05 -1.400751255811444957e-06 1.028602085457483967e-05 -1.046333936850607161e-05 -3.005481278177748338e-05 -1.407956177634396662e-05 -3.865736082042237195e-04 1.082226838225557719e-04 5.799035969760744707e-04
-6.560085777448927506e-04 -3.645302210311430601e-03 2.026092615155050333e-02 -1.087675435239665242e-02 -2.300891427949996321e-02 -6.941539396130435691e+00 -9.175997060055169144e-03 1.355025850678435518e+03 -5.115294586377548778e-05 -5.334704401175310428e-04 1.233299238320572516e-04 -3.687963377014901009e-04 2.050088250227419500e-04 3.643280620381012989e-04 5.197136985132752053e-04 -9.500149429470814214e-03 -2.477157033218776311e-02 -5.623603768763870726e-03
-8.029602083716769638e-09 -7.130644549548761408e-07 -3.437955029687020988e-05 4.539406633835531011e-06 -1.502046574336145812e-05 8.833387256804006498e-04 -2.288303562433110239e-05 -5.115294586377548778e-05 1.511590265643672092e-04 -1.037251040125492075e-07 -3.059367361243056191e-09 2.385657162720620286e-07 -4.567289027565089760e-08 -4.340156441991479734e-08 -8.691547249265740338e-08 2.253152430273351829e-06 -8.580435834536162762e-06 -2.609798409927267755e-06
1.045790498823241171e-07 4.402953283841845367e-07 -7.169550956121813827e-06 9.069058206480372215e-06 4.526640153752328165e-06 8.429679246639920978e-04 -3.735470350818320180e-05 -5.334704401175310428e-04 -1.037251040125492075e-07 3.346409587548257827e-05 -4.016969467566010658e-10 -1.053711381534521899e-07 3.938397784257546922e-08 1.175090522550799092e-07 4.661003274076962206e-08 1.274948149620020627e-06 5.180301904701829798e-06 -1.045895518871614541e-06
-2.427701189411189854e-08 2.321694971958463678e-08 1.283827667322142071e-06 -5.942772238252706557e-08 5.934430936345419695e-07 1.863360640095822266e-06 -1.400751255811444957e-06 1.233299238320572516e-04 -3.059367361243056191e-09 -4.016969467566010658e-10 1.231433203766690848e-06 -2.353424042101740010e-08 5.909059548606832762e-09 3.762064315487422901e-08 1.406316419411798913e-08 -6.534068638663204186e-08 7.482994957533281986e-07 -5.294653823984173714e-07
7.621602365222224134e-08 -5.433588690719945611e-07 -1.610376060944209998e-05 -1.042575807922236548e-06 -9.920506557207977184e-06 -2.818559388403924496e-05 1.028602085457483967e-05 -3.687963377014901009e-04 2.385657162720620286e-07 -1.053711381534521899e-07 -2.353424042101740010e-08 3.772687257234456329e-05 -5.545743522693839195e-08 -2.323900814242894783e-07 -1.090930447246241103e-07 6.281685744483025716e-07 -8.597560158569520560e-06 1.923618950444959131e-06
-1.930799508083296459e-09 5.289220520091744154e-09 5.388219988607012946e-09 1.964144367584695061e-06 9.025229879246112063e-07 -5.784916158244939396e-05 -1.046333936850607161e-05 2.050088250227419500e-04 -4.567289027565089760e-08 3.938397784257546922e-08 5.909059548606832762e-09 -5.545743522693839195e-08 1.607897384416556711e-05 5.684865195440169184e-08 3.873520761578831274e-08 -8.913632436244626728e-08 8.825922403457857853e-07 -5.654310766189263264e-07
-1.410846920007595406e-07 6.295143109109673061e-07 5.993042393767977656e-06 4.345813378255449043e-06 8.460533017283016104e-06 9.102079547690003058e-04 -3.005481278177748338e-05 3.643280620381012989e-04 -4.340156441991479734e-08 1.175090522550799092e-07 3.762064315487422901e-08 -2.323900814242894783e-07 5.684865195440169184e-08 2.036272045797640523e-05 1.137852938496183038e-07 7.034540671352681428e-07 1.066928797994362539e-05 -5.244408555940125191e-06
-3.354655305242651765e-08 -7.573839730559860875e-09 2.909799286092341229e-06 2.147143433627686202e-06 1.918944174862358212e-06 -2.360737545320800194e-04 -1.407956177634396662e-05 5.197136985132752053e-04 -8.691547249265740338e-08 4.661003274076962206e-08 1.406316419411798913e-08 -1.090930447246241103e-07 3.873520761578831274e-08 1.137852938496183038e-07 2.005392827662130041e-05 -4.369781645272960585e-07 1.706437845857274043e-06 -1.160708333893606005e-06
9.241690265240507713e-07 2.464882711010293959e-06 -2.387377524572926156e-04 9.460385222375258861e-05 -2.496695152917327565e-05 1.651624303722368584e-02 -3.865736082042237195e-04 -9.500149429470814214e-03 2.253152430273351829e-06 1.274948149620020627e-06 -6.534068638663204186e-08 6.281685744483025716e-07 -8.913632436244626728e-08 7.034540671352681428e-07 -4.369781645272960585e-07 1.298466528637602646e-01 1.824284466645737586e-05 -2.307767072977907650e-05
-3.484579966262174082e-06 4.966956747755112378e-05 8.656278219242543497e-04 -4.107056644387957912e-05 6.337047606109975960e-04 4.388653140544668957e-02 1.082226838225557719e-04 -2.477157033218776311e-02 -8.580435834536162762e-06 5.180301904701829798e-06 7.482994957533281986e-07 -8.597560158569520560e-06 8.825922403457857853e-07 1.066928797994362539e-05 1.706437845857274043e-06 1.824284466645737586e-05 1.459605318122222106e-01 -9.817640113690791410e-05
2.091706416925002121e-06 -4.330722219155200278e-06 1.245344318002494842e-04 -9.120485551486418117e-05 -2.753623704786433457e-05 -1.780958089947282802e-02 5.799035969760744707e-04 -5.623603768763870726e-03 -2.609798409927267755e-06 -1.045895518871614541e-06 -5.294653823984173714e-07 1.923618950444959131e-06 -5.654310766189263264e-07 -5.244408555940125191e-06 -1.160708333893606005e-06 -2.307767072977907650e-05 -9.817640113690791410e-05 3.625288093569324632e-02
1.485025542219723879e-04 -1.302479729539917882e-07 -1.506014843754514985e-05 6.439304375039647711e-06 -3.411516837278348426e-06 2.269095410645314951e-04 -1.965420225363879946e-05 -6.560085777448927506e-04 -8.029602083716769638e-09 1.045790498823241171e-07 -2.427701189411189854e-08 7.621602365222224134e-08 -1.930799508083296459e-09 -1.410846920007595406e-07 -3.354655305242651765e-08 9.241690265240507713e-07 -3.484579966262174082e-06 2.091706416925002121e-06
-1.302479729539917882e-07 2.268666639990242137e-03 7.073833518972716980e-05 -5.902473932410223683e-06 5.375460172674806646e-05 4.268132654302757810e-03 3.504598895854500084e-05 -3.645302210311430601e-03 -7.130644549548761408e-07 4.402953283841845367e-07 2.321694971958463678e-08 -5.433588690719945611e-07 5.289220520091744154e-09 6.295143109109673061e-07 -7.573839730559860875e-09 2.464882711010293959e-06 4.966956747755112378e-05 -4.330722219155200278e-06
-1.506014843754514985e-05 7.073833518972716980e-05 3.992080568231803017e+00 -1.255906705132676850e-03 1.369432497149518238e-03 -7.502257147603320908e-02 5.348838546148143927e-03 2.026092615155050333e-02 -3.437955029687020988e-05 -7.169550956121813827e-06 1.283827667322142071e-06 -1.610376060944209998e-05 5.388219988607012946e-09 5.993042393767977656e-06 2.909799286092341229e-06 -2.387377524572926156e-04 8.656278219242543497e-04 1.245344318002494842e-04
6.439304375039647711e-06 -5.902473932410223683e-06 -1.255906705132676850e-03 1.800523404635372415e-01 -1.947633759502917635e-04 4.137199011983158647e-02 -2.857912980548575708e-03 -1.087675435239665242e-02 4.539406633835531011e-06 9.069058206480372215e-06 -5.942772238252706557e-08 -1.042575807922236548e-06 1.964144367584695061e-06 4.345813378255449043e-06 2.147143433627686202e-06 9.460385222375258861e-05 -4.107056644387957912e-05 -9.120485551486418117e-05
-3.411516837278348426e-06 5.375460172674806646e-05 1.369432497149518238e-03 -1.947633759502917635e-04 2.579968795896017686e-01 2.175863664851393486e-02 8.668731894811868097e-04 -2.300891427949996321e-02 -1.502046574336145812e-05 4.526640153752328165e-06 5.934430936345419695e-07 -9.920506557207977184e-06 9.025229879246112063e-07 8.460533017283016104e-06 1.918944174862358212e-06 -2.496695152917327565e-05 6.337047606109975960e-04 -2.753623704786433457e-05
2.269095410645314951e-04 4.268132654302757810e-03 -7.502257147603320908e-02 4.137199011983158647e-02 2.175863664851393486e-02 2.471265076019126354e+03 -1.687985562717531085e-01 -6.941539396130435691e+00 8.833387256804006498e-04 8.429679246639920978e-04 1.863360640095822266e-06 -2.818559388403924496e-05 -5.784916158244939396e-05 9.102079547690003058e-04 -2.360737545320800194e-04 1.651624303722368584e-02 4.388653140544668957e-02 -1.780958089947282802e-02
-1.965420225363879946e-05 3.504598895854500084e-05 5.348838546148143927e-03 -2.857912980548575708e-03 8.668731894811868097e-04 -1.687985562717531085e-01 5.848130069412879273e+00 -9.175997060055169144e-03 -2.288303562433110239e-05 -3.735470350818320180e-05 -1.400751255811444957e-06 1.028602085457483967e-05 -1.046333936850607161e-05 -3.005481278177748338e-05 -1.407956177634396662e-05 -3.865736082042237195e-04 1.082226838225557719e-04 5.799035969760744707e-04
-6.560085777448927506e-04 -3.645302210311430601e-03 2.026092615155050333e-02 -1.087675435239665242e-02 -2.300891427949996321e-02 -6.941539396130435691e+00 -9.175997060055169144e-03 1.355025850678435518e+03 -5.115294586377548778e-05 -5.334704401175310428e-04 1.233299238320572516e-04 -3.687963377014901009e-04 2.050088250227419500e-04 3.643280620381012989e-04 5.197136985132752053e-04 -9.500149429470814214e-03 -2.477157033218776311e-02 -5.623603768763870726e-03
-8.029602083716769638e-09 -7.130644549548761408e-07 -3.437955029687020988e-05 4.539406633835531011e-06 -1.502046574336145812e-05 8.833387256804006498e-04 -2.288303562433110239e-05 -5.115294586377548778e-05 1.511590265643672092e-04 -1.037251040125492075e-07 -3.059367361243056191e-09 2.385657162720620286e-07 -4.567289027565089760e-08 -4.340156441991479734e-08 -8.691547249265740338e-08 2.253152430273351829e-06 -8.580435834536162762e-06 -2.609798409927267755e-06
1.045790498823241171e-07 4.402953283841845367e-07 -7.169550956121813827e-06 9.069058206480372215e-06 4.526640153752328165e-06 8.429679246639920978e-04 -3.735470350818320180e-05 -5.334704401175310428e-04 -1.037251040125492075e-07 3.346409587548257827e-05 -4.016969467566010658e-10 -1.053711381534521899e-07 3.938397784257546922e-08 1.175090522550799092e-07 4.661003274076962206e-08 1.274948149620020627e-06 5.180301904701829798e-06 -1.045895518871614541e-06
-2.427701189411189854e-08 2.321694971958463678e-08 1.283827667322142071e-06 -5.942772238252706557e-08 5.934430936345419695e-07 1.863360640095822266e-06 -1.400751255811444957e-06 1.233299238320572516e-04 -3.059367361243056191e-09 -4.016969467566010658e-10 1.231433203766690848e-06 -2.353424042101740010e-08 5.909059548606832762e-09 3.762064315487422901e-08 1.406316419411798913e-08 -6.534068638663204186e-08 7.482994957533281986e-07 -5.294653823984173714e-07
7.621602365222224134e-08 -5.433588690719945611e-07 -1.610376060944209998e-05 -1.042575807922236548e-06 -9.920506557207977184e-06 -2.818559388403924496e-05 1.028602085457483967e-05 -3.687963377014901009e-04 2.385657162720620286e-07 -1.053711381534521899e-07 -2.353424042101740010e-08 3.772687257234456329e-05 -5.545743522693839195e-08 -2.323900814242894783e-07 -1.090930447246241103e-07 6.281685744483025716e-07 -8.597560158569520560e-06 1.923618950444959131e-06
-1.930799508083296459e-09 5.289220520091744154e-09 5.388219988607012946e-09 1.964144367584695061e-06 9.025229879246112063e-07 -5.784916158244939396e-05 -1.046333936850607161e-05 2.050088250227419500e-04 -4.567289027565089760e-08 3.938397784257546922e-08 5.909059548606832762e-09 -5.545743522693839195e-08 1.607897384416556711e-05 5.684865195440169184e-08 3.873520761578831274e-08 -8.913632436244626728e-08 8.825922403457857853e-07 -5.654310766189263264e-07
-1.410846920007595406e-07 6.295143109109673061e-07 5.993042393767977656e-06 4.345813378255449043e-06 8.460533017283016104e-06 9.102079547690003058e-04 -3.005481278177748338e-05 3.643280620381012989e-04 -4.340156441991479734e-08 1.175090522550799092e-07 3.762064315487422901e-08 -2.323900814242894783e-07 5.684865195440169184e-08 2.036272045797640523e-05 1.137852938496183038e-07 7.034540671352681428e-07 1.066928797994362539e-05 -5.244408555940125191e-06
-3.354655305242651765e-08 -7.573839730559860875e-09 2.909799286092341229e-06 2.147143433627686202e-06 1.918944174862358212e-06 -2.360737545320800194e-04 -1.407956177634396662e-05 5.197136985132752053e-04 -8.691547249265740338e-08 4.661003274076962206e-08 1.406316419411798913e-08 -1.090930447246241103e-07 3.873520761578831274e-08 1.137852938496183038e-07 2.005392827662130041e-05 -4.369781645272960585e-07 1.706437845857274043e-06 -1.160708333893606005e-06
