5.588284859325061416e-03 2.320866303719248050e-05 -2.262362533991600741e-04 -6.704660384993252429e-04 -3.054798380925127549e-04 -2.770665043756651014e-02 -1.910437170756231623e-02 2.511948347831733427e-03 9.011015834060000049e-07 -4.095023709786656543e-07 2.439482533986226461e-06 -6.195691759086004439e-07 1.505219502295310435e-06 9.515343215504677622e-07 3.952110609525983825e-07 -3.895920448955306724e-04 2.679096049244552330e-05 9.416197632350847098e-05
2.320866303719248050e-05 1.119251018159060918e-01 -7.630321458364718815e-04 -2.261296022985315353e-03 -1.030298782212653612e-03 -9.344684867998206967e-02 -6.443374799510787065e-02 8.472105196573872371e-03 3.039165759122649991e-06 -1.381137939469316689e-06 8.227698101744705236e-06 -2.089635019519064702e-06 5.076687973456159772e-06 3.209261399536597250e-06 1.332937313830575008e-06 -1.313985930862128634e-03 9.035848042224842896e-05 3.175822343714451669e-04
-2.262362533991600741e-04 -7.630321458364718815e-04 5.912331276211269682e+01 2.204293884773918244e-02 1.004327289322843458e-02 9.109126580638570170e-01 6.280951951225467456e-01 -8.258542661440132493e-02 -2.962555291104337457e-05 1.346322588045004044e-05 -8.020296514517688872e-05 2.036960065429352297e-05 -4.948716196838851916e-05 -3.128363206644814974e-05 -1.299336990733649758e-05 1.280863329098582033e-02 -8.808074829994052809e-04 -3.095767073492792284e-03
-6.704660384993252429e-04 -2.261296022985315353e-03 2.204293884773918244e-02 2.321980254388261500e+01 2.976390074145175008e-02 2.699549661447992133e+00 1.861401481624068266e+00 -2.447473514434533037e-01 -8.779727740440538175e-05 3.989915668184611881e-05 -2.376867699533157321e-04 6.036665322777196794e-05 -1.466584640746314023e-04 -9.271110419449607638e-05 -3.850670755742187357e-05 3.795922842678105952e-02 -2.610330992200588299e-03 -9.174509631837227466e-03
-3.054798380925127549e-04 -1.030298782212653612e-03 1.004327289322843458e-02 2.976390074145175008e-02 3.636123673254858524e+00 1.229977278711425814e+00 8.480975777750089373e-01 -1.115125554455547036e-01 -4.000247073884887589e-05 1.817897883460120706e-05 -1.082955911750394830e-04 2.750444376792277854e-05 -6.682098911481269290e-05 -4.224132390374796389e-05 -1.754454679978367101e-05 1.729510264216232648e-02 -1.189327188965599467e-03 -4.180118836719654528e-03
-2.770665043756651014e-02 -9.344684867998206967e-02 9.109126580638570170e-01 2.699549661447992133e+00 1.229977278711425814e+00 4.181442777077000937e+04 7.692142064460186646e+01 -1.011405339357964195e+01 -3.628175529753344467e-03 1.648811309536178616e-03 -9.822278639900764580e-03 2.494619657113858555e-03 -6.060582586585864205e-03 -3.831236793659451110e-03 -1.591269094230433542e-03 1.568644811979717835e+00 -1.078705320990253347e-01 -3.791317034854657653e-01
-1.910437170756231623e-02 -6.443374799510787065e-02 6.280951951225467456e-01 1.861401481624068266e+00 8.480975777750089373e-01 7.692142064460186646e+01 3.423401038565671479e+04 -6.973872064993228648e+00 -2.501710341958521700e-03 1.136893259760574960e-03 -6.772686672275894659e-03 1.720097537805462566e-03 -4.178910863275221363e-03 -2.641725746339910162e-03 -1.097216580959046962e-03 1.081616618823297848e+00 -7.437920892516639015e-02 -2.614200155962194683e-01
2.511948347831733427e-03 8.472105196573872371e-03 -8.258542661440132493e-02 -2.447473514434533037e-01 -1.115125554455547036e-01 -1.011405339357964195e+01 -6.973872064993228648e+00 2.633739459498793622e+03 3.289386982430168188e-04 -1.494850073706510826e-04 8.905102642067585323e-04 -2.261679281758065231e-04 5.494662896757309669e-04 3.473486972260036933e-04 1.442680984197277120e-04 -1.422169292050070588e-01 9.779789350447218657e-03 3.437294805183938734e-02
9.011015834060000049e-07 3.039165759122649991e-06 -2.962555291104337457e-05 -8.779727740440538175e-05 -4.000247073884887589e-05 -3.628175529753344467e-03 -2.501710341958521700e-03 3.289386982430168188e-04 1.615029431278321029e-03 -5.362418258059435565e-08 3.194493269770679716e-07 -8.113235225190449613e-08 1.971079318101439296e-07 1.246030641253175862e-07 5.175274086873760084e-08 -5.101693281408000146e-05 3.508266273337976616e-06 1.233047564157933071e-05
-4.095023709786656543e-07 -1.381137939469316689e-06 1.346322588045004044e-05 3.989915668184611881e-05 1.817897883460120706e-05 1.648811309536178616e-03 1.136893259760574960e-03 -1.494850073706510826e-04 -5.362418258059435565e-08 7.693280944404042856e-05 -1.451725967567280277e-07 3.687030543731919303e-08 -8.957499010251724118e-08 -5.662541397126182524e-08 -2.351884679892287634e-08 2.318446147709425658e-05 -1.594318979582899329e-06 -5.603540270604965730e-06
2.439482533986226461e-06 8.227698101744705236e-06 -8.020296514517688872e-05 -2.376867699533157321e-04 -1.082955911750394830e-04 -9.822278639900764580e-03 -6.772686672275894659e-03 8.905102642067585323e-04 3.194493269770679716e-07 -1.451725967567280277e-07 2.934587811112937777e-04 -2.196433342305690890e-07 5.336150394315158395e-07 3.373282260429927858e-07 1.401061875377011876e-07 -1.381141913734964491e-04 9.497657595974827506e-06 3.338134181240537694e-05
-6.195691759086004439e-07 -2.089635019519064702e-06 2.036960065429352297e-05 6.036665322777196794e-05 2.750444376792277854e-05 2.494619657113858555e-03 1.720097537805462566e-03 -2.261679281758065231e-04 -8.113235225190449613e-08 3.687030543731919303e-08 -2.196433342305690890e-07 1.757497385820558941e-04 -1.355252294808545437e-07 -8.567315736368674081e-08 -3.558356083434844514e-08 3.507764230257984629e-05 -2.412173814659257229e-06 -8.478048171814491120e-06
1.505219502295310435e-06 5.076687973456159772e-06 -4.948716196838851916e-05 -1.466584640746314023e-04 -6.682098911481269290e-05 -6.060582586585864205e-03 -4.178910863275221363e-03 5.494662896757309669e-04 1.971079318101439296e-07 -8.957499010251724118e-08 5.336150394315158395e-07 -1.355252294808545437e-07 6.029719267751438081e-05 2.081396433221852190e-07 8.644889354029815448e-08 -8.521978391024929327e-05 5.860283580806823208e-06 2.059709221476316868e-05
9.515343215504677622e-07 3.209261399536597250e-06 -3.128363206644814974e-05 -9.271110419449607638e-05 -4.224132390374796389e-05 -3.831236793659451110e-03 -2.641725746339910162e-03 3.473486972260036933e-04 1.246030641253175862e-07 -5.662541397126182524e-08 3.373282260429927858e-07 -8.567315736368674081e-08 2.081396433221852190e-07 5.964734845566107982e-04 5.464923164908458941e-08 -5.387224198335392272e-05 3.704616471320709755e-06 1.302058612488133224e-05
3.952110609525983825e-07 1.332937313830575008e-06 -1.299336990733649758e-05 -3.850670755742187357e-05 -1.754454679978367101e-05 -1.591269094230433542e-03 -1.097216580959046962e-03 1.442680984197277120e-04 5.175274086873760084e-08 -2.351884679892287634e-08 1.401061875377011876e-07 -3.558356083434844514e-08 8.644889354029815448e-08 5.464923164908458941e-08 2.173829488882957642e-05 -2.237534204278009419e-05 1.538678503648146680e-06 5.407981131205159840e-06
-3.895920448955306724e-04 -1.313985930862128634e-03 1.280863329098582033e-02 3.795922842678105952e-02 1.729510264216232648e-02 1.568644811979717835e+00 1.081616618823297848e+00 -1.422169292050070588e-01 -5.101693281408000146e-05 2.318446147709425658e-05 -1.381141913734964491e-04 3.507764230257984629e-05 -8.521978391024929327e-05 -5.387224198335392272e-05 -2.237534204278009419e-05 7.049842172779657190e+00 -1.516801941798323920e-03 -5.331091752807408900e-03
2.679096049244552330e-05 9.035848042224842896e-05 -8.808074829994052809e-04 -2.610330992200588299e-03 -1.189327188965599467e-03 -1.078705320990253347e-01 -7.437920892516639015e-02 9.779789350447218657e-03 3.508266273337976616e-06 -1.594318979582899329e-06 9.497657595974827506e-06 -2.412173814659257229e-06 5.860283580806823208e-06 3.704616471320709755e-06 1.538678503648146680e-06 -1.516801941798323920e-03 2.872103584094929940e-01 3.666016039145872114e-04
9.416197632350847098e-05 3.175822343714451669e-04 -3.095767073492792284e-03 -9.174509631837227466e-03 -4.180118836719654528e-03 -3.791317034854657653e-01 -2.614200155962194683e-01 3.437294805183938734e-02 1.233047564157933071e-05 -5.603540270604965730e-06 3.338134181240537694e-05 -8.478048171814491120e-06 2.059709221476316868e-05 1.302058612488133224e-05 5.407981131205159840e-06 -5.331091752807408900e-03 3.666016039145872114e-04 3.830419191989953287e-01
1.788444980083564147e-03 7.357332420996985866e-06 -8.527680269797029546e-05 -2.549010519027179950e-04 -1.012980684674261644e-04 -6.811752667016258110e-03 -6.015143014529105055e-03 4.426003843318480012e-04 1.732116495897126230e-07 -1.522723519238018507e-07 6.788537601389954082e-07 -2.163580102146629716e-07 5.499229252211827087e-07 3.486192445377289319e-07 1.262800634159557319e-07 -1.150625698753937994e-04 6.448440387858633942e-06 2.750063758326826998e-05
7.357332420996985866e-06 3.581605745856462214e-02 -2.395554693232195757e-04 -7.091582547366898472e-04 -3.284257510083661460e-04 -3.063899182444258795e-02 -2.065400051376188248e-02 2.840485391515995203e-03 1.013783389003317750e-06 -4.343577132514760305e-07 2.669327313127286481e-06 -6.622001811857144174e-07 1.600087955064596397e-06 1.011154263497213162e-06 4.266071055810846793e-07 -4.239172588635190539e-04 2.967589660297176117e-05 1.025689664651499594e-04
-8.527680269797029546e-05 -2.395554693232195757e-04 1.892031614098793213e+01 9.735442711992479264e-03 3.449408563348536818e-03 1.549626500377523364e-01 1.944605833313828303e-01 -2.421222651434511153e-03 -1.828161803614042092e-06 5.719238561610231156e-06 -1.890082446193728437e-05 7.720885291350421088e-06 -2.037181927880635522e-05 -1.294343215928486725e-05 -4.145419110408767320e-06 3.460309654674783523e-03 -1.406575714673623690e-04 -8.157818813870784625e-04
-2.549010519027179950e-04 -7.091582547366898472e-04 9.735442711992479264e-03 7.438737570280177458e+00 1.026237226024729818e-02 4.361610571204935227e-01 5.751928392637053467e-01 -3.117101791705728046e-03 -4.124267320911357990e-06 1.718787770353265954e-05 -5.487032991229242598e-05 2.308465974019664155e-05 -6.114004899797334980e-05 -3.885449594813564526e-05 -1.228311628203134250e-05 1.014692197912490067e-02 -3.929772877014010347e-04 -2.388061794570339128e-03
-1.012980684674261644e-04 -3.284257510083661460e-04 3.449408563348536818e-03 1.026237226024729818e-02 1.163624394827843966e+00 3.560239337145880700e-01 2.695943980383213590e-01 -2.907825533302266577e-02 -1.069518561542539235e-05 6.205539828469620666e-06 -3.279330505298628520e-05 9.132345050372011309e-06 -2.263086768368196593e-05 -1.432420643203481522e-05 -5.610826561343658871e-06 5.358749732387773149e-03 -3.417304696417595056e-04 -1.289520815438209740e-03
-6.811752667016258110e-03 -3.063899182444258795e-02 1.549626500377523364e-01 4.361610571204935227e-01 3.560239337145880700e-01 1.340239145863944032e+04 2.565628101094551639e+01 -7.065143901594838738e+00 -2.381407921278626619e-03 3.025834165819981042e-04 -4.221914487161299370e-03 6.064779525530012263e-04 -1.215968040172222099e-03 -7.582750371007610348e-04 -5.111931917013131993e-04 6.037908605847770449e-01 -5.703817026759727682e-02 -1.492104947523413550e-01
-6.015143014529105055e-03 -2.065400051376188248e-02 1.944605833313828303e-01 5.751928392637053467e-01 2.695943980383213590e-01 2.565628101094551639e+01 1.095493313237799885e+04 -2.414754204886971678e+00 -8.589157675866312177e-04 3.530428924975764120e-04 -2.218855491870279362e-03 5.412578544678369385e-04 -1.302652081566693567e-03 -8.229822594994164100e-04 -3.512043433291022702e-04 3.509873446116908435e-01 -2.487840619232458209e-02 -8.498823895565540965e-02
4.426003843318480012e-04 2.840485391515995203e-03 -2.421222651434511153e-03 -3.117101791705728046e-03 -2.907825533302266577e-02 -7.065143901594838738e+00 -2.414754204886971678e+00 8.434698221978779884e+02 3.198432002989012109e-04 -8.266840681211304085e-06 4.746472880099436640e-04 -3.864927379832918525e-05 4.862976617187370521e-05 2.891173424621240921e-05 4.651518221675689219e-05 -6.341333422874650960e-02 7.089178496623301309e-03 1.590298240405303362e-02
1.732116495897126230e-07 1.013783389003317750e-06 -1.828161803614042092e-06 -4.124267320911357990e-06 -1.069518561542539235e-05 -2.381407921278626619e-03 -8.589157675866312177e-04 3.198432002989012109e-04 5.168778168748698349e-04 -4.547213806314376293e-09 1.626860848692242761e-07 -1.521258688287673032e-08 2.252936312367553806e-08 1.365880144990055683e-08 1.667224633620717054e-08 -2.203234147888857722e-05 2.384793280765593478e-06 5.508800694984127630e-06
-1.522723519238018507e-07 -4.343577132514760305e-07 5.719238561610231156e-06 1.718787770353265954e-05 6.205539828469620666e-06 3.025834165819981042e-04 3.530428924975764120e-04 -8.266840681211304085e-06 -4.547213806314376293e-09 2.462082472991571636e-05 -3.530618278297896293e-08 1.378071900461122508e-08 -3.614039300627170415e-08 -2.295394038561464669e-08 -7.505494852804936159e-09 6.366689951612852938e-06 -2.774461434177501092e-07 -1.504911915019050941e-06
6.788537601389954082e-07 2.669327313127286481e-06 -1.890082446193728437e-05 -5.487032991229242598e-05 -3.279330505298628520e-05 -4.221914487161299370e-03 -2.218855491870279362e-03 4.746472880099436640e-04 1.626860848692242761e-07 -3.530618278297896293e-08 9.396025659843129315e-05 -6.078343497797822740e-08 1.349162395555298758e-07 8.477257842394620251e-08 4.493242669605004413e-08 -4.924126948865757041e-05 4.154946938984025739e-06 1.206371175075407771e-05
-2.163580102146629716e-07 -6.622001811857144174e-07 7.720885291350421088e-06 2.308465974019664155e-05 9.132345050372011309e-06 6.064779525530012263e-04 5.412578544678369385e-04 -3.864927379832918525e-05 -1.521258688287673032e-08 1.378071900461122508e-08 -6.078343497797822740e-08 5.624160581090329971e-05 -4.974027175258108192e-08 -3.153530742350281463e-08 -1.136923634858207594e-08 1.032792882705666598e-05 -5.735327373243743941e-07 -2.467322141950288624e-06
5.499229252211827087e-07 1.600087955064596397e-06 -2.037181927880635522e-05 -6.114004899797334980e-05 -2.263086768368196593e-05 -1.215968040172222099e-03 -1.302652081566693567e-03 4.862976617187370521e-05 2.252936312367553806e-08 -3.614039300627170415e-08 1.349162395555298758e-07 -4.974027175258108192e-08 1.931913584510421103e-05 8.214381018626382545e-08 2.759762896000119267e-08 -2.388740646420158445e-05 1.127120232004242039e-06 5.664532586121805010e-06
3.486192445377289319e-07 1.011154263497213162e-06 -1.294343215928486725e-05 -3.885449594813564526e-05 -1.432420643203481522e-05 -7.582750371007610348e-04 -8.229822594994164100e-04 2.891173424621240921e-05 1.365880144990055683e-08 -2.295394038561464669e-08 8.477257842394620251e-08 -3.153530742350281463e-08 8.214381018626382545e-08 1.908815617624901268e-04 1.744507134864027434e-08 -1.505191302521458306e-05 7.017532321834851953e-07 3.567542056496736359e-06
1.262800634159557319e-07 4.266071055810846793e-07 -4.145419110408767320e-06 -1.228311628203134250e-05 -5.610826561343658871e-06 -5.111931917013131993e-04 -3.512043433291022702e-04 4.651518221675689219e-05 1.667224633620717054e-08 -7.505494852804936159e-09 4.493242669605004413e-08 -1.136923634858207594e-08 2.759762896000119267e-08 1.744507134864027434e-08 6.956254545760511462e-06 -7.169401651319975672e-06 4.944321917159779661e-07 1.733098968379976482e-06
-1.150625698753937994e-04 -4.239172588635190539e-04 3.460309654674783523e-03 1.014692197912490067e-02 5.358749732387773149e-03 6.037908605847770449e-01 3.509873446116908435e-01 -6.341333422874650960e-02 -2.203234147888857722e-05 6.366689951612852938e-06 -4.924126948865757041e-05 1.032792882705666598e-05 -2.388740646420158445e-05 -1.505191302521458306e-05 -7.169401651319975672e-06 2.256425657715531941e+00 -5.906851196470731466e-04 -1.836363765242974818e-03
6.448440387858633942e-06 2.967589660297176117e-05 -1.406575714673623690e-04 -3.929772877014010347e-04 -3.417304696417595056e-04 -5.703817026759727682e-02 -2.487840619232458209e-02 7.089178496623301309e-03 2.384793280765593478e-06 -2.774461434177501092e-07 4.154946938984025739e-06 -5.735327373243743941e-07 1.127120232004242039e-06 7.017532321834851953e-07 4.944321917159779661e-07 -5.906851196470731466e-04 9.193060481054678157e-02 1.461550768893712796e-04
2.750063758326826998e-05 1.025689664651499594e-04 -8.157818813870784625e-04 -2.388061794570339128e-03 -1.289520815438209740e-03 -1.492104947523413550e-01 -8.498823895565540965e-02 1.590298240405303362e-02 5.508800694984127630e-06 -1.504911915019050941e-06 1.206371175075407771e-05 -2.467322141950288624e-06 5.664532586121805010e-06 3.567542056496736359e-06 1.733098968379976482e-06 -1.836363765242974818e-03 1.461550768893712796e-04 1.226091328731085534e-01
5.727310816447655356e-04 2.212175690344674100e-06 -7.512048034626311703e-05 -1.074022294189477464e-04 -4.596278699296135024e-05 -5.380829808959100178e-04 -1.388846331475923320e-03 5.990476661319356485e-04 -5.215377818117191056e-08 -8.814601045261348194e-08 2.913970075733331209e-07 -4.425995003499898900e-08 1.937225698069556018e-07 -8.514961231709045008e-08 -6.635706087009204404e-10 -3.617699023061931126e-05 6.693199165372600445e-06 1.297940921634694910e-05
2.212175690344674100e-06 1.146118553642213461e-02 -6.079471187313352141e-05 -2.183630537446045882e-04 -1.006033602532143979e-04 -1.034892569319570930e-02 -6.787039754209051902e-03 7.572574049370759536e-04 3.600891632302571435e-07 -1.259215439684996597e-07 8.295889540487912384e-07 -2.201866730890790834e-07 5.061424285958539800e-07 3.888058001131892344e-07 1.501358433526746363e-07 -1.358667788968707241e-04 7.960887415575271814e-06 3.143607190718114591e-05
-7.512048034626311703e-05 -6.079471187313352141e-05 6.059838125550300880e+00 5.997820803066887356e-03 2.615395261289701640e-03 -1.335861351890251236e-01 2.421952232471250369e-03 -5.181203789728121289e-02 1.141865521972562170e-05 6.228410837596747182e-06 -1.432326984951233544e-05 -3.159196429099050904e-07 -8.499172740133907952e-06 1.780624744809813304e-05 3.256306599467002686e-06 1.035551222838294481e-03 -5.615802128327436167e-04 -7.273551391169187814e-04
-1.074022294189477464e-04 -2.183630537446045882e-04 5.997820803066887356e-03 2.381952842343864951e+00 4.100362185793814118e-03 4.063961481702476480e-02 1.517609412915766343e-01 -2.856256330234426336e-02 5.163385324095487824e-06 7.875607245058944549e-06 -2.202781586487476839e-05 5.882053760733887934e-06 -2.063431171082013909e-05 -5.792994549906432911e-07 -1.455416270941560356e-06 3.208264187929770438e-03 -4.047507984408119466e-04 -1.016029917869251415e-03
-4.596278699296135024e-05 -1.006033602532143979e-04 2.615395261289701640e-03 4.100362185793814118e-03 3.727879316406411125e-01 6.204733038965200981e-02 6.933154536085349429e-02 -2.376029446353161365e-02 -2.266705225315183080e-08 3.231488073246994951e-06 -1.283758325780042947e-05 2.133102319480942347e-06 -7.802726001685595709e-06 1.632615815420954970e-06 -4.974689135213231510e-07 1.694478803500771690e-03 -2.556615425514686675e-04 -5.447179651309071689e-04
-5.380829808959100178e-04 -1.034892569319570930e-02 -1.335861351890251236e-01 4.063961481702476480e-02 6.204733038965200981e-02 4.295052137691490316e+03 1.026264114280717976e+01 -5.091549720901151765e-01 -1.174038205449769688e-03 -5.412939585696646531e-05 -1.066999387581779720e-03 2.897142228497181149e-04 -3.211460330289371340e-04 -9.959482692243062322e-04 -3.208732449982843577e-04 1.956755925883632008e-01 -5.226003147680892153e-04 -3.174292526851252294e-02
-1.388846331475923320e-03 -6.787039754209051902e-03 2.421952232471250369e-03 1.517609412915766343e-01 6.933154536085349429e-02 1.026264114280717976e+01 3.506248775961065803e+03 -2.008031637111729883e-01 -4.093649140217825292e-04 6.368733417098119888e-05 -6.173048836935570750e-04 2.044289017917142349e-04 -3.946588524769403718e-04 -5.093030062142286886e-04 -1.637402356186932041e-04 1.131199495536211880e-01 -2.172461588076770103e-03 -2.197087088849379241e-02
5.990476661319356485e-04 7.572574049370759536e-04 -5.181203789728121289e-02 -2.856256330234426336e-02 -2.376029446353161365e-02 -5.091549720901151765e-01 -2.008031637111729883e-01 2.703984112795095598e+02 -1.244100502284891906e-05 -4.470580943927336616e-05 2.310208504208910094e-04 1.428046092560213659e-05 3.449804828140578384e-05 -2.006379268905826888e-04 -2.894075643872189623e-05 -1.960614352914415159e-02 7.208483762128109658e-03 9.548219222492916602e-03
-5.215377818117191056e-08 3.600891632302571435e-07 1.141865521972562170e-05 5.163385324095487824e-06 -2.266705225315183080e-08 -1.174038205449769688e-03 -4.093649140217825292e-04 -1.244100502284891906e-05 1.654278995430305858e-04 8.437260658233748455e-09 3.344775156646009234e-08 -1.113553795377918676e-08 2.755634831684876057e-09 5.373566297179836955e-08 1.564265146133952330e-08 -7.211721558034388248e-06 -3.987132007111896834e-07 7.140227653932620005e-07
-8.814601045261348194e-08 -1.259215439684996597e-07 6.228410837596747182e-06 7.875607245058944549e-06 3.231488073246994951e-06 -5.412939585696646531e-05 6.368733417098119888e-05 -4.470580943927336616e-05 8.437260658233748455e-09 7.882288569005046033e-06 -1.811751236266676535e-08 2.113356452171212970e-09 -1.319682507859967899e-08 1.074247495320570160e-08 1.375016842569001773e-09 1.978212488338322273e-06 -5.144942603300352090e-07 -8.658594259833337082e-07
2.913970075733331209e-07 8.295889540487912384e-07 -1.432326984951233544e-05 -2.202781586487476839e-05 -1.283758325780042947e-05 -1.066999387581779720e-03 -6.173048836935570750e-04 2.310208504208910094e-04 3.344775156646009234e-08 -1.811751236266676535e-08 3.008011258410574795e-05 -1.513004582459861950e-08 4.624350026982863834e-08 -6.903575843610213173e-09 7.272640051107766313e-09 -1.564596051214975681e-05 2.130529209846453308e-06 4.583397834950523861e-06
-4.425995003499898900e-08 -2.201866730890790834e-07 -3.159196429099050904e-07 5.882053760733887934e-06 2.133102319480942347e-06 2.897142228497181149e-04 2.044289017917142349e-04 1.428046092560213659e-05 -1.113553795377918676e-08 2.113356452171212970e-09 -1.513004582459861950e-08 1.799876883672178851e-05 -1.488296420140038220e-08 -2.155114862433662632e-08 -6.031007808223379211e-09 3.342399150478357680e-06 8.618763630213047855e-08 -5.460699094815652888e-07
1.937225698069556018e-07 5.061424285958539800e-07 -8.499172740133907952e-06 -2.063431171082013909e-05 -7.802726001685595709e-06 -3.211460330289371340e-04 -3.946588524769403718e-04 3.449804828140578384e-05 2.755634831684876057e-09 -1.319682507859967899e-08 4.624350026982863834e-08 -1.488296420140038220e-08 6.182858187271800768e-06 1.814252414141219310e-08 7.130854299112428756e-09 -7.617349213698115672e-06 5.523431192998510593e-07 1.985665133392818669e-06
-8.514961231709045008e-08 3.888058001131892344e-07 1.780624744809813304e-05 -5.792994549906432911e-07 1.632615815420954970e-06 -9.959482692243062322e-04 -5.093030062142286886e-04 -2.006379268905826888e-04 5.373566297179836955e-08 1.074247495320570160e-08 -6.903575843610213173e-09 -2.155114862433662632e-08 1.814252414141219310e-08 6.117236108545987536e-05 2.442926592664499661e-08 -5.111673870941501673e-06 -1.899822156166200265e-06 -7.760565048110334642e-07
-6.635706087009204404e-10 1.501358433526746363e-07 3.256306599467002686e-06 -1.455416270941560356e-06 -4.974689135213231510e-07 -3.208732449982843577e-04 -1.637402356186932041e-04 -2.894075643872189623e-05 1.564265146133952330e-08 1.375016842569001773e-09 7.272640051107766313e-09 -6.031007808223379211e-09 7.130854299112428756e-09 2.442926592664499661e-08 2.229936733773927839e-06 -2.355818324592833638e-06 -2.853594794273474696e-07 1.541762503761032723e-07
-3.617699023061931126e-05 -1.358667788968707241e-04 1.035551222838294481e-03 3.208264187929770438e-03 1.694478803500771690e-03 1.956755925883632008e-01 1.131199495536211880e-01 -1.960614352914415159e-02 -7.211721558034388248e-06 1.978212488338322273e-06 -1.564596051214975681e-05 3.342399150478357680e-06 -7.617349213698115672e-06 -5.111673870941501673e-06 -2.355818324592833638e-06 7.220571750173181425e-01 -1.820746898185391283e-04 -5.813675960942441207e-04
6.693199165372600445e-06 7.960887415575271814e-06 -5.615802128327436167e-04 -4.047507984408119466e-04 -2.556615425514686675e-04 -5.226003147680892153e-04 -2.172461588076770103e-03 7.208483762128109658e-03 -3.987132007111896834e-07 -5.144942603300352090e-07 2.130529209846453308e-06 8.618763630213047855e-08 5.523431192998510593e-07 -1.899822156166200265e-06 -2.853594794273474696e-07 -1.820746898185391283e-04 2.946779285100457890e-02 9.190375036290545469e-05
1.297940921634694910e-05 3.143607190718114591e-05 -7.273551391169187814e-04 -1.016029917869251415e-03 -5.447179651309071689e-04 -3.174292526851252294e-02 -2.197087088849379241e-02 9.548219222492916602e-03 7.140227653932620005e-07 -8.658594259833337082e-07 4.583397834950523861e-06 -5.460699094815652888e-07 1.985665133392818669e-06 -7.760565048110334642e-07 1.541762503761032723e-07 -5.813675960942441207e-04 9.190375036290545469e-05 3.927566486647059152e-02
1.832741661148086835e-04 6.913215106463680336e-07 -2.471379070674614749e-05 -3.417470634391838168e-05 -1.450997625466152049e-05 -1.702377018958300622e-04 -4.351967728358787334e-04 1.897014410511659857e-04 -1.140217798737670665e-08 -2.708811683865892610e-08 9.170156568817200385e-08 -1.422419484546695488e-08 6.178011550787664879e-08 -2.762598128253444633e-08 -3.262433097139778113e-10 -1.160434862204761807e-05 2.116003321530481301e-06 4.218373385930677918e-06
6.913215106463680336e-07 3.668828168936336120e-03 3.142043518598222867e-05 -8.449335589299273479e-05 -4.711980386888619800e-05 -3.458489622165728580e-03 -2.867578944790462846e-03 3.925432243621048757e-04 -2.831150811256929730e-07 -1.245746637590313961e-07 3.819101475057586219e-07 -6.586296339389369032e-08 1.778711122457847425e-07 1.529056494535149430e-07 5.662515250091710817e-08 -4.138946814214437310e-05 4.492885070782607677e-06 5.165043315136978986e-06
-2.471379070674614749e-05 3.142043518598222867e-05 1.941220785945364957e+00 1.323813524815433806e-03 2.288266006940186227e-04 -4.872940804527411962e-02 -2.756816063458423366e-02 -1.046000586159696183e-02 -1.257414777816144608e-05 -1.440381431185089286e-06 1.602704580432765401e-07 8.617357375152274375e-08 -2.071759803036465395e-06 6.858563183714985413e-06 1.391627215435333943e-06 4.164353786097648976e-04 -1.004519875134314512e-04 -4.321506305384568026e-04
-3.417470634391838168e-05 -8.449335589299273479e-05 1.323813524815433806e-03 7.623960037029475778e-01 1.486833335479472882e-03 1.472336245880695969e-02 5.670698028979902217e-02 -1.089835614599888106e-02 6.314897377090256021e-06 3.506689462497221810e-06 -8.411851574754281754e-06 1.828451963246751780e-06 -6.789154118763823764e-06 -5.188255962280132293e-07 -5.661818466516971749e-07 1.002205646808174231e-03 -1.522911855040981759e-04 -2.678394292412573062e-04
-1.450997625466152049e-05 -4.711980386888619800e-05 2.288266006940186227e-04 1.486833335479472882e-03 1.194705555748828557e-01 2.161022827287653256e-02 3.050202910684846405e-02 -9.398866625251469167e-03 4.754101400930652817e-06 2.041462463406792396e-06 -5.499840520340900136e-06 6.276480614808169747e-07 -2.686989330700501654e-06 1.819257811697145226e-07 -2.617659061816232590e-07 5.172767781703261356e-04 -1.050648465639159826e-04 -1.158063635289075741e-04
-1.702377018958300622e-04 -3.458489622165728580e-03 -4.872940804527411962e-02 1.472336245880695969e-02 2.161022827287653256e-02 1.374433948710855930e+03 3.365848552548632355e+00 -1.805925370419181886e-01 -3.288550423735620378e-04 -7.411803771220729312e-06 -3.551309998649490249e-04 9.216806353803114866e-05 -1.046369010423619578e-04 -3.220530367046434898e-04 -1.036884713785090484e-04 6.237069452398035646e-02 -3.959720751867158717e-04 -9.582241532879350043e-03
-4.351967728358787334e-04 -2.867578944790462846e-03 -2.756816063458423366e-02 5.670698028979902217e-02 3.050202910684846405e-02 3.365848552548632355e+00 1.122387209229846803e+03 -1.479476077699962699e-01 9.092723544892528163e-05 6.733364130823928822e-05 -2.624092061075213099e-04 6.285630864510786692e-05 -1.351520771512386681e-04 -1.788479966440332158e-04 -5.717787687455128034e-05 3.503517860967055725e-02 -1.779003775989428668e-03 -4.303869585934910931e-03
1.897014410511659857e-04 3.925432243621048757e-04 -1.046000586159696183e-02 -1.089835614599888106e-02 -9.398866625251469167e-03 -1.805925370419181886e-01 -1.479476077699962699e-01 8.654556204052920521e+01 -5.189884131582447164e-05 -2.444407699525215236e-05 8.793372459745347678e-05 5.122704352069321815e-06 1.295269085649988196e-05 -6.077727081800471100e-05 -8.228730636264160192e-06 -6.022807239777261228e-03 2.540731821848953974e-03 2.466658907877871884e-03
-1.140217798737670665e-08 -2.831150811256929730e-07 -1.257414777816144608e-05 6.314897377090256021e-06 4.754101400930652817e-06 -3.288550423735620378e-04 9.092723544892528163e-05 -5.189884131582447164e-05 5.306399221936868244e-05 2.958363664016634740e-08 -2.643949770101143431e-08 -5.029658782447807886e-09 -4.191773179906143530e-09 8.108324329096636912e-09 2.268247835772664728e-09 -2.973753365848461826e-06 -7.481357817559455349e-07 1.789743642081472407e-06
-2.708811683865892610e-08 -1.245746637590313961e-07 -1.440381431185089286e-06 3.506689462497221810e-06 2.041462463406792396e-06 -7.411803771220729312e-06 6.733364130823928822e-05 -2.444407699525215236e-05 2.958363664016634740e-08 2.528020278534932492e-06 -1.365610773901133281e-08 3.660436607415289841e-10 -5.296428734489955813e-09 1.514986367443745264e-09 -1.391616587812089916e-10 4.921181569434772005e-07 -2.959308550311541446e-07 5.324865850732024524e-08
9.170156568817200385e-08 3.819101475057586219e-07 1.602704580432765401e-07 -8.411851574754281754e-06 -5.499840520340900136e-06 -3.551309998649490249e-04 -2.624092061075213099e-04 8.793372459745347678e-05 -2.643949770101143431e-08 -1.365610773901133281e-08 9.636493405897171035e-06 -4.412997568187711894e-09 1.628100087994458977e-08 4.471448153583563684e-10 3.127427180942467747e-09 -4.812025071904165999e-06 8.631645021544196455e-07 1.010309169085405063e-06
-1.422419484546695488e-08 -6.586296339389369032e-08 8.617357375152274375e-08 1.828451963246751780e-06 6.276480614808169747e-07 9.216806353803114866e-05 6.285630864510786692e-05 5.122704352069321815e-06 -5.029658782447807886e-09 3.660436607415289841e-10 -4.412997568187711894e-09 5.759622948281697437e-06 -4.704000916757027917e-09 -6.791505151024798978e-09 -1.898333673957152652e-09 1.077253207189890627e-06 3.474098592403976153e-08 -1.927588253170207545e-07
6.178011550787664879e-08 1.778711122457847425e-07 -2.071759803036465395e-06 -6.789154118763823764e-06 -2.686989330700501654e-06 -1.046369010423619578e-04 -1.351520771512386681e-04 1.295269085649988196e-05 -4.191773179906143530e-09 -5.296428734489955813e-09 1.628100087994458977e-08 -4.704000916757027917e-09 1.978717203685332284e-06 6.168447719206713435e-09 2.391175546904762357e-09 -2.410958813888033014e-06 2.015277552548035390e-07 5.730731516541769696e-07
-2.762598128253444633e-08 1.529056494535149430e-07 6.858563183714985413e-06 -5.188255962280132293e-07 1.819257811697145226e-07 -3.220530367046434898e-04 -1.788479966440332158e-04 -6.077727081800471100e-05 8.108324329096636912e-09 1.514986367443745264e-09 4.471448153583563684e-10 -6.791505151024798978e-09 6.168447719206713435e-09 1.957580541613368382e-05 8.013132020070196945e-09 -1.588106054425527148e-06 -5.635642420850771349e-07 -3.599923094032553340e-07
-3.262433097139778113e-10 5.662515250091710817e-08 1.391627215435333943e-06 -5.661818466516971749e-07 -2.617659061816232590e-07 -1.036884713785090484e-04 -5.717787687455128034e-05 -8.228730636264160192e-06 2.268247835772664728e-09 -1.391616587812089916e-10 3.127427180942467747e-09 -1.898333673957152652e-09 2.391175546904762357e-09 8.013132020070196945e-09 7.136387277713513121e-07 -7.395138949002017080e-07 -7.794631852907805137e-08 1.570160315408389554e-08
-1.160434862204761807e-05 -4.138946814214437310e-05 4.164353786097648976e-04 1.002205646808174231e-03 5.172767781703261356e-04 6.237069452398035646e-02 3.503517860967055725e-02 -6.022807239777261228e-03 -2.973753365848461826e-06 4.921181569434772005e-07 -4.812025071904165999e-06 1.077253207189890627e-06 -2.410958813888033014e-06 -1.588106054425527148e-06 -7.395138949002017080e-07 2.310617868291439392e-01 -5.501132711573207686e-05 -1.942208895341394838e-04
2.116003321530481301e-06 4.492885070782607677e-06 -1.004519875134314512e-04 -1.522911855040981759e-04 -1.050648465639159826e-04 -3.959720751867158717e-04 -1.779003775989428668e-03 2.540731821848953974e-03 -7.481357817559455349e-07 -2.959308550311541446e-07 8.631645021544196455e-07 3.474098592403976153e-08 2.015277552548035390e-07 -5.635642420850771349e-07 -7.794631852907805137e-08 -5.501132711573207686e-05 9.432724296618951593e-03 2.178445170974489901e-05
4.218373385930677918e-06 5.165043315136978986e-06 -4.321506305384568026e-04 -2.678394292412573062e-04 -1.158063635289075741e-04 -9.582241532879350043e-03 -4.303869585934910931e-03 2.466658907877871884e-03 1.789743642081472407e-06 5.324865850732024524e-08 1.010309169085405063e-06 -1.927588253170207545e-07 5.730731516541769696e-07 -3.599923094032553340e-07 1.570160315408389554e-08 -1.942208895341394838e-04 2.178445170974489901e-05 1.258739611683225637e-02
1.832741661148086835e-04 6.913215106463680336e-07 -2.471379070674614749e-05 -3.417470634391838168e-05 -1.450997625466152049e-05 -1.702377018958300622e-04 -4.351967728358787334e-04 1.897014410511659857e-04 -1.140217798737670665e-08 -2.708811683865892610e-08 9.170156568817200385e-08 -1.422419484546695488e-08 6.178011550787664879e-08 -2.762598128253444633e-08 -3.262433097139778113e-10 -1.160434862204761807e-05 2.116003321530481301e-06 4.218373385930677918e-06
6.913215106463680336e-07 3.668828168936336120e-03 3.142043518598222867e-05 -8.449335589299273479e-05 -4.711980386888619800e-05 -3.458489622165728580e-03 -2.867578944790462846e-03 3.925432243621048757e-04 -2.831150811256929730e-07 -1.245746637590313961e-07 3.819101475057586219e-07 -6.586296339389369032e-08 1.778711122457847425e-07 1.529056494535149430e-07 5.662515250091710817e-08 -4.138946814214437310e-05 4.492885070782607677e-06 5.165043315136978986e-06
-2.471379070674614749e-05 3.142043518598222867e-05 1.941220785945364957e+00 1.323813524815433806e-03 2.288266006940186227e-04 -4.872940804527411962e-02 -2.756816063458423366e-02 -1.046000586159696183e-02 -1.257414777816144608e-05 -1.440381431185089286e-06 1.602704580432765401e-07 8.617357375152274375e-08 -2.071759803036465395e-06 6.858563183714985413e-06 1.391627215435333943e-06 4.164353786097648976e-04 -1.004519875134314512e-04 -4.321506305384568026e-04
-3.417470634391838168e-05 -8.449335589299273479e-05 1.323813524815433806e-03 7.623960037029475778e-01 1.486833335479472882e-03 1.472336245880695969e-02 5.670698028979902217e-02 -1.089835614599888106e-02 6.314897377090256021e-06 3.506689462497221810e-06 -8.411851574754281754e-06 1.828451963246751780e-06 -6.789154118763823764e-06 -5.188255962280132293e-07 -5.661818466516971749e-07 1.002205646808174231e-03 -1.522911855040981759e-04 -2.678394292412573062e-04
-1.450997625466152049e-05 -4.711980386888619800e-05 2.288266006940186227e-04 1.486833335479472882e-03 1.194705555748828557e-01 2.161022827287653256e-02 3.050202910684846405e-02 -9.398866625251469167e-03 4.754101400930652817e-06 2.041462463406792396e-06 -5.499840520340900136e-06 6.276480614808169747e-07 -2.686989330700501654e-06 1.819257811697145226e-07 -2.617659061816232590e-07 5.172767781703261356e-04 -1.050648465639159826e-04 -1.158063635289075741e-04
-1.702377018958300622e-04 -3.458489622165728580e-03 -4.872940804527411962e-02 1.472336245880695969e-02 2.161022827287653256e-02 1.374433948710855930e+03 3.365848552548632355e+00 -1.805925370419181886e-01 -3.288550423735620378e-04 -7.411803771220729312e-06 -3.551309998649490249e-04 9.216806353803114866e-05 -1.046369010423619578e-04 -3.220530367046434898e-04 -1.036884713785090484e-04 6.237069452398035646e-02 -3.959720751867158717e-04 -9.582241532879350043e-03
-4.351967728358787334e-04 -2.867578944790462846e-03 -2.756816063458423366e-02 5.670698028979902217e-02 3.050202910684846405e-02 3.365848552548632355e+00 1.122387209229846803e+03 -1.479476077699962699e-01 9.092723544892528163e-05 6.733364130823928822e-05 -2.624092061075213099e-04 6.285630864510786692e-05 -1.351520771512386681e-04 -1.788479966440332158e-04 -5.717787687455128034e-05 3.503517860967055725e-02 -1.779003775989428668e-03 -4.303869585934910931e-03
1.897014410511659857e-04 3.925432243621048757e-04 -1.046000586159696183e-02 -1.089835614599888106e-02 -9.398866625251469167e-03 -1.805925370419181886e-01 -1.479476077699962699e-01 8.654556204052920521e+01 -5.189884131582447164e-05 -2.444407699525215236e-05 8.793372459745347678e-05 5.122704352069321815e-06 1.295269085649988196e-05 -6.077727081800471100e-05 -8.228730636264160192e-06 -6.022807239777261228e-03 2.540731821848953974e-03 2.466658907877871884e-03
-1.140217798737670665e-08 -2.831150811256929730e-07 -1.257414777816144608e-05 6.314897377090256021e-06 4.754101400930652817e-06 -3.288550423735620378e-04 9.092723544892528163e-05 -5.189884131582447164e-05 5.306399221936868244e-05 2.958363664016634740e-08 -2.643949770101143431e-08 -5.029658782447807886e-09 -4.191773179906143530e-09 8.108324329096636912e-09 2.268247835772664728e-09 -2.973753365848461826e-06 -7.481357817559455349e-07 1.789743642081472407e-06
-2.708811683865892610e-08 -1.245746637590313961e-07 -1.440381431185089286e-06 3.506689462497221810e-06 2.041462463406792396e-06 -7.411803771220729312e-06 6.733364130823928822e-05 -2.444407699525215236e-05 2.958363664016634740e-08 2.528020278534932492e-06 -1.365610773901133281e-08 3.660436607415289841e-10 -5.296428734489955813e-09 1.514986367443745264e-09 -1.391616587812089916e-10 4.921181569434772005e-07 -2.959308550311541446e-07 5.324865850732024524e-08
9.170156568817200385e-08 3.819101475057586219e-07 1.602704580432765401e-07 -8.411851574754281754e-06 -5.499840520340900136e-06 -3.551309998649490249e-04 -2.624092061075213099e-04 8.793372459745347678e-05 -2.643949770101143431e-08 -1.365610773901133281e-08 9.636493405897171035e-06 -4.412997568187711894e-09 1.628100087994458977e-08 4.471448153583563684e-10 3.127427180942467747e-09 -4.812025071904165999e-06 8.631645021544196455e-07 1.010309169085405063e-06
-1.422419484546695488e-08 -6.586296339389369032e-08 8.617357375152274375e-08 1.828451963246751780e-06 6.276480614808169747e-07 9.216806353803114866e-05 6.285630864510786692e-05 5.122704352069321815e-06 -5.029658782447807886e-09 3.660436607415289841e-10 -4.412997568187711894e-09 5.759622948281697437e-06 -4.704000916757027917e-09 -6.791505151024798978e-09 -1.898333673957152652e-09 1.077253207189890627e-06 3.474098592403976153e-08 -1.927588253170207545e-07
6.178011550787664879e-08 1.778711122457847425e-07 -2.071759803036465395e-06 -6.789154118763823764e-06 -2.686989330700501654e-06 -1.046369010423619578e-04 -1.351520771512386681e-04 1.295269085649988196e-05 -4.191773179906143530e-09 -5.296428734489955813e-09 1.628100087994458977e-08 -4.704000916757027917e-09 1.978717203685332284e-06 6.168447719206713435e-09 2.391175546904762357e-09 -2.410958813888033014e-06 2.015277552548035390e-07 5.730731516541769696e-07
-2.762598128253444633e-08 1.529056494535149430e-07 6.858563183714985413e-06 -5.188255962280132293e-07 1.819257811697145226e-07 -3.220530367046434898e-04 -1.788479966440332158e-04 -6.077727081800471100e-05 8.108324329096636912e-09 1.514986367443745264e-09 4.471448153583563684e-10 -6.791505151024798978e-09 6.168447719206713435e-09 1.957580541613368382e-05 8.013132020070196945e-09 -1.588106054425527148e-06 -5.635642420850771349e-07 -3.599923094032553340e-07
-3.262433097139778113e-10 5.662515250091710817e-08 1.391627215435333943e-06 -5.661818466516971749e-07 -2.617659061816232590e-07 -1.036884713785090484e-04 -5.717787687455128034e-05 -8.228730636264160192e-06 2.268247835772664728e-09 -1.391616587812089916e-10 3.127427180942467747e-09 -1.898333673957152652e-09 2.391175546904762357e-09 8.013132020070196945e-09 7.136387277713513121e-07 -7.395138949002017080e-07 -7.794631852907805137e-08 1.570160315408389554e-08
