5.865765566637049129e-03 -1.632698825789263952e-06 6.082985293061526552e-05 1.107197780584661102e-05 -5.496183822079840445e-06 -3.885193710196150046e-03 -2.668525747527176160e-03 3.197898388097979768e-03 -6.881275657301871507e-07 -1.284708124798660211e-07 2.140113305519168108e-08 4.352627991499087216e-07 -2.220703205869730524e-07 1.482012648191273054e-06 -6.167474461376707136e-07 3.450490005832455398e-06 -8.535372452799021073e-07 -3.252450858874750009e-06
-1.632698825789263952e-06 7.671026386538535614e-03 -2.305746609675539014e-04 -4.196816868413794213e-05 2.083320376981546263e-05 1.472676949496431152e-02 1.011500751483148004e-02 -1.212158670653752483e-02 2.608337395647576060e-06 4.869667211847341165e-07 -8.112067941625422739e-08 -1.649857224876964041e-06 8.417542771096656538e-07 -5.617547099712728956e-06 2.337772104397553972e-06 -1.307903151063404038e-05 3.235320348021804620e-06 1.232836704297272763e-05
6.082985293061526552e-05 -2.305746609675539014e-04 4.883028584040743247e+00 1.563618156942849467e-03 -7.761876846936525921e-04 -5.486787938912723872e-01 -3.768572683463695117e-01 4.516168720143065030e-01 -9.717945383709443690e-05 -1.814303628071249285e-05 3.022332668204691628e-06 6.146912753321995043e-05 -3.136144160301264149e-05 2.092943037067114510e-04 -8.709893769112869494e-05 4.872886234129261002e-04 -1.205391085269239172e-04 -4.593209367539966242e-04
1.107197780584661102e-05 -4.196816868413794213e-05 1.563618156942849467e-03 6.542114168013585029e+00 -1.412782113397864083e-04 -9.986806043131775390e-02 -6.859387471908488798e-02 8.220128346178622036e-02 -1.768816961132379644e-05 -3.302314330101189751e-06 5.501114767187889310e-07 1.118833571024519681e-05 -5.708269355574101942e-06 3.809481321899675215e-05 -1.585335914142312899e-05 8.869409613111314892e-05 -2.193998949609393258e-05 -8.360354287395261143e-05
-5.496183822079840445e-06 2.083320376981546263e-05 -7.761876846936525921e-04 -1.412782113397864083e-04 4.254629113857212319e-01 4.957499262645330418e-02 3.405033419826101332e-02 -4.080511831213182172e-02 8.780493726118742526e-06 1.639284951143988254e-06 -2.730780219849861083e-07 -5.553944453734007929e-06 2.833612768588956417e-06 -1.891045121214396943e-05 7.869684853658250710e-06 -4.402818221080634505e-05 1.089111786887406920e-05 4.150120672837109007e-05
-3.885193710196150046e-03 1.472676949496431152e-02 -5.486787938912723872e-01 -9.986806043131775390e-02 4.957499262645330418e-02 2.382663975720368762e+04 2.406981799366003116e+01 -2.884470282329673196e+01 6.206837344138182132e-03 1.158793043969500759e-03 -1.930359405278023795e-04 -3.926024084518456650e-03 2.003050636957641722e-03 -1.336759622399063749e-02 5.562996268761765187e-03 -3.112305230942290571e-02 7.698815034381822388e-03 2.933676029882160974e-02
-2.668525747527176160e-03 1.011500751483148004e-02 -3.768572683463695117e-01 -6.859387471908488798e-02 3.405033419826101332e-02 2.406981799366003116e+01 1.009452263382885212e+04 -1.981183897259297666e+01 4.263134993778656609e-03 7.959111705994929235e-04 -1.325857642939915989e-04 -2.696569884650713584e-03 1.375785249598871765e-03 -9.181466193731979350e-03 3.820915991300446925e-03 -2.137671185129585635e-02 5.287892361912628972e-03 2.014980617336738222e-02
3.197898388097979768e-03 -1.212158670653752483e-02 4.516168720143065030e-01 8.220128346178622036e-02 -4.080511831213182172e-02 -2.884470282329673196e+01 -1.981183897259297666e+01 6.417761263582665379e+03 -5.108840541442075112e-03 -9.538011959929096166e-04 1.588876563448547122e-04 3.231505821335626215e-03 -1.648708631025267227e-03 1.100285278061105716e-02 -4.578895707099807887e-03 2.561734786911506676e-02 -6.336885629177842205e-03 -2.414705300932909471e-02
-6.881275657301871507e-07 2.608337395647576060e-06 -9.717945383709443690e-05 -1.768816961132379644e-05 8.780493726118742526e-06 6.206837344138182132e-03 4.263134993778656609e-03 -5.108840541442075112e-03 8.452746565622760999e-03 2.052400719272112295e-07 -3.418963422730536730e-08 -6.953592530503138011e-07 3.547710774952260007e-07 -2.367606903392807451e-06 9.852922057767572790e-07 -5.512371279602225650e-06 1.363578561015601082e-06 5.195991488882266480e-06
-1.284708124798660211e-07 4.869667211847341165e-07 -1.814303628071249285e-05 -3.302314330101189751e-06 1.639284951143988254e-06 1.158793043969500759e-03 7.959111705994929235e-04 -9.538011959929096166e-04 2.052400719272112295e-07 2.262031947406140586e-04 -6.383075328352121727e-09 -1.298209411360712167e-07 6.623441762837344328e-08 -4.420232492634618329e-07 1.839503262333361835e-07 -1.029138857749017311e-06 2.545749572289165479e-07 9.700719480796263142e-07
2.140113305519168108e-08 -8.112067941625422739e-08 3.022332668204691628e-06 5.501114767187889310e-07 -2.730780219849861083e-07 -1.930359405278023795e-04 -1.325857642939915989e-04 1.588876563448547122e-04 -3.418963422730536730e-08 -6.383075328352121727e-09 1.481343610353892356e-04 2.162604237471203800e-08 -1.103356908184964370e-08 7.363383315146423380e-08 -3.064311131279340952e-08 1.714376767906439445e-07 -4.240801803156352878e-08 -1.615980971336558401e-07
4.352627991499087216e-07 -1.649857224876964041e-06 6.146912753321995043e-05 1.118833571024519681e-05 -5.553944453734007929e-06 -3.926024084518456650e-03 -2.696569884650713584e-03 3.231505821335626215e-03 -6.953592530503138011e-07 -1.298209411360712167e-07 2.162604237471203800e-08 1.381394029298389217e-04 -2.244041075205936954e-07 1.497587452355410022e-06 -6.232289837305175497e-07 3.486751981178442311e-06 -8.625072601163181366e-07 -3.286631596294419609e-06
-2.220703205869730524e-07 8.417542771096656538e-07 -3.136144160301264149e-05 -5.708269355574101942e-06 2.833612768588956417e-06 2.003050636957641722e-03 1.375785249598871765e-03 -1.648708631025267227e-03 3.547710774952260007e-07 6.623441762837344328e-08 -1.103356908184964370e-08 -2.244041075205936954e-07 1.767073807242183336e-04 -7.640665048819250494e-07 3.179703399565347660e-07 -1.778934776369165938e-06 4.400496990248303404e-07 1.676833705214041580e-06
1.482012648191273054e-06 -5.617547099712728956e-06 2.092943037067114510e-04 3.809481321899675215e-05 -1.891045121214396943e-05 -1.336759622399063749e-02 -9.181466193731979350e-03 1.100285278061105716e-02 -2.367606903392807451e-06 -4.420232492634618329e-07 7.363383315146423380e-08 1.497587452355410022e-06 -7.640665048819250494e-07 6.481621627797108046e-04 -2.122012812516770212e-06 1.187193242175682179e-05 -2.936723908281771535e-06 -1.119054880216363707e-05
-6.167474461376707136e-07 2.337772104397553972e-06 -8.709893769112869494e-05 -1.585335914142312899e-05 7.869684853658250710e-06 5.562996268761765187e-03 3.820915991300446925e-03 -4.578895707099807887e-03 9.852922057767572790e-07 1.839503262333361835e-07 -3.064311131279340952e-08 -6.232289837305175497e-07 3.179703399565347660e-07 -2.122012812516770212e-06 1.557038184701247199e-04 -4.940567822260945575e-06 1.222133274405402162e-06 4.657006404794619807e-06
3.450490005832455398e-06 -1.307903151063404038e-05 4.872886234129261002e-04 8.869409613111314892e-05 -4.402818221080634505e-05 -3.112305230942290571e-02 -2.137671185129585635e-02 2.561734786911506676e-02 -5.512371279602225650e-06 -1.029138857749017311e-06 1.714376767906439445e-07 3.486751981178442311e-06 -1.778934776369165938e-06 1.187193242175682179e-05 -4.940567822260945575e-06 4.343534716304495169e-02 -6.837415664287680372e-06 -2.605435037870370665e-05
-8.535372452799021073e-07 3.235320348021804620e-06 -1.205391085269239172e-04 -2.193998949609393258e-05 1.089111786887406920e-05 7.698815034381822388e-03 5.287892361912628972e-03 -6.336885629177842205e-03 1.363578561015601082e-06 2.545749572289165479e-07 -4.240801803156352878e-08 -8.625072601163181366e-07 4.400496990248303404e-07 -2.936723908281771535e-06 1.222133274405402162e-06 -6.837415664287680372e-06 8.228473438250577575e-04 6.444985614276828824e-06
-3.252450858874750009e-06 1.232836704297272763e-05 -4.593209367539966242e-04 -8.360354287395261143e-05 4.150120672837109007e-05 2.933676029882160974e-02 2.014980617336738222e-02 -2.414705300932909471e-02 5.195991488882266480e-06 9.700719480796263142e-07 -1.615980971336558401e-07 -3.286631596294419609e-06 1.676833705214041580e-06 -1.119054880216363707e-05 4.657006404794619807e-06 -2.605435037870370665e-05 6.444985614276828824e-06 7.270968597669680289e-02
1.883101987689447679e-03 -1.072994753240916817e-05 -6.324300292657090929e-05 -3.901339039643187773e-05 -1.701556258986835606e-06 -2.042804438690723132e-03 2.296704761930804580e-03 -1.907338492404997811e-03 -3.928698801766142531e-06 -1.972284271921871284e-07 7.534314765067185594e-08 2.099341330954197555e-07 -2.617323226304895111e-07 -1.725628108799738380e-06 4.369775977505279468e-07 -1.156446230295339681e-06 -5.621426725882217998e-07 3.416359051140860546e-06
-1.072994753240916817e-05 2.471930460901222357e-03 6.559952698046658153e-05 5.828779365526275206e-05 6.570191693354232189e-06 6.059983793238929960e-03 -2.072757090243091370e-03 1.059955446495327051e-03 7.084361491249657514e-06 4.189245995326817643e-07 -1.413884806534176956e-07 -6.470162835041266892e-07 5.906849735028284363e-07 1.909688219399017152e-06 -3.209199720925047812e-07 -3.756409463962998603e-07 1.522353777897698818e-06 -3.566260000795054148e-06
-6.324300292657090929e-05 6.559952698046658153e-05 1.563698534052350153e+00 1.081466711381093900e-03 -2.491614344798605317e-04 -1.646594441901973738e-01 -1.636162891732327040e-01 1.845357077625733033e-01 1.954219670726886507e-05 -3.673980046405013180e-06 3.184864898733578554e-08 1.870539298805127859e-05 -7.432060703885615962e-06 9.701348012643527384e-05 -3.653354282655696931e-05 1.868009438863735348e-04 -3.462606649033063991e-05 -2.078450904410263989e-04
-3.901339039643187773e-05 5.828779365526275206e-05 1.081466711381093900e-03 2.093775534467713140e+00 -4.561107238680762202e-05 -2.634020772739531502e-02 -4.408633357543310927e-02 4.689521981484714996e-02 2.039562921013680672e-05 4.014018081485853831e-08 -3.052075177457683160e-07 3.083881471165367135e-06 -4.870032940703512126e-07 2.764660443434146473e-05 -9.529914313121150014e-06 4.426506906352910341e-05 -4.990212015643770615e-06 -5.806894661715995013e-05
-1.701556258986835606e-06 6.570191693354232189e-06 -2.491614344798605317e-04 -4.561107238680762202e-05 1.361481321840314895e-01 1.585644409562805487e-02 1.092587202670649779e-02 -1.308532484112620749e-02 2.774722572130647652e-06 5.230962876269713489e-07 -8.673787390183461054e-08 -1.776594770672564853e-06 9.049547644149032440e-07 -6.072127315594289267e-06 2.524291944803926294e-06 -1.411037498005445905e-05 3.482427336825343776e-06 1.332249427616539411e-05
-2.042804438690723132e-03 6.059983793238929960e-03 -1.646594441901973738e-01 -2.634020772739531502e-02 1.585644409562805487e-02 7.624630264233494927e+03 7.286449041134895666e+00 -8.843448473427850232e+00 2.475720466298268925e-03 3.914217732637911384e-04 -7.081301175191432999e-05 -1.265653717398336530e-03 6.661451744579192881e-04 -3.987241270773620415e-03 1.696424506597266502e-03 -9.660970565908491570e-03 2.501771070862194874e-03 8.799407417137366724e-03
2.296704761930804580e-03 -2.072757090243091370e-03 -1.636162891732327040e-01 -4.408633357543310927e-02 1.092587202670649779e-02 7.286449041134895666e+00 3.231886086786872511e+03 -7.864213638360774361e+00 -5.648217059646688494e-04 1.734848266190466305e-04 -6.798964557465405332e-06 -8.261527997187554382e-04 3.410718187503334014e-04 -4.082362153692347014e-03 1.552651891220255525e-03 -8.016430742788408642e-03 1.541792740459545404e-03 8.766380784687206537e-03
-1.907338492404997811e-03 1.059955446495327051e-03 1.845357077625733033e-01 4.689521981484714996e-02 -1.308532484112620749e-02 -8.843448473427850232e+00 -7.864213638360774361e+00 2.055101599069913391e+03 1.595176396377580134e-04 -2.296792277181423242e-04 1.770303546446681220e-05 9.998980353290109167e-04 -4.353316905883749610e-04 4.585315020478836039e-03 -1.772168743923711659e-03 9.291337917150621281e-03 -1.887966337813433513e-03 -9.883633580185012188e-03
-3.928698801766142531e-06 7.084361491249657514e-06 1.954219670726886507e-05 2.039562921013680672e-05 2.774722572130647652e-06 2.475720466298268925e-03 -5.648217059646688494e-04 1.595176396377580134e-04 2.707149487563501565e-03 1.612623960650529630e-07 -5.287769883189138804e-08 -2.657715641727280033e-07 2.302673588799828017e-07 5.892723247359273128e-07 -7.308922443981281063e-08 -3.798688359779985697e-07 6.132965464235185747e-07 -1.066239245402034882e-06
-1.972284271921871284e-07 4.189245995326817643e-07 -3.673980046405013180e-06 4.014018081485853831e-08 5.230962876269713489e-07 3.914217732637911384e-04 1.734848266190466305e-04 -2.296792277181423242e-04 1.612623960650529630e-07 7.238904621193139081e-05 -3.808019415012852968e-09 -4.336368754205520075e-08 2.610947877129984980e-08 -8.474630583408367092e-08 4.251423849581846070e-08 -2.710579779825657497e-07 8.891316349797373274e-08 1.955413108468822581e-07
7.534314765067185594e-08 -1.413884806534176956e-07 3.184864898733578554e-08 -3.052075177457683160e-07 -8.673787390183461054e-08 -7.081301175191432999e-05 -6.798964557465405332e-06 1.770303546446681220e-05 -5.287769883189138804e-08 -3.808019415012852968e-09 4.740377009474732296e-05 7.719269343164311932e-09 -5.686904334767504607e-09 -1.314111177897414425e-09 -2.632489398711792434e-09 2.929635241332245142e-08 -1.683880230328766668e-08 -1.308427023342121067e-09
2.099341330954197555e-07 -6.470162835041266892e-07 1.870539298805127859e-05 3.083881471165367135e-06 -1.776594770672564853e-06 -1.265653717398336530e-03 -8.261527997187554382e-04 9.998980353290109167e-04 -2.657715641727280033e-07 -4.336368754205520075e-08 7.719269343164311932e-09 4.420543301259125885e-05 -7.403332229064675822e-08 4.535682709182760170e-07 -1.920342538018960195e-07 1.089392544023874848e-06 -2.793733978810684058e-07 -9.997331704819975116e-07
-2.617323226304895111e-07 5.906849735028284363e-07 -7.432060703885615962e-06 -4.870032940703512126e-07 9.049547644149032440e-07 6.661451744579192881e-04 3.410718187503334014e-04 -4.353316905883749610e-04 2.302673588799828017e-07 2.610947877129984980e-08 -5.686904334767504607e-09 -7.403332229064675822e-08 5.655236396846242806e-05 -1.752510277526332469e-07 8.178208338138475772e-08 -4.980971141832516142e-07 1.499137360408092501e-07 3.962794020248517880e-07
-1.725628108799738380e-06 1.909688219399017152e-06 9.701348012643527384e-05 2.764660443434146473e-05 -6.072127315594289267e-06 -3.987241270773620415e-03 -4.082362153692347014e-03 4.585315020478836039e-03 5.892723247359273128e-07 -8.474630583408367092e-08 -1.314111177897414425e-09 4.535682709182760170e-07 -1.752510277526332469e-07 2.082108738325691433e-04 -9.094318091958434496e-07 4.620057245743558394e-06 -8.347844981634601261e-07 -5.199786116019429026e-06
4.369775977505279468e-07 -3.209199720925047812e-07 -3.653354282655696931e-05 -9.529914313121150014e-06 2.524291944803926294e-06 1.696424506597266502e-03 1.552651891220255525e-03 -1.772168743923711659e-03 -7.308922443981281063e-08 4.251423849581846070e-08 -2.632489398711792434e-09 -1.920342538018960195e-07 8.178208338138475772e-08 -9.094318091958434496e-07 4.989165458804105949e-05 -1.817729621631398436e-06 3.608151955035076293e-07 1.957028738707319862e-06
-1.156446230295339681e-06 -3.756409463962998603e-07 1.868009438863735348e-04 4.426506906352910341e-05 -1.411037498005445905e-05 -9.660970565908491570e-03 -8.016430742788408642e-03 9.291337917150621281e-03 -3.798688359779985697e-07 -2.710579779825657497e-07 2.929635241332245142e-08 1.089392544023874848e-06 -4.980971141832516142e-07 4.620057245743558394e-06 -1.817729621631398436e-06 1.390015479709403451e-02 -2.080108079367730013e-06 -1.000089239001919627e-05
-5.621426725882217998e-07 1.522353777897698818e-06 -3.462606649033063991e-05 -4.990212015643770615e-06 3.482427336825343776e-06 2.501771070862194874e-03 1.541792740459545404e-03 -1.887966337813433513e-03 6.132965464235185747e-07 8.891316349797373274e-08 -1.683880230328766668e-08 -2.793733978810684058e-07 1.499137360408092501e-07 -8.347844981634601261e-07 3.608151955035076293e-07 -2.080108079367730013e-06 2.633249402053296630e-04 1.849722291074565920e-06
3.416359051140860546e-06 -3.566260000795054148e-06 -2.078450904410263989e-04 -5.806894661715995013e-05 1.332249427616539411e-05 8.799407417137366724e-03 8.766380784687206537e-03 -9.883633580185012188e-03 -1.066239245402034882e-06 1.955413108468822581e-07 -1.308427023342121067e-09 -9.997331704819975116e-07 3.962794020248517880e-07 -5.199786116019429026e-06 1.957028738707319862e-06 -1.000089239001919627e-05 1.849722291074565920e-06 2.327037937150782179e-02
6.028730450482283577e-04 -3.138965894214529395e-06 -7.066659377614223354e-06 -2.995230058155977509e-05 -2.665786391242420229e-06 7.752053768320331904e-04 1.102642128793389180e-03 -5.993965889783775492e-04 -1.223106051180671301e-06 -1.331294080906365734e-07 1.226204723651003571e-07 7.584390035865983115e-08 -7.821775067753548612e-08 -4.214982659420170665e-07 1.181954113062445661e-07 -2.637802439276671800e-07 -2.002501353931110843e-08 2.802135161034393978e-06
-3.138965894214529395e-06 7.913272930693675830e-04 3.483033015050052909e-05 2.989736409764609633e-07 -1.263127680871185361e-07 3.440500142024653738e-03 -2.769544701757733606e-04 3.506923957585609554e-04 2.302799953448217161e-06 6.049183267745566348e-08 5.825788851831236641e-08 -1.979411783705606050e-07 1.948363233320292048e-07 7.484256687538476179e-07 -1.254281795109538227e-07 -8.537214331517686778e-09 6.551139922662387837e-07 6.542870722079089327e-07
-7.066659377614223354e-06 3.483033015050052909e-05 5.010021912248543430e-01 -4.744215010479475880e-04 -1.793707791541343717e-04 1.442602721128581796e-02 -3.508612087623007997e-02 5.956584055738242678e-02 7.854161607064274846e-06 -4.464412524260112055e-06 4.637339884033490725e-06 6.392728766901031470e-06 -2.118199918676302679e-06 3.718355664663136958e-05 -1.270706580705657504e-05 6.476850385882688141e-05 -3.571520803863107299e-06 1.375839244085439955e-05
-2.995230058155977509e-05 2.989736409764609633e-07 -4.744215010479475880e-04 6.710963371883886808e-01 1.175496462347798903e-04 -9.744204912410855957e-02 -3.701320515213230022e-02 1.432423483856038945e-02 4.403746974084661166e-06 4.374495437879286765e-06 -6.234366427721500391e-06 4.470592036329586064e-07 -5.007418592141651235e-07 7.048159292420762825e-07 -1.701674304683294821e-06 7.543974248748293336e-06 -1.155535104286258660e-05 -1.250376256671909242e-04
-2.665786391242420229e-06 -1.263127680871185361e-07 -1.793707791541343717e-04 1.175496462347798903e-04 4.358344980316250505e-02 -5.735558999340498350e-03 7.146615788696891692e-04 -4.270153557125963908e-03 6.301151218535765052e-07 6.970628087001723016e-07 -7.729873329114980292e-07 -6.340607102957538182e-07 2.477013124913578000e-07 -2.931844273343721751e-06 9.714600721016676058e-07 -5.319345358966856391e-06 -9.496581240941619189e-08 -8.664598188232277407e-06
7.752053768320331904e-04 3.440500142024653738e-03 1.442602721128581796e-02 -9.744204912410855957e-02 -5.735558999340498350e-03 2.447163060309903813e+03 4.205365074359035837e+00 -2.774095900792374891e+00 9.658823601506286594e-04 -2.315328233071369890e-04 4.793286139283046260e-04 -3.608543603074893815e-04 2.413797191374376222e-04 -6.098847214322250391e-04 4.325962880601569348e-04 -2.549917981103557840e-03 1.615181566631970767e-03 1.152399190931826731e-02
1.102642128793389180e-03 -2.769544701757733606e-04 -3.508612087623007997e-02 -3.701320515213230022e-02 7.146615788696891692e-04 4.205365074359035837e+00 1.034685703477524839e+03 -2.502187507100363639e+00 -1.360574841311293663e-04 -3.629632062280770154e-05 1.270000664945104428e-04 -2.530066249116985698e-04 1.164030427648649898e-04 -1.134967125652818843e-03 4.684757419210345262e-04 -2.425890932761069329e-03 7.029968267621387878e-04 5.046100216330918868e-03
-5.993965889783775492e-04 3.506923957585609554e-04 5.956584055738242678e-02 1.432423483856038945e-02 -4.270153557125963908e-03 -2.774095900792374891e+00 -2.502187507100363639e+00 6.576329394360202514e+02 5.237658721316540287e-05 -7.623192869721219999e-05 9.512430293919989864e-06 3.203057929998802834e-04 -1.390899023448562881e-04 1.472405567370577584e-03 -5.679390749305933579e-04 2.977379133243845261e-03 -5.979056680234668677e-04 -3.096019478804695312e-03
-1.223106051180671301e-06 2.302799953448217161e-06 7.854161607064274846e-06 4.403746974084661166e-06 6.301151218535765052e-07 9.658823601506286594e-04 -1.360574841311293663e-04 5.237658721316540287e-05 8.662919774013527145e-04 4.309501897233393777e-08 -4.949051808535669442e-09 -8.399386243913177079e-08 7.435840629591489112e-08 2.044511953760934297e-07 -2.601810588821443398e-08 -1.086417134894880902e-07 2.156824514259831727e-07 -1.335171934618115767e-07
-1.331294080906365734e-07 6.049183267745566348e-08 -4.464412524260112055e-06 4.374495437879286765e-06 6.970628087001723016e-07 -2.315328233071369890e-04 -3.629632062280770154e-05 -7.623192869721219999e-05 4.309501897233393777e-08 2.318197740812350961e-05 -2.581604243097018606e-08 -1.603996894395075462e-08 6.972581837042777047e-09 -5.975444428675192950e-08 1.900728020241171725e-08 -1.132766185252303139e-07 -1.146395642743697901e-08 -3.641281287489709414e-07
1.226204723651003571e-07 5.825788851831236641e-08 4.637339884033490725e-06 -6.234366427721500391e-06 -7.729873329114980292e-07 4.793286139283046260e-04 1.270000664945104428e-04 9.512430293919989864e-06 -4.949051808535669442e-09 -2.581604243097018606e-08 1.520381427661057749e-05 5.514265205509572070e-09 1.252545733451068379e-10 4.549674572033043222e-08 -8.443852792176967913e-09 4.671302495102959831e-08 5.077233001108447722e-08 5.999361747453000572e-07
7.584390035865983115e-08 -1.979411783705606050e-07 6.392728766901031470e-06 4.470592036329586064e-07 -6.340607102957538182e-07 -3.608543603074893815e-04 -2.530066249116985698e-04 3.203057929998802834e-04 -8.399386243913177079e-08 -1.603996894395075462e-08 5.514265205509572070e-09 1.414600632235022570e-05 -2.351957570856349011e-08 1.491807195188551974e-07 -6.211958373343467116e-08 3.518898737639615928e-07 -8.445959963123823231e-08 -2.671075239977818647e-07
-7.821775067753548612e-08 1.948363233320292048e-07 -2.118199918676302679e-06 -5.007418592141651235e-07 2.477013124913578000e-07 2.413797191374376222e-04 1.164030427648649898e-04 -1.390899023448562881e-04 7.435840629591489112e-08 6.972581837042777047e-09 1.252545733451068379e-10 -2.351957570856349011e-08 1.809686578829140251e-05 -5.349964213828386033e-08 2.574304222123055443e-08 -1.572925590133235828e-07 5.112879664432852179e-08 1.605511391793954049e-07
-4.214982659420170665e-07 7.484256687538476179e-07 3.718355664663136958e-05 7.048159292420762825e-07 -2.931844273343721751e-06 -6.098847214322250391e-04 -1.134967125652818843e-03 1.472405567370577584e-03 2.044511953760934297e-07 -5.975444428675192950e-08 4.549674572033043222e-08 1.491807195188551974e-07 -5.349964213828386033e-08 6.668840207930422760e-05 -3.011036967448524808e-07 1.527958169000255599e-06 -1.926176570605802840e-07 -8.673881585950071631e-07
1.181954113062445661e-07 -1.254281795109538227e-07 -1.270706580705657504e-05 -1.701674304683294821e-06 9.714600721016676058e-07 4.325962880601569348e-04 4.684757419210345262e-04 -5.679390749305933579e-04 -2.601810588821443398e-08 1.900728020241171725e-08 -8.443852792176967913e-09 -6.211958373343467116e-08 2.574304222123055443e-08 -3.011036967448524808e-07 1.596699909348410788e-05 -5.898746431744710871e-07 1.031254097246523498e-07 4.943839768154095883e-07
-2.637802439276671800e-07 -8.537214331517686778e-09 6.476850385882688141e-05 7.543974248748293336e-06 -5.319345358966856391e-06 -2.549917981103557840e-03 -2.425890932761069329e-03 2.977379133243845261e-03 -1.086417134894880902e-07 -1.132766185252303139e-07 4.671302495102959831e-08 3.518898737639615928e-07 -1.572925590133235828e-07 1.527958169000255599e-06 -5.898746431744710871e-07 4.448089819015629311e-03 -6.050431016824885347e-07 -2.552566392259101007e-06
-2.002501353931110843e-08 6.551139922662387837e-07 -3.571520803863107299e-06 -1.155535104286258660e-05 -9.496581240941619189e-08 1.615181566631970767e-03 7.029968267621387878e-04 -5.979056680234668677e-04 2.156824514259831727e-07 -1.146395642743697901e-08 5.077233001108447722e-08 -8.445959963123823231e-08 5.112879664432852179e-08 -1.926176570605802840e-07 1.031254097246523498e-07 -6.050431016824885347e-07 8.435511711985863958e-05 1.566151991918315800e-06
2.802135161034393978e-06 6.542870722079089327e-07 1.375839244085439955e-05 -1.250376256671909242e-04 -8.664598188232277407e-06 1.152399190931826731e-02 5.046100216330918868e-03 -3.096019478804695312e-03 -1.335171934618115767e-07 -3.641281287489709414e-07 5.999361747453000572e-07 -2.671075239977818647e-07 1.605511391793954049e-07 -8.673881585950071631e-07 4.943839768154095883e-07 -2.552566392259101007e-06 1.566151991918315800e-06 7.456935972750229798e-03
1.929206118943858710e-04 -1.003896853180873671e-06 -2.074520027853487883e-06 -9.860107026187265133e-06 -9.630443023244501615e-07 2.602285473228852994e-04 3.468039698724429570e-04 -2.212414634520426982e-04 -3.844434557132815807e-07 -4.502567063493550982e-08 4.003374554562180627e-08 2.612114526308169951e-08 -2.547109561195354826e-08 -1.335670272370255865e-07 3.979886904697993381e-08 -6.012496895544087635e-08 -9.040702935473067447e-09 9.147566219706038228e-07
-1.003896853180873671e-06 2.532249983932188201e-04 1.123209046888406114e-05 -3.166496268217670527e-08 -9.128270812276343354e-08 1.106584359642940078e-03 -9.141913612459232465e-05 9.861048847991766783e-05 7.401100148606910615e-07 1.823636414149114186e-08 1.901023679809504825e-08 -6.248519580111012889e-08 6.214350489031543537e-08 2.401031000964234330e-07 -3.922312276287537244e-08 8.497786375396477965e-09 2.084190693976147823e-07 2.177293211314551228e-07
-2.074520027853487883e-06 1.123209046888406114e-05 1.603489023500815625e-01 -1.933851183208930063e-04 -7.400324309082542608e-05 6.452440337503289464e-03 -1.213959084827216650e-02 1.461760119839499925e-02 3.562582736068567364e-06 -1.794580557722952601e-06 1.603992046980569348e-06 2.325116551570228073e-06 -7.444604523365554480e-07 1.209686194766848379e-05 -3.767911322911319095e-06 2.439196349417365988e-05 -1.540321285505034627e-06 7.131058382400534159e-06
-9.860107026187265133e-06 -3.166496268217670527e-08 -1.933851183208930063e-04 2.148121049825346685e-01 6.209207714098111759e-05 -3.388799695733653999e-02 -1.049983425536257960e-02 1.113369938306652158e-02 -1.374613743965791808e-07 1.939298644841140945e-06 -2.171948425524975477e-06 -2.688576984953120458e-07 -6.201113589355709072e-08 -6.650557468340560069e-08 -9.843215992339034293e-07 -2.989899541631838173e-06 -3.111869298272762846e-06 -4.403382918219942067e-05
-9.630443023244501615e-07 -9.128270812276343354e-08 -7.400324309082542608e-05 6.209207714098111759e-05 1.395648057571354829e-02 -2.916465251367733949e-03 7.656882206369984090e-04 1.249825592115647727e-03 -4.161529301989159651e-07 4.385391608121109220e-07 -3.180363759327739502e-07 -3.674332106691278110e-07 1.184993921156747504e-07 -1.054843729817241490e-06 1.352015241049032991e-07 -3.860723939358196534e-06 2.036169520927698019e-07 -4.379113318472689656e-06
2.602285473228852994e-04 1.106584359642940078e-03 6.452440337503289464e-03 -3.388799695733653999e-02 -2.916465251367733949e-03 7.832117242448803154e+02 1.286336536550470422e+00 -1.177014511549111964e+00 3.773966420253740029e-04 -9.791786216820852148e-05 1.612008946975187508e-04 -9.727949079803967583e-05 7.290296443958194897e-05 -1.822637309896703241e-04 1.578556675825394727e-04 -5.772862930528293874e-04 4.909820596444700773e-04 3.865315400472417191e-03
3.468039698724429570e-04 -9.141913612459232465e-05 -1.213959084827216650e-02 -1.049983425536257960e-02 7.656882206369984090e-04 1.286336536550470422e+00 3.311289204502498933e+02 -6.569971963858874942e-01 -7.747142276849366559e-05 2.206874346489269315e-07 3.675779289137832766e-05 -8.999938431531357167e-05 3.940401325945563080e-05 -3.695968517403263568e-04 1.402635359437682963e-04 -8.948457779467827462e-04 2.378121150616601027e-04 1.526515843271475858e-03
-2.212414634520426982e-04 9.861048847991766783e-05 1.461760119839499925e-02 1.113369938306652158e-02 1.249825592115647727e-03 -1.177014511549111964e+00 -6.569971963858874942e-01 2.111426681044283100e+02 -1.485629546002740771e-04 3.326899837830809312e-05 -1.587043931783192180e-05 5.846783558296104615e-05 -3.400930474898760704e-05 4.399527368567623660e-04 -2.287494753877285464e-04 3.751275749256271271e-04 -1.287086988002262092e-04 -1.420617678786111841e-03
-3.844434557132815807e-07 7.401100148606910615e-07 3.562582736068567364e-06 -1.374613743965791808e-07 -4.161529301989159651e-07 3.773966420253740029e-04 -7.747142276849366559e-05 -1.485629546002740771e-04 2.772524711547913641e-04 1.741966499108110552e-10 2.882628453734561568e-09 -1.648107940288679017e-08 2.131541619582175483e-08 7.279576849030817572e-08 2.774592959666371158e-09 1.016332552133466017e-07 5.423144953976154010e-08 5.878621391087141788e-08
-4.502567063493550982e-08 1.823636414149114186e-08 -1.794580557722952601e-06 1.939298644841140945e-06 4.385391608121109220e-07 -9.791786216820852148e-05 2.206874346489269315e-07 3.326899837830809312e-05 1.741966499108110552e-10 7.422981971995821746e-06 -9.818944303663995422e-09 -8.759147381359400410e-09 3.095972779076303114e-09 -2.169248989392546909e-08 2.210622711127682754e-09 -8.382302404042752264e-08 1.489073004211315706e-09 -1.519273002357774814e-07
4.003374554562180627e-08 1.901023679809504825e-08 1.603992046980569348e-06 -2.171948425524975477e-06 -3.180363759327739502e-07 1.612008946975187508e-04 3.675779289137832766e-05 -1.587043931783192180e-05 2.882628453734561568e-09 -9.818944303663995422e-09 4.865731554269571373e-06 2.954065553566372815e-09 -2.435686499813740136e-10 1.540230818341146541e-08 -1.432053771519868145e-09 3.055333392907613431e-08 1.455539387577912113e-08 2.035933837558893715e-07
2.612114526308169951e-08 -6.248519580111012889e-08 2.325116551570228073e-06 -2.688576984953120458e-07 -3.674332106691278110e-07 -9.727949079803967583e-05 -8.999938431531357167e-05 5.846783558296104615e-05 -1.648107940288679017e-08 -8.759147381359400410e-09 2.954065553566372815e-09 4.529491008147624283e-06 -8.186560531053736273e-09 4.970102562872343422e-08 -1.692193968242762311e-08 1.489313214948245230e-07 -3.096522441811633909e-08 -5.843914828624256102e-08
-2.547109561195354826e-08 6.214350489031543537e-08 -7.444604523365554480e-07 -6.201113589355709072e-08 1.184993921156747504e-07 7.290296443958194897e-05 3.940401325945563080e-05 -3.400930474898760704e-05 2.131541619582175483e-08 3.095972779076303114e-09 -2.435686499813740136e-10 -8.186560531053736273e-09 5.791154507497747016e-06 -1.758803199205689759e-08 7.532803325072357735e-09 -5.899610517550113517e-08 1.730031267124310388e-08 4.492949613903779556e-08
-1.335670272370255865e-07 2.401031000964234330e-07 1.209686194766848379e-05 -6.650557468340560069e-08 -1.054843729817241490e-06 -1.822637309896703241e-04 -3.695968517403263568e-04 4.399527368567623660e-04 7.279576849030817572e-08 -2.169248989392546909e-08 1.540230818341146541e-08 4.970102562872343422e-08 -1.758803199205689759e-08 2.134168056028353745e-05 -9.425716302835889195e-08 5.147019499474456317e-07 -6.442977910358575777e-08 -2.583963580912139156e-07
3.979886904697993381e-08 -3.922312276287537244e-08 -3.767911322911319095e-06 -9.843215992339034293e-07 1.352015241049032991e-07 1.578556675825394727e-04 1.402635359437682963e-04 -2.287494753877285464e-04 2.774592959666371158e-09 2.210622711127682754e-09 -1.432053771519868145e-09 -1.692193968242762311e-08 7.532803325072357735e-09 -9.425716302835889195e-08 5.112596054210310929e-06 -1.499755659352369260e-07 2.879553371121925297e-08 1.870672652949889369e-07
-6.012496895544087635e-08 8.497786375396477965e-09 2.439196349417365988e-05 -2.989899541631838173e-06 -3.860723939358196534e-06 -5.772862930528293874e-04 -8.948457779467827462e-04 3.751275749256271271e-04 1.016332552133466017e-07 -8.382302404042752264e-08 3.055333392907613431e-08 1.489313214948245230e-07 -5.899610517550113517e-08 5.147019499474456317e-07 -1.499755659352369260e-07 1.423865313500481287e-03 -2.452787679957635260e-07 -4.621432587729446634e-07
-9.040702935473067447e-09 2.084190693976147823e-07 -1.540321285505034627e-06 -3.111869298272762846e-06 2.036169520927698019e-07 4.909820596444700773e-04 2.378121150616601027e-04 -1.287086988002262092e-04 5.423144953976154010e-08 1.489073004211315706e-09 1.455539387577912113e-08 -3.096522441811633909e-08 1.730031267124310388e-08 -6.442977910358575777e-08 2.879553371121925297e-08 -2.452787679957635260e-07 2.699923846406709980e-05 4.627180948813418296e-07
9.147566219706038228e-07 2.177293211314551228e-07 7.131058382400534159e-06 -4.403382918219942067e-05 -4.379113318472689656e-06 3.865315400472417191e-03 1.526515843271475858e-03 -1.420617678786111841e-03 5.878621391087141788e-08 -1.519273002357774814e-07 2.035933837558893715e-07 -5.843914828624256102e-08 4.492949613903779556e-08 -2.583963580912139156e-07 1.870672652949889369e-07 -4.621432587729446634e-07 4.627180948813418296e-07 2.386483472714181174e-03
1.929206118943858710e-04 -1.003896853180873671e-06 -2.074520027853487883e-06 -9.860107026187265133e-06 -9.630443023244501615e-07 2.602285473228852994e-04 3.468039698724429570e-04 -2.212414634520426982e-04 -3.844434557132815807e-07 -4.502567063493550982e-08 4.003374554562180627e-08 2.612114526308169951e-08 -2.547109561195354826e-08 -1.335670272370255865e-07 3.979886904697993381e-08 -6.012496895544087635e-08 -9.040702935473067447e-09 9.147566219706038228e-07
-1.003896853180873671e-06 2.532249983932188201e-04 1.123209046888406114e-05 -3.166496268217670527e-08 -9.128270812276343354e-08 1.106584359642940078e-03 -9.141913612459232465e-05 9.861048847991766783e-05 7.401100148606910615e-07 1.823636414149114186e-08 1.901023679809504825e-08 -6.248519580111012889e-08 6.214350489031543537e-08 2.401031000964234330e-07 -3.922312276287537244e-08 8.497786375396477965e-09 2.084190693976147823e-07 2.177293211314551228e-07
-2.074520027853487883e-06 1.123209046888406114e-05 1.603489023500815625e-01 -1.933851183208930063e-04 -7.400324309082542608e-05 6.452440337503289464e-03 -1.213959084827216650e-02 1.461760119839499925e-02 3.562582736068567364e-06 -1.794580557722952601e-06 1.603992046980569348e-06 2.325116551570228073e-06 -7.444604523365554480e-07 1.209686194766848379e-05 -3.767911322911319095e-06 2.439196349417365988e-05 -1.540321285505034627e-06 7.131058382400534159e-06
-9.860107026187265133e-06 -3.166496268217670527e-08 -1.933851183208930063e-04 2.148121049825346685e-01 6.209207714098111759e-05 -3.388799695733653999e-02 -1.049983425536257960e-02 1.113369938306652158e-02 -1.374613743965791808e-07 1.939298644841140945e-06 -2.171948425524975477e-06 -2.688576984953120458e-07 -6.201113589355709072e-08 -6.650557468340560069e-08 -9.843215992339034293e-07 -2.989899541631838173e-06 -3.111869298272762846e-06 -4.403382918219942067e-05
-9.630443023244501615e-07 -9.128270812276343354e-08 -7.400324309082542608e-05 6.209207714098111759e-05 1.395648057571354829e-02 -2.916465251367733949e-03 7.656882206369984090e-04 1.249825592115647727e-03 -4.161529301989159651e-07 4.385391608121109220e-07 -3.180363759327739502e-07 -3.674332106691278110e-07 1.184993921156747504e-07 -1.054843729817241490e-06 1.352015241049032991e-07 -3.860723939358196534e-06 2.036169520927698019e-07 -4.379113318472689656e-06
2.602285473228852994e-04 1.106584359642940078e-03 6.452440337503289464e-03 -3.388799695733653999e-02 -2.916465251367733949e-03 7.832117242448803154e+02 1.286336536550470422e+00 -1.177014511549111964e+00 3.773966420253740029e-04 -9.791786216820852148e-05 1.612008946975187508e-04 -9.727949079803967583e-05 7.290296443958194897e-05 -1.822637309896703241e-04 1.578556675825394727e-04 -5.772862930528293874e-04 4.909820596444700773e-04 3.865315400472417191e-03
3.468039698724429570e-04 -9.141913612459232465e-05 -1.213959084827216650e-02 -1.049983425536257960e-02 7.656882206369984090e-04 1.286336536550470422e+00 3.311289204502498933e+02 -6.569971963858874942e-01 -7.747142276849366559e-05 2.206874346489269315e-07 3.675779289137832766e-05 -8.999938431531357167e-05 3.940401325945563080e-05 -3.695968517403263568e-04 1.402635359437682963e-04 -8.948457779467827462e-04 2.378121150616601027e-04 1.526515843271475858e-03
-2.212414634520426982e-04 9.861048847991766783e-05 1.461760119839499925e-02 1.113369938306652158e-02 1.249825592115647727e-03 -1.177014511549111964e+00 -6.569971963858874942e-01 2.111426681044283100e+02 -1.485629546002740771e-04 3.326899837830809312e-05 -1.587043931783192180e-05 5.846783558296104615e-05 -3.400930474898760704e-05 4.399527368567623660e-04 -2.287494753877285464e-04 3.751275749256271271e-04 -1.287086988002262092e-04 -1.420617678786111841e-03
-3.844434557132815807e-07 7.401100148606910615e-07 3.562582736068567364e-06 -1.374613743965791808e-07 -4.161529301989159651e-07 3.773966420253740029e-04 -7.747142276849366559e-05 -1.485629546002740771e-04 2.772524711547913641e-04 1.741966499108110552e-10 2.882628453734561568e-09 -1.648107940288679017e-08 2.131541619582175483e-08 7.279576849030817572e-08 2.774592959666371158e-09 1.016332552133466017e-07 5.423144953976154010e-08 5.878621391087141788e-08
-4.502567063493550982e-08 1.823636414149114186e-08 -1.794580557722952601e-06 1.939298644841140945e-06 4.385391608121109220e-07 -9.791786216820852148e-05 2.206874346489269315e-07 3.326899837830809312e-05 1.741966499108110552e-10 7.422981971995821746e-06 -9.818944303663995422e-09 -8.759147381359400410e-09 3.095972779076303114e-09 -2.169248989392546909e-08 2.210622711127682754e-09 -8.382302404042752264e-08 1.489073004211315706e-09 -1.519273002357774814e-07
4.003374554562180627e-08 1.901023679809504825e-08 1.603992046980569348e-06 -2.171948425524975477e-06 -3.180363759327739502e-07 1.612008946975187508e-04 3.675779289137832766e-05 -1.587043931783192180e-05 2.882628453734561568e-09 -9.818944303663995422e-09 4.865731554269571373e-06 2.954065553566372815e-09 -2.435686499813740136e-10 1.540230818341146541e-08 -1.432053771519868145e-09 3.055333392907613431e-08 1.455539387577912113e-08 2.035933837558893715e-07
2.612114526308169951e-08 -6.248519580111012889e-08 2.325116551570228073e-06 -2.688576984953120458e-07 -3.674332106691278110e-07 -9.727949079803967583e-05 -8.999938431531357167e-05 5.846783558296104615e-05 -1.648107940288679017e-08 -8.759147381359400410e-09 2.954065553566372815e-09 4.529491008147624283e-06 -8.186560531053736273e-09 4.970102562872343422e-08 -1.692193968242762311e-08 1.489313214948245230e-07 -3.096522441811633909e-08 -5.843914828624256102e-08
-2.547109561195354826e-08 6.214350489031543537e-08 -7.444604523365554480e-07 -6.201113589355709072e-08 1.184993921156747504e-07 7.290296443958194897e-05 3.940401325945563080e-05 -3.400930474898760704e-05 2.131541619582175483e-08 3.095972779076303114e-09 -2.435686499813740136e-10 -8.186560531053736273e-09 5.791154507497747016e-06 -1.758803199205689759e-08 7.532803325072357735e-09 -5.899610517550113517e-08 1.730031267124310388e-08 4.492949613903779556e-08
-1.335670272370255865e-07 2.401031000964234330e-07 1.209686194766848379e-05 -6.650557468340560069e-08 -1.054843729817241490e-06 -1.822637309896703241e-04 -3.695968517403263568e-04 4.399527368567623660e-04 7.279576849030817572e-08 -2.169248989392546909e-08 1.540230818341146541e-08 4.970102562872343422e-08 -1.758803199205689759e-08 2.134168056028353745e-05 -9.425716302835889195e-08 5.147019499474456317e-07 -6.442977910358575777e-08 -2.583963580912139156e-07
3.979886904697993381e-08 -3.922312276287537244e-08 -3.767911322911319095e-06 -9.843215992339034293e-07 1.352015241049032991e-07 1.578556675825394727e-04 1.402635359437682963e-04 -2.287494753877285464e-04 2.774592959666371158e-09 2.210622711127682754e-09 -1.432053771519868145e-09 -1.692193968242762311e-08 7.532803325072357735e-09 -9.425716302835889195e-08 5.112596054210310929e-06 -1.499755659352369260e-07 2.879553371121925297e-08 1.870672652949889369e-07
