{
    "R": [
        [
            0.010839596721097054,
            -0.3251162866346955,
            1.4090369311500435,
            -0.23786852836990666,
            2.69554650486315,
            28.732690192102073,
            -356.45032231466513,
            85.87693832748504,
            -0.02065559161107858,
            0.021282979332001774,
            -0.012137009873513153,
            -0.0035145103976171816,
            -0.0011594197038864568,
            -0.021668012647674043,
            0.00534074505337447,
            -0.01058386760746585,
            -0.005092609160942402,
            0.012369307603423071
        ],
        [
            0.0,
            0.2880110735904977,
            -1.5286207527090945,
            -0.05452119188884549,
            -2.39408693864007,
            -29.712938382210684,
            334.16316720377904,
            -88.93196353748951,
            0.014314181210880381,
            -0.023112415227731106,
            0.007216438349011857,
            -0.00518320299211443,
            0.0007180215295970577,
            0.022456262033899027,
            -0.003595965896293745,
            0.037970848202297215,
            0.0021914219139389742,
            -0.08933665381724333
        ],
        [
            0.0,
            0.0,
            0.30480583439226805,
            0.09183320040060286,
            -0.7876898696407353,
            1.3830712501971796,
            -66.21828325037406,
            13.396515301964774,
            -0.0007803384473503923,
            0.0050711854162283935,
            0.0008911404329454246,
            0.0039981314743144005,
            0.00018700349651269607,
            -0.002613284309965152,
            -0.0011434157021787273,
            -0.012617664947617829,
            -0.0005716027743319436,
            0.04279468318572258
        ],
        [
            0.0,
            0.0,
            0.0,
            0.3111068974076371,
            -3.0207525908162505,
            -2.4123219955149,
            59.91445992613365,
            50.026047579012506,
            -0.01056606526938643,
            0.011131537163807633,
            0.002890545569892031,
            0.00562348372571179,
            0.000506261944945857,
            0.0023783628154558593,
            0.0013121149579599705,
            -0.034452064576179546,
            -0.0017542363546516108,
            0.008714207025331596
        ],
        [
            0.0,
            0.0,
            0.0,
            0.0,
            1.4042005632791168,
            2.3932157848924813,
            7.277689980620525,
            -0.26288846099777274,
            0.0007812002706903364,
            -0.00058247485829637,
            -0.0016055117142701107,
            0.0009144568203833536,
            0.00016838589027706903,
            0.001592886436875591,
            0.0009678518024123253,
            0.0009256852470577113,
            0.0012164071426192982,
            -0.009049482267618663
        ],
        [
            0.0,
            0.0,
            0.0,
            0.0,
            0.0,
            3.912276934155807,
            -35.355943662321664,
            5.844680632624282,
            0.001943606755840364,
            0.00018275462829934973,
            -0.00022617463300148472,
            0.0011874647998627065,
            -0.00014984393106142878,
            -0.001348086820364351,
            0.0004961945916438237,
            -0.0006566504381852599,
            -0.00016566532447824024,
            0.017827025231956537
        ],
        [
            0.0,
            0.0,
            0.0,
            0.0,
            0.0,
            0.0,
            53.29957921100329,
            13.512901651112704,
            -0.0060954020062547855,
            0.0013445801745351593,
            -0.0005414050729451491,
            -0.0017892452824015384,
            0.00012273050734981853,
            0.0008011028863843035,
            0.0006699179459424163,
            0.004735415972008703,
            0.0005343371798177959,
            -0.0242253562204168
        ],
        [
            0.0,
            0.0,
            0.0,
            0.0,
            0.0,
            0.0,
            0.0,
            29.69390811659118,
            -0.0028275610160863997,
            0.0026813769380075172,
            -0.0008334395206559845,
            0.0013353548234990296,
            0.0002033295077329828,
            0.00038390472972022366,
            0.00038360564441127686,
            -0.006182579179289001,
            -0.000514612237543262,
            -0.005985573097221044
        ],
        [
            0.0,
            0.0,
            0.0,
            0.0,
            0.0,
            0.0,
            0.0,
            0.0,
            0.005432186235225913,
            -0.0012035475225731765,
            -0.00038799040465996293,
            0.0014874177805378566,
            0.0001777038441085239,
            0.0015670333042379168,
            0.0014829169597366575,
            -0.0005336891124155471,
            -2.4564167992780237e-05,
            -0.0004859892806228533
        ],
        [
            0.0,
            0.0,
            0.0,
            0.0,
            0.0,
            0.0,
            0.0,
            0.0,
            0.0,
            0.003164206919037829,
            -0.0005822708507167043,
            0.0004362565565755226,
            0.00017662134182783317,
            0.0011309134799306355,
            -0.0012647357772451531,
            -0.003410240678765488,
            -0.0004672735419187088,
            -0.009211478478611958
        ],
        [
            0.0,
            0.0,
            0.0,
            0.0,
            0.0,
            0.0,
            0.0,
            0.0,
            0.0,
            0.0,
            0.0012003580783214094,
            0.00036815394241637245,
            -7.98844447786655e-05,
            0.0005584482444282152,
            -0.0004464089560016031,
            0.00223195299401575,
            -0.00019384334860647696,
            0.0009958759593819274
        ],
        [
            0.0,
            0.0,
            0.0,
            0.0,
            0.0,
            0.0,
            0.0,
            0.0,
            0.0,
            0.0,
            0.0,
            0.0018082599248690676,
            0.00016480916297069244,
            0.0004032407011424059,
            0.0004310272817411176,
            -0.003468910808865194,
            0.0004704445279965505,
            0.013501568236976907
        ],
        [
            0.0,
            0.0,
            0.0,
            0.0,
            0.0,
            0.0,
            0.0,
            0.0,
            0.0,
            0.0,
            0.0,
            0.0,
            0.0002467027595049284,
            -7.112424809583102e-05,
            0.0001822372994796275,
            -0.0013996242210695853,
            0.0008558661786401524,
            0.0035388803875650455
        ],
        [
            0.0,
            0.0,
            0.0,
            0.0,
            0.0,
            0.0,
            0.0,
            0.0,
            0.0,
            0.0,
            0.0,
            0.0,
            0.0,
            0.0015826694851009387,
            -0.0008320535295888919,
            0.003348393279470403,
            -0.0002348816444531921,
            -0.0025356494766343627
        ],
        [
            0.0,
            0.0,
            0.0,
            0.0,
            0.0,
            0.0,
            0.0,
            0.0,
            0.0,
            0.0,
            0.0,
            0.0,
            0.0,
            0.0,
            0.0023439836230744124,
            0.0002770028126522253,
            -0.0007855613909760312,
            -0.009666901508137352
        ],
        [
            0.0,
            0.0,
            0.0,
            0.0,
            0.0,
            0.0,
            0.0,
            0.0,
            0.0,
            0.0,
            0.0,
            0.0,
            0.0,
            0.0,
            0.0,
            0.00995510959221828,
            -0.000530683819729395,
            -0.0027031454689532847
        ],
        [
            0.0,
            0.0,
            0.0,
            0.0,
            0.0,
            0.0,
            0.0,
            0.0,
            0.0,
            0.0,
            0.0,
            0.0,
            0.0,
            0.0,
            0.0,
            0.0,
            0.0012242539665030436,
            0.0008713714010276673
        ],
        [
            0.0,
            0.0,
            0.0,
            0.0,
            0.0,
            0.0,
            0.0,
            0.0,
            0.0,
            0.0,
            0.0,
            0.0,
            0.0,
            0.0,
            0.0,
            0.0,
            0.0,
            0.015450376708178871
        ]
    ],
    "RDR": [
        [
            [
                0.010839596721097054,
                -0.3251162866346955,
                1.4090369311500435,
                -0.23786852836990666,
                2.69554650486315,
                28.732690192102073,
                -356.45032231466513,
                85.87693832748504,
                -0.02065559161107858,
                0.021282979332001774,
                -0.012137009873513153,
                -0.0035145103976171816,
                -0.0011594197038864568,
                -0.021668012647674043,
                0.00534074505337447,
                -0.01058386760746585,
                -0.005092609160942402,
                0.012369307603423071
            ],
            [
                0.0,
                0.2880110735904977,
                -1.5286207527090945,
                -0.05452119188884549,
                -2.39408693864007,
                -29.712938382210684,
                334.16316720377904,
                -88.93196353748951,
                0.014314181210880381,
                -0.023112415227731106,
                0.007216438349011857,
                -0.00518320299211443,
                0.0007180215295970577,
                0.022456262033899027,
                -0.003595965896293745,
                0.037970848202297215,
                0.0021914219139389742,
                -0.08933665381724333
            ],
            [
                0.0,
                0.0,
                0.30480583439226805,
                0.09183320040060286,
                -0.7876898696407353,
                1.3830712501971796,
                -66.21828325037406,
                13.396515301964774,
                -0.0007803384473503923,
                0.0050711854162283935,
                0.0008911404329454246,
                0.0039981314743144005,
                0.00018700349651269607,
                -0.002613284309965152,
                -0.0011434157021787273,
                -0.012617664947617829,
                -0.0005716027743319436,
                0.04279468318572258
            ],
            [
                0.0,
                0.0,
                0.0,
                0.3111068974076371,
                -3.0207525908162505,
                -2.4123219955149,
                59.91445992613365,
                50.026047579012506,
                -0.01056606526938643,
                0.011131537163807633,
                0.002890545569892031,
                0.00562348372571179,
                0.000506261944945857,
                0.0023783628154558593,
                0.0013121149579599705,
                -0.034452064576179546,
                -0.0017542363546516108,
                0.008714207025331596
            ],
            [
                0.0,
                0.0,
                0.0,
                0.0,
                1.4042005632791168,
                2.3932157848924813,
                7.277689980620525,
                -0.26288846099777274,
                0.0007812002706903364,
                -0.00058247485829637,
                -0.0016055117142701107,
                0.0009144568203833536,
                0.00016838589027706903,
                0.001592886436875591,
                0.0009678518024123253,
                0.0009256852470577113,
                0.0012164071426192982,
                -0.009049482267618663
            ],
            [
                0.0,
                0.0,
                0.0,
                0.0,
                0.0,
                3.912276934155807,
                -35.355943662321664,
                5.844680632624282,
                0.001943606755840364,
                0.00018275462829934973,
                -0.00022617463300148472,
                0.0011874647998627065,
                -0.00014984393106142878,
                -0.001348086820364351,
                0.0004961945916438237,
                -0.0006566504381852599,
                -0.00016566532447824024,
                0.017827025231956537
            ],
            [
                0.0,
                0.0,
                0.0,
                0.0,
                0.0,
                0.0,
                53.29957921100329,
                13.512901651112704,
                -0.0060954020062547855,
                0.0013445801745351593,
                -0.0005414050729451491,
                -0.0017892452824015384,
                0.00012273050734981853,
                0.0008011028863843035,
                0.0006699179459424163,
                0.004735415972008703,
                0.0005343371798177959,
                -0.0242253562204168
            ],
            [
                0.0,
                0.0,
                0.0,
                0.0,
                0.0,
                0.0,
                0.0,
                29.69390811659118,
                -0.0028275610160863997,
                0.0026813769380075172,
                -0.0008334395206559845,
                0.0013353548234990296,
                0.0002033295077329828,
                0.00038390472972022366,
                0.00038360564441127686,
                -0.006182579179289001,
                -0.000514612237543262,
                -0.005985573097221044
            ],
            [
                0.0,
                0.0,
                0.0,
                0.0,
                0.0,
                0.0,
                0.0,
                0.0,
                0.005432186235225913,
                -0.0012035475225731765,
                -0.00038799040465996293,
                0.0014874177805378566,
                0.0001777038441085239,
                0.0015670333042379168,
                0.0014829169597366575,
                -0.0005336891124155471,
                -2.4564167992780237e-05,
                -0.0004859892806228533
            ],
            [
                0.0,
                0.0,
                0.0,
                0.0,
                0.0,
                0.0,
                0.0,
                0.0,
                0.0,
                0.003164206919037829,
                -0.0005822708507167043,
                0.0004362565565755226,
                0.00017662134182783317,
                0.0011309134799306355,
                -0.0012647357772451531,
                -0.003410240678765488,
                -0.0004672735419187088,
                -0.009211478478611958
            ],
            [
                0.0,
                0.0,
                0.0,
                0.0,
                0.0,
                0.0,
                0.0,
                0.0,
                0.0,
                0.0,
                0.0012003580783214094,
                0.00036815394241637245,
                -7.98844447786655e-05,
                0.0005584482444282152,
                -0.0004464089560016031,
                0.00223195299401575,
                -0.00019384334860647696,
                0.0009958759593819274
            ],
            [
                0.0,
                0.0,
                0.0,
                0.0,
                0.0,
                0.0,
                0.0,
                0.0,
                0.0,
                0.0,
                0.0,
                0.0018082599248690676,
                0.00016480916297069244,
                0.0004032407011424059,
                0.0004310272817411176,
                -0.003468910808865194,
                0.0004704445279965505,
                0.013501568236976907
            ],
            [
                0.0,
                0.0,
                0.0,
                0.0,
                0.0,
                0.0,
                0.0,
                0.0,
                0.0,
                0.0,
                0.0,
                0.0,
                0.0002467027595049284,
                -7.112424809583102e-05,
                0.0001822372994796275,
                -0.0013996242210695853,
                0.0008558661786401524,
                0.0035388803875650455
            ],
            [
                0.0,
                0.0,
                0.0,
                0.0,
                0.0,
                0.0,
                0.0,
                0.0,
                0.0,
                0.0,
                0.0,
                0.0,
                0.0,
                0.0015826694851009387,
                -0.0008320535295888919,
                0.003348393279470403,
                -0.0002348816444531921,
                -0.0025356494766343627
            ],
            [
                0.0,
                0.0,
                0.0,
                0.0,
                0.0,
                0.0,
                0.0,
                0.0,
                0.0,
                0.0,
                0.0,
                0.0,
                0.0,
                0.0,
                0.0023439836230744124,
                0.0002770028126522253,
                -0.0007855613909760312,
                -0.009666901508137352
            ],
            [
                0.0,
                0.0,
                0.0,
                0.0,
                0.0,
                0.0,
                0.0,
                0.0,
                0.0,
                0.0,
                0.0,
                0.0,
                0.0,
                0.0,
                0.0,
                0.00995510959221828,
                -0.000530683819729395,
                -0.0027031454689532847
            ],
            [
                0.0,
                0.0,
                0.0,
                0.0,
                0.0,
                0.0,
                0.0,
                0.0,
                0.0,
                0.0,
                0.0,
                0.0,
                0.0,
                0.0,
                0.0,
                0.0,
                0.0012242539665030436,
                0.0008713714010276673
            ],
            [
                0.0,
                0.0,
                0.0,
                0.0,
                0.0,
                0.0,
                0.0,
                0.0,
                0.0,
                0.0,
                0.0,
                0.0,
                0.0,
                0.0,
                0.0,
                0.0,
                0.0,
                0.015450376708178871
            ]
        ],
        [
            [
                0.0021679193442194107,
                -0.0650232573269391,
                0.2818073862300087,
                -0.04757370567398134,
                0.5391093009726301,
                5.7465380384204146,
                -71.29006446293303,
                17.17538766549701,
                -0.004131118322215716,
                0.004256595866400355,
                -0.0024274019747026307,
                -0.0007029020795234364,
                -0.00023188394077729136,
                -0.004333602529534809,
                0.001068149010674894,
                -0.00211677352149317,
                -0.0010185218321884805,
                0.0024738615206846143
            ],
            [
                0.0,
                0.057602214718099544,
                -0.3057241505418189,
                -0.010904238377769097,
                -0.47881738772801397,
                -5.9425876764421375,
                66.83263344075581,
                -17.786392707497903,
                0.0028628362421760766,
                -0.0046224830455462215,
                0.0014432876698023715,
                -0.001036640598422886,
                0.00014360430591941155,
                0.004491252406779805,
                -0.000719193179258749,
                0.007594169640459444,
                0.0004382843827877949,
                -0.017867330763448666
            ],
            [
                0.0,
                0.0,
                0.06096116687845361,
                0.018366640080120573,
                -0.15753797392814706,
                0.2766142500394359,
                -13.243656650074811,
                2.679303060392955,
                -0.00015606768947007846,
                0.0010142370832456787,
                0.00017822808658908494,
                0.0007996262948628801,
                3.7400699302539216e-05,
                -0.0005226568619930305,
                -0.00022868314043574548,
                -0.0025235329895235657,
                -0.00011432055486638872,
                0.008558936637144517
            ],
            [
                0.0,
                0.0,
                0.0,
                0.06222137948152742,
                -0.6041505181632502,
                -0.48246439910298,
                11.98289198522673,
                10.005209515802502,
                -0.002113213053877286,
                0.0022263074327615266,
                0.0005781091139784063,
                0.0011246967451423579,
                0.0001012523889891714,
                0.0004756725630911719,
                0.0002624229915919941,
                -0.00689041291523591,
                -0.0003508472709303222,
                0.0017428414050663192
            ],
            [
                0.0,
                0.0,
                0.0,
                0.0,
                0.28084011265582337,
                0.4786431569784963,
                1.455537996124105,
                -0.05257769219955455,
                0.00015624005413806727,
                -0.00011649497165927401,
                -0.00032110234285402217,
                0.00018289136407667074,
                3.367717805541381e-05,
                0.00031857728737511823,
                0.00019357036048246506,
                0.00018513704941154228,
                0.00024328142852385966,
                -0.0018098964535237325
            ],
            [
                0.0,
                0.0,
                0.0,
                0.0,
                0.0,
                0.7824553868311614,
                -7.071188732464333,
                1.1689361265248566,
                0.00038872135116807283,
                3.655092565986995e-05,
                -4.5234926600296946e-05,
                0.0002374929599725413,
                -2.9968786212285757e-05,
                -0.0002696173640728702,
                9.923891832876474e-05,
                -0.000131330087637052,
                -3.313306489564805e-05,
                0.0035654050463913077
            ],
            [
                0.0,
                0.0,
                0.0,
                0.0,
                0.0,
                0.0,
                10.65991584220066,
                2.702580330222541,
                -0.0012190804012509571,
                0.00026891603490703187,
                -0.00010828101458902982,
                -0.0003578490564803077,
                2.4546101469963706e-05,
                0.0001602205772768607,
                0.00013398358918848327,
                0.0009470831944017407,
                0.00010686743596355919,
                -0.004845071244083361
            ],
            [
                0.0,
                0.0,
                0.0,
                0.0,
                0.0,
                0.0,
                0.0,
                5.938781623318237,
                -0.0005655122032172799,
                0.0005362753876015034,
                -0.0001666879041311969,
                0.00026707096469980594,
                4.0665901546596564e-05,
                7.678094594404474e-05,
                7.672112888225537e-05,
                -0.0012365158358578002,
                -0.0001029224475086524,
                -0.0011971146194442088
            ],
            [
                0.0,
                0.0,
                0.0,
                0.0,
                0.0,
                0.0,
                0.0,
                0.0,
                0.0010864372470451827,
                -0.0002407095045146353,
                -7.759808093199259e-05,
                0.0002974835561075713,
                3.554076882170478e-05,
                0.0003134066608475834,
                0.0002965833919473315,
                -0.00010673782248310943,
                -4.912833598556047e-06,
                -9.719785612457066e-05
            ],
            [
                0.0,
                0.0,
                0.0,
                0.0,
                0.0,
                0.0,
                0.0,
                0.0,
                0.0,
                0.0006328413838075659,
                -0.00011645417014334087,
                8.725131131510452e-05,
                3.5324268365566636e-05,
                0.0002261826959861271,
                -0.00025294715544903066,
                -0.0006820481357530977,
                -9.345470838374176e-05,
                -0.0018422956957223917
            ],
            [
                0.0,
                0.0,
                0.0,
                0.0,
                0.0,
                0.0,
                0.0,
                0.0,
                0.0,
                0.0,
                0.00024007161566428188,
                7.363078848327449e-05,
                -1.5976888955733102e-05,
                0.00011168964888564305,
                -8.928179120032062e-05,
                0.00044639059880315004,
                -3.8768669721295394e-05,
                0.0001991751918763855
            ],
            [
                0.0,
                0.0,
                0.0,
                0.0,
                0.0,
                0.0,
                0.0,
                0.0,
                0.0,
                0.0,
                0.0,
                0.00036165198497381355,
                3.296183259413849e-05,
                8.064814022848118e-05,
                8.620545634822352e-05,
                -0.0006937821617730389,
                9.40889055993101e-05,
                0.0027003136473953814
            ],
            [
                0.0,
                0.0,
                0.0,
                0.0,
                0.0,
                0.0,
                0.0,
                0.0,
                0.0,
                0.0,
                0.0,
                0.0,
                4.9340551900985686e-05,
                -1.4224849619166204e-05,
                3.6447459895925506e-05,
                -0.00027992484421391706,
                0.0001711732357280305,
                0.0007077760775130092
            ],
            [
                0.0,
                0.0,
                0.0,
                0.0,
                0.0,
                0.0,
                0.0,
                0.0,
                0.0,
                0.0,
                0.0,
                0.0,
                0.0,
                0.00031653389702018776,
                -0.0001664107059177784,
                0.0006696786558940806,
                -4.697632889063842e-05,
                -0.0005071298953268726
            ],
            [
                0.0,
                0.0,
                0.0,
                0.0,
                0.0,
                0.0,
                0.0,
                0.0,
                0.0,
                0.0,
                0.0,
                0.0,
                0.0,
                0.0,
                0.0004687967246148825,
                5.540056253044506e-05,
                -0.00015711227819520626,
                -0.0019333803016274706
            ],
            [
                0.0,
                0.0,
                0.0,
                0.0,
                0.0,
                0.0,
                0.0,
                0.0,
                0.0,
                0.0,
                0.0,
                0.0,
                0.0,
                0.0,
                0.0,
                0.001991021918443656,
                -0.00010613676394587901,
                -0.0005406290937906569
            ],
            [
                0.0,
                0.0,
                0.0,
                0.0,
                0.0,
                0.0,
                0.0,
                0.0,
                0.0,
                0.0,
                0.0,
                0.0,
                0.0,
                0.0,
                0.0,
                0.0,
                0.00024485079330060876,
                0.00017427428020553345
            ],
            [
                0.0,
                0.0,
                0.0,
                0.0,
                0.0,
                0.0,
                0.0,
                0.0,
                0.0,
                0.0,
                0.0,
                0.0,
                0.0,
                0.0,
                0.0,
                0.0,
                0.0,
                0.0030900753416357746
            ]
        ]
    ],
    "allnames": [
        "m1_flow_nominal",
        "m2_flow_nominal",
        "tau1",
        "tau2",
        "tau_m",
        "nominalUa.hasValue",
        "workingPressure.hasValue",
        "flowCoefficient.hasValue",
        "waterFlowRateMax",
        "c1",
        "c2",
        "c3",
        "c4",
        "eps_motor",
        "f_motorToAir",
        "kp",
        "Ti",
        "Td"
    ],
    "alpha_count": 4254,
    "cov": [
        [
            0.00036717767836255634,
            -0.011012904483064674,
            0.04772935030874583,
            -0.008057496625533194,
            0.09130824079899759,
            0.9732836699831472,
            -12.0743054531126,
            2.9089730597264394,
            -0.0006996821346867725,
            0.0007209341030698212,
            -0.0004111259138401742,
            -0.0001190496105696022,
            -3.9273881314446736e-05,
            -0.0007339766214013033,
            0.00018091100802741629,
            -0.00035851517692003803,
            -0.0001725057173836878,
            0.000418994706688455
        ],
        [
            -0.011012904483064674,
            0.5895343073308893,
            -2.8073767465222197,
            0.19260070512982455,
            -4.893405061184232,
            -55.934752572719276,
            662.9078053170177,
            -167.29181747353763,
            0.03386909981547258,
            -0.04242523353734873,
            0.018826105429136798,
            -0.0010943602768250984,
            0.0018242011886843844,
            0.042225862337431856,
            -0.008662628743756576,
            0.04492816403330618,
            0.007146387368158543,
            -0.09297315291610657
        ],
        [
            0.04772935030874583,
            -2.8073767465222197,
            13.796790861366306,
            -0.6994750642961507,
            22.55525964131692,
            269.77126260443316,
            -3228.8879359954663,
            815.719870952063,
            -0.16007280494783155,
            0.20895108858807637,
            -0.08706583676010442,
            0.013092907856671717,
            -0.008357025111638222,
            -0.2051708828846672,
            0.03960517293128284,
            -0.24000632745550343,
            -0.033436735187002076,
            0.5219835729518169
        ],
        [
            -0.008057496625533194,
            0.19260070512982455,
            -0.6994750642961507,
            0.5149213608258397,
            -4.75865704656699,
            -18.244050216471845,
            247.2753259569527,
            3.796715732736448,
            0.0024189131182053465,
            0.00039489571757037094,
            0.010858339998347996,
            0.010110161264347032,
            0.001285364942717457,
            0.013842921638849152,
            -0.0024097947790430153,
            -0.03571763238148397,
            0.001542641782053359,
            0.026779670240593315
        ],
        [
            0.09130824079899759,
            -4.893405061184232,
            22.55525964131692,
            -4.75865704656699,
            77.2337624913064,
            494.1994124073805,
            -5873.287647586095,
            882.3699154383211,
            -0.17599502018806373,
            0.2320760604303157,
            -0.19275212844693748,
            -0.049740148582032226,
            -0.01963881554935403,
            -0.3595582356660724,
            0.06656694374658371,
            -0.01289062855275978,
            -0.035988687758633744,
            0.5452564686172612
        ],
        [
            0.9732836699831472,
            -55.934752572719276,
            269.77126260443316,
            -18.244050216471845,
            494.1994124073805,
            5428.724278362876,
            -64149.27815730908,
            15718.723990824255,
            -3.077887819137609,
            3.9929280579317146,
            -1.7925566946223326,
            0.16195338610305338,
            -0.17435516084571537,
            -4.064486024785028,
            0.8119110806968431,
            -4.271949225744818,
            -0.6429179183198143,
            9.675348412221952
        ],
        [
            -12.0743054531126,
            662.9078053170177,
            -3228.8879359954663,
            247.2753259569527,
            -5873.287647586095,
            -64149.27815730908,
            783875.971270418,
            -180333.70317947184,
            34.927068485219635,
            -46.617321400593156,
            21.31043812996507,
            -1.6806356318372973,
            2.1382064200001474,
            48.891016010370116,
            -9.14316663396576,
            48.483669408097704,
            7.8859091553817295,
            -120.50343197869846
        ],
        [
            2.9089730597264394,
            -167.29181747353763,
            815.719870952063,
            3.796715732736448,
            882.3699154383211,
            15718.723990824255,
            -180333.70317947184,
            59576.15883143417,
            -11.69072819022218,
            14.396761253332588,
            -4.876513787194956,
            1.6131021281392832,
            -0.4025467599426363,
            -11.749887206872545,
            2.6620444651030613,
            -19.693570589596188,
            -2.3030893009204627,
            30.055755091828534
        ],
        [
            -0.0006996821346867725,
            0.03386909981547258,
            -0.16007280494783155,
            0.0024189131182053465,
            -0.17599502018806373,
            -3.077887819137609,
            34.927068485219635,
            -11.69072819022218,
            0.0025713920850216477,
            -0.0028576151643128493,
            0.0010144145845437727,
            -0.00014345114447225144,
            8.816835892965794e-05,
            0.0023346437657683016,
            -0.0005317290951634334,
            0.003503661229540076,
            0.0004819800458901661,
            -0.004594432788306222
        ],
        [
            0.0007209341030698212,
            -0.04242523353734873,
            0.20895108858807637,
            0.00039489571757037094,
            0.2320760604303157,
            3.9929280579317146,
            -46.617321400593156,
            14.396761253332588,
            -0.0028576151643128493,
            0.00361752523271935,
            -0.001224531402906433,
            0.0004009992881913774,
            -0.00010549238743583831,
            -0.0030135347906283905,
            0.0006289232575497175,
            -0.0049105108169955345,
            -0.0005759693702573817,
            0.008041900912328218
        ],
        [
            -0.0004111259138401742,
            0.018826105429136798,
            -0.08706583676010442,
            0.010858339998347996,
            -0.19275212844693748,
            -1.7925566946223326,
            21.31043812996507,
            -4.876513787194956,
            0.0010144145845437727,
            -0.001224531402906433,
            0.0006690011725264541,
            7.124697446592554e-05,
            6.29481966258548e-05,
            0.001331196079495549,
            -0.000283500875035131,
            0.0009305145509042153,
            0.00021973836883874172,
            -0.0021754533215990815
        ],
        [
            -0.0001190496105696022,
            -0.0010943602768250984,
            0.013092907856671717,
            0.010110161264347032,
            -0.049740148582032226,
            0.16195338610305338,
            -1.6806356318372973,
            1.6131021281392832,
            -0.00014345114447225144,
            0.0004009992881913774,
            7.124697446592554e-05,
            0.00031207796538246387,
            1.4330346982732589e-05,
            -0.00010819505702877502,
            1.791422598339777e-05,
            -0.001338111766963005,
            -1.8123456520381318e-05,
            0.002212394719987568
        ],
        [
            -3.9273881314446736e-05,
            0.0018242011886843844,
            -0.008357025111638222,
            0.001285364942717457,
            -0.01963881554935403,
            -0.17435516084571537,
            2.1382064200001474,
            -0.4025467599426363,
            8.816835892965794e-05,
            -0.00010549238743583831,
            6.29481966258548e-05,
            1.4330346982732589e-05,
            7.5483521877095975e-06,
            0.000134659043878362,
            -2.4634558605560457e-05,
            5.474876078281309e-05,
            2.1533830047834345e-05,
            -0.00022860115840355616
        ],
        [
            -0.0007339766214013033,
            0.042225862337431856,
            -0.2051708828846672,
            0.013842921638849152,
            -0.3595582356660724,
            -4.064486024785028,
            48.891016010370116,
            -11.749887206872545,
            0.0023346437657683016,
            -0.0030135347906283905,
            0.001331196079495549,
            -0.00010819505702877502,
            0.000134659043878362,
            0.003119172008411958,
            -0.0005916302014628087,
            0.003241818979402329,
            0.0004948523136982976,
            -0.007609031349544986
        ],
        [
            0.00018091100802741629,
            -0.008662628743756576,
            0.03960517293128284,
            -0.0024097947790430153,
            0.06656694374658371,
            0.8119110806968431,
            -9.14316663396576,
            2.6620444651030613,
            -0.0005317290951634334,
            0.0006289232575497175,
            -0.000283500875035131,
            1.791422598339777e-05,
            -2.4634558605560457e-05,
            -0.0005916302014628087,
            0.0001770809706758065,
            -0.0006994888048683034,
            -0.00011286628664324012,
            0.0010243026780847161
        ],
        [
            -0.00035851517692003803,
            0.04492816403330618,
            -0.24000632745550343,
            -0.03571763238148397,
            -0.01289062855275978,
            -4.271949225744818,
            48.483669408097704,
            -19.693570589596188,
            0.003503661229540076,
            -0.0049105108169955345,
            0.0009305145509042153,
            -0.001338111766963005,
            5.474876078281309e-05,
            0.003241818979402329,
            -0.0006994888048683034,
