3.764206003707656120e-04 -2.493423708074000295e-03 7.931029913774688758e-03 -7.036648874422054461e-04 -6.691824132607170073e-02 7.222368752605019815e-02 -2.303403816182433950e+00 1.338907136222208916e+00 -4.488770424940225477e-04 3.916082820749774117e-04 -1.039619652754009680e-04 -6.874141475290327069e-05 -2.046493764929460316e-06 -7.627744625521714770e-05 1.230239667900405931e-04 -4.588872055608079581e-04 -1.737180430544247505e-04 -1.396183434065349695e-03
-2.493423708074000295e-03 6.179025680571116341e-01 -3.397551743940876001e+00 -7.926085904677401262e-01 2.958641920615832088e+00 -5.583693325980061672e+01 6.214738361401678048e+02 -3.020542089854527035e+02 5.752205399825743859e-02 -7.629358283273179886e-02 7.534280891102586655e-03 -2.260267660824722552e-02 4.884937776680610237e-04 4.469162101027652351e-02 -9.187531707207978460e-03 1.551028110201399246e-01 1.035512834174916012e-02 -2.289155554946683269e-01
7.931029913774688758e-03 -3.397551743940876001e+00 2.029049020260492497e+01 4.550667224914774600e+00 -1.582006945668666553e+01 3.195982795024212919e+02 -3.815778083981779673e+03 1.674767104378106751e+03 -3.052227556812540654e-01 4.312181668027471049e-01 -3.904641370429610264e-02 1.418124247592105203e-01 -2.285154933739176001e-03 -2.620103156367312724e-01 4.132511792617701157e-02 -8.760914756281241722e-01 -5.551278326447182249e-02 1.504385639393483798e+00
-7.036648874422054461e-04 -7.926085904677401262e-01 4.550667224914774600e+00 1.520224961408626507e+00 -5.928614066274475292e+00 7.770130212123298463e+01 -8.030126992032247699e+02 4.471555991366730609e+02 -7.902729411593709119e-02 1.117656320452809215e-01 -6.555790703388883305e-03 4.326685388464909104e-02 -3.527995047697374368e-06 -5.632221107166801577e-02 1.243983314696910439e-02 -2.534554711846492836e-01 -1.278705653207562985e-02 3.755075884111391260e-01
-6.691824132607170073e-02 2.958641920615832088e+00 -1.582006945668666553e+01 -5.928614066274475292e+00 6.240349640191671909e+01 -2.479957512746054249e+02 3.330583188007773060e+03 -1.758326711168681413e+03 3.401511200047930283e-01 -4.755678572387289083e-01 8.591396324293096992e-03 -1.491311170789636209e-01 2.937926627795267153e-03 2.218634499648250991e-01 -3.998761652157679231e-02 1.079532193977978949e+00 9.494597145743542688e-02 -1.358560450104192796e+00
7.222368752605019815e-02 -5.583693325980061672e+01 3.195982795024212919e+02 7.770130212123298463e+01 -2.479957512746054249e+02 5.415765614118879057e+03 -5.919286855912738974e+04 2.874700582712347750e+04 -5.127605781681025654e+00 7.096246126551532640e+00 -6.745646074422650962e-01 2.354194619345246764e+00 -3.566076501011575250e-02 -4.160492862182273655e+00 8.506659351275035474e-01 -1.456483763676705934e+01 -8.903214634370986147e-01 2.336332001599041774e+01
-2.303403816182433950e+00 6.214738361401678048e+02 -3.815778083981779673e+03 -8.030126992032247699e+02 3.330583188007773060e+03 -5.919286855912738974e+04 7.860953747940825997e+05 -3.014388972682571039e+05 4.983325986903345495e+01 -7.889974233971121009e+01 6.776826478795708653e+00 -2.782203303206514988e+01 5.734766092067026255e-01 5.042805946673046691e+01 -6.720460034988129827e+00 1.633316671506814828e+02 1.157152290363716851e+01 -3.061912180603590627e+02
1.338907136222208916e+00 -3.020542089854527035e+02 1.674767104378106751e+03 4.471555991366730609e+02 -1.758326711168681413e+03 2.874700582712347750e+04 -3.014388972682571039e+05 1.732017159252477577e+05 -3.133583354315667435e+01 4.078222445630147064e+01 -3.951454487014022465e+00 1.322671898052770523e+01 -6.445853270471973984e-02 -2.143624018971411260e+01 5.125889213489489116e+00 -8.494604944538610880e+01 -5.336566871806271983e+00 1.155099745344010103e+02
-4.488770424940225477e-04 5.752205399825743859e-02 -3.052227556812540654e-01 -7.902729411593709119e-02 3.401511200047930283e-01 -5.127605781681025654e+00 4.983325986903345495e+01 -3.133583354315667435e+01 6.881005000625726835e-03 -7.654716054929195518e-03 7.594103006165592827e-04 -1.875228454524525924e-03 3.384677622305027386e-05 4.011515422018596504e-03 -9.299151943979534806e-04 1.492514811880757235e-02 1.000690985247338618e-03 -1.695852995585029124e-02
3.916082820749774117e-04 -7.629358283273179886e-02 4.312181668027471049e-01 1.117656320452809215e-01 -4.755678572387289083e-01 7.096246126551532640e+00 -7.889974233971121009e+01 4.078222445630147064e+01 -7.654716054929195518e-03 1.029259583393873044e-02 -9.170276857043724609e-04 3.255677859046648710e-03 -2.745678461980581936e-05 -5.489179823329135184e-03 1.080304793222549090e-03 -2.115867587408755413e-02 -1.389472214330101296e-03 3.004956271119930272e-02
-1.039619652754009680e-04 7.534280891102586655e-03 -3.904641370429610264e-02 -6.555790703388883305e-03 8.591396324293096992e-03 -6.745646074422650962e-01 6.776826478795708653e+00 -3.951454487014022465e+00 7.594103006165592827e-04 -9.170276857043724609e-04 1.877381431974517369e-04 -2.004489683480932148e-04 -1.934987119262587489e-06 4.741789285514775285e-04 -1.703319453213415161e-04 1.619655400522611614e-03 1.315944875651020487e-04 -1.479900190723596994e-03
-6.874141475290327069e-05 -2.260267660824722552e-02 1.418124247592105203e-01 4.326685388464909104e-02 -1.491311170789636209e-01 2.354194619345246764e+00 -2.782203303206514988e+01 1.322671898052770523e+01 -1.875228454524525924e-03 3.255677859046648710e-03 -2.004489683480932148e-04 1.534440077557257904e-03 1.367158248545237191e-05 -1.689430466952739941e-03 3.316289424899078312e-04 -7.658530458925998964e-03 -3.704155391522492911e-04 1.340758165995399251e-02
-2.046493764929460316e-06 4.884937776680610237e-04 -2.285154933739176001e-03 -3.527995047697374368e-06 2.937926627795267153e-03 -3.566076501011575250e-02 5.734766092067026255e-01 -6.445853270471973984e-02 3.384677622305027386e-05 -2.745678461980581936e-05 -1.934987119262587489e-06 1.367158248545237191e-05 5.457700016285466534e-06 5.375191194415300592e-05 3.077224733856288780e-07 1.876044159165058883e-05 1.462993471549204243e-05 -1.285866592289396711e-04
-7.627744625521714770e-05 4.469162101027652351e-02 -2.620103156367312724e-01 -5.632221107166801577e-02 2.218634499648250991e-01 -4.160492862182273655e+00 5.042805946673046691e+01 -2.143624018971411260e+01 4.011515422018596504e-03 -5.489179823329135184e-03 4.741789285514775285e-04 -1.689430466952739941e-03 5.375191194415300592e-05 3.624817145333727921e-03 -5.335029774879125955e-04 1.114429825050284456e-02 7.406728602134327651e-04 -1.980919411427982044e-02
1.230239667900405931e-04 -9.187531707207978460e-03 4.132511792617701157e-02 1.243983314696910439e-02 -3.998761652157679231e-02 8.506659351275035474e-01 -6.720460034988129827e+00 5.125889213489489116e+00 -9.299151943979534806e-04 1.080304793222549090e-03 -1.703319453213415161e-04 3.316289424899078312e-04 3.077224733856288780e-07 -5.335029774879125955e-04 3.969305361491966364e-04 -2.334194716580612929e-03 -1.707139269636706071e-04 1.833918231347945495e-03
-4.588872055608079581e-04 1.551028110201399246e-01 -8.760914756281241722e-01 -2.534554711846492836e-01 1.079532193977978949e+00 -1.456483763676705934e+01 1.633316671506814828e+02 -8.494604944538610880e+01 1.492514811880757235e-02 -2.115867587408755413e-02 1.619655400522611614e-03 -7.658530458925998964e-03 1.876044159165058883e-05 1.114429825050284456e-02 -2.334194716580612929e-03 4.822736012740625605e-02 2.657754509062269788e-03 -6.923245623619332656e-02
-1.737180430544247505e-04 1.035512834174916012e-02 -5.551278326447182249e-02 -1.278705653207562985e-02 9.494597145743542688e-02 -8.903214634370986147e-01 1.157152290363716851e+01 -5.336566871806271983e+00 1.000690985247338618e-03 -1.389472214330101296e-03 1.315944875651020487e-04 -3.704155391522492911e-04 1.462993471549204243e-05 7.406728602134327651e-04 -1.707139269636706071e-04 2.657754509062269788e-03 3.177033600430041629e-04 -3.321974853168432711e-03
-1.396183434065349695e-03 -2.289155554946683269e-01 1.504385639393483798e+00 3.755075884111391260e-01 -1.358560450104192796e+00 2.336332001599041774e+01 -3.061912180603590627e+02 1.155099745344010103e+02 -1.695852995585029124e-02 3.004956271119930272e-02 -1.479900190723596994e-03 1.340758165995399251e-02 -1.285866592289396711e-04 -1.980919411427982044e-02 1.833918231347945495e-03 -6.923245623619332656e-02 -3.321974853168432711e-03 1.509608063634017838e-01
3.704801064498420681e-04 -8.798512504949024954e-03 3.836919297371556292e-02 -4.120672437543542767e-03 3.767324772651699932e-02 7.344579712761714063e-01 -9.280207241107969907e+00 2.878249036511079773e+00 -7.151417595144326589e-04 7.494766129759178590e-04 -3.302258667824841299e-04 -6.449932128815334285e-05 -2.416111042176379524e-05 -5.528814141647793706e-04 1.650999727699840706e-04 -7.099731377371187218e-04 -1.849621360118756941e-04 -1.627719108045640162e-04
-8.798512504949024954e-03 7.458988103588553020e-01 -3.805748321985986671e+00 -2.743743560868296405e-01 -2.363862418892235695e+00 -6.889074281090320540e+01 7.767428218036616272e+02 -2.890931850916000485e+02 5.565734507044799162e-02 -7.207756080202269711e-02 1.880985983784031618e-02 -1.254446520816274689e-02 1.364799861716343987e-03 5.287224721659752880e-02 -1.160456764577693506e-02 1.175892007844658166e-01 1.039767440044631064e-02 -1.596540550277661952e-01
3.836919297371556292e-02 -3.805748321985986671e+00 2.040258465004837163e+01 1.761683094796986593e+00 1.028914252499164483e+01 3.577334841482591514e+02 -4.156318142099610668e+03 1.511366217594014188e+03 -2.815246057148031444e-01 3.808567548318375073e-01 -9.120894107623493674e-02 7.911130601143406826e-02 -6.404487986070787897e-03 -2.789703384355510241e-01 5.511560095042764701e-02 -6.410745340894550282e-01 -5.272865784217913715e-02 9.831548970361803086e-01
-4.120672437543542767e-03 -2.743743560868296405e-01 1.761683094796986593e+00 8.573253415926385124e-01 -4.217766590234874435e+00 2.773014922340745514e+01 -2.678660844186921963e+02 1.926398176129030446e+02 -3.153580005106387113e-02 4.802534920876151692e-02 1.449072971592119509e-03 2.316182030118871249e-02 4.701045263139639794e-04 -1.998500825722485455e-02 4.751076832150613952e-03 -1.239099933837394529e-01 -4.693638272827725666e-03 1.828296931858931218e-01
3.767324772651699932e-02 -2.363862418892235695e+00 1.028914252499164483e+01 -4.217766590234874435e+00 6.643452768168208422e+01 2.356507121443070503e+02 -2.397477930180712065e+03 3.171472854357362507e+02 -6.952869044109133423e-02 5.760243135538715975e-02 -1.307951931909472898e-01 -6.898930979113195028e-02 -8.552531580401300307e-03 -1.537567606660619479e-01 3.952300233869916746e-02 2.138756668730714683e-01 1.697241232987183957e-03 -3.314148769988482512e-01
7.344579712761714063e-01 -6.889074281090320540e+01 3.577334841482591514e+02 2.773014922340745514e+01 2.356507121443070503e+02 6.551518329402934796e+03 -7.327153096695536806e+04 2.735673639641588306e+04 -5.082704715574457133e+00 6.737453192589086370e+00 -1.744736465157655791e+00 1.303354373406160338e+00 -1.221218828346488511e-01 -4.944710402966107310e+00 1.084955830205786453e+00 -1.107885733685902707e+01 -9.329697170288552277e-01 1.596017278066442557e+01
-9.280207241107969907e+00 7.767428218036616272e+02 -4.156318142099610668e+03 -2.678660844186921963e+02 -2.397477930180712065e+03 -7.327153096695536806e+04 8.925686944550710032e+05 -2.972717056628876599e+05 5.353969091940702896e+01 -7.544991005647980842e+01 1.938002111723804077e+01 -1.512976175812223367e+01 1.507815823760265683e+00 5.790369898388940584e+01 -1.083996411727722453e+01 1.239805096944905642e+02 1.140068420493755497e+01 -2.024143633844840053e+02
2.878249036511079773e+00 -2.890931850916000485e+02 1.511366217594014188e+03 1.926398176129030446e+02 3.171472854357362507e+02 2.735673639641588306e+04 -2.972717056628876599e+05 1.312814536214484251e+05 -2.416780530915116643e+01 3.135359375271463023e+01 -6.685466562613930463e+00 7.230058191131498724e+00 -3.643284255893666779e-01 -2.038107859029474156e+01 4.815107339959478594e+00 -5.617054743729451616e+01 -4.288753409335260613e+00 7.270812808033761598e+01
-7.151417595144326589e-04 5.565734507044799162e-02 -2.815246057148031444e-01 -3.153580005106387113e-02 -6.952869044109133423e-02 -5.082704715574457133e+00 5.353969091940702896e+01 -2.416780530915116643e+01 5.126405954159197510e-03 -5.926845980566547260e-03 1.320300928131360558e-03 -9.981906179189195191e-04 8.569635276603860348e-05 3.871391234896710224e-03 -8.813334100696594217e-04 9.884896571820327854e-03 8.244954211906627096e-04 -1.109004132671692275e-02
7.494766129759178590e-04 -7.207756080202269711e-02 3.808567548318375073e-01 4.802534920876151692e-02 5.760243135538715975e-02 6.737453192589086370e+00 -7.544991005647980842e+01 3.135359375271463023e+01 -5.926845980566547260e-03 7.839710212684977003e-03 -1.621122072520011061e-03 1.770378895491347493e-03 -9.563491221893358262e-05 -5.114848248649780417e-03 1.087903386488560647e-03 -1.391441699670566655e-02 -1.094027855173707476e-03 1.863645988714936197e-02
-3.302258667824841299e-04 1.880985983784031618e-02 -9.120894107623493674e-02 1.449072971592119509e-03 -1.307951931909472898e-01 -1.744736465157655791e+00 1.938002111723804077e+01 -6.685466562613930463e+00 1.320300928131360558e-03 -1.621122072520011061e-03 6.203053928956538685e-04 -1.262184770509804143e-04 3.829652920762526594e-05 1.278796624367071295e-03 -3.184517108617349046e-04 2.119538261450468284e-03 2.471342885489748978e-04 -2.167453841581516456e-03
-6.449932128815334285e-05 -1.254446520816274689e-02 7.911130601143406826e-02 2.316182030118871249e-02 -6.898930979113195028e-02 1.303354373406160338e+00 -1.512976175812223367e+01 7.230058191131498724e+00 -9.981906179189195191e-04 1.770378895491347493e-03 -1.262184770509804143e-04 8.271308989899080460e-04 8.263368121517081669e-06 -9.427338909494884086e-04 2.010165136627499092e-04 -4.190301947300726151e-03 -1.922357232739423571e-04 7.071316003465027110e-03
-2.416111042176379524e-05 1.364799861716343987e-03 -6.404487986070787897e-03 4.701045263139639794e-04 -8.552531580401300307e-03 -1.221218828346488511e-01 1.507815823760265683e+00 -3.643284255893666779e-01 8.569635276603860348e-05 -9.563491221893358262e-05 3.829652920762526594e-05 8.263368121517081669e-06 6.116768387688189942e-06 1.054382861812783981e-04 -1.710548317805549477e-05 9.133110676277183778e-05 2.150042541993145079e-05 -1.723420011669525185e-04
-5.528814141647793706e-04 5.287224721659752880e-02 -2.789703384355510241e-01 -1.998500825722485455e-02 -1.537567606660619479e-01 -4.944710402966107310e+00 5.790369898388940584e+01 -2.038107859029474156e+01 3.871391234896710224e-03 -5.114848248649780417e-03 1.278796624367071295e-03 -9.427338909494884086e-04 1.054382861812783981e-04 3.957321331966746382e-03 -7.626810213279445897e-04 8.417535806009389734e-03 7.354803220182913170e-04 -1.321357859757643985e-02
1.650999727699840706e-04 -1.160456764577693506e-02 5.511560095042764701e-02 4.751076832150613952e-03 3.952300233869916746e-02 1.084955830205786453e+00 -1.083996411727722453e+01 4.815107339959478594e+00 -8.813334100696594217e-04 1.087903386488560647e-03 -3.184517108617349046e-04 2.010165136627499092e-04 -1.710548317805549477e-05 -7.626810213279445897e-04 3.199250866629212348e-04 -1.865727751849645876e-03 -1.671606625999755844e-04 1.738941260505848154e-03
-7.099731377371187218e-04 1.175892007844658166e-01 -6.410745340894550282e-01 -1.239099933837394529e-01 2.138756668730714683e-01 -1.107885733685902707e+01 1.239805096944905642e+02 -5.617054743729451616e+01 9.884896571820327854e-03 -1.391441699670566655e-02 2.119538261450468284e-03 -4.190301947300726151e-03 9.133110676277183778e-05 8.417535806009389734e-03 -1.865727751849645876e-03 2.890337607517886112e-02 1.778300404896614737e-03 -3.980784840275830572e-02
-1.849621360118756941e-04 1.039767440044631064e-02 -5.272865784217913715e-02 -4.693638272827725666e-03 1.697241232987183957e-03 -9.329697170288552277e-01 1.140068420493755497e+01 -4.288753409335260613e+00 8.244954211906627096e-04 -1.094027855173707476e-03 2.471342885489748978e-04 -1.922357232739423571e-04 2.150042541993145079e-05 7.354803220182913170e-04 -1.671606625999755844e-04 1.778300404896614737e-03 2.230079162671218013e-04 -2.187169598306317343e-03
-1.627719108045640162e-04 -1.596540550277661952e-01 9.831548970361803086e-01 1.828296931858931218e-01 -3.314148769988482512e-01 1.596017278066442557e+01 -2.024143633844840053e+02 7.270812808033761598e+01 -1.109004132671692275e-02 1.863645988714936197e-02 -2.167453841581516456e-03 7.071316003465027110e-03 -1.723420011669525185e-04 -1.321357859757643985e-02 1.738941260505848154e-03 -3.980784840275830572e-02 -2.187169598306317343e-03 8.219823561889891272e-02
4.169264111715989649e-04 -1.175109785214407954e-02 5.141201995879086245e-02 -7.039462922730615677e-03 7.978786191902925706e-02 1.014894587325105624e+00 -1.271224055820473708e+01 3.342967929268590321e+00 -8.210170984251309503e-04 8.589761755946497251e-04 -4.361462471713882234e-04 -1.046118491159692875e-04 -3.801252834205273327e-05 -7.747799672296906172e-04 2.030783829001660376e-04 -6.548193980526016830e-04 -2.006646234688647535e-04 3.132132167501130949e-04
-1.175109785214407954e-02 7.005244692610700374e-01 -3.428786381163591024e+00 -3.405037149473209152e-02 -3.467226714580206703e+00 -6.406580199076425686e+01 7.432390812963783446e+02 -2.418595776515484204e+02 4.899404389535935017e-02 -6.044817897566705234e-02 2.000823031522626361e-02 -6.219145520880898885e-03 1.667689204255453457e-03 4.927160632089100378e-02 -1.094857416845669562e-02 8.459117573833922765e-02 9.607502719201431451e-03 -1.208619994829817773e-01
5.141201995879086245e-02 -3.428786381163591024e+00 1.751148295170608549e+01 5.205487642189109421e-01 1.516152952836539569e+01 3.180511283979630548e+02 -3.759511280051211088e+03 1.223006465310946396e+03 -2.398345608131396967e-01 3.082548999456127259e-01 -9.357805374273341081e-02 4.330881963979091309e-02 -7.595781826589502808e-03 -2.474834864880399443e-01 5.083785603824188953e-02 -4.544670061627807400e-01 -4.689172739691316316e-02 7.184555089802693306e-01
-7.039462922730615677e-03 -3.405037149473209152e-02 5.205487642189109421e-01 6.792525531977536835e-01 -4.186817794709602580e+00 5.202200000701319382e+00 -1.358336757229954728e+01 9.230647304006052423e+01 -1.230345139656161685e-02 2.290199192243067006e-02 6.419214997699844959e-03 1.697942041106798028e-02 8.655146595002345417e-04 -3.047503681225217313e-03 8.117771224589661076e-04 -7.791111913544086776e-02 -1.172837425156516688e-03 1.110750472290014251e-01
7.978786191902925706e-02 -3.467226714580206703e+00 1.516152952836539569e+01 -4.186817794709602580e+00 6.180044189110833486e+01 3.259004215236022901e+02 -3.695680891626253015e+03 6.699789773752909241e+02 -1.571620531465848791e-01 1.540949567764950678e-01 -1.565625516827929276e-01 -6.569127237941596587e-02 -1.273981902339183653e-02 -2.330199359765753320e-01 5.622946583105738888e-02 8.373104452933488595e-02 -2.380572758515702575e-02 -8.503253671772445510e-02
1.014894587325105624e+00 -6.406580199076425686e+01 3.180511283979630548e+02 5.202200000701319382e+00 3.259004215236022901e+02 5.986376269846417017e+03 -6.896289377472577326e+04 2.262292954182657559e+04 -4.449667829710239886e+00 5.598001224063049008e+00 -1.829634872526973766e+00 6.775915760257212872e-01 -1.490583924242974145e-01 -4.547795300278602681e+00 1.009865216665833065e+00 -7.938893715760902303e+00 -8.608800479625805524e-01 1.192631742067075251e+01
-1.271224055820473708e+01 7.432390812963783446e+02 -3.759511280051211088e+03 -1.358336757229954728e+01 -3.695680891626253015e+03 -6.896289377472577326e+04 8.449328880214177771e+05 -2.526865373160775634e+05 4.888449898162949125e+01 -6.405001742113999796e+01 2.120190997238672281e+01 -7.709188922329956561e+00 1.845461193224710694e+00 5.415099554884871935e+01 -1.078990255865216952e+01 8.953362306874129217e+01 1.056756894079370745e+01 -1.509114174401676394e+02
3.342967929268590321e+00 -2.418595776515484204e+02 1.223006465310946396e+03 9.230647304006052423e+01 6.699789773752909241e+02 2.262292954182657559e+04 -2.526865373160775634e+05 9.937780032622705039e+04 -1.898354302046798736e+01 2.389471188517160627e+01 -6.263790150859795958e+00 4.298729316837824221e+00 -4.265215858933539272e-01 -1.697639662436277774e+01 3.985477457792839129e+00 -3.892642571770810633e+01 -3.506631177054153614e+00 5.193524107773716025e+01
-8.210170984251309503e-04 4.899404389535935017e-02 -2.398345608131396967e-01 -1.230345139656161685e-02 -1.571620531465848791e-01 -4.449667829710239886e+00 4.888449898162949125e+01 -1.898354302046798736e+01 4.112129922317608530e-03 -4.675828997615054730e-03 1.317207572209564814e-03 -5.400221920163809051e-04 1.015055769943408269e-04 3.401173473072323025e-03 -7.753460359516950711e-04 6.950888378786033474e-03 7.062578359750424023e-04 -8.236882992289437308e-03
8.589761755946497251e-04 -6.044817897566705234e-02 3.082548999456127259e-01 2.290199192243067006e-02 1.540949567764950678e-01 5.598001224063049008e+00 -6.405001742113999796e+01 2.389471188517160627e+01 -4.675828997615054730e-03 5.981343905498341315e-03 -1.536671548625893500e-03 1.048653565360178463e-03 -1.100781048157091165e-04 -4.264989917957601705e-03 9.210936112736961556e-04 -9.649650634851325223e-03 -8.926367909551087380e-04 1.329736517680176269e-02
-4.361462471713882234e-04 2.000823031522626361e-02 -9.357805374273341081e-02 6.419214997699844959e-03 -1.565625516827929276e-01 -1.829634872526973766e+00 2.120190997238672281e+01 -6.263790150859795958e+00 1.317207572209564814e-03 -1.536671548625893500e-03 6.876956154716711272e-04 -5.774482324377264434e-06 5.335337109733414548e-05 1.367888046285048540e-03 -3.303058681892599886e-04 1.642603665725096435e-03 2.630674618664174741e-04 -1.978359457064587847e-03
-1.046118491159692875e-04 -6.219145520880898885e-03 4.330881963979091309e-02 1.697942041106798028e-02 -6.569127237941596587e-02 6.775915760257212872e-01 -7.709188922329956561e+00 4.298729316837824221e+00 -5.400221920163809051e-04 1.048653565360178463e-03 -5.774482324377264434e-06 5.731281825919932885e-04 1.341851069175342677e-05 -4.803957574075641817e-04 1.000349003407446919e-04 -2.724067811386775631e-03 -1.000514567447266973e-04 4.554680091544808379e-03
-3.801252834205273327e-05 1.667689204255453457e-03 -7.595781826589502808e-03 8.655146595002345417e-04 -1.273981902339183653e-02 -1.490583924242974145e-01 1.845461193224710694e+00 -4.265215858933539272e-01 1.015055769943408269e-04 -1.100781048157091165e-04 5.335337109733414548e-05 1.341851069175342677e-05 6.896483398918697098e-06 1.225689339675501994e-04 -2.338194023796055386e-05 8.434101109987930060e-05 2.431038571778062129e-05 -1.690535035493293859e-04
-7.747799672296906172e-04 4.927160632089100378e-02 -2.474834864880399443e-01 -3.047503681225217313e-03 -2.330199359765753320e-01 -4.547795300278602681e+00 5.415099554884871935e+01 -1.697639662436277774e+01 3.401173473072323025e-03 -4.264989917957601705e-03 1.367888046285048540e-03 -4.803957574075641817e-04 1.225689339675501994e-04 3.605514895449858995e-03 -7.301594233826982309e-04 6.038786471108818603e-03 6.748961096951790715e-04 -9.801854721068491844e-03
2.030783829001660376e-04 -1.094857416845669562e-02 5.083785603824188953e-02 8.117771224589661076e-04 5.622946583105738888e-02 1.009865216665833065e+00 -1.078990255865216952e+01 3.985477457792839129e+00 -7.753460359516950711e-04 9.210936112736961556e-04 -3.303058681892599886e-04 1.000349003407446919e-04 -2.338194023796055386e-05 -7.301594233826982309e-04 2.639196046695257048e-04 -1.341533742838174441e-03 -1.536833945097267247e-04 1.387927432210143280e-03
-6.548193980526016830e-04 8.459117573833922765e-02 -4.544670061627807400e-01 -7.791111913544086776e-02 8.373104452933488595e-02 -7.938893715760902303e+00 8.953362306874129217e+01 -3.892642571770810633e+01 6.950888378786033474e-03 -9.649650634851325223e-03 1.642603665725096435e-03 -2.724067811386775631e-03 8.434101109987930060e-05 6.038786471108818603e-03 -1.341533742838174441e-03 1.943786401951562784e-02 1.267359160171419117e-03 -2.694908368408294175e-02
-2.006646234688647535e-04 9.607502719201431451e-03 -4.689172739691316316e-02 -1.172837425156516688e-03 -2.380572758515702575e-02 -8.608800479625805524e-01 1.056756894079370745e+01 -3.506631177054153614e+00 7.062578359750424023e-04 -8.926367909551087380e-04 2.630674618664174741e-04 -1.000514567447266973e-04 2.431038571778062129e-05 6.748961096951790715e-04 -1.536833945097267247e-04 1.267359160171419117e-03 1.838660325168636907e-04 -1.648260478185689963e-03
3.132132167501130949e-04 -1.208619994829817773e-01 7.184555089802693306e-01 1.110750472290014251e-01 -8.503253671772445510e-02 1.192631742067075251e+01 -1.509114174401676394e+02 5.193524107773716025e+01 -8.236882992289437308e-03 1.329736517680176269e-02 -1.978359457064587847e-03 4.554680091544808379e-03 -1.690535035493293859e-04 -9.801854721068491844e-03 1.387927432210143280e-03 -2.694908368408294175e-02 -1.648260478185689963e-03 5.575376492095854980e-02
3.916239406521026655e-04 -1.147556015117082683e-02 5.024240946755488546e-02 -7.558564273297594879e-03 8.764876622602635337e-02 1.007317491288423517e+00 -1.255401601533723621e+01 3.148251517475171291e+00 -7.652945786675254859e-04 7.983285611191169411e-04 -4.285091500138232899e-04 -1.092485917593983137e-04 -3.875949411373993389e-05 -7.655506184824713333e-04 1.927299321277367496e-04 -5.327513453509416736e-04 -1.847506257159871801e-04 4.326631017290499489e-04
-1.147556015117082683e-02 6.149497452135543885e-01 -2.964388227006519827e+00 5.145888582289612906e-02 -3.537368635046111986e+00 -5.632853440986058757e+01 6.590343162960922427e+02 -2.029234733922810108e+02 4.177306663010752624e-02 -5.051117345374089851e-02 1.842114295239166005e-02 -3.620295904167380660e-03 1.596067658217843136e-03 4.315775004689328259e-02 -9.571504068672400875e-03 6.480783611063058169e-02 8.358526021831461789e-03 -9.724387812495646766e-02
5.024240946755488546e-02 -2.964388227006519827e+00 1.485587446191558847e+01 5.227717170486404635e-02 1.548300466620815108e+01 2.748486383891869309e+02 -3.265217781029825801e+03 1.011633253711249381e+03 -2.019238302984646127e-01 2.538750420269453856e-01 -8.516661005587375377e-02 2.788968091845376446e-02 -7.212024133925656194e-03 -2.128196470616948166e-01 4.409536186250648249e-02 -3.467860448119230998e-01 -4.022535982046306774e-02 5.676765740450905318e-01
-7.558564273297594879e-03 5.145888582289612906e-02 5.227717170486404635e-02 5.748528136649129205e-01 -3.940744611972267553e+00 -3.217343422167755929e+00 7.712469672273543608e+01 5.062826910340746167e+01 -4.893442844889138270e-03 1.270340377597319742e-02 7.742024549645109069e-03 1.361360798007099117e-02 9.448321280579192452e-04 3.049168106021207109e-03 -5.608494195004876072e-04 -5.717213573190024767e-02 1.123600275915071108e-04 7.752900841590067149e-02
8.764876622602635337e-02 -3.537368635046111986e+00 1.548300466620815108e+01 -3.940744611972267553e+00 5.611154511936295819e+01 3.310351075261872325e+02 -3.834575340572802816e+03 7.283034971573448502e+02 -1.705568339817281065e-01 1.698725773407079864e-01 -1.530906072391907402e-01 -6.008166206804587545e-02 -1.316107560701711143e-02 -2.396816895759514843e-01 5.640112069704699554e-02 4.795435045372905408e-02 -2.993295293206828245e-02 5.914218734879029757e-03
1.007317491288423517e+00 -5.632853440986058757e+01 2.748486383891869309e+02 -3.217343422167755929e+00 3.310351075261872325e+02 5.255084216017471590e+03 -6.111455370303602103e+04 1.895719007068457722e+04 -3.802054634686795165e+00 4.676884274312765655e+00 -1.687924471821139472e+00 4.116143154454305342e-01 -1.437171982065172382e-01 -3.984363617624202547e+00 8.831278802882714940e-01 -6.080228178124622573e+00 -7.522531079281636890e-01 9.554139061830285939e+00
-1.255401601533723621e+01 6.590343162960922427e+02 -3.265217781029825801e+03 7.712469672273543608e+01 -3.834575340572802816e+03 -6.111455370303602103e+04 7.489365765823199181e+05 -2.139459289065941412e+05 4.236967908689697282e+01 -5.390975293414108904e+01 1.977555015164538688e+01 -4.597327567204422927e+00 1.775757171242486221e+00 4.765082230735684732e+01 -9.636011929700355694e+00 6.870176603224996370e+01 9.233475329897562034e+00 -1.206574965282239873e+02
3.148251517475171291e+00 -2.029234733922810108e+02 1.011633253711249381e+03 5.062826910340746167e+01 7.283034971573448502e+02 1.895719007068457722e+04 -2.139459289065941412e+05 7.969398583532671910e+04 -1.544431663977005442e+01 1.916187986742892946e+01 -5.519621779852037946e+00 2.970772125766902416e+00 -4.030603845944417674e-01 -1.422368399432788877e+01 3.315912167837381297e+00 -2.951190174923143061e+01 -2.906965676731728010e+00 4.052647534421024034e+01
-7.652945786675254859e-04 4.177306663010752624e-02 -2.019238302984646127e-01 -4.893442844889138270e-03 -1.705568339817281065e-01 -3.802054634686795165e+00 4.236967908689697282e+01 -1.544431663977005442e+01 3.365821355160051719e-03 -3.796936461928020461e-03 1.179725083848703329e-03 -3.462152059792234556e-04 9.553211396558510351e-05 2.899185675257372023e-03 -6.578528972063145625e-04 5.288479928614594518e-03 5.943884639635115463e-04 -6.547566571919965703e-03
7.983285611191169411e-04 -5.051117345374089851e-02 2.538750420269453856e-01 1.270340377597319742e-02 1.698725773407079864e-01 4.676884274312765655e+00 -5.390975293414108904e+01 1.916187986742892946e+01 -3.796936461928020461e-03 4.784214511308326583e-03 -1.350076692568479529e-03 7.255822256469256302e-04 -1.025514311146861199e-04 -3.557223231054732621e-03 7.694217181117596772e-04 -7.313296964551862372e-03 -7.360478294811483545e-04 1.035122709436841516e-02
-4.285091500138232899e-04 1.842114295239166005e-02 -8.516661005587375377e-02 7.742024549645109069e-03 -1.530906072391907402e-01 -1.687924471821139472e+00 1.977555015164538688e+01 -5.519621779852037946e+00 1.179725083848703329e-03 -1.350076692568479529e-03 6.458787503608228592e-04 3.528790314200008587e-05 5.317230855183456648e-05 1.262518209964999614e-03 -2.995826346931796920e-04 1.284907923336656979e-03 2.412736373766399302e-04 -1.736677878697207500e-03
-1.092485917593983137e-04 -3.620295904167380660e-03 2.788968091845376446e-02 1.361360798007099117e-02 -6.008166206804587545e-02 4.116143154454305342e-01 -4.597327567204422927e+00 2.970772125766902416e+00 -3.462152059792234556e-04 7.255822256469256302e-04 3.528790314200008587e-05 4.415092861979305118e-04 1.405854117926884798e-05 -2.879326004767975380e-04 5.916447021164925117e-05 -2.024961079192737039e-03 -6.158111286996231055e-05 3.336028445813880600e-03
-3.875949411373993389e-05 1.596067658217843136e-03 -7.212024133925656194e-03 9.448321280579192452e-04 -1.316107560701711143e-02 -1.437171982065172382e-01 1.775757171242486221e+00 -4.030603845944417674e-01 9.553211396558510351e-05 -1.025514311146861199e-04 5.317230855183456648e-05 1.405854117926884798e-05 6.500947726814398884e-06 1.158448911604084854e-04 -2.278242833418188450e-05 6.865797300964387507e-05 2.267763904920100433e-05 -1.523655579845267294e-04
-7.655506184824713333e-04 4.315775004689328259e-02 -2.128196470616948166e-01 3.049168106021207109e-03 -2.396816895759514843e-01 -3.984363617624202547e+00 4.765082230735684732e+01 -1.422368399432788877e+01 2.899185675257372023e-03 -3.557223231054732621e-03 1.262518209964999614e-03 -2.879326004767975380e-04 1.158448911604084854e-04 3.133835024323776246e-03 -6.418638552664046853e-04 4.623508179716940246e-03 5.860396395118410567e-04 -7.807565435222281643e-03
1.927299321277367496e-04 -9.571504068672400875e-03 4.409536186250648249e-02 -5.608494195004876072e-04 5.640112069704699554e-02 8.831278802882714940e-01 -9.636011929700355694e+00 3.315912167837381297e+00 -6.578528972063145625e-04 7.694217181117596772e-04 -2.995826346931796920e-04 5.916447021164925117e-05 -2.278242833418188450e-05 -6.418638552664046853e-04 2.185366099103767837e-04 -1.026839405154686587e-03 -1.327689994331652829e-04 1.141433357981870350e-03
-5.327513453509416736e-04 6.480783611063058169e-02 -3.467860448119230998e-01 -5.717213573190024767e-02 4.795435045372905408e-02 -6.080228178124622573e+00 6.870176603224996370e+01 -2.951190174923143061e+01 5.288479928614594518e-03 -7.313296964551862372e-03 1.284907923336656979e-03 -2.024961079192737039e-03 6.865797300964387507e-05 4.623508179716940246e-03 -1.026839405154686587e-03 1.458854431153410250e-02 9.679786420393936362e-04 -2.030003102783777685e-02
-1.847506257159871801e-04 8.358526021831461789e-03 -4.022535982046306774e-02 1.123600275915071108e-04 -2.993295293206828245e-02 -7.522531079281636890e-01 9.233475329897562034e+00 -2.906965676731728010e+00 5.943884639635115463e-04 -7.360478294811483545e-04 2.412736373766399302e-04 -6.158111286996231055e-05 2.267763904920100433e-05 5.860396395118410567e-04 -1.327689994331652829e-04 9.679786420393936362e-04 1.527083475571454601e-04 -1.321095841232748386e-03
4.326631017290499489e-04 -9.724387812495646766e-02 5.676765740450905318e-01 7.752900841590067149e-02 5.914218734879029757e-03 9.554139061830285939e+00 -1.206574965282239873e+02 4.052647534421024034e+01 -6.547566571919965703e-03 1.035122709436841516e-02 -1.736677878697207500e-03 3.336028445813880600e-03 -1.523655579845267294e-04 -7.807565435222281643e-03 1.141433357981870350e-03 -2.030003102783777685e-02 -1.321095841232748386e-03 4.227519767589328625e-02
3.511345201365079368e-04 -1.045661452070701346e-02 4.579446457611217880e-02 -7.139294155782200529e-03 8.344895777639574352e-02 9.238464879206524927e-01 -1.149079733076023402e+01 2.825882409309349530e+00 -6.839150131540683297e-04 7.125303156648582492e-04 -3.914140373272106347e-04 -1.021581868693286795e-04 -3.592106905340139466e-05 -7.008657088541142468e-04 1.735601739039224973e-04 -4.461600377984064648e-04 -1.642195711558555290e-04 4.409251965107281518e-04
-1.045661452070701346e-02 5.348894339857657165e-01 -2.559801938557543011e+00 7.807613097292986915e-02 -3.279029386809123814e+00 -4.903152603228831907e+01 5.759326980738583188e+02 -1.726587919497887071e+02 3.582844541449532044e-02 -4.288963892712133186e-02 1.637391010471994299e-02 -2.395755909367576746e-03 1.442377053632949973e-03 3.750016323841449256e-02 -8.309166315870400790e-03 5.250033195504708733e-02 7.239472995014963053e-03 -8.095761340225487990e-02
4.579446457611217880e-02 -2.559801938557543011e+00 1.271028099188545468e+01 -1.202659356402567131e-01 1.435745847999707792e+01 2.372845657576400242e+02 -2.825768953443395276e+03 8.545477140129810323e+02 -1.721079219492236412e-01 2.139737430456092604e-01 -7.531555314273234714e-02 2.011056123238958576e-02 -6.495937770356665850e-03 -1.832976457078794863e-01 3.813660849652008439e-02 -2.802742086219018880e-01 -3.460419602079642387e-02 4.679635401990482335e-01
-7.139294155782200529e-03 7.807613097292986915e-02 -1.202659356402567131e-01 4.912387338677428050e-01 -3.536385266357111146e+00 -5.986426294263965886e+00 1.035536323251805442e+02 3.158578303051795189e+01 -1.837143750769675010e-03 8.018508255906246426e-03 7.596996597006197907e-03 1.131226315176698909e-02 8.976102217191064738e-04 4.996615389370248975e-03 -1.009376924204907679e-03 -4.513313963596597006e-02 5.654061637024039143e-04 5.925381863693023055e-02
8.344895777639574352e-02 -3.279029386809123814e+00 1.435745847999707792e+01 -3.536385266357111146e+00 4.956835897582475070e+01 3.063452445358396972e+02 -3.577129750428722218e+03 6.908912305493431631e+02 -1.617006222032824070e-01 1.619278920412922373e-01 -1.395705849491111206e-01 -5.324873506888437580e-02 -1.225752932810268703e-02 -2.228637557336471953e-01 5.194170196974573495e-02 3.124791170560660414e-02 -2.973637199009072918e-02 3.813722310121467340e-02
9.238464879206524927e-01 -4.903152603228831907e+01 2.372845657576400242e+02 -5.986426294263965886e+00 3.063452445358396972e+02 4.570921564519245294e+03 -5.339396380928336293e+04 1.611967250765802055e+04 -3.264451443154372079e+00 3.970824651551819962e+00 -1.501672317994542372e+00 2.829952910648272368e-01 -1.302765205092615841e-01 -3.462411335914447719e+00 7.667715809743119726e-01 -4.924609491597698785e+00 -6.528988046029099435e-01 7.935432929467161500e+00
-1.149079733076023402e+01 5.759326980738583188e+02 -2.825768953443395276e+03 1.035536323251805442e+02 -3.577129750428722218e+03 -5.339396380928336293e+04 6.543890789160527056e+05 -1.828679683756819868e+05 3.663111024402937943e+01 -4.594271171904432549e+01 1.767753219992833635e+01 -3.110030914303218985e+00 1.608351984081543895e+00 4.149418108126882032e+01 -8.448740474746497142e+00 5.570516123538305919e+01 8.013684935126679676e+00 -1.001086923744529855e+02
2.825882409309349530e+00 -1.726587919497887071e+02 8.545477140129810323e+02 3.158578303051795189e+01 6.908912305493431631e+02 1.611967250765802055e+04 -1.828679683756819868e+05 6.622898432614713965e+04 -1.293387600191832654e+01 1.592431421877122588e+01 -4.809624431249088339e+00 2.255208187673116704e+00 -3.623161864044565084e-01 -1.209385632779208031e+01 2.809386116271235689e+00 -2.376151764118742094e+01 -2.458351212148333964e+00 3.317619160400346345e+01
-6.839150131540683297e-04 3.582844541449532044e-02 -1.721079219492236412e-01 -1.837143750769675010e-03 -1.617006222032824070e-01 -3.264451443154372079e+00 3.663111024402937943e+01 -1.293387600191832654e+01 2.827703897936669018e-03 -3.176594218682780683e-03 1.035730370891014846e-03 -2.487851828645239356e-04 8.572665539648245887e-05 2.486311851733727114e-03 -5.628781778091722799e-04 4.266886194936566137e-03 5.065229250909485332e-04 -5.415370121637228147e-03
7.125303156648582492e-04 -4.288963892712133186e-02 2.139737430456092604e-01 8.018508255906246426e-03 1.619278920412922373e-01 3.970824651551819962e+00 -4.594271171904432549e+01 1.592431421877122588e+01 -3.176594218682780683e-03 3.970319533813297316e-03 -1.174769708842148810e-03 5.512690245037708218e-04 -9.162489302540555223e-05 -3.017619477803102235e-03 6.532156933467863020e-04 -5.887097110776715915e-03 -6.207492866601575007e-04 8.462276682017141893e-03
-3.914140373272106347e-04 1.637391010471994299e-02 -7.531555314273234714e-02 7.596996597006197907e-03 -1.395705849491111206e-01 -1.501672317994542372e+00 1.767753219992833635e+01 -4.809624431249088339e+00 1.035730370891014846e-03 -1.174769708842148810e-03 5.790709435164969167e-04 4.722192283536311294e-05 4.884490381689261346e-05 1.123431883242722055e-03 -2.645224072845142734e-04 1.053310862980039652e-03 2.140977704256750319e-04 -1.510576094514844755e-03
-1.021581868693286795e-04 -2.395755909367576746e-03 2.011056123238958576e-02 1.131226315176698909e-02 -5.324873506888437580e-02 2.829952910648272368e-01 -3.110030914303218985e+00 2.255208187673116704e+00 -2.487851828645239356e-04 5.512690245037708218e-04 4.722192283536311294e-05 3.587982612259624812e-04 1.316170715580095555e-05 -1.956576618546506080e-04 3.972812958314081780e-05 -1.611297369927566694e-03 -4.281393009254499927e-05 2.630482868505898235e-03
-3.592106905340139466e-05 1.442377053632949973e-03 -6.495937770356665850e-03 8.976102217191064738e-04 -1.225752932810268703e-02 -1.302765205092615841e-01 1.608351984081543895e+00 -3.623161864044565084e-01 8.572665539648245887e-05 -9.162489302540555223e-05 4.884490381689261346e-05 1.316170715580095555e-05 5.837627068200996002e-06 1.041413061383290336e-04 -2.074064563096510069e-05 5.751597711029723546e-05 2.027278871992000436e-05 -1.341522518648735878e-04
-7.008657088541142468e-04 3.750016323841449256e-02 -1.832976457078794863e-01 4.996615389370248975e-03 -2.228637557336471953e-01 -3.462411335914447719e+00 4.149418108126882032e+01 -1.209385632779208031e+01 2.486311851733727114e-03 -3.017619477803102235e-03 1.123431883242722055e-03 -1.956576618546506080e-04 1.041413061383290336e-04 2.713047910389967520e-03 -5.586679051046420557e-04 3.744066791611971173e-03 5.071169214129146643e-04 -6.464723520814053687e-03
1.735601739039224973e-04 -8.309166315870400790e-03 3.813660849652008439e-02 -1.009376924204907679e-03 5.194170196974573495e-02 7.667715809743119726e-01 -8.448740474746497142e+00 2.809386116271235689e+00 -5.628781778091722799e-04 6.532156933467863020e-04 -2.645224072845142734e-04 3.972812958314081780e-05 -2.074064563096510069e-05 -5.586679051046420557e-04 1.847025945672775137e-04 -8.313890236184017001e-04 -1.146070706675104267e-04 9.613163815573647335e-04
