{
    "R": [
        [
            2.7909743059218276e-06,
            2.3015088924933023e-09,
            3.3970404358290662e-09,
            -1.2684191542935984e-08,
            -8.440783614351092e-08,
            3.66924133621409e-05,
            -1.1048777652381578e-05,
            -5.3386917694082187e-08,
            -9.074187940637115e-09,
            -3.4589735824213945e-10,
            5.444378625124239e-10,
            5.186780705937216e-10,
            2.221834392882508e-09,
            3.878883098349291e-11,
            -3.77425361296181e-10,
            7.4259081594174665e-09,
            -5.974545059890014e-10,
            -2.133652275463255e-09
        ],
        [
            0.0,
            4.9372739102832535e-06,
            -3.2027779545503116e-09,
            -1.2057902646002071e-09,
            -6.029327467139026e-08,
            1.7038300800229094e-05,
            -4.588400105236537e-06,
            1.224497333835921e-06,
            -3.10848444064025e-08,
            -5.98404199767572e-10,
            -1.3101291199038623e-09,
            5.238167318512648e-09,
            2.3457241273487877e-09,
            7.248877233628794e-11,
            -4.33398458782195e-11,
            -1.6300693327008094e-08,
            -1.9874750068515095e-10,
            1.4438733491677737e-09
        ],
        [
            0.0,
            0.0,
            4.003637589493581e-06,
            -2.3520613628228635e-08,
            5.248285436841628e-09,
            2.158107094774813e-05,
            -3.0146252647562646e-05,
            -6.783429958942286e-06,
            -1.6061281543604137e-08,
            -2.313426289195552e-10,
            7.972871783905907e-10,
            5.509119688971962e-10,
            2.420528269270359e-09,
            1.0879007151184928e-10,
            -3.7723805600548167e-10,
            4.180780553782505e-09,
            -2.2701510399037278e-10,
            -3.3981864641998158e-09
        ],
        [
            0.0,
            0.0,
            0.0,
            1.6970745070790717e-05,
            1.787745220327281e-08,
            -2.1423472064190653e-05,
            2.6988212804891177e-05,
            -2.8272966232265e-06,
            4.490786186085545e-09,
            4.2162389105753066e-10,
            3.096964034031453e-10,
            -1.2617018980425367e-09,
            -2.130243328456739e-09,
            -1.843710837704354e-11,
            -2.4234004927620195e-10,
            9.093874140690628e-10,
            -5.647846419496889e-11,
            -4.419106336916154e-09
        ],
        [
            0.0,
            0.0,
            0.0,
            0.0,
            6.556033143521674e-05,
            -3.0349211606139292e-05,
            -1.930551010271365e-05,
            -5.525608410959e-06,
            -4.30748253940611e-09,
            -4.4226097800917396e-10,
            -1.3277192559249785e-09,
            -3.5231113847749665e-09,
            -5.49525115420809e-09,
            -6.58608978343018e-11,
            1.7242352785253503e-10,
            9.350915266832871e-09,
            -6.697636921265911e-10,
            -2.6915604346850515e-09
        ],
        [
            0.0,
            0.0,
            0.0,
            0.0,
            0.0,
            0.016938336823365322,
            -1.1677242848354887e-05,
            -7.027810458181963e-06,
            -1.634048178168345e-08,
            -1.1882558165859981e-09,
            -1.4788260331596732e-09,
            5.768310533415693e-10,
            2.9596207584515074e-09,
            2.2806320003855197e-11,
            -1.9602581919413615e-09,
            3.6376159379713014e-08,
            -1.3785722036099405e-09,
            -9.305835685180348e-09
        ],
        [
            0.0,
            0.0,
            0.0,
            0.0,
            0.0,
            0.0,
            0.009693560623470578,
            1.2660409534284603e-05,
            4.758426388549456e-08,
            2.2110572446863293e-10,
            -3.190837831627699e-09,
            -2.1680062029044696e-09,
            -2.290752674575153e-09,
            -6.97537232750858e-11,
            5.754184300065743e-10,
            -4.558060972903195e-09,
            -8.516237833793655e-10,
            3.674436547822664e-09
        ],
        [
            0.0,
            0.0,
            0.0,
            0.0,
            0.0,
            0.0,
            0.0,
            0.004480885438992167,
            2.017191110422909e-08,
            5.659016266598105e-10,
            -1.8443313066265499e-09,
            -9.758934735495275e-10,
            -1.9906832832406055e-10,
            -8.425037120047275e-11,
            4.756315147641972e-10,
            -1.3169332130865658e-08,
            4.865601170078153e-10,
            7.92901835422353e-09
        ],
        [
            0.0,
            0.0,
            0.0,
            0.0,
            0.0,
            0.0,
            0.0,
            0.0,
            4.9852526265255046e-06,
            9.964471973555943e-10,
            -2.0337450518234663e-09,
            -4.339171880718437e-09,
            -2.9462248146967116e-09,
            -2.872663655900684e-10,
            1.9759727510554595e-09,
            3.049697707156688e-09,
            1.1445979105538888e-09,
            1.1790541550899272e-08
        ],
        [
            0.0,
            0.0,
            0.0,
            0.0,
            0.0,
            0.0,
            0.0,
            0.0,
            0.0,
            3.722594009555055e-07,
            1.7311623120712561e-09,
            8.372248296098011e-10,
            2.2955947804308127e-09,
            -1.1501185208968549e-10,
            1.1898435961622927e-09,
            -2.01647927138521e-08,
            2.392856103448274e-09,
            6.731823310490619e-09
        ],
        [
            0.0,
            0.0,
            0.0,
            0.0,
            0.0,
            0.0,
            0.0,
            0.0,
            0.0,
            0.0,
            8.880638513799143e-07,
            3.946160935734306e-09,
            2.662141368226824e-09,
            3.082767896356392e-11,
            -5.401749504405221e-10,
            -1.924453570531851e-09,
            6.422085386172623e-10,
            1.0146066247956653e-09
        ],
        [
            0.0,
            0.0,
            0.0,
            0.0,
            0.0,
            0.0,
            0.0,
            0.0,
            0.0,
            0.0,
            0.0,
            1.698914658162037e-06,
            5.001968323152936e-09,
            8.790393860394314e-11,
            -1.9903666040266646e-10,
            -9.411438152219697e-09,
            2.2471214630404045e-10,
            1.457009791004395e-09
        ],
        [
            0.0,
            0.0,
            0.0,
            0.0,
            0.0,
            0.0,
            0.0,
            0.0,
            0.0,
            0.0,
            0.0,
            0.0,
            1.9200777446250106e-06,
            7.703171563979389e-11,
            3.0475136047391356e-10,
            -2.2378464982588822e-09,
            4.686906454477726e-10,
            -1.240767112629148e-09
        ],
        [
            0.0,
            0.0,
            0.0,
            0.0,
            0.0,
            0.0,
            0.0,
            0.0,
            0.0,
            0.0,
            0.0,
            0.0,
            0.0,
            4.559430660223658e-08,
            -1.064281381348514e-09,
            -1.0878609427266724e-08,
            -2.011197640789039e-09,
            -5.569666524907675e-09
        ],
        [
            0.0,
            0.0,
            0.0,
            0.0,
            0.0,
            0.0,
            0.0,
            0.0,
            0.0,
            0.0,
            0.0,
            0.0,
            0.0,
            0.0,
            7.160881805691955e-07,
            -1.1593444855609347e-08,
            1.3226042586475718e-09,
            3.5611524930133007e-09
        ],
        [
            0.0,
            0.0,
            0.0,
            0.0,
            0.0,
            0.0,
            0.0,
            0.0,
            0.0,
            0.0,
            0.0,
            0.0,
            0.0,
            0.0,
            0.0,
            6.62823881533217e-06,
            -1.7253958974964791e-09,
            -9.710562000685413e-09
        ],
        [
            0.0,
            0.0,
            0.0,
            0.0,
            0.0,
            0.0,
            0.0,
            0.0,
            0.0,
            0.0,
            0.0,
            0.0,
            0.0,
            0.0,
            0.0,
            0.0,
            5.492361407575489e-07,
            7.0411616370196025e-09
        ],
        [
            0.0,
            0.0,
            0.0,
            0.0,
            0.0,
            0.0,
            0.0,
            0.0,
            0.0,
            0.0,
            0.0,
            0.0,
            0.0,
            0.0,
            0.0,
            0.0,
            0.0,
            1.7911676471942547e-06
        ]
    ],
    "RDR": [
        [
            [
                2.7909743059218276e-06,
                2.3015088924933023e-09,
                3.3970404358290662e-09,
                -1.2684191542935984e-08,
                -8.440783614351092e-08,
                3.66924133621409e-05,
                -1.1048777652381578e-05,
                -5.3386917694082187e-08,
                -9.074187940637115e-09,
                -3.4589735824213945e-10,
                5.444378625124239e-10,
                5.186780705937216e-10,
                2.221834392882508e-09,
                3.878883098349291e-11,
                -3.77425361296181e-10,
                7.4259081594174665e-09,
                -5.974545059890014e-10,
                -2.133652275463255e-09
            ],
            [
                0.0,
                4.9372739102832535e-06,
                -3.2027779545503116e-09,
                -1.2057902646002071e-09,
                -6.029327467139026e-08,
                1.7038300800229094e-05,
                -4.588400105236537e-06,
                1.224497333835921e-06,
                -3.10848444064025e-08,
                -5.98404199767572e-10,
                -1.3101291199038623e-09,
                5.238167318512648e-09,
                2.3457241273487877e-09,
                7.248877233628794e-11,
                -4.33398458782195e-11,
                -1.6300693327008094e-08,
                -1.9874750068515095e-10,
                1.4438733491677737e-09
            ],
            [
                0.0,
                0.0,
                4.003637589493581e-06,
                -2.3520613628228635e-08,
                5.248285436841628e-09,
                2.158107094774813e-05,
                -3.0146252647562646e-05,
                -6.783429958942286e-06,
                -1.6061281543604137e-08,
                -2.313426289195552e-10,
                7.972871783905907e-10,
                5.509119688971962e-10,
                2.420528269270359e-09,
                1.0879007151184928e-10,
                -3.7723805600548167e-10,
                4.180780553782505e-09,
                -2.2701510399037278e-10,
                -3.3981864641998158e-09
            ],
            [
                0.0,
                0.0,
                0.0,
                1.6970745070790717e-05,
                1.787745220327281e-08,
                -2.1423472064190653e-05,
                2.6988212804891177e-05,
                -2.8272966232265e-06,
                4.490786186085545e-09,
                4.2162389105753066e-10,
                3.096964034031453e-10,
                -1.2617018980425367e-09,
                -2.130243328456739e-09,
                -1.843710837704354e-11,
                -2.4234004927620195e-10,
                9.093874140690628e-10,
                -5.647846419496889e-11,
                -4.419106336916154e-09
            ],
            [
                0.0,
                0.0,
                0.0,
                0.0,
                6.556033143521674e-05,
                -3.0349211606139292e-05,
                -1.930551010271365e-05,
                -5.525608410959e-06,
                -4.30748253940611e-09,
                -4.4226097800917396e-10,
                -1.3277192559249785e-09,
                -3.5231113847749665e-09,
                -5.49525115420809e-09,
                -6.58608978343018e-11,
                1.7242352785253503e-10,
                9.350915266832871e-09,
                -6.697636921265911e-10,
                -2.6915604346850515e-09
            ],
            [
                0.0,
                0.0,
                0.0,
                0.0,
                0.0,
                0.016938336823365322,
                -1.1677242848354887e-05,
                -7.027810458181963e-06,
                -1.634048178168345e-08,
                -1.1882558165859981e-09,
                -1.4788260331596732e-09,
                5.768310533415693e-10,
                2.9596207584515074e-09,
                2.2806320003855197e-11,
                -1.9602581919413615e-09,
                3.6376159379713014e-08,
                -1.3785722036099405e-09,
                -9.305835685180348e-09
            ],
            [
                0.0,
                0.0,
                0.0,
                0.0,
                0.0,
                0.0,
                0.009693560623470578,
                1.2660409534284603e-05,
                4.758426388549456e-08,
                2.2110572446863293e-10,
                -3.190837831627699e-09,
                -2.1680062029044696e-09,
                -2.290752674575153e-09,
                -6.97537232750858e-11,
                5.754184300065743e-10,
                -4.558060972903195e-09,
                -8.516237833793655e-10,
                3.674436547822664e-09
            ],
            [
                0.0,
                0.0,
                0.0,
                0.0,
                0.0,
                0.0,
                0.0,
                0.004480885438992167,
                2.017191110422909e-08,
                5.659016266598105e-10,
                -1.8443313066265499e-09,
                -9.758934735495275e-10,
                -1.9906832832406055e-10,
                -8.425037120047275e-11,
                4.756315147641972e-10,
                -1.3169332130865658e-08,
                4.865601170078153e-10,
                7.92901835422353e-09
            ],
            [
                0.0,
                0.0,
                0.0,
                0.0,
                0.0,
                0.0,
                0.0,
                0.0,
                4.9852526265255046e-06,
                9.964471973555943e-10,
                -2.0337450518234663e-09,
                -4.339171880718437e-09,
                -2.9462248146967116e-09,
                -2.872663655900684e-10,
                1.9759727510554595e-09,
                3.049697707156688e-09,
                1.1445979105538888e-09,
                1.1790541550899272e-08
            ],
            [
                0.0,
                0.0,
                0.0,
                0.0,
                0.0,
                0.0,
                0.0,
                0.0,
                0.0,
                3.722594009555055e-07,
                1.7311623120712561e-09,
                8.372248296098011e-10,
                2.2955947804308127e-09,
                -1.1501185208968549e-10,
                1.1898435961622927e-09,
                -2.01647927138521e-08,
                2.392856103448274e-09,
                6.731823310490619e-09
            ],
            [
                0.0,
                0.0,
                0.0,
                0.0,
                0.0,
                0.0,
                0.0,
                0.0,
                0.0,
                0.0,
                8.880638513799143e-07,
                3.946160935734306e-09,
                2.662141368226824e-09,
                3.082767896356392e-11,
                -5.401749504405221e-10,
                -1.924453570531851e-09,
                6.422085386172623e-10,
                1.0146066247956653e-09
            ],
            [
                0.0,
                0.0,
                0.0,
                0.0,
                0.0,
                0.0,
                0.0,
                0.0,
                0.0,
                0.0,
                0.0,
                1.698914658162037e-06,
                5.001968323152936e-09,
                8.790393860394314e-11,
                -1.9903666040266646e-10,
                -9.411438152219697e-09,
                2.2471214630404045e-10,
                1.457009791004395e-09
            ],
            [
                0.0,
                0.0,
                0.0,
                0.0,
                0.0,
                0.0,
                0.0,
                0.0,
                0.0,
                0.0,
                0.0,
                0.0,
                1.9200777446250106e-06,
                7.703171563979389e-11,
                3.0475136047391356e-10,
                -2.2378464982588822e-09,
                4.686906454477726e-10,
                -1.240767112629148e-09
            ],
            [
                0.0,
                0.0,
                0.0,
                0.0,
                0.0,
                0.0,
                0.0,
                0.0,
                0.0,
                0.0,
                0.0,
                0.0,
                0.0,
                4.559430660223658e-08,
                -1.064281381348514e-09,
                -1.0878609427266724e-08,
                -2.011197640789039e-09,
                -5.569666524907675e-09
            ],
            [
                0.0,
                0.0,
                0.0,
                0.0,
                0.0,
                0.0,
                0.0,
                0.0,
                0.0,
                0.0,
                0.0,
                0.0,
                0.0,
                0.0,
                7.160881805691955e-07,
                -1.1593444855609347e-08,
                1.3226042586475718e-09,
                3.5611524930133007e-09
            ],
            [
                0.0,
                0.0,
                0.0,
                0.0,
                0.0,
                0.0,
                0.0,
                0.0,
                0.0,
                0.0,
                0.0,
                0.0,
                0.0,
                0.0,
                0.0,
                6.62823881533217e-06,
                -1.7253958974964791e-09,
                -9.710562000685413e-09
            ],
            [
                0.0,
                0.0,
                0.0,
                0.0,
                0.0,
                0.0,
                0.0,
                0.0,
                0.0,
                0.0,
                0.0,
                0.0,
                0.0,
                0.0,
                0.0,
                0.0,
                5.492361407575489e-07,
                7.0411616370196025e-09
            ],
            [
                0.0,
                0.0,
                0.0,
                0.0,
                0.0,
                0.0,
                0.0,
                0.0,
                0.0,
                0.0,
                0.0,
                0.0,
                0.0,
                0.0,
                0.0,
                0.0,
                0.0,
                1.7911676471942547e-06
            ]
        ],
        [
            [
                5.581948611843655e-07,
                4.603017784986605e-10,
                6.794080871658133e-10,
                -2.536838308587197e-09,
                -1.6881567228702184e-08,
                7.338482672428179e-06,
                -2.2097555304763157e-06,
                -1.0677383538816438e-08,
                -1.814837588127423e-09,
                -6.917947164842789e-11,
                1.0888757250248479e-10,
                1.0373561411874432e-10,
                4.443668785765016e-10,
                7.757766196698582e-12,
                -7.54850722592362e-11,
                1.4851816318834934e-09,
                -1.1949090119780028e-10,
                -4.26730455092651e-10
            ],
            [
                0.0,
                9.874547820566508e-07,
                -6.405555909100624e-10,
                -2.411580529200414e-10,
                -1.2058654934278053e-08,
                3.407660160045819e-06,
                -9.176800210473075e-07,
                2.448994667671842e-07,
                -6.2169688812804994e-09,
                -1.196808399535144e-10,
                -2.620258239807725e-10,
                1.0476334637025296e-09,
                4.691448254697576e-10,
                1.4497754467257588e-11,
                -8.667969175643901e-12,
                -3.260138665401619e-09,
                -3.974950013703019e-11,
                2.8877466983355477e-10
            ],
            [
                0.0,
                0.0,
                8.007275178987163e-07,
                -4.704122725645727e-09,
                1.0496570873683256e-09,
                4.316214189549626e-06,
                -6.02925052951253e-06,
                -1.3566859917884572e-06,
                -3.2122563087208278e-09,
                -4.626852578391104e-11,
                1.5945743567811815e-10,
                1.1018239377943924e-10,
                4.841056538540718e-10,
                2.1758014302369858e-11,
                -7.544761120109634e-11,
                8.36156110756501e-10,
                -4.540302079807456e-11,
                -6.796372928399632e-10
            ],
            [
                0.0,
                0.0,
                0.0,
                3.3941490141581436e-06,
                3.575490440654562e-09,
                -4.284694412838131e-06,
                5.397642560978236e-06,
                -5.654593246453e-07,
                8.981572372171091e-10,
                8.432477821150613e-11,
                6.193928068062906e-11,
                -2.523403796085074e-10,
                -4.2604866569134783e-10,
                -3.687421675408708e-12,
                -4.846800985524039e-11,
                1.8187748281381258e-10,
                -1.1295692838993778e-11,
                -8.838212673832308e-10
            ],
            [
                0.0,
                0.0,
                0.0,
                0.0,
                1.311206628704335e-05,
                -6.069842321227859e-06,
                -3.86110202054273e-06,
                -1.1051216821918e-06,
                -8.614965078812221e-10,
                -8.845219560183479e-11,
                -2.655438511849957e-10,
                -7.046222769549933e-10,
                -1.099050230841618e-09,
                -1.317217956686036e-11,
                3.448470557050701e-11,
                1.8701830533665742e-09,
                -1.339527384253182e-10,
                -5.383120869370103e-10
            ],
            [
                0.0,
                0.0,
                0.0,
                0.0,
                0.0,
                0.0033876673646730648,
                -2.3354485696709776e-06,
                -1.4055620916363928e-06,
                -3.26809635633669e-09,
                -2.3765116331719965e-10,
                -2.9576520663193465e-10,
                1.1536621066831386e-10,
                5.919241516903015e-10,
                4.56126400077104e-12,
                -3.920516383882723e-10,
                7.2752318759426034e-09,
                -2.757144407219881e-10,
                -1.8611671370360696e-09
            ],
            [
                0.0,
                0.0,
                0.0,
                0.0,
                0.0,
                0.0,
                0.0019387121246941157,
                2.532081906856921e-06,
                9.516852777098914e-09,
                4.4221144893726587e-11,
                -6.381675663255399e-10,
                -4.3360124058089397e-10,
                -4.581505349150306e-10,
                -1.3950744655017162e-11,
                1.1508368600131487e-10,
                -9.11612194580639e-10,
                -1.7032475667587311e-10,
                7.348873095645328e-10
            ],
            [
                0.0,
                0.0,
                0.0,
                0.0,
                0.0,
                0.0,
                0.0,
                0.0008961770877984334,
                4.0343822208458185e-09,
                1.131803253319621e-10,
                -3.6886626132531e-10,
                -1.951786947099055e-10,
                -3.9813665664812114e-11,
                -1.685007424009455e-11,
                9.512630295283945e-11,
                -2.6338664261731318e-09,
                9.731202340156307e-11,
                1.5858036708447061e-09
            ],
            [
                0.0,
                0.0,
                0.0,
                0.0,
                0.0,
                0.0,
                0.0,
                0.0,
                9.97050525305101e-07,
                1.9928943947111887e-10,
                -4.067490103646933e-10,
                -8.678343761436874e-10,
                -5.892449629393424e-10,
                -5.745327311801368e-11,
                3.951945502110919e-10,
                6.099395414313377e-10,
                2.2891958211077776e-10,
                2.3581083101798547e-09
            ],
            [
                0.0,
                0.0,
                0.0,
                0.0,
                0.0,
                0.0,
                0.0,
                0.0,
                0.0,
                7.44518801911011e-08,
                3.4623246241425126e-10,
                1.6744496592196022e-10,
                4.5911895608616255e-10,
                -2.3002370417937098e-11,
                2.3796871923245853e-10,
                -4.03295854277042e-09,
                4.785712206896548e-10,
                1.346364662098124e-09
            ],
            [
                0.0,
                0.0,
                0.0,
                0.0,
                0.0,
                0.0,
                0.0,
                0.0,
                0.0,
                0.0,
                1.7761277027598287e-07,
                7.892321871468612e-10,
                5.324282736453648e-10,
                6.165535792712784e-12,
                -1.0803499008810443e-10,
                -3.848907141063702e-10,
                1.2844170772345246e-10,
                2.0292132495913308e-10
            ],
            [
                0.0,
                0.0,
                0.0,
                0.0,
                0.0,
                0.0,
                0.0,
                0.0,
                0.0,
                0.0,
                0.0,
                3.3978293163240743e-07,
                1.0003936646305871e-09,
                1.758078772078863e-11,
                -3.98073320805333e-11,
                -1.8822876304439393e-09,
                4.494242926080809e-11,
                2.91401958200879e-10
            ],
            [
                0.0,
                0.0,
                0.0,
                0.0,
                0.0,
                0.0,
                0.0,
                0.0,
                0.0,
                0.0,
                0.0,
                0.0,
                3.8401554892500214e-07,
                1.540634312795878e-11,
                6.095027209478272e-11,
                -4.4756929965177647e-10,
                9.373812908955452e-11,
                -2.481534225258296e-10
            ],
            [
                0.0,
                0.0,
                0.0,
                0.0,
                0.0,
                0.0,
                0.0,
                0.0,
                0.0,
                0.0,
                0.0,
                0.0,
                0.0,
                9.118861320447317e-09,
                -2.128562762697028e-10,
                -2.175721885453345e-09,
                -4.022395281578078e-10,
                -1.1139333049815349e-09
            ],
            [
                0.0,
                0.0,
                0.0,
                0.0,
                0.0,
                0.0,
                0.0,
                0.0,
                0.0,
                0.0,
                0.0,
                0.0,
                0.0,
                0.0,
                1.432176361138391e-07,
                -2.3186889711218696e-09,
                2.6452085172951435e-10,
                7.122304986026602e-10
            ],
            [
                0.0,
                0.0,
                0.0,
                0.0,
                0.0,
                0.0,
                0.0,
                0.0,
                0.0,
                0.0,
                0.0,
                0.0,
                0.0,
                0.0,
                0.0,
                1.325647763066434e-06,
                -3.4507917949929587e-10,
                -1.942112400137083e-09
            ],
            [
                0.0,
                0.0,
                0.0,
                0.0,
                0.0,
                0.0,
                0.0,
                0.0,
                0.0,
                0.0,
                0.0,
                0.0,
                0.0,
                0.0,
                0.0,
                0.0,
                1.0984722815150979e-07,
                1.4082323274039206e-09
            ],
            [
                0.0,
                0.0,
                0.0,
                0.0,
                0.0,
                0.0,
                0.0,
                0.0,
                0.0,
                0.0,
                0.0,
                0.0,
                0.0,
                0.0,
                0.0,
                0.0,
                0.0,
                3.5823352943885094e-07
            ]
        ]
    ],
    "allnames": [
        "m1_flow_nominal",
        "m2_flow_nominal",
        "tau1",
        "tau2",
        "tau_m",
        "nominalUa.hasValue",
        "workingPressure.hasValue",
        "flowCoefficient.hasValue",
        "waterFlowRateMax",
        "c1",
        "c2",
        "c3",
        "c4",
        "eps_motor",
        "f_motorToAir",
        "kp",
        "Ti",
        "Td"
    ],
    "alpha_count": 4506,
    "cov": [
        [
            0.004761433882745986,
            0.004295507485922964,
            0.002894548819726741,
            0.020684971905471746,
            0.004594627837574296,
            23.332823024218655,
            -14.667942731476103,
            -5.867412014103441,
            -0.0046082193989782395,
            -0.0008991822696263033,
            3.041729527909694e-05,
            -0.0026552004116153663,
            -0.0010373195363671279,
            0.00010282951341471783,
            -0.0011973702185671105,
            -0.008883558955623361,
            0.00045077057067296035,
            0.0002486679143664278
        ],
        [
            0.004295507485922964,
            0.006376657646995022,
            0.00260004135938463,
            0.029624355730511132,
            0.025510908541871685,
            23.250071543657715,
            -16.94677005124139,
            -6.154490715707977,
            -0.005627971910336652,
            -0.0010372949485274164,
            -0.00016375482963584495,
            -0.004026058066346785,
            -0.0013962114784450586,
            0.00010712266899832207,
            -0.0016566787831731535,
            -0.007559974782260461,
            0.0005917437708121679,
            0.00016332949166493037
        ],
        [
            0.002894548819726741,
            0.00260004135938463,
            0.0023777903309513677,
            0.008619283099483522,
            -0.0055424083411891294,
            12.388792856850735,
            -7.109781525338684,
            -3.718357213831644,
            -0.0023793237804340442,
            -0.0004426859330014793,
            8.496797303886278e-05,
            -0.0013354295868580328,
            2.0229542723524954e-05,
            5.305499311892028e-05,
            -0.0006044773538358387,
            -0.004721216250082968,
            0.0002147488420721796,
            0.0003745319352983255
        ],
        [
            0.020684971905471746,
            0.029624355730511132,
            0.008619283099483522,
            0.2762831596724329,
            0.5269550280587811,
            167.03646855070718,
            -139.56862920769638,
            -30.701139768788277,
            -0.0366405241840325,
            -0.0076705780902915355,
            -0.001250030695283027,
            -0.030003666047706018,
            -0.015724313954858894,
            0.0008567557386758003,
            -0.010078960821492929,
            -0.07458942344306475,
            0.004610936789688374,
            -0.0035281714109560735
        ],
        [
            0.004594627837574296,
            0.025510908541871685,
            -0.0055424083411891294,
            0.5269550280587811,
            1.7904185549833878,
            178.84880055688123,
            -256.8385809029509,
            -11.870289560025599,
            -0.05437709855920484,
            -0.011024204506698644,
            -0.002009506493540693,
            -0.050154419001783204,
            -0.04185828537988395,
            0.001384552053990649,
            -0.011717134322898238,
            -0.11572771554802107,
            0.008453562738405257,
            -0.014528928325319101
        ],
        [
            23.332823024218655,
            23.250071543657715,
            12.388792856850735,
            167.03646855070718,
            178.84880055688123,
            170433.5052985421,
            -108007.34384246627,
            -30675.226998973965,
            -31.5653395402718,
            -6.140551733744605,
            -1.3396095287174223,
            -20.986817967241546,
            -7.368952509916563,
            0.6738588021895793,
            -8.282793099003497,
            -65.95170678754613,
            3.0794299006728427,
            -1.0457091751252574
        ],
        [
            -14.667942731476103,
            -16.94677005124139,
            -7.109781525338684,
            -139.56862920769638,
            -256.8385809029509,
            -108007.34384246627,
            86834.05363287417,
            18368.788235123793,
            23.851855167499664,
            4.563450776209783,
            0.9638869839475251,
            16.27643179508069,
            8.739224920436596,
            -0.500809673698013,
            5.974869403766393,
            45.194363864814434,
            -2.6046834644985704,
            1.814105403136651
        ],
        [
            -5.867412014103441,
            -6.154490715707977,
            -3.718357213831644,
            -30.701139768788277,
            -11.870289560025599,
            -30675.226998973965,
            18368.788235123793,
            8739.590023028506,
            5.69424939448487,
            1.1459744960856475,
            -0.21123019067005203,
            3.8572412302723604,
            1.0419161438155007,
            -0.14341374627411338,
            1.6118933626959755,
            11.648872417114735,
            -0.6148297309635411,
            -0.296764403681737
        ],
        [
            -0.0046082193989782395,
            -0.005627971910336652,
            -0.0023793237804340442,
            -0.0366405241840325,
            -0.05437709855920484,
            -31.5653395402718,
            23.851855167499664,
            5.69424939448487,
            0.007277431587310247,
            0.0013086323104417933,
            0.00040614140740021334,
            0.004728679682226576,
            0.0022267243875282437,
            -0.00013521409958820995,
            0.0018529932044675926,
            0.012018732199429361,
            -0.0007240039189654536,
            0.0002551399743586159
        ],
        [
            -0.0008991822696263033,
            -0.0010372949485274164,
            -0.0004426859330014793,
            -0.0076705780902915355,
            -0.011024204506698644,
            -6.140551733744605,
            4.563450776209783,
            1.1459744960856475,
            0.0013086323104417933,
            0.0002594671626687037,
            5.554905083705419e-05,
            0.0009136467606089268,
            0.0004334431970477243,
            -2.754914532435149e-05,
            0.00034768635645644747,
            0.002489737031212362,
            -0.000140670368775867,
            6.090144207549318e-05
        ],
        [
            3.041729527909694e-05,
            -0.00016375482963584495,
            8.496797303886278e-05,
            -0.001250030695283027,
            -0.002009506493540693,
            -1.3396095287174223,
            0.9638869839475251,
            -0.21123019067005203,
            0.00040614140740021334,
            5.554905083705419e-05,
            0.00016356168179185502,
            0.00028515123665417345,
            5.533828212455086e-05,
            2.6785847996110796e-07,
            0.00011928225391268865,
            0.00022298192606627341,
            -1.8823895367463646e-05,
            2.6380041556293933e-05
        ],
        [
            -0.0026552004116153663,
            -0.004026058066346785,
            -0.0013354295868580328,
            -0.030003666047706018,
            -0.050154419001783204,
            -20.986817967241546,
            16.27643179508069,
            3.8572412302723604,
            0.004728679682226576,
            0.0009136467606089268,
            0.00028515123665417345,
            0.0037322625648107425,
            0.001470859742769214,
            -9.571116037075606e-05,
            0.001318305199782358,
            0.008338130510411747,
            -0.0005249081976588162,
            0.00024606233371133023
        ],
        [
            -0.0010373195363671279,
            -0.0013962114784450586,
            2.0229542723524954e-05,
            -0.015724313954858894,
            -0.04185828537988395,
            -7.368952509916563,
            8.739224920436596,
            1.0419161438155007,
            0.0022267243875282437,
            0.0004334431970477243,
            5.533828212455086e-05,
            0.001470859742769214,
            0.0018532150056983457,
            -5.067009521142285e-05,
            0.0005017850891463897,
            0.0035637403731466153,
            -0.00030104109349342865,
            0.0003722442855434083
        ],
        [
            0.00010282951341471783,
            0.00010712266899832207,
            5.305499311892028e-05,
            0.0008567557386758003,
            0.001384552053990649,
            0.6738588021895793,
            -0.500809673698013,
            -0.14341374627411338,
            -0.00013521409958820995,
            -2.754914532435149e-05,
            2.6785847996110796e-07,
            -9.571116037075606e-05,
            -5.067009521142285e-05,
            3.39076946338514e-06,
            -3.460272321385553e-05,
            -0.0002919633906768906,
            1.57699079122216e-05,
            -7.47336675093079e-06
        ],
        [
            -0.0011973702185671105,
            -0.0016566787831731535,
            -0.0006044773538358387,
            -0.010078960821492929,
            -0.011717134322898238,
            -8.282793099003497,
            5.974869403766393,
            1.6118933626959755,
            0.0018529932044675926,
            0.00034768635645644747,
            0.00011928225391268865,
            0.001318305199782358,
            0.0005017850891463897,
            -3.460272321385553e-05,
