6.287366798355225640e-03 1.052227667649097643e-05 2.870174661177282247e-06 -9.769597546307220350e-06 -2.201388614742201308e-05 1.239410708378687470e-02 -1.930958280733082247e-02 -4.195943982016801799e-03 -1.939691371421739454e-05 -2.564354849200651488e-07 8.980325719620266803e-07 2.430220412755208195e-06 2.020582135167273622e-06 7.520608675212855634e-08 -3.516077923569406311e-07 -2.320317221167915962e-06 -2.312279576338993544e-07 -1.268115027839527562e-06
1.052227667649097643e-05 1.960990300132419220e-02 2.117451578922929084e-05 -7.207453270939471817e-05 -1.624059281534057369e-04 9.143667097646142328e-02 -1.424551166058817264e-01 -3.095528759963801432e-02 -1.430993943537728558e-04 -1.891835119933559329e-06 6.625173419394768956e-06 1.792878363718995055e-05 1.490670547101292062e-05 5.548277228278173109e-07 -2.593962260061296771e-06 -1.711798041429575060e-05 -1.705868324341611269e-06 -9.355431236555138247e-06
2.870174661177282247e-06 2.117451578922929084e-05 1.291963898498487903e-02 -1.965986106038079912e-05 -4.429966956222747737e-05 2.494129590085664497e-02 -3.885766156964515911e-02 -8.443712784747415406e-03 -3.903340202236380788e-05 -5.160382483089562779e-07 1.807156897588201765e-06 4.890456892866384183e-06 4.066120825365159681e-06 1.513410567255824215e-07 -7.075583526055817803e-07 -4.669293076603013130e-06 -4.653118512621200829e-07 -2.551892760959186961e-06
-9.769597546307220350e-06 -7.207453270939471817e-05 -1.965986106038079912e-05 2.315437092146011844e-01 1.507887129349254579e-04 -8.489602620029566837e-02 1.322650221468850973e-01 2.874099504096205848e-02 1.328632134412653318e-04 1.756508435766047529e-06 -6.151261744199249267e-06 -1.664630250804013874e-05 -1.384039953240410340e-05 -5.151398054065904523e-07 2.408411041664373490e-06 1.589349763315761054e-05 1.583844210544819267e-06 8.686218853900652293e-06
-2.201388614742201308e-05 -1.624059281534057369e-04 -4.429966956222747737e-05 1.507887129349254579e-04 3.447836263021137437e+00 -1.912966676757613393e-01 2.980334783522737285e-01 6.476223709281782315e-02 2.993813859796297535e-04 3.957949806904373987e-06 -1.386067082681202504e-05 -3.750920203729930802e-05 -3.118664592855640606e-05 -1.160767265230108692e-06 5.426885418369550225e-06 3.581290280610403343e-05 3.568884589249662686e-06 1.957270317380035740e-05
1.239410708378687470e-02 9.143667097646142328e-02 2.494129590085664497e-02 -8.489602620029566837e-02 -1.912966676757613393e-01 2.301054335761016991e+05 -1.677967633935517711e+02 -3.646199022465540907e+01 -1.685556530943808362e-01 -2.228377734422466987e-03 7.803739754543379675e-03 2.111817348215580190e-02 1.755849133742974633e-02 6.535272186052070624e-04 -3.055407780174722136e-03 -2.016313473176044313e-02 -2.009328905974062593e-03 -1.101968900132907492e-02
-1.930958280733082247e-02 -1.424551166058817264e-01 -3.885766156964515911e-02 1.322650221468850973e-01 2.980334783522737285e-01 -1.677967633935517711e+02 7.542997553580632666e+04 5.680649802389407199e+01 2.626037776716729222e-01 3.471734115088495349e-03 -1.215795199916687268e-02 -3.290137134015078818e-02 -2.735551178958418178e-02 -1.018172415260926904e-03 4.760217831151760011e-03 3.141345456564649530e-02 3.130463746583585314e-03 1.716828778739116351e-02
-4.195943982016801799e-03 -3.095528759963801432e-02 -8.443712784747415406e-03 2.874099504096205848e-02 6.476223709281782315e-02 -3.646199022465540907e+01 5.680649802389407199e+01 1.617034884876450815e+04 5.706341517425286142e-02 7.544027239075100453e-04 -2.641905111755497165e-03 -7.149419666508517388e-03 -5.944312531957896342e-03 -2.212473703392323077e-04 1.034388342876437980e-03 6.826097536868673370e-03 6.802451740910944082e-04 3.730643719329232097e-03
-1.939691371421739454e-05 -1.430993943537728558e-04 -3.903340202236380788e-05 1.328632134412653318e-04 2.993813859796297535e-04 -1.685556530943808362e-01 2.626037776716729222e-01 5.706341517425286142e-02 1.995055209599475021e-02 3.487435629293380263e-06 -1.221293842660887592e-05 -3.305017344662903840e-05 -2.747923179310614157e-05 -1.022777274997091731e-06 4.781746734407727579e-06 3.155552731279131731e-05 3.144621806894493517e-06 1.724593431953649796e-05
-2.564354849200651488e-07 -1.891835119933559329e-06 -5.160382483089562779e-07 1.756508435766047529e-06 3.957949806904373987e-06 -2.228377734422466987e-03 3.471734115088495349e-03 7.544027239075100453e-04 3.487435629293380263e-06 1.114792093099305339e-04 -1.614602628989786079e-07 -4.369374107318150477e-07 -3.632871823794858094e-07 -1.352155246671334378e-08 6.321673440780458565e-08 4.171775503869372902e-07 4.157324354905688024e-08 2.279986185064271220e-07
8.980325719620266803e-07 6.625173419394768956e-06 1.807156897588201765e-06 -6.151261744199249267e-06 -1.386067082681202504e-05 7.803739754543379675e-03 -1.215795199916687268e-02 -2.641905111755497165e-03 -1.221293842660887592e-05 -1.614602628989786079e-07 6.328638621904442586e-04 1.530147151312667616e-06 1.272225342973819481e-06 4.735223965742167677e-08 -2.213838954814595444e-07 -1.460948466845685857e-06 -1.455887699816618231e-07 -7.984471643810894821e-07
2.430220412755208195e-06 1.792878363718995055e-05 4.890456892866384183e-06 -1.664630250804013874e-05 -3.750920203729930802e-05 2.111817348215580190e-02 -3.290137134015078818e-02 -7.149419666508517388e-03 -3.305017344662903840e-05 -4.369374107318150477e-07 1.530147151312667616e-06 2.328158367690615245e-03 3.442846166887370625e-06 1.281427678661179626e-07 -5.991003875047176433e-07 -3.953561259314703135e-06 -3.939866010698754549e-07 -2.160726300991548651e-06
2.020582135167273622e-06 1.490670547101292062e-05 4.066120825365159681e-06 -1.384039953240410340e-05 -3.118664592855640606e-05 1.755849133742974633e-02 -2.735551178958418178e-02 -5.944312531957896342e-03 -2.747923179310614157e-05 -3.632871823794858094e-07 1.272225342973819481e-06 3.442846166887370625e-06 2.961767049590768256e-03 1.065430057875354553e-07 -4.981159461134680846e-07 -3.287148445026819307e-06 -3.275761669348030186e-07 -1.796513986902043917e-06
7.520608675212855634e-08 5.548277228278173109e-07 1.513410567255824215e-07 -5.151398054065904523e-07 -1.160767265230108692e-06 6.535272186052070624e-04 -1.018172415260926904e-03 -2.212473703392323077e-04 -1.022777274997091731e-06 -1.352155246671334378e-08 4.735223965742167677e-08 1.281427678661179626e-07 1.065430057875354553e-07 1.669435535341928462e-06 -1.853988036617320738e-08 -1.223476971419159672e-07 -1.219238812402401222e-08 -6.686626809119169025e-08
-3.516077923569406311e-07 -2.593962260061296771e-06 -7.075583526055817803e-07 2.408411041664373490e-06 5.426885418369550225e-06 -3.055407780174722136e-03 4.760217831151760011e-03 1.034388342876437980e-03 4.781746734407727579e-06 6.321673440780458565e-08 -2.213838954814595444e-07 -5.991003875047176433e-07 -4.981159461134680846e-07 -1.853988036617320738e-08 4.136487070438722561e-04 5.720069418557678347e-07 5.700254935450060243e-08 3.126169958048751194e-07
-2.320317221167915962e-06 -1.711798041429575060e-05 -4.669293076603013130e-06 1.589349763315761054e-05 3.581290280610403343e-05 -2.016313473176044313e-02 3.141345456564649530e-02 6.826097536868673370e-03 3.155552731279131731e-05 4.171775503869372902e-07 -1.460948466845685857e-06 -3.953561259314703135e-06 -3.287148445026819307e-06 -1.223476971419159672e-07 5.720069418557678347e-07 3.523867675961706719e-02 3.761691287645064472e-07 2.063010589536245721e-06
-2.312279576338993544e-07 -1.705868324341611269e-06 -4.653118512621200829e-07 1.583844210544819267e-06 3.568884589249662686e-06 -2.009328905974062593e-03 3.130463746583585314e-03 6.802451740910944082e-04 3.144621806894493517e-06 4.157324354905688024e-08 -1.455887699816618231e-07 -3.939866010698754549e-07 -3.275761669348030186e-07 -1.219238812402401222e-08 5.700254935450060243e-08 3.761691287645064472e-07 2.420618369781929013e-04 2.055864262195430078e-07
-1.268115027839527562e-06 -9.355431236555138247e-06 -2.551892760959186961e-06 8.686218853900652293e-06 1.957270317380035740e-05 -1.101968900132907492e-02 1.716828778739116351e-02 3.730643719329232097e-03 1.724593431953649796e-05 2.279986185064271220e-07 -7.984471643810894821e-07 -2.160726300991548651e-06 -1.796513986902043917e-06 -6.686626809119169025e-08 3.126169958048751194e-07 2.063010589536245721e-06 2.055864262195430078e-07 2.565887140684617370e-03
2.012473704092090487e-03 1.566965512988124741e-06 1.494859433384749246e-06 -5.400781106427532727e-08 -2.299674454496421000e-05 1.506661320097690479e-02 -7.238186879690784378e-03 -2.632841810013353614e-03 -7.502441162301748260e-06 -1.705522321479119360e-07 4.153764402205688696e-07 6.541513101204737130e-07 1.244786391406076703e-06 3.348608156500998125e-08 -2.740015120788530737e-07 3.630525127860922591e-06 -2.450357866512459824e-07 -2.022700914801233724e-06
1.566965512988124741e-06 6.281445170564991035e-03 4.766232752253461488e-06 -3.377519742816318109e-05 3.647284249884566818e-06 -9.441795690331673124e-03 -4.189304836973233720e-02 -5.407661582639382292e-03 -4.127533568414529626e-05 -2.968596857946050438e-07 1.673766656604818084e-06 6.167856535087535183e-06 2.684540427041898581e-06 1.447018795629190439e-07 -2.670486576753559897e-07 -2.072416962893359725e-05 5.045746489871398304e-08 2.643545858275309306e-06
1.494859433384749246e-06 4.766232752253461488e-06 4.134927943388008384e-03 -2.861433761135829997e-06 -3.198424819494601767e-05 2.037325857901495924e-02 -1.361680092181651557e-02 -4.142235806617739803e-03 -1.393684078111660397e-05 -2.639212778594997604e-07 7.211897464956838326e-07 1.427055501076731980e-06 1.968959457543966583e-06 5.894530614177182954e-08 -4.066947336856969017e-07 3.387655254229729183e-06 -3.398434964328773859e-07 -2.621636859688660659e-06
-5.400781106427532727e-08 -3.377519742816318109e-05 -2.861433761135829997e-06 7.411226755928611298e-02 -4.666714324344763343e-05 3.888356482509812417e-02 3.602281902803806946e-02 1.520516817657631024e-03 3.480815582217339097e-05 3.553155019593947197e-08 -1.206741150159729034e-06 -6.061782039351347459e-06 -8.695119380233495196e-07 -1.087929689280117751e-07 -1.901900438190065939e-07 3.110634349619412475e-05 -5.109105698763557056e-07 -6.841327992035604969e-06
-2.299674454496421000e-05 3.647284249884566818e-06 -3.198424819494601767e-05 -4.666714324344763343e-05 1.103800460648872717e+00 -4.041719065696969260e-01 1.280929107046772097e-01 6.058360335208483327e-02 1.358251391874644323e-04 4.000587641220104718e-06 -8.390241959414836080e-06 -8.186739748744022396e-06 -2.846149940890931499e-05 -6.624865486269784692e-07 6.725847454029337436e-06 -1.236473097271769610e-04 6.426520375777771183e-06 5.621854548877819411e-05
1.506661320097690479e-02 -9.441795690331673124e-03 2.037325857901495924e-02 3.888356482509812417e-02 -4.041719065696969260e-01 7.387238729527889518e+04 -7.646489073370956646e+01 -3.940442603419309364e+01 -8.178810666760989723e-02 -2.615580661941680884e-03 5.249185681055812402e-03 4.102287730591616319e-03 1.847936338643104554e-02 4.116512537842087287e-04 -4.449524252520467051e-03 8.756307283531840346e-02 -4.320218697178410290e-03 -3.828796517195413862e-02
-7.238186879690784378e-03 -4.189304836973233720e-02 -1.361680092181651557e-02 3.602281902803806946e-02 1.280929107046772097e-01 -7.646489073370956646e+01 2.413976469481265667e+04 2.082448175595420636e+01 8.669046039575399598e-02 1.292476154007714435e-03 -4.153117305488070177e-03 -1.027506971313344938e-02 -9.980823253908883280e-03 -3.451382461187519398e-04 1.854520360185448651e-03 1.082123534373297937e-03 1.352600456463954985e-03 8.810530718991713833e-03
-2.632841810013353614e-03 -5.407661582639382292e-03 -4.142235806617739803e-03 1.520516817657631024e-03 6.058360335208483327e-02 -3.940442603419309364e+01 2.082448175595420636e+01 5.177735277318694898e+03 2.149715418061569697e-02 4.625242095249512816e-04 -1.165255647209916109e-03 -1.979179345114727342e-03 -3.396890359290726143e-03 -9.433705376301178497e-05 7.345085729439147868e-04 -8.742440817189377558e-03 6.450596947102474636e-04 5.233931138249893131e-03
-7.502441162301748260e-06 -4.127533568414529626e-05 -1.393684078111660397e-05 3.480815582217339097e-05 1.358251391874644323e-04 -8.178810666760989723e-02 8.669046039575399598e-02 2.149715418061569697e-02 6.387426801832501305e-03 1.338001220452353203e-06 -4.229297543991734531e-06 -1.026615527943554280e-05 -1.029419221553548055e-05 -3.509231188645196278e-07 1.935317458571589200e-06 -8.738186056219117540e-07 1.435412303081558582e-06 9.575386968260536318e-06
-1.705522321479119360e-07 -2.968596857946050438e-07 -2.639212778594997604e-07 3.553155019593947197e-08 4.000587641220104718e-06 -2.615580661941680884e-03 1.292476154007714435e-03 4.625242095249512816e-04 1.338001220452353203e-06 3.568851365597176854e-05 -7.360606560756848940e-08 -1.186501758370452971e-07 -2.187766213535580133e-07 -5.941401025765513567e-09 4.790640089434668642e-08 -6.159904184202054018e-07 4.261824342162426777e-08 3.500786077220085001e-07
4.153764402205688696e-07 1.673766656604818084e-06 7.211897464956838326e-07 -1.206741150159729034e-06 -8.390241959414836080e-06 5.249185681055812402e-03 -4.153117305488070177e-03 -1.165255647209916109e-03 -4.229297543991734531e-06 -7.360606560756848940e-08 2.025481706137840187e-04 4.590247229613617156e-07 5.554153619776731019e-07 1.748811660178763485e-08 -1.108780282818913383e-07 6.166388432137189393e-07 -8.899262720115552019e-08 -6.563591509234473060e-07
6.541513101204737130e-07 6.167856535087535183e-06 1.427055501076731980e-06 -6.061782039351347459e-06 -8.186739748744022396e-06 4.102287730591616319e-03 -1.027506971313344938e-02 -1.979179345114727342e-03 -1.026615527943554280e-05 -1.186501758370452971e-07 4.590247229613617156e-07 7.450402266684498336e-04 9.586057637254124246e-07 3.875214493562063062e-08 -1.530802330439879196e-07 -2.311281204959091390e-06 -8.515782053678592420e-08 -3.046269400734963733e-07
1.244786391406076703e-06 2.684540427041898581e-06 1.968959457543966583e-06 -8.695119380233495196e-07 -2.846149940890931499e-05 1.847936338643104554e-02 -9.980823253908883280e-03 -3.396890359290726143e-03 -1.029419221553548055e-05 -2.187766213535580133e-07 5.554153619776731019e-07 9.586057637254124246e-07 9.484585093947049163e-04 4.500759629686567744e-08 -3.464902610680380487e-07 4.014546770007449967e-06 -3.029885693623315639e-07 -2.448172487578476870e-06
3.348608156500998125e-08 1.447018795629190439e-07 5.894530614177182954e-08 -1.087929689280117751e-07 -6.624865486269784692e-07 4.116512537842087287e-04 -3.451382461187519398e-04 -9.433705376301178497e-05 -3.509231188645196278e-07 -5.941401025765513567e-09 1.748811660178763485e-08 3.875214493562063062e-08 4.500759629686567744e-08 5.343912365086835120e-07 -8.879004222236142814e-09 4.063222091359939397e-08 -7.022147455309710202e-09 -5.089673861176110720e-08
-2.740015120788530737e-07 -2.670486576753559897e-07 -4.066947336856969017e-07 -1.901900438190065939e-07 6.725847454029337436e-06 -4.449524252520467051e-03 1.854520360185448651e-03 7.345085729439147868e-04 1.935317458571589200e-06 4.790640089434668642e-08 -1.108780282818913383e-07 -1.530802330439879196e-07 -3.464902610680380487e-07 -8.879004222236142814e-09 1.324180929589199179e-04 -1.184666266206153089e-06 7.173620094144289429e-08 6.057406168012525445e-07
3.630525127860922591e-06 -2.072416962893359725e-05 3.387655254229729183e-06 3.110634349619412475e-05 -1.236473097271769610e-04 8.756307283531840346e-02 1.082123534373297937e-03 -8.742440817189377558e-03 -8.738186056219117540e-07 -6.159904184202054018e-07 6.166388432137189393e-07 -2.311281204959091390e-06 4.014546770007449967e-06 4.063222091359939397e-08 -1.184666266206153089e-06 1.131341375470316934e-02 -1.328267054002599096e-06 -1.303414770501228622e-05
-2.450357866512459824e-07 5.045746489871398304e-08 -3.398434964328773859e-07 -5.109105698763557056e-07 6.426520375777771183e-06 -4.320218697178410290e-03 1.352600456463954985e-03 6.450596947102474636e-04 1.435412303081558582e-06 4.261824342162426777e-08 -8.899262720115552019e-08 -8.515782053678592420e-08 -3.029885693623315639e-07 -7.022147455309710202e-09 7.173620094144289429e-08 -1.328267054002599096e-06 7.751644875039669980e-05 6.014152794794563513e-07
-2.022700914801233724e-06 2.643545858275309306e-06 -2.621636859688660659e-06 -6.841327992035604969e-06 5.621854548877819411e-05 -3.828796517195413862e-02 8.810530718991713833e-03 5.233931138249893131e-03 9.575386968260536318e-06 3.500786077220085001e-07 -6.563591509234473060e-07 -3.046269400734963733e-07 -2.448172487578476870e-06 -5.089673861176110720e-08 6.057406168012525445e-07 -1.303414770501228622e-05 6.014152794794563513e-07 8.261472861058882788e-04
6.439991138259546551e-04 4.162230001044928241e-07 4.758167830049082502e-07 -4.745225634050932520e-08 -8.830432740554333037e-06 4.155978825764660919e-03 -2.423194435173699202e-03 -7.892720243360680336e-04 -2.398770815013794696e-06 -4.182921412995316352e-08 1.671252720782356324e-07 2.275565772423121495e-07 4.480602420739734860e-07 1.102337639035270639e-08 -8.118979727935548203e-08 9.303764351034094703e-07 -6.557435773493534976e-08 -5.959531955318925745e-07
4.162230001044928241e-07 2.011026795473712468e-03 1.553921630136037903e-06 -1.046660902488450695e-05 1.782093020611003086e-05 4.508756258388512891e-03 -1.219506194548475655e-02 -2.332979462587487195e-03 -1.323086016178379901e-05 -2.392682829223644174e-07 1.484833891895578492e-07 1.767412122097250119e-06 2.962364718855282334e-07 4.282065125084497717e-08 -1.589156218447890710e-07 -4.012898965616119588e-06 -1.291407964884198497e-07 2.652078458942109835e-07
4.758167830049082502e-07 1.553921630136037903e-06 1.323177797649089391e-03 -9.054870847049352301e-07 -9.738852513731470603e-06 6.743760926202605616e-03 -4.321309849171731804e-03 -1.343464406466251876e-03 -4.460466840817851705e-06 -8.875262240454681938e-08 2.192485833854336634e-07 4.505121457228451862e-07 6.133010541366851023e-07 1.875871313268832389e-08 -1.323306466108055517e-07 1.162063248918931374e-06 -1.130779388663683026e-07 -8.562233066127725408e-07
-4.745225634050932520e-08 -1.046660902488450695e-05 -9.054870847049352301e-07 2.371604652117415002e-02 -9.036702923195623883e-06 1.510901205295270798e-02 1.195599194943429942e-02 2.732221483409313836e-04 1.113055356414767967e-05 -3.971420192545634171e-08 -5.232294368715233958e-07 -2.012817724154949374e-06 -4.775260658885022855e-07 -3.604734833482106981e-08 -8.687157406186724856e-08 1.088130802016113805e-05 -2.149347184473513138e-07 -2.394848910958611854e-06
-8.830432740554333037e-06 1.782093020611003086e-05 -9.738852513731470603e-06 -9.036702923195623883e-06 3.535037521658409565e-01 7.074768255731353137e-04 6.189829215175368660e-02 8.981328637436992307e-03 4.307111335286539170e-05 -1.211354781346691363e-06 -9.370325628255274654e-06 -6.182513005501458909e-06 -1.882730539712314602e-05 -2.721621862646155397e-07 8.836441287928977836e-07 5.659147489724006023e-06 -4.525677302413983082e-07 7.961003818359435648e-06
4.155978825764660919e-03 4.508756258388512891e-03 6.743760926202605616e-03 1.510901205295270798e-02 7.074768255731353137e-04 2.369796354723601326e+04 -1.501481423116960379e+01 -1.731430118597099366e+01 -2.634986069619320304e-02 -1.963554188075361008e-03 -1.343132372338369258e-03 -2.981929005878678645e-04 1.518600136508289206e-03 1.045237049820263442e-04 -1.997466286599879504e-03 4.846956259110161286e-02 -2.516956271192198787e-03 -1.678679947262338296e-02
-2.423194435173699202e-03 -1.219506194548475655e-02 -4.321309849171731804e-03 1.195599194943429942e-02 6.189829215175368660e-02 -1.501481423116960379e+01 7.726244732517496232e+03 5.907370847296607330e+00 2.771238164630073983e-02 2.324598497217503375e-04 -1.815022527648398835e-03 -3.547030909529207219e-03 -3.900469907283453386e-03 -1.148182787858357769e-04 5.012186744698353402e-04 3.634182574615688922e-03 2.504265645687960007e-04 2.090277207733139044e-03
-7.892720243360680336e-04 -2.332979462587487195e-03 -1.343464406466251876e-03 2.732221483409313836e-04 8.981328637436992307e-03 -1.731430118597099366e+01 5.907370847296607330e+00 1.657251752811472443e+03 6.893305430053012044e-03 2.381507640508246314e-04 -1.310049810468311149e-04 -5.044383014720148434e-04 -7.353527719102131467e-04 -2.801105777821598846e-05 2.809411598195919605e-04 -4.433849914179133558e-03 2.971956755831005196e-04 2.037700643246527586e-03
-2.398770815013794696e-06 -1.323086016178379901e-05 -4.460466840817851705e-06 1.113055356414767967e-05 4.307111335286539170e-05 -2.634986069619320304e-02 2.771238164630073983e-02 6.893305430053012044e-03 2.043977113416593164e-03 4.315643845771225128e-07 -1.344241425350803783e-06 -3.280302182825936572e-06 -3.280862368376158940e-06 -1.122131974125496075e-07 6.210348095812326559e-07 -3.414109818908310055e-07 4.627598554647992177e-07 3.077825549123395574e-06
-4.182921412995316352e-08 -2.392682829223644174e-07 -8.875262240454681938e-08 -3.971420192545634171e-08 -1.211354781346691363e-06 -1.963554188075361008e-03 2.324598497217503375e-04 2.381507640508246314e-04 4.315643845771225128e-07 1.144190880298948699e-05 3.436262690989187897e-08 -7.103616046674773129e-09 1.419336835928848809e-08 -1.380021248245477690e-09 2.632026507512261280e-08 -5.889158410466042389e-07 3.537397382775370079e-08 1.989065767203327725e-07
1.671252720782356324e-07 1.484833891895578492e-07 2.192485833854336634e-07 -5.232294368715233958e-07 -9.370325628255274654e-06 -1.343132372338369258e-03 -1.815022527648398835e-03 -1.310049810468311149e-04 -1.344241425350803783e-06 3.436262690989187897e-08 6.497081959711730262e-05 2.297051176831291392e-07 4.036681673870994391e-07 6.994783203734346063e-09 -5.991399663614597654e-09 -8.539724899638984460e-07 2.984598485260897465e-08 2.309020281259487577e-08
2.275565772423121495e-07 1.767412122097250119e-06 4.505121457228451862e-07 -2.012817724154949374e-06 -6.182513005501458909e-06 -2.981929005878678645e-04 -3.547030909529207219e-03 -5.044383014720148434e-04 -3.280302182825936572e-06 -7.103616046674773129e-09 2.297051176831291392e-07 2.384570068258124278e-04 4.271574753008925931e-07 1.314600973321475806e-08 -3.327032602330392530e-08 -1.299858841997868470e-06 3.830863600683649115e-09 2.675458394600710579e-08
4.480602420739734860e-07 2.962364718855282334e-07 6.133010541366851023e-07 -4.775260658885022855e-07 -1.882730539712314602e-05 1.518600136508289206e-03 -3.900469907283453386e-03 -7.353527719102131467e-04 -3.280862368376158940e-06 1.419336835928848809e-08 4.036681673870994391e-07 4.271574753008925931e-07 3.038351985229418130e-04 1.643576213447592609e-08 -6.800353167214235951e-08 -2.437709719637424872e-07 -1.216265504384024688e-08 -4.444866872827676867e-07
1.102337639035270639e-08 4.282065125084497717e-08 1.875871313268832389e-08 -3.604734833482106981e-08 -2.721621862646155397e-07 1.045237049820263442e-04 -1.148182787858357769e-04 -2.801105777821598846e-05 -1.122131974125496075e-07 -1.380021248245477690e-09 6.994783203734346063e-09 1.314600973321475806e-08 1.643576213447592609e-08 1.710177824237849366e-07 -2.575886444303934202e-09 3.541038321704733182e-09 -1.722196741668097245e-09 -1.418891885529003208e-08
-8.118979727935548203e-08 -1.589156218447890710e-07 -1.323306466108055517e-07 -8.687157406186724856e-08 8.836441287928977836e-07 -1.997466286599879504e-03 5.012186744698353402e-04 2.809411598195919605e-04 6.210348095812326559e-07 2.632026507512261280e-08 -5.991399663614597654e-09 -3.327032602330392530e-08 -6.800353167214235951e-08 -2.575886444303934202e-09 4.237938567168726277e-05 -5.785867434968396017e-07 3.402304413152439129e-08 2.380746969248107700e-07
9.303764351034094703e-07 -4.012898965616119588e-06 1.162063248918931374e-06 1.088130802016113805e-05 5.659147489724006023e-06 4.846956259110161286e-02 3.634182574615688922e-03 -4.433849914179133558e-03 -3.414109818908310055e-07 -5.889158410466042389e-07 -8.539724899638984460e-07 -1.299858841997868470e-06 -2.437709719637424872e-07 3.541038321704733182e-09 -5.785867434968396017e-07 3.627404304008414668e-03 -8.195980625410061022e-07 -5.747991910538609135e-06
-6.557435773493534976e-08 -1.291407964884198497e-07 -1.130779388663683026e-07 -2.149347184473513138e-07 -4.525677302413983082e-07 -2.516956271192198787e-03 2.504265645687960007e-04 2.971956755831005196e-04 4.627598554647992177e-07 3.537397382775370079e-08 2.984598485260897465e-08 3.830863600683649115e-09 -1.216265504384024688e-08 -1.722196741668097245e-09 3.402304413152439129e-08 -8.195980625410061022e-07 2.482715250513416329e-05 2.799449443407046482e-07
-5.959531955318925745e-07 2.652078458942109835e-07 -8.562233066127725408e-07 -2.394848910958611854e-06 7.961003818359435648e-06 -1.678679947262338296e-02 2.090277207733139044e-03 2.037700643246527586e-03 3.077825549123395574e-06 1.989065767203327725e-07 2.309020281259487577e-08 2.675458394600710579e-08 -4.444866872827676867e-07 -1.418891885529003208e-08 2.380746969248107700e-07 -5.747991910538609135e-06 2.799449443407046482e-07 2.647168456976192112e-04
2.060997320769708823e-04 1.600806385178794641e-07 1.806402150250813278e-07 -4.343351332785886307e-08 -3.428102779369184254e-06 1.206976269340167369e-03 -7.330384711865247857e-04 -2.323890535111992428e-04 -7.624893084783681815e-07 -1.100355730456391440e-08 5.538055778396401134e-08 6.166389156102514278e-08 1.401829237566447022e-07 3.071503314709512753e-09 -2.481158530769339438e-08 3.332299420170322723e-07 -2.115587429178125481e-08 -1.932926915378021557e-07
1.600806385178794641e-07 6.435646979450890997e-04 5.353794167374910130e-07 -3.387264668006756680e-06 4.893473917580252262e-06 1.277646957694731798e-03 -3.845480964547704373e-03 -7.194460577901596980e-04 -4.227000536561770645e-06 -7.336612238255649063e-08 5.006780070763873807e-08 5.505871694114544165e-07 9.050164939939618737e-08 1.309004301249544879e-08 -4.928234847639667693e-08 -1.236423785073129141e-06 -4.155622905719680161e-08 8.139020378482975738e-08
1.806402150250813278e-07 5.353794167374910130e-07 4.234571316979781198e-04 -3.298079237611032510e-07 -3.970484537489086627e-06 1.983699476407666147e-03 -1.322726092850634930e-03 -4.012995923806279841e-04 -1.420093840209359717e-06 -2.502385798267100359e-08 7.285409598639757987e-08 1.283490798112402486e-07 1.917244428999967713e-07 5.356288971420894544e-09 -4.068814820708789664e-08 4.222067412520344981e-07 -3.642892080761508037e-08 -2.776603394851803911e-07
-4.343351332785886307e-08 -3.387264668006756680e-06 -3.298079237611032510e-07 7.589174755283800526e-03 -2.041607108363347932e-06 5.008389085081432594e-03 3.766099756432338824e-03 5.895317777161032864e-05 3.554554842045281227e-06 -1.607004994059351665e-08 -1.701156206546892721e-07 -6.283593402239108149e-07 -1.482972152021679777e-07 -1.089161498079954042e-08 -2.944896577183669073e-08 3.431902790310661909e-06 -6.853624763394777548e-08 -7.626995837057155484e-07
-3.428102779369184254e-06 4.893473917580252262e-06 -3.970484537489086627e-06 -2.041607108363347932e-06 1.131393286431719991e-01 3.926138693741654424e-03 1.853192891461366912e-02 2.266775245673623759e-03 1.362875128414661945e-05 -4.593127317469547424e-07 -3.055698225036720194e-06 -1.642721886540224426e-06 -5.928544542519658180e-06 -7.336942197516714690e-08 2.475809524604754426e-07 7.422813132640014805e-07 -1.396429897534346832e-07 2.625396244915286675e-06
1.206976269340167369e-03 1.277646957694731798e-03 1.983699476407666147e-03 5.008389085081432594e-03 3.926138693741654424e-03 7.584103418905884610e+03 -5.065063263013234618e+00 -5.664510443209645807e+00 -8.463386409452764922e-03 -6.429663989679179712e-04 -4.414751278046652721e-04 -2.691209611474012161e-05 5.055841784977275610e-04 3.624821572259243405e-05 -6.463701775944867035e-04 1.529215933782558656e-02 -8.043690855305618906e-04 -5.355882262916001647e-03
-7.330384711865247857e-04 -3.845480964547704373e-03 -1.322726092850634930e-03 3.766099756432338824e-03 1.853192891461366912e-02 -5.065063263013234618e+00 2.472488063270169732e+03 1.933086182460289404e+00 8.878798274674769286e-03 7.943066663329620273e-05 -5.767829047935524398e-04 -1.158669273751293310e-03 -1.254918745687863936e-03 -3.770739453416177301e-05 1.628656858322244741e-04 1.238130824421405539e-03 7.977211646148251497e-05 6.634092394074077477e-04
-2.323890535111992428e-04 -7.194460577901596980e-04 -4.012995923806279841e-04 5.895317777161032864e-05 2.266775245673623759e-03 -5.664510443209645807e+00 1.933086182460289404e+00 5.303409025522680622e+02 2.211016595420450467e-03 7.860935378546903885e-05 -4.000570900583204560e-05 -1.726649384702413773e-04 -2.385351654891970858e-04 -9.423213927905620585e-06 9.107980362579511395e-05 -1.383034481826097249e-03 9.492914067657481209e-05 6.494555489796805707e-04
-7.624893084783681815e-07 -4.227000536561770645e-06 -1.420093840209359717e-06 3.554554842045281227e-06 1.362875128414661945e-05 -8.463386409452764922e-03 8.878798274674769286e-03 2.211016595420450467e-03 6.540739846341002981e-04 1.387095497239916256e-07 -4.296713674721688726e-07 -1.052548468546265457e-06 -1.050693161713337080e-06 -3.602480171516268183e-08 1.990300527042144370e-07 -1.001728927202502320e-07 1.480391585283713278e-07 9.842425928057690589e-07
-1.100355730456391440e-08 -7.336612238255649063e-08 -2.502385798267100359e-08 -1.607004994059351665e-08 -4.593127317469547424e-07 -6.429663989679179712e-04 7.943066663329620273e-05 7.860935378546903885e-05 1.387095497239916256e-07 3.661694241609146490e-06 1.122218984257994470e-08 -3.600468683204259454e-09 4.161523193906443017e-09 -4.958664502245587228e-10 8.561609479290455150e-09 -1.842275674423414281e-07 1.129919474098137965e-08 6.334218118060205600e-08
5.538055778396401134e-08 5.006780070763873807e-08 7.285409598639757987e-08 -1.701156206546892721e-07 -3.055698225036720194e-06 -4.414751278046652721e-04 -5.767829047935524398e-04 -4.000570900583204560e-05 -4.296713674721688726e-07 1.122218984257994470e-08 2.079084271930042873e-05 7.244655375806757458e-08 1.288703222548908670e-07 2.195035949825809673e-09 -1.806238022265425423e-09 -2.698995988993765384e-07 9.534376307520309614e-09 7.143167735646180876e-09
6.166389156102514278e-08 5.505871694114544165e-07 1.283490798112402486e-07 -6.283593402239108149e-07 -1.642721886540224426e-06 -2.691209611474012161e-05 -1.158669273751293310e-03 -1.726649384702413773e-04 -1.052548468546265457e-06 -3.600468683204259454e-09 7.244655375806757458e-08 7.631245814300089639e-05 1.384716385621253764e-07 4.460827549282787917e-09 -1.129804172876634537e-08 -4.357433592799431366e-07 1.321772048771602781e-09 1.000350883484871095e-08
1.401829237566447022e-07 9.050164939939618737e-08 1.917244428999967713e-07 -1.482972152021679777e-07 -5.928544542519658180e-06 5.055841784977275610e-04 -1.254918745687863936e-03 -2.385351654891970858e-04 -1.050693161713337080e-06 4.161523193906443017e-09 1.288703222548908670e-07 1.384716385621253764e-07 9.722777396170950964e-05 5.332260104157143800e-09 -2.194783483211069081e-08 -8.367731637053683614e-08 -3.864569722721123140e-09 -1.418225080746283680e-07
3.071503314709512753e-09 1.309004301249544879e-08 5.356288971420894544e-09 -1.089161498079954042e-08 -7.336942197516714690e-08 3.624821572259243405e-05 -3.770739453416177301e-05 -9.423213927905620585e-06 -3.602480171516268183e-08 -4.958664502245587228e-10 2.195035949825809673e-09 4.460827549282787917e-09 5.332260104157143800e-09 5.473607800307173153e-08 -8.509180962068387157e-10 3.241897655178427552e-10 -5.471828023305244346e-10 -4.481504276246320061e-09
-2.481158530769339438e-08 -4.928234847639667693e-08 -4.068814820708789664e-08 -2.944896577183669073e-08 2.475809524604754426e-07 -6.463701775944867035e-04 1.628656858322244741e-04 9.107980362579511395e-05 1.990300527042144370e-07 8.561609479290455150e-09 -1.806238022265425423e-09 -1.129804172876634537e-08 -2.194783483211069081e-08 -8.509180962068387157e-10 1.356147170705752164e-05 -1.830735859616985953e-07 1.087732263437160503e-08 7.603275267562061388e-08
3.332299420170322723e-07 -1.236423785073129141e-06 4.222067412520344981e-07 3.431902790310661909e-06 7.422813132640014805e-07 1.529215933782558656e-02 1.238130824421405539e-03 -1.383034481826097249e-03 -1.001728927202502320e-07 -1.842275674423414281e-07 -2.698995988993765384e-07 -4.357433592799431366e-07 -8.367731637053683614e-08 3.241897655178427552e-10 -1.830735859616985953e-07 1.160832374147629424e-03 -2.625766643516956846e-07 -1.843948157834200745e-06
-2.115587429178125481e-08 -4.155622905719680161e-08 -3.642892080761508037e-08 -6.853624763394777548e-08 -1.396429897534346832e-07 -8.043690855305618906e-04 7.977211646148251497e-05 9.492914067657481209e-05 1.480391585283713278e-07 1.129919474098137965e-08 9.534376307520309614e-09 1.321772048771602781e-09 -3.864569722721123140e-09 -5.471828023305244346e-10 1.087732263437160503e-08 -2.625766643516956846e-07 7.944690281058253988e-06 8.960462905795417113e-08
-1.932926915378021557e-07 8.139020378482975738e-08 -2.776603394851803911e-07 -7.626995837057155484e-07 2.625396244915286675e-06 -5.355882262916001647e-03 6.634092394074077477e-04 6.494555489796805707e-04 9.842425928057690589e-07 6.334218118060205600e-08 7.143167735646180876e-09 1.000350883484871095e-08 -1.418225080746283680e-07 -4.481504276246320061e-09 7.603275267562061388e-08 -1.843948157834200745e-06 8.960462905795417113e-08 8.470972516295053971e-05
6.596057442650973444e-05 3.633307657918010859e-08 5.797010815138484214e-08 -1.367864709950353076e-07 -1.434674647833160497e-06 4.259211131612609101e-04 -1.542041356586279293e-04 -7.874618088892895219e-05 -2.160602596726198673e-07 -5.814265039344132890e-09 1.915687236523987527e-08 2.574915149982827215e-08 4.562943640698329494e-08 1.330624763248845337e-09 -9.370938692775563663e-09 1.214044512543764228e-07 -1.332343689158077530e-08 -6.045161808315598549e-08
3.633307657918010859e-08 2.059663141038472881e-04 1.710372541695952327e-07 -8.725968016283734643e-07 2.146617021906414332e-06 3.405950566022578887e-04 -1.368761642907828126e-03 -2.226876341495286559e-04 -1.400681767171139642e-06 -1.953370958994734829e-08 1.355379058446808214e-08 1.658410706045067664e-07 2.763482328095553014e-08 3.590805047780901482e-09 -1.330908810934900726e-08 -4.210568156946513232e-07 -2.027956629704770736e-09 2.363379621598659176e-08
5.797010815138484214e-08 1.710372541695952327e-07 1.355062852961856016e-04 -1.078832828334687514e-07 -1.276998154655248899e-06 6.355411088120812993e-04 -4.217388928704697863e-04 -1.284994738359823772e-04 -4.538969927553637614e-07 -8.051388326699367017e-09 2.334069287925700692e-08 4.118650669407936219e-08 6.136653082288292480e-08 1.720647559420888926e-09 -1.304751589221758202e-08 1.353879912889917215e-07 -1.178229914259329356e-08 -8.882455709152892183e-08
-1.367864709950353076e-07 -8.725968016283734643e-07 -1.078832828334687514e-07 2.430279699521682366e-03 4.138391814134568340e-06 1.039501527671336713e-03 6.472705617592803705e-05 8.104113464628851589e-05 7.410410220545265004e-07 2.739706506990944207e-08 -7.480098891714937384e-08 -2.864520843599532849e-07 -5.839419570676036632e-08 -8.419801927247541142e-09 1.088551264649054066e-08 8.886101655992429650e-07 7.106341384945001708e-08 -2.639588679614697011e-07
-1.434674647833160497e-06 2.146617021906414332e-06 -1.276998154655248899e-06 4.138391814134568340e-06 3.621775223723613935e-02 -2.911993411326004272e-04 2.796457505905716647e-03 8.962210833806139336e-04 3.271892212127354879e-06 -5.756522628194639665e-08 -1.033781395590840965e-06 -7.602776955860842570e-07 -1.927193638522956820e-06 -3.703762726926037281e-08 1.350332604360105064e-07 -3.384237968264892629e-07 2.108541191598149189e-07 7.854575643782993648e-07
4.259211131612609101e-04 3.405950566022578887e-04 6.355411088120812993e-04 1.039501527671336713e-03 -2.911993411326004272e-04 2.427094983659239006e+03 -1.252500460211680045e+00 -1.832724186208203099e+00 -2.580254129663824524e-03 -2.162584315617580250e-04 -1.346951407132606477e-04 1.896212758855435153e-05 1.653199029663395111e-04 1.319310569737419519e-05 -2.133976556318219620e-04 4.961184494502957239e-03 -2.874324429542839381e-04 -1.707456892038497097e-03
-1.542041356586279293e-04 -1.368761642907828126e-03 -4.217388928704697863e-04 6.472705617592803705e-05 2.796457505905716647e-03 -1.252500460211680045e+00 7.919420142923413550e+02 5.779246054433175850e-01 3.100470530218579247e-03 4.137101607838151132e-06 -1.712525480202636830e-04 -3.149378328631484533e-04 -3.944198724327558324e-04 -8.839229486811352136e-06 3.883488260289073732e-05 5.332787300528277468e-04 -3.529135008946440814e-05 2.253022208011694002e-04
-7.874618088892895219e-05 -2.226876341495286559e-04 -1.284994738359823772e-04 8.104113464628851589e-05 8.962210833806139336e-04 -1.832724186208203099e+00 5.779246054433175850e-01 1.697113057675042569e+02 6.933906884209369015e-04 2.631522048906724526e-05 -1.352792503325176378e-05 -5.829698482384492288e-05 -7.672129688280081338e-05 -3.191372389296001758e-06 2.986968105646558560e-05 -4.500444834507380228e-04 3.369315389258811658e-05 2.071163997919928871e-04
-2.160602596726198673e-07 -1.400681767171139642e-06 -4.538969927553637614e-07 7.410410220545265004e-07 3.271892212127354879e-06 -2.580254129663824524e-03 3.100470530218579247e-03 6.933906884209369015e-04 2.093937932507281170e-04 3.698979012857827948e-08 -1.328654506480602063e-07 -3.174065628121359349e-07 -3.337350070979850518e-07 -1.040617010219754787e-08 5.907268967499456598e-08 1.559317527559724618e-08 2.623178705002120430e-08 3.194804003966496684e-07
-5.814265039344132890e-09 -1.953370958994734829e-08 -8.051388326699367017e-09 2.739706506990944207e-08 -5.756522628194639665e-08 -2.162584315617580250e-04 4.137101607838151132e-06 2.631522048906724526e-05 3.698979012857827948e-08 1.172349354979858591e-06 3.211101838636319692e-09 -2.745315307170774486e-09 1.127560380915056165e-09 -2.507564169615184349e-10 3.118691197180394080e-09 -6.286400435641452446e-08 5.351060551342331840e-09 1.989825056180690494e-08
1.915687236523987527e-08 1.355379058446808214e-08 2.334069287925700692e-08 -7.480098891714937384e-08 -1.033781395590840965e-06 -1.346951407132606477e-04 -1.712525480202636830e-04 -1.352792503325176378e-05 -1.328654506480602063e-07 3.211101838636319692e-09 6.653307482639348234e-06 2.417993840487467694e-08 4.136625073624583036e-08 7.600368537169996953e-10 -8.151685705364372024e-10 -8.392015934426952107e-08 1.964996506812632909e-09 2.518149242438343117e-09
2.574915149982827215e-08 1.658410706045067664e-07 4.118650669407936219e-08 -2.864520843599532849e-07 -7.602776955860842570e-07 1.896212758855435153e-05 -3.149378328631484533e-04 -5.829698482384492288e-05 -3.174065628121359349e-07 -2.745315307170774486e-09 2.417993840487467694e-08 2.442416675319937193e-05 4.484651290244713417e-08 1.669062111573866330e-09 -4.609731071282129508e-09 -1.291757129910445151e-07 -4.130161199713104506e-09 4.175201855480927676e-09
4.562943640698329494e-08 2.763482328095553014e-08 6.136653082288292480e-08 -5.839419570676036632e-08 -1.927193638522956820e-06 1.653199029663395111e-04 -3.944198724327558324e-04 -7.672129688280081338e-05 -3.337350070979850518e-07 1.127560380915056165e-09 4.136625073624583036e-08 4.484651290244713417e-08 3.111295629095053671e-05 1.737278301366814113e-09 -7.150710934936898258e-09 -2.546188412814274684e-08 -1.820039680846858696e-09 -4.525839703713592768e-08
1.330624763248845337e-09 3.590805047780901482e-09 1.720647559420888926e-09 -8.419801927247541142e-09 -3.703762726926037281e-08 1.319310569737419519e-05 -8.839229486811352136e-06 -3.191372389296001758e-06 -1.040617010219754787e-08 -2.507564169615184349e-10 7.600368537169996953e-10 1.669062111573866330e-09 1.737278301366814113e-09 1.752950840466291399e-08 -3.297640449458188259e-10 6.968563074287828018e-10 -4.382527251462955782e-10 -1.377783148641530528e-09
-9.370938692775563663e-09 -1.330908810934900726e-08 -1.304751589221758202e-08 1.088551264649054066e-08 1.350332604360105064e-07 -2.133976556318219620e-04 3.883488260289073732e-05 2.986968105646558560e-05 5.907268967499456598e-08 3.118691197180394080e-09 -8.151685705364372024e-10 -4.609731071282129508e-09 -7.150710934936898258e-09 -3.297640449458188259e-10 4.339907480324707300e-06 -6.102467192170977056e-08 4.563824231900370621e-09 2.409877060818650322e-08
