1.396349132294822087e-03 -1.219024460336164908e-05 -1.310387920953486366e-04 2.173549381049851925e-04 1.763284204388340941e-04 9.413868902148278539e-03 4.011185340308525728e-03 -2.570540610535154182e-03 1.258329235112165021e-05 -1.587541196108689134e-06 -2.855368957738919944e-06 -4.419852771408838784e-06 -3.854365606808271938e-07 -1.036063281564482256e-06 2.344073475749727448e-07 1.091614611202619496e-04 2.440998872638720828e-04 -2.337690245454465308e-04
-1.219024460336164908e-05 5.304540163058633906e-02 2.740166781865296399e-04 -4.545133328429155862e-04 -3.687223246332271853e-04 -1.968544615073347312e-02 -8.387834357799012902e-03 5.375286111687375447e-03 -2.631306283863947407e-05 3.319725083587780930e-06 5.970893842086362824e-06 9.242403376350775171e-06 8.059906865789096241e-07 2.166523471910208097e-06 -4.901718162837772374e-07 -2.282687476270162889e-04 -5.104399940216394239e-04 4.888370118845314404e-04
-1.310387920953486366e-04 2.740166781865296399e-04 1.553575212789878179e+01 -4.885782038413119879e-03 -3.963573300670518613e-03 -2.116083121694532776e-01 -9.016485872963900250e-02 5.778153122933856606e-02 -2.828517460390806977e-04 3.568531880992868044e-05 6.418400469017565069e-05 9.935103141088690352e-05 8.663980867149768684e-06 2.328900100388840591e-05 -5.269092197485233462e-06 -2.453770366011645554e-03 -5.486964571269340417e-03 5.254743744123394067e-03
2.173549381049851925e-04 -4.545133328429155862e-04 -4.885782038413119879e-03 2.062508542547143975e+01 6.574406064541192356e-03 3.509961505187327302e-01 1.495570660798319906e-01 -9.584261990774221862e-02 4.691681201432078329e-04 -5.919148167624199296e-05 -1.064624463007271944e-04 -1.647942333539434629e-04 -1.437100415083083952e-05 -3.862962479113681539e-05 8.739879162046362737e-06 4.070085640290632342e-03 9.101265554284873951e-03 -8.716079284601710095e-03
1.763284204388340941e-04 -3.687223246332271853e-04 -3.963573300670518613e-03 6.574406064541192356e-03 9.030801558502989934e+00 2.847443786677873456e-01 1.213276379052657949e-01 -7.775198450236696368e-02 3.806109687057142527e-04 -4.801887897465054465e-05 -8.636728089055026195e-05 -1.336887356600756610e-04 -1.165842600186045654e-05 -3.133814571204239112e-05 7.090195883773987257e-06 3.301842499003098102e-03 7.383369309080419982e-03 -7.070888317849599938e-03
9.413868902148278539e-03 -1.968544615073347312e-02 -2.116083121694532776e-01 3.509961505187327302e-01 2.847443786677873456e-01 2.299257280867990630e+04 6.477472404079572144e+00 -4.151043757810159107e+00 2.032016026229960942e-02 -2.563644762259367077e-03 -4.610999507142368205e-03 -7.137409999282980089e-03 -6.224231675969791417e-04 -1.673089310477452775e-03 3.785332754316427331e-04 1.762796510273232919e-01 3.941852967255434770e-01 -3.775024779346797255e-01
4.011185340308525728e-03 -8.387834357799012902e-03 -9.016485872963900250e-02 1.495570660798319906e-01 1.213276379052657949e-01 6.477472404079572144e+00 8.163759872778672616e+03 -1.768731436711168836e+00 8.658281712235831387e-03 -1.092351550146065508e-03 -1.964715444783658380e-03 -3.041201726355252308e-03 -2.652102670309816807e-04 -7.128919453809864958e-04 1.612904472128221087e-04 7.511155714460197863e-02 1.679596667455016124e-01 -1.608512314290011791e-01
-2.570540610535154182e-03 5.375286111687375447e-03 5.778153122933856606e-02 -9.584261990774221862e-02 -7.775198450236696368e-02 -4.151043757810159107e+00 -1.768731436711168836e+00 4.905997385016734711e+02 -5.548600443639478338e-03 7.000259979050266852e-04 1.259074415786924422e-03 1.948933265154110823e-03 1.699581804119713337e-04 4.568519131016480920e-04 -1.033618767214695673e-04 -4.813472616697399981e-02 -1.076358003113499634e-01 1.030804082992169135e-01
1.258329235112165021e-05 -2.631306283863947407e-05 -2.828517460390806977e-04 4.691681201432078329e-04 3.806109687057142527e-04 2.032016026229960942e-02 8.658281712235831387e-03 -5.548600443639478338e-03 8.679495431768937189e-03 -3.426762350660071986e-06 -6.163412241274101531e-06 -9.540404437786602294e-06 -8.319780916214645526e-07 -2.236378277848119017e-06 5.059763333114864344e-07 2.356287736197723701e-04 5.268980140651019842e-04 -5.045984910668246644e-04
-1.587541196108689134e-06 3.319725083587780930e-06 3.568531880992868044e-05 -5.919148167624199296e-05 -4.801887897465054465e-05 -2.563644762259367077e-03 -1.092351550146065508e-03 7.000259979050266852e-04 -3.426762350660071986e-06 3.906336045422533192e-04 7.775922682707941949e-07 1.203642468910318064e-06 1.049645401103019534e-07 2.821473543726433627e-07 -6.383530247681203732e-08 -2.972754464189278207e-05 -6.647483664334024732e-05 6.366147028217622418e-05
-2.855368957738919944e-06 5.970893842086362824e-06 6.418400469017565069e-05 -1.064624463007271944e-04 -8.636728089055026195e-05 -4.610999507142368205e-03 -1.964715444783658380e-03 1.259074415786924422e-03 -6.163412241274101531e-06 7.775922682707941949e-07 9.329710563868227240e-04 2.164884508425353200e-06 1.887903698051678941e-07 5.074733173277926375e-07 -1.148148731805787707e-07 -5.346828691332253112e-05 -1.195623682002166453e-04 1.145022166941610643e-04
-4.419852771408838784e-06 9.242403376350775171e-06 9.935103141088690352e-05 -1.647942333539434629e-04 -1.336887356600756610e-04 -7.137409999282980089e-03 -3.041201726355252308e-03 1.948933265154110823e-03 -9.540404437786602294e-06 1.203642468910318064e-06 2.164884508425353200e-06 1.038758282871188581e-03 2.922304092916340442e-07 7.855227752365184558e-07 -1.777230343738069689e-07 -8.276406993072717958e-05 -1.850717270752966204e-04 1.772390704243331555e-04
-3.854365606808271938e-07 8.059906865789096241e-07 8.663980867149768684e-06 -1.437100415083083952e-05 -1.165842600186045654e-05 -6.224231675969791417e-04 -2.652102670309816807e-04 1.699581804119713337e-04 -8.319780916214645526e-07 1.049645401103019534e-07 1.887903698051678941e-07 2.922304092916340442e-07 1.516245455766070821e-04 6.850210006590640842e-08 -1.549846989608338263e-08 -7.217502507867168427e-06 -1.613931812946460754e-05 1.545626545855429031e-05
-1.036063281564482256e-06 2.166523471910208097e-06 2.328900100388840591e-05 -3.862962479113681539e-05 -3.133814571204239112e-05 -1.673089310477452775e-03 -7.128919453809864958e-04 4.568519131016480920e-04 -2.236378277848119017e-06 2.821473543726433627e-07 5.074733173277926375e-07 7.855227752365184558e-07 6.850210006590640842e-08 4.998195491850535325e-04 -4.166028139987819023e-08 -1.940083037216844297e-05 -4.338289775596270180e-05 4.154683479801526551e-05
2.344073475749727448e-07 -4.901718162837772374e-07 -5.269092197485233462e-06 8.739879162046362737e-06 7.090195883773987257e-06 3.785332754316427331e-04 1.612904472128221087e-04 -1.033618767214695673e-04 5.059763333114864344e-07 -6.383530247681203732e-08 -1.148148731805787707e-07 -1.777230343738069689e-07 -1.549846989608338263e-08 -4.166028139987819023e-08 2.425304224578232509e-05 4.389400984681974211e-06 9.815298132885852750e-06 -9.399892379577790799e-06
1.091614611202619496e-04 -2.282687476270162889e-04 -2.453770366011645554e-03 4.070085640290632342e-03 3.301842499003098102e-03 1.762796510273232919e-01 7.511155714460197863e-02 -4.813472616697399981e-02 2.356287736197723701e-04 -2.972754464189278207e-05 -5.346828691332253112e-05 -8.276406993072717958e-05 -7.217502507867168427e-06 -1.940083037216844297e-05 4.389400984681974211e-06 2.749009303186469300e-01 4.570898892894584113e-03 -4.377448049915494410e-03
2.440998872638720828e-04 -5.104399940216394239e-04 -5.486964571269340417e-03 9.101265554284873951e-03 7.383369309080419982e-03 3.941852967255434770e-01 1.679596667455016124e-01 -1.076358003113499634e-01 5.268980140651019842e-04 -6.647483664334024732e-05 -1.195623682002166453e-04 -1.850717270752966204e-04 -1.613931812946460754e-05 -4.338289775596270180e-05 9.815298132885852750e-06 4.570898892894584113e-03 5.947983542798924717e+00 -9.788569743589598318e-03
-2.337690245454465308e-04 4.888370118845314404e-04 5.254743744123394067e-03 -8.716079284601710095e-03 -7.070888317849599938e-03 -3.775024779346797255e-01 -1.608512314290011791e-01 1.030804082992169135e-01 -5.045984910668246644e-04 6.366147028217622418e-05 1.145022166941610643e-04 1.772390704243331555e-04 1.545626545855429031e-05 4.154683479801526551e-05 -9.399892379577790799e-06 -4.377448049915494410e-03 -9.788569743589598318e-03 4.252234108651457234e+00
4.468714870590397448e-04 -4.286773582483053858e-06 -5.433787860498231868e-05 3.171937315315589582e-05 5.235053564704699326e-05 4.050125055927383290e-03 1.549803991876178401e-03 -9.759624172673663075e-04 3.907996271089187726e-06 -4.921496311298998689e-07 -9.146572965988448797e-07 -1.338129867194656826e-06 -1.487125651830282291e-07 -2.782629115111265502e-07 9.622791389314593231e-08 3.651220337219190882e-05 7.747356408754344826e-05 -7.941394728768416005e-05
-4.286773582483053858e-06 1.697827342863554231e-02 2.080737174978890356e-04 2.217164052508996809e-04 -7.844973684791938472e-05 -1.636953819345565719e-02 -5.267674646297775681e-03 3.208653563241715100e-03 -7.268674883113787033e-06 9.083647730135237994e-07 1.919800753672274278e-06 2.217865587488132143e-06 5.041470630327727749e-07 1.762595366907238983e-07 -3.627600383566734304e-07 -8.838425095773633504e-05 -1.571454703319132549e-04 2.011446463262903637e-04
-5.433787860498231868e-05 2.080737174978890356e-04 4.975310833842688574e+00 1.023974818323902629e-02 2.803236629220488077e-06 -3.914435449038693449e-01 -1.119072974263078390e-01 6.634323470489603136e-02 -5.349485580693855998e-05 6.470324298549242804e-06 2.083189463310863016e-05 8.012911986885146929e-06 1.068808762840439027e-05 -9.168536707520256776e-06 -8.305386662477944515e-06 -1.278288817585858210e-03 -1.556666038675174127e-03 3.119039318290631798e-03
3.171937315315589582e-05 2.217164052508996809e-04 1.023974818323902629e-02 6.636024749267473766e+00 5.980555119855470413e-03 -8.749900935059615747e-01 -2.054416133499127883e-01 1.152729574875798330e-01 2.630304469363177423e-04 -3.403467415736706995e-05 -3.317435090553542103e-05 -1.252566612141317820e-04 1.954232991471911991e-05 -6.305228375813244797e-05 -1.739072053905655582e-05 -2.013757690664467321e-04 3.519811461079074087e-03 1.595009407717302725e-03
5.235053564704699326e-05 -7.844973684791938472e-05 2.803236629220488077e-06 5.980555119855470413e-03 2.890274005199429563e+00 -1.521013018365393633e-02 1.154568759247161756e-02 -9.163331880662119872e-03 1.339539263799672804e-04 -1.699152656938757093e-05 -2.754129010267411450e-05 -5.059071435567730158e-05 -1.130823276275759182e-06 -1.548735805970035792e-05 9.476970646621797191e-08 8.946373592177473376e-04 2.428092883843076602e-03 -1.790532253219168785e-03
4.050125055927383290e-03 -1.636953819345565719e-02 -3.914435449038693449e-01 -8.749900935059615747e-01 -1.521013018365393633e-02 7.384702433191428099e+03 9.020101797978055558e+00 -5.331133251414500229e+00 3.406010405069336694e-03 -4.063963659932738853e-04 -1.500029678635356406e-03 -2.948806741122177839e-04 -8.612972651391988081e-04 8.549190980222211907e-04 6.748170944787543288e-04 9.765462433479128734e-02 1.094798255047688545e-01 -2.410459575018556733e-01
1.549803991876178401e-03 -5.267674646297775681e-03 -1.119072974263078390e-01 -2.054416133499127883e-01 1.154568759247161756e-02 9.020101797978055558e+00 2.614185532545041497e+03 -1.592935665096632869e+00 1.976240094032950898e-03 -2.433460773066954393e-04 -6.349970844839715684e-04 -4.628717211924593834e-04 -2.547385267590441659e-04 1.285661598799575959e-04 1.936644457457013303e-04 3.461737964198127737e-02 4.947300884052776432e-02 -8.232199571167377050e-02
-9.759624172673663075e-04 3.208653563241715100e-03 6.634323470489603136e-02 1.152729574875798330e-01 -9.163331880662119872e-03 -5.331133251414500229e+00 -1.592935665096632869e+00 1.575836044292557290e+02 -1.317840642224305230e-03 1.628158671873238949e-04 4.065268223043493317e-04 3.296341040185471211e-04 1.522605308858199062e-04 -5.932069712172880692e-05 -1.149209458821223874e-04 -2.149990988930495367e-02 -3.198087695023089927e-02 5.076020036520798723e-02
3.907996271089187726e-06 -7.268674883113787033e-06 -5.349485580693855998e-05 2.630304469363177423e-04 1.339539263799672804e-04 3.406010405069336694e-03 1.976240094032950898e-03 -1.317840642224305230e-03 2.777792609532218817e-03 -1.143900528069431055e-06 -1.969489270045955125e-06 -3.280377650942929778e-06 -1.905207772345944048e-07 -8.746197467025148438e-07 9.859957033565677487e-08 7.068491481308443230e-05 1.705123390627511252e-04 -1.477217407509097392e-04
-4.921496311298998689e-07 9.083647730135237994e-07 6.470324298549242804e-06 -3.403467415736706995e-05 -1.699152656938757093e-05 -4.063963659932738853e-04 -2.433460773066954393e-04 1.628158671873238949e-04 -1.143900528069431055e-06 1.250090819839477969e-04 2.484548338137582506e-07 4.155736418243214868e-07 2.346652149889390298e-08 1.115413634458467098e-07 -1.196286246484973262e-08 -8.882282786271410201e-06 -2.152662794425665819e-05 1.853343279205515098e-05
-9.146572965988448797e-07 1.919800753672274278e-06 2.083189463310863016e-05 -3.317435090553542103e-05 -2.754129010267411450e-05 -1.500029678635356406e-03 -6.349970844839715684e-04 4.065268223043493317e-04 -1.969489270045955125e-06 2.484548338137582506e-07 2.985507602280994049e-04 6.909626792678094426e-07 6.101221733946322079e-08 1.611330677894828512e-07 -3.724191148496372272e-08 -1.714718356438952590e-05 -3.824487902341085183e-05 3.674954551319391938e-05
-1.338129867194656826e-06 2.217865587488132143e-06 8.012911986885146929e-06 -1.252566612141317820e-04 -5.059071435567730158e-05 -2.948806741122177839e-04 -4.628717211924593834e-04 3.296341040185471211e-04 -3.280377650942929778e-06 4.155736418243214868e-07 6.909626792678094426e-07 3.325487586276583613e-04 4.487774868756014083e-08 3.534919640919657568e-07 -1.620048219757776138e-08 -2.345485202028173302e-05 -6.044666950577388313e-05 4.788392635618773067e-05
-1.487125651830282291e-07 5.041470630327727749e-07 1.068808762840439027e-05 1.954232991471911991e-05 -1.130823276275759182e-06 -8.612972651391988081e-04 -2.547385267590441659e-04 1.522605308858199062e-04 -1.905207772345944048e-07 2.346652149889390298e-08 6.101221733946322079e-08 4.487774868756014083e-08 4.853604436885316630e-05 -1.207425113414979268e-08 -1.849790082646541812e-08 -3.318100756786838374e-06 -4.757235001229108197e-06 7.886163586167478558e-06
-2.782629115111265502e-07 1.762595366907238983e-07 -9.168536707520256776e-06 -6.305228375813244797e-05 -1.548735805970035792e-05 8.549190980222211907e-04 1.285661598799575959e-04 -5.932069712172880692e-05 -8.746197467025148438e-07 1.115413634458467098e-07 1.611330677894828512e-07 3.534919640919657568e-07 -1.207425113414979268e-08 1.600136374683457433e-04 1.509629945474756870e-08 -4.090641559946631255e-06 -1.473786438093539873e-05 7.121312124052074999e-06
9.622791389314593231e-08 -3.627600383566734304e-07 -8.305386662477944515e-06 -1.739072053905655582e-05 9.476970646621797191e-08 6.748170944787543288e-04 1.936644457457013303e-04 -1.149209458821223874e-04 9.859957033565677487e-08 -1.196286246484973262e-08 -3.724191148496372272e-08 -1.620048219757776138e-08 -1.849790082646541812e-08 1.509629945474756870e-08 7.772294732843375515e-06 2.247946674257026868e-06 2.800259609101175141e-06 -5.466615710279198067e-06
3.651220337219190882e-05 -8.838425095773633504e-05 -1.278288817585858210e-03 -2.013757690664467321e-04 8.946373592177473376e-04 9.765462433479128734e-02 3.461737964198127737e-02 -2.149990988930495367e-02 7.068491481308443230e-05 -8.882282786271410201e-06 -1.714718356438952590e-05 -2.345485202028173302e-05 -3.318100756786838374e-06 -4.090641559946631255e-06 2.247946674257026868e-06 8.803111954915600335e-02 1.437313050192845932e-03 -1.583932810909188674e-03
7.747356408754344826e-05 -1.571454703319132549e-04 -1.556666038675174127e-03 3.519811461079074087e-03 2.428092883843076602e-03 1.094798255047688545e-01 4.947300884052776432e-02 -3.198087695023089927e-02 1.705123390627511252e-04 -2.152662794425665819e-05 -3.824487902341085183e-05 -6.044666950577388313e-05 -4.757235001229108197e-06 -1.473786438093539873e-05 2.800259609101175141e-06 1.437313050192845932e-03 1.903364982838706254e+00 -3.058365778868227247e-03
-7.941394728768416005e-05 2.011446463262903637e-04 3.119039318290631798e-03 1.595009407717302725e-03 -1.790532253219168785e-03 -2.410459575018556733e-01 -8.232199571167377050e-02 5.076020036520798723e-02 -1.477217407509097392e-04 1.853343279205515098e-05 3.674954551319391938e-05 4.788392635618773067e-05 7.886163586167478558e-06 7.121312124052074999e-06 -5.466615710279198067e-06 -1.583932810909188674e-03 -3.058365778868227247e-03 1.361248864612643716e+00
1.430042446594511610e-04 -1.449631174366902553e-06 -1.810369839339045464e-05 1.473812564380921158e-05 1.899785114113665727e-05 1.424311817209833811e-03 5.590440430239472210e-04 -3.025719141488121631e-04 1.284643230989773098e-06 -1.389608284752829261e-07 -2.752900365184672758e-07 -4.496190669605357051e-07 -5.686006623350258054e-08 -1.034928176899289127e-07 3.640027010537103933e-08 1.177670332104902957e-05 2.334414708448917587e-05 -2.452804446249896611e-05
-1.449631174366902553e-06 5.434176752104958805e-03 7.696159477540149402e-05 4.410629438854092989e-06 -5.767297278195444876e-05 -7.098576060035519629e-03 -2.600892291586204014e-03 8.855672280087790397e-04 -2.820301818041323719e-06 2.197916924620439209e-08 3.619799940130699773e-07 1.020334782491290082e-06 2.957993848091223240e-07 2.659521120274198932e-07 -1.974063399794705188e-07 -2.962881171384800747e-05 -2.929502701192203659e-05 5.153957711362368370e-05
-1.810369839339045464e-05 7.696159477540149402e-05 1.592194842096544605e+00 2.665220526892964851e-03 -2.984169894662987957e-04 -1.423585612781321508e-01 -4.422148114202475999e-02 1.993217049324780277e-02 -2.166127512211065871e-05 -3.988630133642038753e-07 4.347018344759221570e-06 5.418751249316210294e-06 4.656006836073916116e-06 -1.008147627858879556e-06 -3.405094240796534624e-06 -4.214209775288967367e-04 -3.052182010746487973e-04 8.802133901233949844e-04
1.473812564380921158e-05 4.410629438854092989e-06 2.665220526892964851e-03 2.127448547270150314e+00 3.832830666078713630e-03 -1.703817405092820370e-01 -1.181322144977414550e-02 4.520732806638310536e-02 1.132967002369427784e-04 4.941258967458691570e-06 4.253690124814029786e-06 -5.838453497596812915e-05 -1.669911401107295836e-06 -3.252390311143918866e-05 -7.732616707478090196e-07 1.486079779846320414e-05 -1.105351590693849406e-04 1.266185903211205881e-03
1.899785114113665727e-05 -5.767297278195444876e-05 -2.984169894662987957e-04 3.832830666078713630e-03 9.258270120436962181e-01 4.878671270875235139e-02 3.009112761100346534e-02 1.140165059906030282e-03 5.712220265015503171e-05 2.312268981523224429e-06 -1.534958212840458437e-06 -2.514761560430992752e-05 -4.240205391878425940e-06 -1.099959896397975734e-05 2.375782131283398864e-06 3.250999118903908605e-04 1.715691930365849773e-04 -2.030327416675950048e-04
1.424311817209833811e-03 -7.098576060035519629e-03 -1.423585612781321508e-01 -1.703817405092820370e-01 4.878671270875235139e-02 2.366169458398401730e+03 4.394184313796484886e+00 -1.473347954755712230e+00 1.904271036968019489e-03 3.126029616186098135e-04 -6.428021849578936082e-05 -6.060706127000943305e-04 -4.971435520241749813e-04 -7.163501524656083730e-05 3.499124164654730763e-04 3.346662258059569101e-02 4.523082359120910302e-04 -5.600410695749877266e-02
5.590440430239472210e-04 -2.600892291586204014e-03 -4.422148114202475999e-02 -1.181322144977414550e-02 3.009112761100346534e-02 4.394184313796484886e+00 8.372811494810982822e+02 -3.952983546288131866e-01 1.033037112512529563e-03 1.399027429012059825e-04 1.330145872598602568e-06 -3.998678721480411632e-04 -1.905032033697443732e-04 -1.286937540596298508e-04 1.278832370489919217e-04 1.216834458328025503e-02 -1.181807347312559134e-03 -1.594727125188143135e-02
-3.025719141488121631e-04 8.855672280087790397e-04 1.993217049324780277e-02 4.520732806638310536e-02 1.140165059906030282e-03 -1.473347954755712230e+00 -3.952983546288131866e-01 5.044440928875349783e+01 -3.598985555571145695e-04 8.569899026550667172e-05 1.616431801995219409e-04 6.664329882881497001e-05 3.190896537515953871e-05 -4.518461425787089272e-05 -2.660606784390286811e-05 -6.711686054370409778e-03 -1.285865838579579312e-02 1.784711447170619220e-02
1.284643230989773098e-06 -2.820301818041323719e-06 -2.166127512211065871e-05 1.132967002369427784e-04 5.712220265015503171e-05 1.904271036968019489e-03 1.033037112512529563e-03 -3.598985555571145695e-04 8.891100237880191111e-04 -2.484271204647175229e-07 -5.197688472473661797e-07 -1.185692276299026423e-06 -1.198312544500754343e-07 -3.716074003676683310e-07 6.715066592198771927e-08 2.320831264451879658e-05 4.537501124039475568e-05 -4.165612728233183921e-05
-1.389608284752829261e-07 2.197916924620439209e-08 -3.988630133642038753e-07 4.941258967458691570e-06 2.312268981523224429e-06 3.126029616186098135e-04 1.399027429012059825e-04 8.569899026550667172e-05 -2.484271204647175229e-07 4.006684075937141714e-05 1.395517816353457595e-07 5.907444192953283307e-08 -2.448737209815779002e-08 -1.416735649306373973e-08 1.552209894349146425e-08 -2.522095464569034215e-06 -1.188329306703091898e-05 8.982715758172149468e-06
-2.752900365184672758e-07 3.619799940130699773e-07 4.347018344759221570e-06 4.253690124814029786e-06 -1.534958212840458437e-06 -6.428021849578936082e-05 1.330145872598602568e-06 1.616431801995219409e-04 -5.197688472473661797e-07 1.395517816353457595e-07 9.559263769123753157e-05 1.516938462482599095e-07 -1.052681676952110268e-08 4.734347869699511047e-09 6.255986163929492011e-09 -5.186339365643835856e-06 -1.692936762818709174e-05 1.462625807228286199e-05
-4.496190669605357051e-07 1.020334782491290082e-06 5.418751249316210294e-06 -5.838453497596812915e-05 -2.514761560430992752e-05 -6.060706127000943305e-04 -3.998678721480411632e-04 6.664329882881497001e-05 -1.185692276299026423e-06 5.907444192953283307e-08 1.516938462482599095e-07 1.065010426475441357e-04 5.134942429365475048e-08 1.707569079110996393e-07 -2.755324886201144935e-08 -7.875748410512809728e-06 -1.356891414170873042e-05 1.179468566024423686e-05
-5.686006623350258054e-08 2.957993848091223240e-07 4.656006836073916116e-06 -1.669911401107295836e-06 -4.240205391878425940e-06 -4.971435520241749813e-04 -1.905032033697443732e-04 3.190896537515953871e-05 -1.198312544500754343e-07 -2.448737209815779002e-08 -1.052681676952110268e-08 5.134942429365475048e-08 1.554754723940022704e-05 2.108946164646327038e-08 -1.560333284724259199e-08 -1.222056997899714675e-06 9.773674293092251143e-07 9.961604153706789465e-07
-1.034928176899289127e-07 2.659521120274198932e-07 -1.008147627858879556e-06 -3.252390311143918866e-05 -1.099959896397975734e-05 -7.163501524656083730e-05 -1.286937540596298508e-04 -4.518461425787089272e-05 -3.716074003676683310e-07 -1.416735649306373973e-08 4.734347869699511047e-09 1.707569079110996393e-07 2.108946164646327038e-08 5.124324875100818530e-05 -1.025982877798954173e-08 -1.558746865338353943e-06 -8.208456048671180935e-07 -1.013556391206796280e-07
3.640027010537103933e-08 -1.974063399794705188e-07 -3.405094240796534624e-06 -7.732616707478090196e-07 2.375782131283398864e-06 3.499124164654730763e-04 1.278832370489919217e-04 -2.660606784390286811e-05 6.715066592198771927e-08 1.552209894349146425e-08 6.255986163929492011e-09 -2.755324886201144935e-08 -1.560333284724259199e-08 -1.025982877798954173e-08 2.492990787531375354e-06 8.162642259366424206e-07 -6.156183868150326492e-07 -8.256034233564312628e-07
1.177670332104902957e-05 -2.962881171384800747e-05 -4.214209775288967367e-04 1.486079779846320414e-05 3.250999118903908605e-04 3.346662258059569101e-02 1.216834458328025503e-02 -6.711686054370409778e-03 2.320831264451879658e-05 -2.522095464569034215e-06 -5.186339365643835856e-06 -7.875748410512809728e-06 -1.222056997899714675e-06 -1.558746865338353943e-06 8.162642259366424206e-07 2.817156224783482280e-02 4.349223785765404175e-04 -4.915715658849599849e-04
2.334414708448917587e-05 -2.929502701192203659e-05 -3.052182010746487973e-04 -1.105351590693849406e-04 1.715691930365849773e-04 4.523082359120910302e-04 -1.181807347312559134e-03 -1.285865838579579312e-02 4.537501124039475568e-05 -1.188329306703091898e-05 -1.692936762818709174e-05 -1.356891414170873042e-05 9.773674293092251143e-07 -8.208456048671180935e-07 -6.156183868150326492e-07 4.349223785765404175e-04 6.094670022837829215e-01 -1.217110522790537620e-03
-2.452804446249896611e-05 5.153957711362368370e-05 8.802133901233949844e-04 1.266185903211205881e-03 -2.030327416675950048e-04 -5.600410695749877266e-02 -1.594727125188143135e-02 1.784711447170619220e-02 -4.165612728233183921e-05 8.982715758172149468e-06 1.462625807228286199e-05 1.179468566024423686e-05 9.961604153706789465e-07 -1.013556391206796280e-07 -8.256034233564312628e-07 -4.915715658849599849e-04 -1.217110522790537620e-03 4.357453296245082375e-01
4.577884180539633970e-05 -6.639462106682770488e-07 -9.241731448921171739e-06 7.882785171970380041e-07 8.226735070056359769e-06 3.809555295731113702e-04 1.902633814672059721e-04 -1.024985094490311584e-04 4.366920877364051785e-07 -3.916535415440608660e-08 -7.321119957202701188e-08 -1.453776136771600849e-07 -2.982635848750635865e-08 -1.795522395844698186e-08 1.332042893623092333e-08 4.233780950182335438e-06 9.343711939837956362e-06 -8.540544160840339593e-06
-6.639462106682770488e-07 1.741225900060560695e-03 6.408951960525476727e-05 4.635869465839881571e-05 -4.302835596528126725e-05 -1.415328798417527607e-03 -9.623845395052915089e-04 3.483263475616766355e-04 -1.195509500649420348e-06 -5.363883674357048209e-08 -5.445701270876218355e-08 3.436660816555774328e-07 2.277511599220290658e-07 -8.839988597591829167e-08 -8.230668038927062816e-08 -1.480492411794523503e-05 -3.081388105582212199e-05 2.440631444550065682e-05
-9.241731448921171739e-06 6.408951960525476727e-05 5.101825607144890862e-01 1.627636216447927303e-03 -5.190633229336812614e-04 -3.079597794912651218e-02 -1.639341703220706034e-02 7.497761898967050462e-03 -1.198233139893039899e-05 -1.173454731065125688e-06 -1.544288070564828787e-06 2.029772737340996114e-06 3.784113959602396951e-06 -3.313340710313985985e-06 -1.419492518124894256e-06 -2.266204892917053463e-04 -4.672263768317419194e-04 4.180774776628232918e-04
7.882785171970380041e-07 4.635869465839881571e-05 1.627636216447927303e-03 6.816659989415182475e-01 7.440565733549098747e-04 -3.771181804776510549e-02 -6.334504037581100040e-03 1.574142657972268239e-02 3.050213273549541644e-05 3.900077709271209648e-07 -1.982186273967062939e-06 -1.834616430771161187e-05 2.078729783429824156e-06 -1.381411658313630976e-05 -6.231594086739178882e-07 -9.976644424034147320e-05 -4.562989031553744360e-04 5.605505706505111568e-04
8.226735070056359769e-06 -4.302835596528126725e-05 -5.190633229336812614e-04 7.440565733549098747e-04 2.965284022823731491e-01 6.421416302758197955e-03 1.102560013399565136e-02 -3.322433533324751728e-04 2.142420769578119082e-05 1.391160900916625552e-06 1.336655935969713789e-06 -8.231415447604850452e-06 -2.785466850716240978e-06 -1.657531627009942756e-06 9.656567113959856923e-07 1.611748371681878938e-04 2.850262809921904716e-04 -1.499129519532976947e-04
3.809555295731113702e-04 -1.415328798417527607e-03 -3.079597794912651218e-02 -3.771181804776510549e-02 6.421416302758197955e-03 7.574944522759128631e+02 1.357481803771642959e+00 -4.471819033385387443e-01 4.997795661073629186e-04 7.734148662840595063e-05 -8.425855250277023822e-05 -1.875251287305589455e-04 -1.093081214694375944e-04 -8.781410881310193082e-05 1.048148437544971277e-04 8.718247722061115909e-03 -7.873648489644459111e-03 -1.496160019042447331e-02
1.902633814672059721e-04 -9.623845395052915089e-04 -1.639341703220706034e-02 -6.334504037581100040e-03 1.102560013399565136e-02 1.357481803771642959e+00 2.679373611245705433e+02 -1.301861706697023668e-01 3.472232688755865285e-04 4.821676718643895694e-05 1.010295330970206200e-05 -1.289328311737723105e-04 -6.852459286801922795e-05 -3.132205165920073030e-05 4.201013706617339263e-05 4.196406732717111558e-03 8.401879907293813982e-04 -5.552845167489865556e-03
-1.024985094490311584e-04 3.483263475616766355e-04 7.497761898967050462e-03 1.574142657972268239e-02 -3.322433533324751728e-04 -4.471819033385387443e-01 -1.301861706697023668e-01 1.614405335172026668e+01 -1.234798376758019210e-04 2.570250608502421151e-05 4.689495002813779821e-05 2.181262716189426342e-05 1.398656770081632481e-05 -1.938111876122774980e-05 -9.056817388394992023e-06 -2.298764370893541589e-03 -4.722973642617076841e-03 5.935574002657006444e-03
4.366920877364051785e-07 -1.195509500649420348e-06 -1.198233139893039899e-05 3.050213273549541644e-05 2.142420769578119082e-05 4.997795661073629186e-04 3.472232688755865285e-04 -1.234798376758019210e-04 2.845527103831038316e-04 -7.173123756961927591e-08 -1.445305082667763629e-07 -3.816177053659801575e-07 -5.538089769225830436e-08 -9.670749115224989874e-08 2.393751623179164821e-08 8.108041830624856665e-06 1.726404514286367954e-05 -1.434283004584105518e-05
-3.916535415440608660e-08 -5.363883674357048209e-08 -1.173454731065125688e-06 3.900077709271209648e-07 1.391160900916625552e-06 7.734148662840595063e-05 4.821676718643895694e-05 2.570250608502421151e-05 -7.173123756961927591e-08 1.282299697948173224e-05 4.916961921506273457e-08 1.844907415316275976e-08 -1.136325794155655315e-08 6.467128245312929218e-11 5.474232025613378258e-09 -6.659815064787580522e-07 -3.234463961435098526e-06 2.664741156052441380e-06
-7.321119957202701188e-08 -5.445701270876218355e-08 -1.544288070564828787e-06 -1.982186273967062939e-06 1.336655935969713789e-06 -8.425855250277023822e-05 1.010295330970206200e-05 4.689495002813779821e-05 -1.445305082667763629e-07 4.916961921506273457e-08 3.060231098698657220e-05 4.726567644718816308e-08 -1.326876904888514539e-08 1.442098418969736504e-08 3.425379523381084568e-09 -1.263629264655479540e-06 -3.822640274378558318e-06 4.091752311154182715e-06
-1.453776136771600849e-07 3.436660816555774328e-07 2.029772737340996114e-06 -1.834616430771161187e-05 -8.231415447604850452e-06 -1.875251287305589455e-04 -1.289328311737723105e-04 2.181262716189426342e-05 -3.816177053659801575e-07 1.844907415316275976e-08 4.726567644718816308e-08 3.408046225619623757e-05 1.742938596943734799e-08 5.334176712137285712e-08 -8.960471786554758511e-09 -2.560141475451817596e-06 -4.502744672704162575e-06 3.833613434981706366e-06
-2.982635848750635865e-08 2.277511599220290658e-07 3.784113959602396951e-06 2.078729783429824156e-06 -2.785466850716240978e-06 -1.093081214694375944e-04 -6.852459286801922795e-05 1.398656770081632481e-05 -5.538089769225830436e-08 -1.136325794155655315e-08 -1.326876904888514539e-08 1.742938596943734799e-08 4.982952883274745146e-06 -3.338409473009852758e-09 -6.105614299477128069e-09 -7.005625166315709422e-07 -9.336693378060413163e-07 7.788473030754570036e-07
-1.795522395844698186e-08 -8.839988597591829167e-08 -3.313340710313985985e-06 -1.381411658313630976e-05 -1.657531627009942756e-06 -8.781410881310193082e-05 -3.132205165920073030e-05 -1.938111876122774980e-05 -9.670749115224989874e-08 6.467128245312929218e-11 1.442098418969736504e-08 5.334176712137285712e-08 -3.338409473009852758e-09 1.641098917226694093e-05 -1.832815751987637851e-09 -9.532583815676729357e-08 1.362185156430034605e-06 -6.321938678107940689e-07
1.332042893623092333e-08 -8.230668038927062816e-08 -1.419492518124894256e-06 -6.231594086739178882e-07 9.656567113959856923e-07 1.048148437544971277e-04 4.201013706617339263e-05 -9.056817388394992023e-06 2.393751623179164821e-08 5.474232025613378258e-09 3.425379523381084568e-09 -8.960471786554758511e-09 -6.105614299477128069e-09 -1.832815751987637851e-09 7.979170158128666148e-07 3.057055451618152040e-07 -1.778473771710170526e-08 -3.303435139507665479e-07
4.233780950182335438e-06 -1.480492411794523503e-05 -2.266204892917053463e-04 -9.976644424034147320e-05 1.611748371681878938e-04 8.718247722061115909e-03 4.196406732717111558e-03 -2.298764370893541589e-03 8.108041830624856665e-06 -6.659815064787580522e-07 -1.263629264655479540e-06 -2.560141475451817596e-06 -7.005625166315709422e-07 -9.532583815676729357e-08 3.057055451618152040e-07 9.027279834830041066e-03 1.890312085306037140e-04 -1.757055599875368768e-04
9.343711939837956362e-06 -3.081388105582212199e-05 -4.672263768317419194e-04 -4.562989031553744360e-04 2.850262809921904716e-04 -7.873648489644459111e-03 8.401879907293813982e-04 -4.722973642617076841e-03 1.726404514286367954e-05 -3.234463961435098526e-06 -3.822640274378558318e-06 -4.502744672704162575e-06 -9.336693378060413163e-07 1.362185156430034605e-06 -1.778473771710170526e-08 1.890312085306037140e-04 1.952302196017461078e-01 -4.635860373269297852e-04
-8.540544160840339593e-06 2.440631444550065682e-05 4.180774776628232918e-04 5.605505706505111568e-04 -1.499129519532976947e-04 -1.496160019042447331e-02 -5.552845167489865556e-03 5.935574002657006444e-03 -1.434283004584105518e-05 2.664741156052441380e-06 4.091752311154182715e-06 3.833613434981706366e-06 7.788473030754570036e-07 -6.321938678107940689e-07 -3.303435139507665479e-07 -1.757055599875368768e-04 -4.635860373269297852e-04 1.394658609051784015e-01
