{
    "R": [
        [
            0.006831850158931477,
            -3.191526485279532e-05,
            -0.001014467414406931,
            -0.0021629171981003325,
            -5.152523023465268e-05,
            -0.12860330133394246,
            0.07056143529843228,
            -0.014381519011673886,
            -1.0158843836775803e-06,
            -3.4340801592791626e-06,
            -1.2417967135603185e-05,
            -3.1369971975989947e-06,
            1.0341273547945386e-05,
            9.861757146783027e-08,
            2.546676553214108e-06,
            -0.0008340118768158295,
            -0.00022365464170855226,
            3.367500967395764e-05
        ],
        [
            0.0,
            0.04214240853235041,
            -0.0001271063405705652,
            0.002237353758077246,
            -0.001377897198099189,
            0.3130855520493792,
            -0.13630331284567448,
            0.09630122770443393,
            -1.9366939777894536e-05,
            -6.650171045872087e-06,
            5.026067568484928e-06,
            1.1900594702587696e-06,
            -1.1976165378662125e-05,
            -4.932226631957749e-07,
            -2.7061948116341862e-06,
            0.0007851835261322472,
            0.00011004043900738463,
            3.943489559807172e-05
        ],
        [
            0.0,
            0.0,
            0.4835285623967174,
            0.002905106774471887,
            -0.00018132777071292296,
            0.03923961340482038,
            0.03723547541960915,
            -0.07880899854213116,
            1.1717606635071718e-05,
            2.0679466162034893e-05,
            3.4171475500190114e-05,
            1.4693629667529955e-06,
            -2.3489093334528628e-05,
            -6.464715502937979e-06,
            -7.137802579972096e-08,
            0.0010299895240245872,
            0.00022377960115064013,
            -0.00025382293893396065
        ],
        [
            0.0,
            0.0,
            0.0,
            0.8866093266428994,
            -0.001121152044424884,
            0.24529741841512206,
            -0.12868803414105068,
            0.05113763557865323,
            -8.867811148284312e-06,
            5.040578260493988e-06,
            2.574784082749334e-05,
            5.775231254449023e-06,
            -2.5063991809450764e-05,
            -2.5965305496099834e-06,
            -5.8930928531853035e-06,
            0.0015285241580999392,
            0.00033423954817634027,
            -0.00014893085146362752
        ],
        [
            0.0,
            0.0,
            0.0,
            0.0,
            0.5046913663014163,
            -0.20395454498839563,
            0.05958772165433296,
            -0.06613545020134487,
            2.1977230607393332e-05,
            1.3302364674356276e-06,
            -1.1838930354614256e-05,
            8.482870220795407e-08,
            1.7761563012946067e-05,
            4.72446717103334e-06,
            2.067714100883538e-06,
            -0.0005437600228748347,
            2.13585374859666e-05,
            0.00011800653581002788
        ],
        [
            0.0,
            0.0,
            0.0,
            0.0,
            0.0,
            196.80608051634704,
            -0.13469241667845452,
            0.08356634035439497,
            -1.5085000321188282e-05,
            -7.724557934766427e-06,
            -3.8373500471081064e-06,
            -5.096907360960913e-06,
            -3.482225236062317e-06,
            6.542476890970196e-07,
            3.838706635950389e-06,
            0.0005157117294441205,
            3.9597146523392195e-05,
            0.00025788104161918326
        ],
        [
            0.0,
            0.0,
            0.0,
            0.0,
            0.0,
            0.0,
            46.16617518953462,
            -0.14447654700050916,
            2.143943169585946e-05,
            1.3938278363425803e-05,
            4.226991878632593e-06,
            6.287654021094872e-07,
            6.129600863417145e-06,
            -3.3796750657136906e-06,
            7.743987524246657e-07,
            -0.0010350338664930707,
            -0.0002007121398295597,
            -0.00028775829878076157
        ],
        [
            0.0,
            0.0,
            0.0,
            0.0,
            0.0,
            0.0,
            0.0,
            33.25786737132126,
            -2.507581064036784e-05,
            -1.6775240723730877e-05,
            -1.0898126872431585e-05,
            -1.873208225896611e-06,
            -1.6309938439852632e-06,
            3.0782572704247904e-06,
            -1.7873573663538807e-07,
            0.0005679527489457801,
            6.116270965988527e-05,
            0.0002799905536881609
        ],
        [
            0.0,
            0.0,
            0.0,
            0.0,
            0.0,
            0.0,
            0.0,
            0.0,
            0.0104291853451889,
            8.186991870383474e-06,
            3.8107233501375446e-06,
            2.178560932868619e-06,
            3.771924155327325e-06,
            4.502003878109049e-08,
            -5.646703119773954e-07,
            -0.00026179875697337715,
            2.2451497686934737e-05,
            -0.00011715607730166916
        ],
        [
            0.0,
            0.0,
            0.0,
            0.0,
            0.0,
            0.0,
            0.0,
            0.0,
            0.0,
            0.005740999863872936,
            2.1016090050967968e-05,
            2.9463151596001352e-06,
            -1.092997754944967e-05,
            -4.497911925949894e-06,
            -1.5638102549688355e-06,
            0.000193095522910798,
            6.85299648562001e-05,
            -0.0002931883729475163
        ],
        [
            0.0,
            0.0,
            0.0,
            0.0,
            0.0,
            0.0,
            0.0,
            0.0,
            0.0,
            0.0,
            0.008421240054445917,
            5.2176820827284865e-06,
            -2.1279957688935707e-05,
            -5.035112974593066e-06,
            -4.483726894558549e-06,
            0.0008650803688570765,
            0.0001954650948818129,
            -0.0003142836740381455
        ],
        [
            0.0,
            0.0,
            0.0,
            0.0,
            0.0,
            0.0,
            0.0,
            0.0,
            0.0,
            0.0,
            0.0,
            0.0018023432134552976,
            -1.473127284338709e-05,
            5.485454278276023e-07,
            -1.64582808866381e-05,
            0.0008414501640703309,
            0.00037403898893188087,
            -0.0005087962245058965
        ],
        [
            0.0,
            0.0,
            0.0,
            0.0,
            0.0,
            0.0,
            0.0,
            0.0,
            0.0,
            0.0,
            0.0,
            0.0,
            0.0040299378461189665,
            8.263887930648974e-06,
            6.88709500023752e-06,
            -0.0017973774784044304,
            -0.00032676704241938164,
            0.00039072607995579766
        ],
        [
            0.0,
            0.0,
            0.0,
            0.0,
            0.0,
            0.0,
            0.0,
            0.0,
            0.0,
            0.0,
            0.0,
            0.0,
            0.0,
            0.00431876743308751,
            -1.1538499960207752e-07,
            -0.00011515736533089964,
            1.5069506866403368e-05,
            0.00011907026854437007
        ],
        [
            0.0,
            0.0,
            0.0,
            0.0,
            0.0,
            0.0,
            0.0,
            0.0,
            0.0,
            0.0,
            0.0,
            0.0,
            0.0,
            0.0,
            0.0028286818728058766,
            -0.0005311586621597733,
            -0.00020158538772437358,
            0.0002785101877724322
        ],
        [
            0.0,
            0.0,
            0.0,
            0.0,
            0.0,
            0.0,
            0.0,
            0.0,
            0.0,
            0.0,
            0.0,
            0.0,
            0.0,
            0.0,
            0.0,
            0.2958690261089236,
            0.00037033538439062036,
            -7.426361803011441e-05
        ],
        [
            0.0,
            0.0,
            0.0,
            0.0,
            0.0,
            0.0,
            0.0,
            0.0,
            0.0,
            0.0,
            0.0,
            0.0,
            0.0,
            0.0,
            0.0,
            0.0,
            0.10271752959027763,
            -8.919326118807255e-05
        ],
        [
            0.0,
            0.0,
            0.0,
            0.0,
            0.0,
            0.0,
            0.0,
            0.0,
            0.0,
            0.0,
            0.0,
            0.0,
            0.0,
            0.0,
            0.0,
            0.0,
            0.0,
            0.25311677333345983
        ]
    ],
    "RDR": [
        [
            [
                0.006831850158931477,
                -3.191526485279532e-05,
                -0.001014467414406931,
                -0.0021629171981003325,
                -5.152523023465268e-05,
                -0.12860330133394246,
                0.07056143529843228,
                -0.014381519011673886,
                -1.0158843836775803e-06,
                -3.4340801592791626e-06,
                -1.2417967135603185e-05,
                -3.1369971975989947e-06,
                1.0341273547945386e-05,
                9.861757146783027e-08,
                2.546676553214108e-06,
                -0.0008340118768158295,
                -0.00022365464170855226,
                3.367500967395764e-05
            ],
            [
                0.0,
                0.04214240853235041,
                -0.0001271063405705652,
                0.002237353758077246,
                -0.001377897198099189,
                0.3130855520493792,
                -0.13630331284567448,
                0.09630122770443393,
                -1.9366939777894536e-05,
                -6.650171045872087e-06,
                5.026067568484928e-06,
                1.1900594702587696e-06,
                -1.1976165378662125e-05,
                -4.932226631957749e-07,
                -2.7061948116341862e-06,
                0.0007851835261322472,
                0.00011004043900738463,
                3.943489559807172e-05
            ],
            [
                0.0,
                0.0,
                0.4835285623967174,
                0.002905106774471887,
                -0.00018132777071292296,
                0.03923961340482038,
                0.03723547541960915,
                -0.07880899854213116,
                1.1717606635071718e-05,
                2.0679466162034893e-05,
                3.4171475500190114e-05,
                1.4693629667529955e-06,
                -2.3489093334528628e-05,
                -6.464715502937979e-06,
                -7.137802579972096e-08,
                0.0010299895240245872,
                0.00022377960115064013,
                -0.00025382293893396065
            ],
            [
                0.0,
                0.0,
                0.0,
                0.8866093266428994,
                -0.001121152044424884,
                0.24529741841512206,
                -0.12868803414105068,
                0.05113763557865323,
                -8.867811148284312e-06,
                5.040578260493988e-06,
                2.574784082749334e-05,
                5.775231254449023e-06,
                -2.5063991809450764e-05,
                -2.5965305496099834e-06,
                -5.8930928531853035e-06,
                0.0015285241580999392,
                0.00033423954817634027,
                -0.00014893085146362752
            ],
            [
                0.0,
                0.0,
                0.0,
                0.0,
                0.5046913663014163,
                -0.20395454498839563,
                0.05958772165433296,
                -0.06613545020134487,
                2.1977230607393332e-05,
                1.3302364674356276e-06,
                -1.1838930354614256e-05,
                8.482870220795407e-08,
                1.7761563012946067e-05,
                4.72446717103334e-06,
                2.067714100883538e-06,
                -0.0005437600228748347,
                2.13585374859666e-05,
                0.00011800653581002788
            ],
            [
                0.0,
                0.0,
                0.0,
                0.0,
                0.0,
                196.80608051634704,
                -0.13469241667845452,
                0.08356634035439497,
                -1.5085000321188282e-05,
                -7.724557934766427e-06,
                -3.8373500471081064e-06,
                -5.096907360960913e-06,
                -3.482225236062317e-06,
                6.542476890970196e-07,
                3.838706635950389e-06,
                0.0005157117294441205,
                3.9597146523392195e-05,
                0.00025788104161918326
            ],
            [
                0.0,
                0.0,
                0.0,
                0.0,
                0.0,
                0.0,
                46.16617518953462,
                -0.14447654700050916,
                2.143943169585946e-05,
                1.3938278363425803e-05,
                4.226991878632593e-06,
                6.287654021094872e-07,
                6.129600863417145e-06,
                -3.3796750657136906e-06,
                7.743987524246657e-07,
                -0.0010350338664930707,
                -0.0002007121398295597,
                -0.00028775829878076157
            ],
            [
                0.0,
                0.0,
                0.0,
                0.0,
                0.0,
                0.0,
                0.0,
                33.25786737132126,
                -2.507581064036784e-05,
                -1.6775240723730877e-05,
                -1.0898126872431585e-05,
                -1.873208225896611e-06,
                -1.6309938439852632e-06,
                3.0782572704247904e-06,
                -1.7873573663538807e-07,
                0.0005679527489457801,
                6.116270965988527e-05,
                0.0002799905536881609
            ],
            [
                0.0,
                0.0,
                0.0,
                0.0,
                0.0,
                0.0,
                0.0,
                0.0,
                0.0104291853451889,
                8.186991870383474e-06,
                3.8107233501375446e-06,
                2.178560932868619e-06,
                3.771924155327325e-06,
                4.502003878109049e-08,
                -5.646703119773954e-07,
                -0.00026179875697337715,
                2.2451497686934737e-05,
                -0.00011715607730166916
            ],
            [
                0.0,
                0.0,
                0.0,
                0.0,
                0.0,
                0.0,
                0.0,
                0.0,
                0.0,
                0.005740999863872936,
                2.1016090050967968e-05,
                2.9463151596001352e-06,
                -1.092997754944967e-05,
                -4.497911925949894e-06,
                -1.5638102549688355e-06,
                0.000193095522910798,
                6.85299648562001e-05,
                -0.0002931883729475163
            ],
            [
                0.0,
                0.0,
                0.0,
                0.0,
                0.0,
                0.0,
                0.0,
                0.0,
                0.0,
                0.0,
                0.008421240054445917,
                5.2176820827284865e-06,
                -2.1279957688935707e-05,
                -5.035112974593066e-06,
                -4.483726894558549e-06,
                0.0008650803688570765,
                0.0001954650948818129,
                -0.0003142836740381455
            ],
            [
                0.0,
                0.0,
                0.0,
                0.0,
                0.0,
                0.0,
                0.0,
                0.0,
                0.0,
                0.0,
                0.0,
                0.0018023432134552976,
                -1.473127284338709e-05,
                5.485454278276023e-07,
                -1.64582808866381e-05,
                0.0008414501640703309,
                0.00037403898893188087,
                -0.0005087962245058965
            ],
            [
                0.0,
                0.0,
                0.0,
                0.0,
                0.0,
                0.0,
                0.0,
                0.0,
                0.0,
                0.0,
                0.0,
                0.0,
                0.0040299378461189665,
                8.263887930648974e-06,
                6.88709500023752e-06,
                -0.0017973774784044304,
                -0.00032676704241938164,
                0.00039072607995579766
            ],
            [
                0.0,
                0.0,
                0.0,
                0.0,
                0.0,
                0.0,
                0.0,
                0.0,
                0.0,
                0.0,
                0.0,
                0.0,
                0.0,
                0.00431876743308751,
                -1.1538499960207752e-07,
                -0.00011515736533089964,
                1.5069506866403368e-05,
                0.00011907026854437007
            ],
            [
                0.0,
                0.0,
                0.0,
                0.0,
                0.0,
                0.0,
                0.0,
                0.0,
                0.0,
                0.0,
                0.0,
                0.0,
                0.0,
                0.0,
                0.0028286818728058766,
                -0.0005311586621597733,
                -0.00020158538772437358,
                0.0002785101877724322
            ],
            [
                0.0,
                0.0,
                0.0,
                0.0,
                0.0,
                0.0,
                0.0,
                0.0,
                0.0,
                0.0,
                0.0,
                0.0,
                0.0,
                0.0,
                0.0,
                0.2958690261089236,
                0.00037033538439062036,
                -7.426361803011441e-05
            ],
            [
                0.0,
                0.0,
                0.0,
                0.0,
                0.0,
                0.0,
                0.0,
                0.0,
                0.0,
                0.0,
                0.0,
                0.0,
                0.0,
                0.0,
                0.0,
                0.0,
                0.10271752959027763,
                -8.919326118807255e-05
            ],
            [
                0.0,
                0.0,
                0.0,
                0.0,
                0.0,
                0.0,
                0.0,
                0.0,
                0.0,
                0.0,
                0.0,
                0.0,
                0.0,
                0.0,
                0.0,
                0.0,
                0.0,
                0.25311677333345983
            ]
        ],
        [
            [
                0.0013663700317862954,
                -6.383052970559065e-06,
                -0.00020289348288138624,
                -0.00043258343962006653,
                -1.0305046046930536e-05,
                -0.025720660266788493,
                0.014112287059686458,
                -0.0028763038023347774,
                -2.0317687673551608e-07,
                -6.868160318558325e-07,
                -2.483593427120637e-06,
                -6.27399439519799e-07,
                2.068254709589077e-06,
                1.9723514293566054e-08,
                5.093353106428216e-07,
                -0.00016680237536316592,
                -4.473092834171046e-05,
                6.735001934791528e-06
            ],
            [
                0.0,
                0.008428481706470084,
                -2.542126811411304e-05,
                0.00044747075161544924,
                -0.00027557943961983785,
                0.06261711040987585,
                -0.027260662569134897,
                0.01926024554088679,
                -3.873387955578908e-06,
                -1.3300342091744175e-06,
                1.0052135136969856e-06,
                2.3801189405175394e-07,
                -2.3952330757324253e-06,
                -9.864453263915499e-08,
                -5.412389623268373e-07,
                0.00015703670522644944,
                2.2008087801476928e-05,
                7.886979119614344e-06
            ],
            [
                0.0,
                0.0,
                0.09670571247934348,
                0.0005810213548943774,
                -3.6265554142584595e-05,
                0.007847922680964075,
                0.00744709508392183,
                -0.015761799708426234,
                2.3435213270143437e-06,
                4.135893232406979e-06,
                6.834295100038023e-06,
                2.938725933505991e-07,
                -4.697818666905726e-06,
                -1.2929431005875959e-06,
                -1.4275605159944192e-08,
                0.00020599790480491746,
                4.475592023012803e-05,
                -5.076458778679213e-05
            ],
            [
                0.0,
                0.0,
                0.0,
                0.17732186532857988,
                -0.0002242304088849768,
                0.049059483683024416,
                -0.025737606828210136,
                0.010227527115730647,
                -1.7735622296568626e-06,
                1.0081156520987977e-06,
                5.149568165498669e-06,
                1.1550462508898045e-06,
                -5.012798361890153e-06,
                -5.193061099219967e-07,
                -1.1786185706370607e-06,
                0.0003057048316199879,
                6.684790963526806e-05,
                -2.9786170292725507e-05
            ],
            [
                0.0,
                0.0,
                0.0,
                0.0,
                0.10093827326028326,
                -0.04079090899767913,
                0.011917544330866593,
                -0.013227090040268974,
                4.395446121478667e-06,
                2.6604729348712553e-07,
                -2.3677860709228514e-06,
                1.6965740441590814e-08,
                3.5523126025892135e-06,
                9.44893434206668e-07,
                4.1354282017670764e-07,
                -0.00010875200457496696,
                4.2717074971933205e-06,
                2.3601307162005578e-05
            ],
            [
                0.0,
                0.0,
                0.0,
                0.0,
                0.0,
                39.36121610326941,
                -0.026938483335690905,
                0.016713268070878997,
                -3.0170000642376566e-06,
                -1.5449115869532855e-06,
                -7.674700094216214e-07,
                -1.0193814721921827e-06,
                -6.964450472124634e-07,
                1.3084953781940392e-07,
                7.67741327190078e-07,
                0.00010314234588882412,
                7.919429304678439e-06,
                5.157620832383665e-05
            ],
            [
                0.0,
                0.0,
                0.0,
                0.0,
                0.0,
                0.0,
                9.233235037906924,
                -0.028895309400101835,
                4.2878863391718915e-06,
                2.787655672685161e-06,
                8.453983757265186e-07,
                1.2575308042189745e-07,
                1.225920172683429e-06,
                -6.759350131427382e-07,
                1.5487975048493315e-07,
                -0.00020700677329861417,
                -4.014242796591194e-05,
                -5.755165975615232e-05
            ],
            [
                0.0,
                0.0,
                0.0,
                0.0,
                0.0,
                0.0,
                0.0,
                6.651573474264253,
                -5.015162128073569e-06,
                -3.3550481447461757e-06,
                -2.179625374486317e-06,
                -3.7464164517932223e-07,
                -3.2619876879705263e-07,
                6.156514540849581e-07,
                -3.5747147327077616e-08,
                0.00011359054978915603,
                1.2232541931977054e-05,
                5.599811073763218e-05
            ],
            [
                0.0,
                0.0,
                0.0,
                0.0,
                0.0,
                0.0,
                0.0,
                0.0,
                0.0020858370690377804,
                1.6373983740766948e-06,
                7.62144670027509e-07,
                4.3571218657372386e-07,
                7.543848310654651e-07,
                9.004007756218098e-09,
                -1.1293406239547908e-07,
                -5.2359751394675434e-05,
                4.490299537386948e-06,
                -2.3431215460333833e-05
            ],
            [
                0.0,
                0.0,
                0.0,
                0.0,
                0.0,
                0.0,
                0.0,
                0.0,
                0.0,
                0.0011481999727745871,
                4.203218010193593e-06,
                5.892630319200271e-07,
                -2.1859955098899343e-06,
                -8.995823851899788e-07,
                -3.1276205099376714e-07,
                3.86191045821596e-05,
                1.3705992971240021e-05,
                -5.8637674589503264e-05
            ],
            [
                0.0,
                0.0,
                0.0,
                0.0,
                0.0,
                0.0,
                0.0,
                0.0,
                0.0,
                0.0,
                0.0016842480108891834,
                1.0435364165456974e-06,
                -4.2559915377871415e-06,
                -1.0070225949186132e-06,
                -8.967453789117098e-07,
                0.0001730160737714153,
                3.909301897636258e-05,
                -6.28567348076291e-05
            ],
            [
                0.0,
                0.0,
                0.0,
                0.0,
                0.0,
                0.0,
                0.0,
                0.0,
                0.0,
                0.0,
                0.0,
                0.0003604686426910595,
                -2.946254568677418e-06,
                1.0970908556552046e-07,
                -3.2916561773276204e-06,
                0.0001682900328140662,
                7.480779778637618e-05,
                -0.00010175924490117929
            ],
            [
                0.0,
                0.0,
                0.0,
                0.0,
                0.0,
                0.0,
                0.0,
                0.0,
                0.0,
                0.0,
                0.0,
                0.0,
                0.0008059875692237933,
                1.6527775861297948e-06,
                1.3774190000475042e-06,
                -0.0003594754956808861,
                -6.535340848387633e-05,
                7.814521599115953e-05
            ],
            [
                0.0,
                0.0,
                0.0,
                0.0,
                0.0,
                0.0,
                0.0,
                0.0,
                0.0,
                0.0,
                0.0,
                0.0,
                0.0,
                0.000863753486617502,
                -2.3076999920415506e-08,
                -2.303147306617993e-05,
                3.0139013732806735e-06,
                2.3814053708874017e-05
            ],
            [
                0.0,
                0.0,
                0.0,
                0.0,
                0.0,
                0.0,
                0.0,
                0.0,
                0.0,
                0.0,
                0.0,
                0.0,
                0.0,
                0.0,
                0.0005657363745611753,
                -0.00010623173243195467,
                -4.031707754487472e-05,
                5.570203755448644e-05
            ],
            [
                0.0,
                0.0,
                0.0,
                0.0,
                0.0,
                0.0,
                0.0,
                0.0,
                0.0,
                0.0,
                0.0,
                0.0,
                0.0,
                0.0,
                0.0,
                0.059173805221784725,
                7.406707687812407e-05,
                -1.4852723606022882e-05
            ],
            [
                0.0,
                0.0,
                0.0,
                0.0,
                0.0,
                0.0,
                0.0,
                0.0,
                0.0,
                0.0,
                0.0,
                0.0,
                0.0,
                0.0,
                0.0,
                0.0,
                0.020543505918055528,
                -1.783865223761451e-05
            ],
            [
                0.0,
                0.0,
                0.0,
                0.0,
                0.0,
                0.0,
                0.0,
                0.0,
                0.0,
                0.0,
                0.0,
                0.0,
                0.0,
                0.0,
                0.0,
                0.0,
                0.0,
                0.05062335466669197
            ]
        ]
    ],
    "allnames": [
        "m1_flow_nominal",
        "m2_flow_nominal",
        "tau1",
        "tau2",
        "tau_m",
        "nominalUa.hasValue",
        "workingPressure.hasValue",
        "flowCoefficient.hasValue",
        "waterFlowRateMax",
        "c1",
        "c2",
        "c3",
        "c4",
        "eps_motor",
        "f_motorToAir",
        "kp",
        "Ti",
        "Td"
    ],
    "alpha_count": 1410,
    "cov": [
        [
            0.043833473259800686,
            -0.017010437942863468,
            0.46286064691467316,
            3.9579664139525996,
            -0.45250012328111155,
            302.66974829017573,
            -64.9818402338824,
            84.97652061593949,
            -0.03362475841707426,
            0.05062467214611714,
            0.026384722636184254,
            0.0077521113180313095,
            -0.0069269433599207855,
            0.013310877719871583,
            -0.003014189872710985,
            -0.06930692709076491,
            0.46845991678435567,
            -0.24937353293109787
        ],
        [
            -0.017010437942863468,
            0.029535633483222086,
            -0.1645917533432649,
            -1.6602283777312976,
            0.20997407847012614,
            -154.25172054272713,
            4.027723864667846,
            -43.96789130450139,
            0.012807168797865438,
            -0.023285653820191862,
            -0.01286134647716309,
            -0.003529772442429589,
            0.0028278963270222425,
            -0.005069820743318157,
            0.0015314112193356162,
            0.008953706938734504,
            -0.17025618441154722,
            -0.06307538569729432
        ],
        [
            0.46286064691467316,
            -0.1645917533432649,
            10.279240945812765,
            42.99461421468242,
            -13.918955912744547,
            5678.9298121295415,
            -1353.1285943419098,
            1052.8157091555852,
            -0.3963601667305238,
            0.6115270315908363,
            0.2834616596334156,
            0.09720673568259103,
            -0.07625207387064345,
            0.1559508424993227,
            -0.017281516213017375,
            -0.3081580828917402,
            5.261077954981151,
            -3.488480786544578
        ],
        [
            3.9579664139525996,
            -1.6602283777312976,
            42.99461421468242,
            380.1947878463917,
            -46.078620781659914,
            28183.66896820913,
            -5690.90666654773,
            8306.636313248124,
            -3.1358254661015783,
            4.72272642448356,
            2.4449741435939467,
            0.7438231319777994,
            -0.6908248869902173,
            1.2481532495085226,
            -0.29356957986962806,
            -6.908390422837509,
            43.210961621548236,
            -23.736991341866194
        ],
        [
            -0.45250012328111155,
            0.20997407847012614,
            -13.918955912744547,
            -46.078620781659914,
            31.057379606258202,
            -10120.546217602901,
            2974.4351419277014,
            -1076.6320890380707,
            0.4444984884006038,
            -0.600233033046857,
            -0.3890118500189901,
            -0.12642824083595033,
            0.07181030817810123,
            -0.22443170192284587,
            0.006976672118106681,
            2.8150315961573904,
            -5.360084297854438,
            7.70571699017564
        ],
        [
            302.66974829017573,
            -154.25172054272713,
            5678.9298121295415,
            28183.66896820913,
            -10120.546217602901,
            4609728.791996552,
            -1246283.8481714262,
            473982.61179623,
            -268.232809809399,
            342.00375884162753,
            225.85948132113123,
            63.773612864923365,
            -39.42550854234483,
            125.2609447552433,
            -7.206879794306482,
            -1185.1208155950526,
            3304.847617462811,
            -4010.4719609611852
        ],
        [
            -64.9818402338824,
            4.027723864667846,
            -1353.1285943419098,
            -5690.90666654773,
            2974.4351419277014,
            -1246283.8481714262,
            599065.7253370736,
            40903.78395288006,
            59.559667837372366,
            -35.10756478559844,
            -64.73375862036119,
            -11.524120824400672,
            2.0476704595052295,
            -37.2765490656809,
            -1.2230243006650912,
            888.0738856820384,
            -736.4794612711743,
            2328.16064002777
        ],
        [
            84.97652061593949,
            -43.96789130450139,
            1052.8157091555852,
            8306.636313248124,
            -1076.6320890380707,
            473982.61179623,
            40903.78395288006,
            321115.77208602364,
            -70.65367732555329,
            133.97015509465697,
            39.77034431187562,
            19.96173744190984,
            -22.72305345988593,
            20.44693467999982,
            -8.963332569601983,
            342.6714867088613,
            968.1992887409792,
            404.672514717535
        ],
        [
            -0.03362475841707426,
            0.012807168797865438,
            -0.3963601667305238,
            -3.1358254661015783,
            0.4444984884006038,
            -268.232809809399,
            59.559667837372366,
            -70.65367732555329,
            0.028872355954325052,
            -0.04030081738257527,
            -0.019712239501298946,
            -0.00669265308853548,
            0.006381422561631034,
            -0.01085464866573455,
            0.002002311666626136,
            0.015701321540441966,
            -0.371190665947967,
            0.23292269430653603
        ],
        [
            0.05062467214611714,
            -0.023285653820191862,
            0.6115270315908363,
            4.72272642448356,
            -0.600233033046857,
            342.00375884162753,
            -35.10756478559844,
            133.97015509465697,
            -0.04030081738257527,
            0.06802683571999796,
            0.027795376868097743,
            0.010066070580462301,
            -0.01002630292071998,
            0.013930383465708704,
            -0.004102727307316197,
            0.04970946915663279,
            0.5568580509491867,
            -0.05749635659999496
        ],
        [
            0.026384722636184254,
            -0.01286134647716309,
            0.2834616596334156,
            2.4449741435939467,
            -0.3890118500189901,
            225.85948132113123,
            -64.73375862036119,
            39.77034431187562,
            -0.019712239501298946,
            0.027795376868097743,
            0.019433641170260526,
            0.004519950589154394,
            -0.0032586376888485763,
            0.009095484998868033,
            -0.0020072501528629536,
            -0.12632792034765417,
            0.28354241299523064,
            -0.24941915451816385
        ],
        [
            0.0077521113180313095,
            -0.003529772442429589,
            0.09720673568259103,
            0.7438231319777994,
            -0.12642824083595033,
            63.773612864923365,
            -11.524120824400672,
            19.96173744190984,
            -0.00669265308853548,
            0.010066070580462301,
            0.004519950589154394,
            0.001723704141675356,
            -0.0016788951070699617,
            0.0024570486814001515,
            -0.0005371958752917913,
            0.002429767845934958,
            0.08640753339614406,
            -0.03758569973589331
        ],
        [
            -0.0069269433599207855,
            0.0028278963270222425,
            -0.07625207387064345,
            -0.6908248869902173,
            0.07181030817810123,
            -39.42550854234483,
            2.0476704595052295,
            -22.72305345988593,
            0.006381422561631034,
            -0.01002630292071998,
            -0.0032586376888485763,
            -0.0016788951070699617,
            0.002053430747731791,
            -0.001944635415102507,
            0.000594511819862991,
            -0.026344169694193037,
            -0.07976025851059873,
            0.008655645769606634
        ],
        [
            0.013310877719871583,
            -0.005069820743318157,
            0.1559508424993227,
            1.2481532495085226,
            -0.22443170192284587,
            125.2609447552433,
            -37.2765490656809,
            20.44693467999982,
            -0.01085464866573455,
            0.013930383465708704,
            0.009095484998868033,
            0.0024570486814001515,
            -0.001944635415102507,
            0.005018395082509265,
            -0.0006404562541923005,
            -0.048104041192077035,
            0.14201240382092195,
            -0.15495337275655371
        ],
        [
            -0.003014189872710985,
            0.0015314112193356162,
            -0.017281516213017375,
            -0.29356957986962806,
            0.006976672118106681,
            -7.206879794306482,
            -1.2230243006650912,
            -8.963332569601983,
            0.002002311666626136,
            -0.004102727307316197,
            -0.0020072501528629536,
            -0.0005371958752917913,
            0.000594511819862991,
            -0.0006404562541923005,
            0.0005950289173745152,
            0.007132328678349679,
            -0.035781473351288125,
            -0.008279880426078473
        ],
        [
            -0.06930692709076491,
            0.008953706938734504,
            -0.3081580828917402,
            -6.908390422837509,
            2.8150315961573904,
            -1185.1208155950526,
            888.0738856820384,
            342.6714867088613,
            0.015701321540441966,
            0.04970946915663279,
