{
    "R": [
        [
            0.014081416912728432,
            1.9805901901555525e-05,
            0.0004946954028399767,
            0.00010431723561968239,
            -0.0005816569242600077,
            0.028426832590663923,
            2.8923321175803442e-05,
            0.0010525308250086379,
            6.8882087416201906e-06,
            8.569443664380664e-07,
            2.1373146020764446e-07,
            -1.915609022117119e-06,
            -1.8501977931471773e-06,
            5.6628697142856285e-08,
            7.059264635896161e-07,
            -1.3123989685864272e-06,
            1.0639617761221134e-05,
            3.349598640468231e-05
        ],
        [
            0.0,
            0.05909794153336049,
            6.065463321529009e-06,
            7.955374899822086e-05,
            -6.616701965906342e-05,
            -0.015530059217566741,
            0.002812626997638226,
            -7.117127029182049e-05,
            -1.3824303887574025e-06,
            1.7904077708880773e-07,
            -6.068129220173422e-09,
            -1.1724763627760715e-06,
            -4.239530090129989e-07,
            -7.637393554218288e-07,
            -2.1803835854808832e-07,
            -5.38696011104981e-07,
            -2.699933636932534e-06,
            1.2772809584040378e-05
        ],
        [
            0.0,
            0.0,
            0.5786756800118937,
            -0.000834795674420938,
            9.400827735612006e-05,
            -0.020819967351543345,
            0.004266204955829086,
            -0.01870973580149546,
            -1.2277135742956734e-05,
            -1.7741139841121527e-06,
            1.375002561127544e-06,
            3.831865449449263e-06,
            2.720328445286791e-06,
            2.071871809456465e-06,
            4.663045488310899e-07,
            3.251476227906997e-06,
            3.462119500821571e-05,
            -7.410666744574174e-05
        ],
        [
            0.0,
            0.0,
            0.0,
            0.9362749574276287,
            -0.0002501580672614698,
            0.014361608528799953,
            -0.00045333197811777987,
            0.007348228433241439,
            7.419490358345233e-06,
            9.610068482870184e-07,
            -3.8020978380233004e-07,
            -1.8261922886701582e-06,
            -1.950396885442014e-06,
            -9.433431341539463e-07,
            -1.9761039023487445e-07,
            -2.2355126547221887e-06,
            -7.591082792327952e-06,
            3.492746034198106e-05
        ],
        [
            0.0,
            0.0,
            0.0,
            0.0,
            0.7629241461184479,
            -0.07493020931177509,
            0.007180239454937498,
            -0.008822792989972086,
            -1.633118089707926e-05,
            -1.4212777424633747e-06,
            2.532093374764786e-07,
            1.5558007287024083e-06,
            2.5812260020881546e-06,
            -7.716199865399762e-07,
            -1.1235030518044474e-06,
            1.9028874803265684e-06,
            -5.381652385877859e-06,
            -4.550123944256159e-05
        ],
        [
            0.0,
            0.0,
            0.0,
            0.0,
            0.0,
            101.83263306362278,
            -0.014126320421657481,
            0.010461194828430673,
            1.984743414189472e-05,
            1.3006354048274415e-06,
            -4.021842669495902e-07,
            -2.0352071409435635e-07,
            -1.7961002350856631e-06,
            2.2696520266797066e-06,
            1.8976373066273902e-06,
            -5.473918465626376e-07,
            6.58898613554747e-06,
            3.6178545954577186e-05
        ],
        [
            0.0,
            0.0,
            0.0,
            0.0,
            0.0,
            0.0,
            17.642019423470373,
            -0.007571215719242275,
            -1.339395554708912e-05,
            -8.128285649800481e-07,
            3.687937313194364e-07,
            -5.9099786450315945e-08,
            8.148840501558731e-07,
            -1.8474045558522873e-06,
            -1.482779180619585e-06,
            -2.1051683286316618e-07,
            -2.322371829556948e-06,
            -2.3405473653764048e-05
        ],
        [
            0.0,
            0.0,
            0.0,
            0.0,
            0.0,
            0.0,
            0.0,
            15.695876778999912,
            1.6044864127494228e-05,
            1.5514452794552255e-06,
            -7.315469355889643e-07,
            -2.142783965514451e-06,
            -2.3917230462437395e-06,
            2.050807117694214e-07,
            8.537070903145702e-07,
            -1.907359818650812e-06,
            -9.42090043976739e-06,
            5.587195788857206e-05
        ],
        [
            0.0,
            0.0,
            0.0,
            0.0,
            0.0,
            0.0,
            0.0,
            0.0,
            0.01542492486905544,
            2.1006137098956725e-06,
            -6.741874768717146e-07,
            -1.5511805957797314e-06,
            -3.3985647332363157e-06,
            1.7604739754316955e-06,
            1.9031207160621964e-06,
            -2.2597187555302974e-06,
            2.5779038501884586e-06,
            6.412386443742261e-05
        ],
        [
            0.0,
            0.0,
            0.0,
            0.0,
            0.0,
            0.0,
            0.0,
            0.0,
            0.0,
            0.003700287609222012,
            -3.2345099345475775e-07,
            -1.3392163952115665e-06,
            -1.4760903245681298e-06,
            4.005188309220561e-08,
            4.6614905755291563e-07,
            -1.2075686905183209e-06,
            -3.173254055052896e-06,
            3.201879033247605e-05
        ],
        [
            0.0,
            0.0,
            0.0,
            0.0,
            0.0,
            0.0,
            0.0,
            0.0,
            0.0,
            0.0,
            0.0020765395315744846,
            1.093306038573516e-06,
            7.29291187800607e-07,
            1.3057527996472687e-07,
            -2.558384187656528e-07,
            5.623675333537772e-07,
            7.829304153221396e-06,
            -2.4212337007038928e-05
        ],
        [
            0.0,
            0.0,
            0.0,
            0.0,
            0.0,
            0.0,
            0.0,
            0.0,
            0.0,
            0.0,
            0.0,
            0.0037250109139536085,
            2.1947919232173984e-06,
            1.6400140601811303e-06,
            1.1095677925798189e-08,
            2.1817557764644672e-06,
            1.6302366652888275e-05,
            -6.350587759781095e-05
        ],
        [
            0.0,
            0.0,
            0.0,
            0.0,
            0.0,
            0.0,
            0.0,
            0.0,
            0.0,
            0.0,
            0.0,
            0.0,
            0.005966473318697116,
            2.1798472318715397e-07,
            -2.521731134182918e-07,
            1.711389731072005e-06,
            1.6774897084136682e-06,
            -3.109973931589956e-05
        ],
        [
            0.0,
            0.0,
            0.0,
            0.0,
            0.0,
            0.0,
            0.0,
            0.0,
            0.0,
            0.0,
            0.0,
            0.0,
            0.0,
            0.005045286095907381,
            9.651960250344685e-07,
            9.512045249813679e-07,
            8.5048714403593e-06,
            -6.33721192122836e-06
        ],
        [
            0.0,
            0.0,
            0.0,
            0.0,
            0.0,
            0.0,
            0.0,
            0.0,
            0.0,
            0.0,
            0.0,
            0.0,
            0.0,
            0.0,
            0.0022789149146096037,
            6.237795876637379e-07,
            6.3106239634795045e-06,
            2.3066899169037552e-05
        ],
        [
            0.0,
            0.0,
            0.0,
            0.0,
            0.0,
            0.0,
            0.0,
            0.0,
            0.0,
            0.0,
            0.0,
            0.0,
            0.0,
            0.0,
            0.0,
            0.005859582988257353,
            3.2235920632547024e-06,
            -2.577397982930413e-05
        ],
        [
            0.0,
            0.0,
            0.0,
            0.0,
            0.0,
            0.0,
            0.0,
            0.0,
            0.0,
            0.0,
            0.0,
            0.0,
            0.0,
            0.0,
            0.0,
            0.0,
            0.03562615343991345,
            -2.3111663531455573e-05
        ],
        [
            0.0,
            0.0,
            0.0,
            0.0,
            0.0,
            0.0,
            0.0,
            0.0,
            0.0,
            0.0,
            0.0,
            0.0,
            0.0,
            0.0,
            0.0,
            0.0,
            0.0,
            0.04851265174879449
        ]
    ],
    "RDR": [
        [
            [
                0.014081416912728432,
                1.9805901901555525e-05,
                0.0004946954028399767,
                0.00010431723561968239,
                -0.0005816569242600077,
                0.028426832590663923,
                2.8923321175803442e-05,
                0.0010525308250086379,
                6.8882087416201906e-06,
                8.569443664380664e-07,
                2.1373146020764446e-07,
                -1.915609022117119e-06,
                -1.8501977931471773e-06,
                5.6628697142856285e-08,
                7.059264635896161e-07,
                -1.3123989685864272e-06,
                1.0639617761221134e-05,
                3.349598640468231e-05
            ],
            [
                0.0,
                0.05909794153336049,
                6.065463321529009e-06,
                7.955374899822086e-05,
                -6.616701965906342e-05,
                -0.015530059217566741,
                0.002812626997638226,
                -7.117127029182049e-05,
                -1.3824303887574025e-06,
                1.7904077708880773e-07,
                -6.068129220173422e-09,
                -1.1724763627760715e-06,
                -4.239530090129989e-07,
                -7.637393554218288e-07,
                -2.1803835854808832e-07,
                -5.38696011104981e-07,
                -2.699933636932534e-06,
                1.2772809584040378e-05
            ],
            [
                0.0,
                0.0,
                0.5786756800118937,
                -0.000834795674420938,
                9.400827735612006e-05,
                -0.020819967351543345,
                0.004266204955829086,
                -0.01870973580149546,
                -1.2277135742956734e-05,
                -1.7741139841121527e-06,
                1.375002561127544e-06,
                3.831865449449263e-06,
                2.720328445286791e-06,
                2.071871809456465e-06,
                4.663045488310899e-07,
                3.251476227906997e-06,
                3.462119500821571e-05,
                -7.410666744574174e-05
            ],
            [
                0.0,
                0.0,
                0.0,
                0.9362749574276287,
                -0.0002501580672614698,
                0.014361608528799953,
                -0.00045333197811777987,
                0.007348228433241439,
                7.419490358345233e-06,
                9.610068482870184e-07,
                -3.8020978380233004e-07,
                -1.8261922886701582e-06,
                -1.950396885442014e-06,
                -9.433431341539463e-07,
                -1.9761039023487445e-07,
                -2.2355126547221887e-06,
                -7.591082792327952e-06,
                3.492746034198106e-05
            ],
            [
                0.0,
                0.0,
                0.0,
                0.0,
                0.7629241461184479,
                -0.07493020931177509,
                0.007180239454937498,
                -0.008822792989972086,
                -1.633118089707926e-05,
                -1.4212777424633747e-06,
                2.532093374764786e-07,
                1.5558007287024083e-06,
                2.5812260020881546e-06,
                -7.716199865399762e-07,
                -1.1235030518044474e-06,
                1.9028874803265684e-06,
                -5.381652385877859e-06,
                -4.550123944256159e-05
            ],
            [
                0.0,
                0.0,
                0.0,
                0.0,
                0.0,
                101.83263306362278,
                -0.014126320421657481,
                0.010461194828430673,
                1.984743414189472e-05,
                1.3006354048274415e-06,
                -4.021842669495902e-07,
                -2.0352071409435635e-07,
                -1.7961002350856631e-06,
                2.2696520266797066e-06,
                1.8976373066273902e-06,
                -5.473918465626376e-07,
                6.58898613554747e-06,
                3.6178545954577186e-05
            ],
            [
                0.0,
                0.0,
                0.0,
                0.0,
                0.0,
                0.0,
                17.642019423470373,
                -0.007571215719242275,
                -1.339395554708912e-05,
                -8.128285649800481e-07,
                3.687937313194364e-07,
                -5.9099786450315945e-08,
                8.148840501558731e-07,
                -1.8474045558522873e-06,
                -1.482779180619585e-06,
                -2.1051683286316618e-07,
                -2.322371829556948e-06,
                -2.3405473653764048e-05
            ],
            [
                0.0,
                0.0,
                0.0,
                0.0,
                0.0,
                0.0,
                0.0,
                15.695876778999912,
                1.6044864127494228e-05,
                1.5514452794552255e-06,
                -7.315469355889643e-07,
                -2.142783965514451e-06,
                -2.3917230462437395e-06,
                2.050807117694214e-07,
                8.537070903145702e-07,
                -1.907359818650812e-06,
                -9.42090043976739e-06,
                5.587195788857206e-05
            ],
            [
                0.0,
                0.0,
                0.0,
                0.0,
                0.0,
                0.0,
                0.0,
                0.0,
                0.01542492486905544,
                2.1006137098956725e-06,
                -6.741874768717146e-07,
                -1.5511805957797314e-06,
                -3.3985647332363157e-06,
                1.7604739754316955e-06,
                1.9031207160621964e-06,
                -2.2597187555302974e-06,
                2.5779038501884586e-06,
                6.412386443742261e-05
            ],
            [
                0.0,
                0.0,
                0.0,
                0.0,
                0.0,
                0.0,
                0.0,
                0.0,
                0.0,
                0.003700287609222012,
                -3.2345099345475775e-07,
                -1.3392163952115665e-06,
                -1.4760903245681298e-06,
                4.005188309220561e-08,
                4.6614905755291563e-07,
                -1.2075686905183209e-06,
                -3.173254055052896e-06,
                3.201879033247605e-05
            ],
            [
                0.0,
                0.0,
                0.0,
                0.0,
                0.0,
                0.0,
                0.0,
                0.0,
                0.0,
                0.0,
                0.0020765395315744846,
                1.093306038573516e-06,
                7.29291187800607e-07,
                1.3057527996472687e-07,
                -2.558384187656528e-07,
                5.623675333537772e-07,
                7.829304153221396e-06,
                -2.4212337007038928e-05
            ],
            [
                0.0,
                0.0,
                0.0,
                0.0,
                0.0,
                0.0,
                0.0,
                0.0,
                0.0,
                0.0,
                0.0,
                0.0037250109139536085,
                2.1947919232173984e-06,
                1.6400140601811303e-06,
                1.1095677925798189e-08,
                2.1817557764644672e-06,
                1.6302366652888275e-05,
                -6.350587759781095e-05
            ],
            [
                0.0,
                0.0,
                0.0,
                0.0,
                0.0,
                0.0,
                0.0,
                0.0,
                0.0,
                0.0,
                0.0,
                0.0,
                0.005966473318697116,
                2.1798472318715397e-07,
                -2.521731134182918e-07,
                1.711389731072005e-06,
                1.6774897084136682e-06,
                -3.109973931589956e-05
            ],
            [
                0.0,
                0.0,
                0.0,
                0.0,
                0.0,
                0.0,
                0.0,
                0.0,
                0.0,
                0.0,
                0.0,
                0.0,
                0.0,
                0.005045286095907381,
                9.651960250344685e-07,
                9.512045249813679e-07,
                8.5048714403593e-06,
                -6.33721192122836e-06
            ],
            [
                0.0,
                0.0,
                0.0,
                0.0,
                0.0,
                0.0,
                0.0,
                0.0,
                0.0,
                0.0,
                0.0,
                0.0,
                0.0,
                0.0,
                0.0022789149146096037,
                6.237795876637379e-07,
                6.3106239634795045e-06,
                2.3066899169037552e-05
            ],
            [
                0.0,
                0.0,
                0.0,
                0.0,
                0.0,
                0.0,
                0.0,
                0.0,
                0.0,
                0.0,
                0.0,
                0.0,
                0.0,
                0.0,
                0.0,
                0.005859582988257353,
                3.2235920632547024e-06,
                -2.577397982930413e-05
            ],
            [
                0.0,
                0.0,
                0.0,
                0.0,
                0.0,
                0.0,
                0.0,
                0.0,
                0.0,
                0.0,
                0.0,
                0.0,
                0.0,
                0.0,
                0.0,
                0.0,
                0.03562615343991345,
                -2.3111663531455573e-05
            ],
            [
                0.0,
                0.0,
                0.0,
                0.0,
                0.0,
                0.0,
                0.0,
                0.0,
                0.0,
                0.0,
                0.0,
                0.0,
                0.0,
                0.0,
                0.0,
                0.0,
                0.0,
                0.04851265174879449
            ]
        ],
        [
            [
                0.0028162833825456867,
                3.961180380311105e-06,
                9.893908056799535e-05,
                2.0863447123936478e-05,
                -0.00011633138485200154,
                0.005685366518132785,
                5.784664235160689e-06,
                0.0002105061650017276,
                1.3776417483240382e-06,
                1.7138887328761328e-07,
                4.274629204152889e-08,
                -3.831218044234238e-07,
                -3.7003955862943546e-07,
                1.1325739428571258e-08,
                1.411852927179232e-07,
                -2.6247979371728544e-07,
                2.127923552244227e-06,
                6.699197280936462e-06
            ],
            [
                0.0,
                0.011819588306672098,
                1.213092664305802e-06,
                1.5910749799644172e-05,
                -1.3233403931812684e-05,
                -0.0031060118435133482,
                0.0005625253995276452,
                -1.4234254058364098e-05,
                -2.764860777514805e-07,
                3.580815541776155e-08,
                -1.2136258440346844e-09,
                -2.344952725552143e-07,
                -8.479060180259979e-08,
                -1.5274787108436577e-07,
                -4.360767170961767e-08,
                -1.077392022209962e-07,
                -5.399867273865068e-07,
                2.5545619168080758e-06
            ],
            [
                0.0,
                0.0,
                0.11573513600237875,
                -0.0001669591348841876,
                1.8801655471224012e-05,
                -0.004163993470308669,
                0.0008532409911658173,
                -0.003741947160299092,
                -2.4554271485913468e-06,
                -3.5482279682243053e-07,
                2.750005122255088e-07,
                7.663730898898527e-07,
                5.440656890573583e-07,
                4.1437436189129303e-07,
                9.326090976621799e-08,
                6.502952455813994e-07,
                6.924239001643143e-06,
                -1.4821333489148349e-05
            ],
            [
                0.0,
                0.0,
                0.0,
                0.18725499148552574,
                -5.003161345229396e-05,
                0.002872321705759991,
                -9.066639562355599e-05,
                0.001469645686648288,
                1.4838980716690465e-06,
                1.922013696574037e-07,
                -7.604195676046601e-08,
                -3.652384577340317e-07,
                -3.9007937708840284e-07,
                -1.886686268307893e-07,
                -3.952207804697489e-08,
                -4.4710253094443776e-07,
                -1.5182165584655906e-06,
                6.985492068396212e-06
            ],
            [
                0.0,
                0.0,
                0.0,
                0.0,
                0.1525848292236896,
                -0.01498604186235502,
                0.0014360478909874997,
                -0.0017645585979944173,
                -3.2662361794158523e-06,
                -2.8425554849267494e-07,
                5.064186749529572e-08,
                3.111601457404817e-07,
                5.16245200417631e-07,
                -1.5432399730799525e-07,
                -2.247006103608895e-07,
                3.805774960653137e-07,
                -1.0763304771755718e-06,
                -9.100247888512318e-06
            ],
            [
                0.0,
                0.0,
                0.0,
                0.0,
                0.0,
                20.366526612724556,
                -0.0028252640843314963,
                0.0020922389656861345,
                3.969486828378945e-06,
                2.601270809654883e-07,
                -8.043685338991804e-08,
                -4.0704142818871276e-08,
                -3.5922004701713264e-07,
                4.5393040533594134e-07,
                3.7952746132547803e-07,
                -1.0947836931252753e-07,
                1.317797227109494e-06,
                7.235709190915437e-06
            ],
            [
                0.0,
                0.0,
                0.0,
                0.0,
                0.0,
                0.0,
                3.528403884694075,
                -0.001514243143848455,
                -2.6787911094178243e-06,
                -1.6256571299600962e-07,
                7.375874626388729e-08,
                -1.1819957290063189e-08,
                1.6297681003117464e-07,
                -3.6948091117045746e-07,
                -2.9655583612391704e-07,
                -4.2103366572633237e-08,
                -4.6447436591138964e-07,
                -4.68109473075281e-06
            ],
            [
                0.0,
                0.0,
                0.0,
                0.0,
                0.0,
                0.0,
                0.0,
                3.1391753557999826,
                3.2089728254988458e-06,
                3.102890558910451e-07,
                -1.4630938711779287e-07,
                -4.2855679310289024e-07,
                -4.783446092487479e-07,
                4.1016142353884284e-08,
                1.7074141806291405e-07,
                -3.814719637301624e-07,
                -1.884180087953478e-06,
                1.1174391577714412e-05
            ],
            [
                0.0,
                0.0,
                0.0,
                0.0,
                0.0,
                0.0,
                0.0,
                0.0,
                0.003084984973811088,
                4.2012274197913453e-07,
                -1.3483749537434293e-07,
                -3.102361191559463e-07,
                -6.797129466472632e-07,
                3.5209479508633913e-07,
                3.806241432124393e-07,
                -4.519437511060595e-07,
                5.155807700376917e-07,
                1.2824772887484523e-05
            ],
            [
                0.0,
                0.0,
                0.0,
                0.0,
                0.0,
                0.0,
                0.0,
                0.0,
                0.0,
                0.0007400575218444025,
                -6.469019869095156e-08,
                -2.678432790423133e-07,
                -2.95218064913626e-07,
                8.010376618441123e-09,
                9.322981151058313e-08,
                -2.415137381036642e-07,
                -6.346508110105792e-07,
                6.40375806649521e-06
            ],
            [
                0.0,
                0.0,
                0.0,
                0.0,
                0.0,
                0.0,
                0.0,
                0.0,
                0.0,
                0.0,
                0.00041530790631489695,
                2.186612077147032e-07,
                1.4585823756012142e-07,
                2.6115055992945377e-08,
                -5.1167683753130564e-08,
                1.1247350667075544e-07,
                1.5658608306442794e-06,
                -4.842467401407786e-06
            ],
            [
                0.0,
                0.0,
                0.0,
                0.0,
                0.0,
                0.0,
                0.0,
                0.0,
                0.0,
                0.0,
                0.0,
                0.0007450021827907217,
                4.389583846434797e-07,
                3.2800281203622607e-07,
                2.219135585159638e-09,
                4.363511552928935e-07,
                3.2604733305776553e-06,
                -1.270117551956219e-05
            ],
            [
                0.0,
                0.0,
                0.0,
                0.0,
                0.0,
                0.0,
                0.0,
                0.0,
                0.0,
                0.0,
                0.0,
                0.0,
                0.0011932946637394234,
                4.35969446374308e-08,
                -5.0434622683658364e-08,
                3.42277946214401e-07,
                3.3549794168273365e-07,
                -6.219947863179912e-06
            ],
            [
                0.0,
                0.0,
                0.0,
                0.0,
                0.0,
                0.0,
                0.0,
                0.0,
                0.0,
                0.0,
                0.0,
                0.0,
                0.0,
                0.0010090572191814764,
                1.930392050068937e-07,
                1.902409049962736e-07,
                1.70097428807186e-06,
                -1.267442384245672e-06
            ],
            [
                0.0,
                0.0,
                0.0,
                0.0,
                0.0,
                0.0,
                0.0,
                0.0,
                0.0,
                0.0,
                0.0,
                0.0,
                0.0,
                0.0,
                0.0004557829829219208,
                1.247559175327476e-07,
                1.262124792695901e-06,
                4.613379833807511e-06
            ],
            [
                0.0,
                0.0,
                0.0,
                0.0,
                0.0,
                0.0,
                0.0,
                0.0,
                0.0,
                0.0,
                0.0,
                0.0,
                0.0,
                0.0,
                0.0,
                0.0011719165976514707,
                6.447184126509405e-07,
                -5.154795965860827e-06
            ],
            [
                0.0,
                0.0,
                0.0,
                0.0,
                0.0,
                0.0,
                0.0,
                0.0,
                0.0,
                0.0,
                0.0,
                0.0,
                0.0,
                0.0,
                0.0,
                0.0,
                0.00712523068798269,
                -4.622332706291115e-06
            ],
            [
                0.0,
                0.0,
                0.0,
                0.0,
                0.0,
                0.0,
                0.0,
                0.0,
                0.0,
                0.0,
                0.0,
                0.0,
                0.0,
                0.0,
                0.0,
                0.0,
                0.0,
                0.009702530349758898
            ]
        ]
    ],
    "allnames": [
        "m1_flow_nominal",
        "m2_flow_nominal",
        "tau1",
        "tau2",
        "tau_m",
        "nominalUa.hasValue",
        "workingPressure.hasValue",
        "flowCoefficient.hasValue",
        "waterFlowRateMax",
        "c1",
        "c2",
        "c3",
        "c4",
        "eps_motor",
        "f_motorToAir",
        "kp",
        "Ti",
        "Td"
    ],
    "alpha_count": 1383,
    "cov": [
        [
            0.0031699703310093105,
            -0.010427811769690282,
            -0.0759694558997687,
            0.07014944134959777,
            0.12027861154546579,
            -6.412093146327248,
            -2.4450704085833572,
            0.882962706756952,
            0.0013361233116406899,
            -0.001525577702868054,
            -3.0003775433469714e-05,
            -0.0007208333508202839,
            0.00021664784765306345,
            -0.0013785642373536993,
            0.00040694090644452854,
            -0.0026357875295683667,
            0.006602914399046418,
            -0.020214335275824585
        ],
        [
            -0.010427811769690282,
            0.2504131480267612,
            1.3080036858456054,
            -4.1652983766550635,
            -4.369585541094567,
            64.11826490140122,
            49.14688895257343,
            -13.673801856793617,
            -0.00918108596273469,
            0.010368063040320842,
            0.0017436923439665304,
            0.015390058281137653,
            0.028051156704688728,
            0.015700593263400973,
            -0.004391855312501764,
            0.036708213132943486,
            -0.05639819121337043,
            0.009885933461284128
        ],
        [
            -0.0759694558997687,
            1.3080036858456054,
            22.460007856390344,
            -27.681392275891973,
            -21.298956918040297,
            880.690606110539,
            917.776209641562,
            136.97332067838343,
            0.5765951143705828,
            -0.18248284419438912,
            -0.026344258359734127,
            -0.060078720334245016,
            -0.0064944387213568665,
            -0.015452040443765119,
            0.04922703203548788,
            -0.15370243278162496,
            1.3340643519249877,
            -0.5865062950412622
        ],
        [
            0.07014944134959777,
            -4.1652983766550635,
            -27.681392275891973,
            112.08410697142581,
            90.78722002909053,
            -1238.6467236168753,
            -905.3833674075909,
            212.33007042519702,
            -0.0011601234628258682,
            0.01588083247906517,
            -0.053728190790934424,
            -0.3430671275392669,
            -0.7456124376073238,
            -0.24369189057347904,
            0.0664080907516016,
            -0.5541319184704186,
            1.0526471721146344,
            2.7330916924105773
        ],
        [
            0.12027861154546579,
            -4.369585541094567,
            -21.298956918040297,
            90.78722002909053,
            100.20848138502545,
            -853.9786955313757,
            -854.7489739028622,
            533.0525171835906,
            0.35524201193670035,
            -0.37597890532737405,
            -0.051172218072338696,
            -0.4083154621520019,
            -0.7332671896992643,
            -0.3734907007115316,
            0.11947531649713178,
            -1.0393261226323778,
            2.377753133383941,
            0.02786217933143213
        ],
        [
            -6.412093146327248,
            64.11826490140122,
            880.690606110539,
            -1238.6467236168753,
            -853.9786955313757,
            136643.41905787954,
            35256.30422398403,
            34924.67006096481,
            29.15219248953459,
            -21.23498534212796,
            1.0552550643164966,
            -4.997382398018111,
            -5.323942287020736,
            -1.7342457302850351,
            3.3197991509371345,
            -25.26410489946138,
            117.33751741115404,
            -85.31930624651591
        ],
        [
            -2.4450704085833572,
            49.14688895257343,
            917.776209641562,
            -905.3833674075909,
            -854.7489739028622,
            35256.30422398403,
            46910.038742897814,
            1696.2221987840364,
            32.80278474609181,
            -7.353903655278856,
            -1.9196684761546945,
            -3.5126328757471503,
            -2.3656487282242105,
            -1.2614072289446556,
            2.752009591256312,
            -5.6973200846707535,
            62.64692116228284,
            -11.29070143321636
        ],
        [
            0.882962706756952,
            -13.673801856793617,
            136.97332067838343,
            212.33007042519702,
            533.0525171835906,
            34924.67006096481,
            1696.2221987840364,
            27730.01383172347,
            15.273604670877088,
            -16.016405287684144,
            0.32909009569444,
            -5.985492722276001,
            -7.599051741430703,
            -4.990983059538107,
            2.597368689722078,
            -24.752719110674764,
            85.12026465449209,
            -77.71343261327475
        ],
        [
            0.0013361233116406899,
            -0.00918108596273469,
            0.5765951143705828,
            -0.0011601234628258682,
            0.35524201193670035,
            29.15219248953459,
            32.80278474609181,
            15.273604670877088,
            0.04233399703149371,
            -0.017372453952089358,
            -0.002175213652537812,
            -0.008294432384384494,
            -0.009770280541025812,
            -0.006826005438317078,
            0.004575542173576902,
            -0.023644539451090168,
            0.10581050711420187,
            -0.05958676245135799
        ],
        [
            -0.001525577702868054,
            0.010368063040320842,
            -0.18248284419438912,
            0.01588083247906517,
            -0.37597890532737405,
            -21.23498534212796,
            -7.353903655278856,
            -16.016405287684144,
            -0.017372453952089358,
            0.01369861767769818,
            0.00028117285130254663,
            0.004521667645145638,
            0.004614541608344598,
            0.004710221396126743,
            -0.0023224810136748875,
            0.018927568628480357,
            -0.06748376413072929,
            0.06950632998897109
        ],
        [
            -3.0003775433469714e-05,
            0.0017436923439665304,
            -0.026344258359734127,
            -0.053728190790934424,
            -0.051172218072338696,
            1.0552550643164966,
            -1.9196684761546945,
            0.32909009569444,
            -0.002175213652537812,
            0.00028117285130254663,
            0.00024307633007495855,
            0.0005369121706777052,
            0.0008019261114368799,
            0.00037028702366323154,
            -0.0002330699651054992,
            0.000696931764129531,
            -0.0037506931797971783,
            -0.002428755265085254
        ],
        [
            -0.0007208333508202839,
            0.015390058281137653,
            -0.060078720334245016,
            -0.3430671275392669,
            -0.4083154621520019,
            -4.997382398018111,
            -3.5126328757471503,
            -5.985492722276001,
            -0.008294432384384494,
            0.004521667645145638,
            0.0005369121706777052,
            0.0035697516089979375,
            0.0048704829926965,
            0.002803710633948486,
            -0.0014112001133661956,
            0.009045435353722665,
            -0.031678786460366606,
            0.011220280745034977
        ],
        [
            0.00021664784765306345,
            0.028051156704688728,
            -0.0064944387213568665,
            -0.7456124376073238,
            -0.7332671896992643,
            -5.323942287020736,
            -2.3656487282242105,
            -7.599051741430703,
            -0.009770280541025812,
            0.004614541608344598,
            0.0008019261114368799,
            0.0048704829926965,
            0.008723957566702507,
            0.003363052100561191,
            -0.0016674805090745673,
            0.011164658794678706,
            -0.037769002348345494,
            -0.007668033612244879
        ],
        [
            -0.0013785642373536993,
            0.015700593263400973,
            -0.015452040443765119,
            -0.24369189057347904,
            -0.3734907007115316,
            -1.7342457302850351,
            -1.2614072289446556,
            -4.990983059538107,
            -0.006826005438317078,
            0.004710221396126743,
            0.00037028702366323154,
            0.002803710633948486,
            0.003363052100561191,
            0.0028042321152530313,
            -0.001203480941068123,
            0.008349707930166624,
            -0.026926455007983803,
            0.02081126522586662
        ],
        [
            0.00040694090644452854,
            -0.004391855312501764,
            0.04922703203548788,
            0.0664080907516016,
            0.11947531649713178,
            3.3197991509371345,
            2.752009591256312,
            2.597368689722078,
            0.004575542173576902,
            -0.0023224810136748875,
            -0.0002330699651054992,
            -0.0014112001133661956,
            -0.0016674805090745673,
            -0.001203480941068123,
            0.0006905939715684578,
            -0.0038743637139503776,
            0.014710735267411713,
            -0.009062594116125141
        ],
        [
            -0.0026357875295683667,
            0.036708213132943486,
            -0.15370243278162496,
            -0.5541319184704186,
            -1.0393261226323778,
