7.164171337346547826e-03 4.697220082907273573e-05 6.373582057392991650e-04 9.499709808996545650e-05 7.596983464648874359e-04 -2.640325201329021820e-03 1.021009701519617896e-02 -3.614196786751444884e-04 -2.453679701505811084e-06 1.200557024058930573e-06 3.908085271211653571e-07 -5.440770391317111688e-06 1.242624126784051631e-06 -5.090666390702610279e-08 5.111466364955468659e-08 -3.014511000500738972e-07 1.426223227502740647e-05 -2.605537033732192238e-05
4.697220082907273573e-05 1.808102461108499481e-01 1.144014756654257448e-02 1.705133488133130657e-03 1.363607012721452030e-02 -4.739204681899144428e-02 1.832643174132716213e-01 -6.487238134323614069e-03 -4.404188667139932153e-05 2.154918442032464665e-05 7.014748033789399140e-06 -9.765813884853776221e-05 2.230426038630215204e-05 -9.137400946163991091e-07 9.174735489391056159e-07 -5.410842815884365843e-06 2.559973973589328082e-04 -4.676762280233395623e-04
6.373582057392991650e-04 1.144014756654257448e-02 1.427923379308861911e+02 2.313668087423057310e-02 1.850256329534701871e-01 -6.430550281597593454e-01 2.486683920721582286e+00 -8.802428637614419238e-02 -5.975972462606613357e-04 2.923974026097278501e-04 9.518198299454785688e-05 -1.325107511543697223e-03 3.026429064264114614e-04 -1.239839174953689203e-05 1.244905038818550019e-05 -7.341885216787518581e-05 3.473587334098960071e-03 -6.345823195394935043e-03
9.499709808996545650e-05 1.705133488133130657e-03 2.313668087423057310e-02 1.990394726196135977e+01 2.757773893010532704e-02 -9.584619926008351720e-02 3.706357809601231734e-01 -1.311986209932650659e-02 -8.907079835187390747e-05 4.358130873163829885e-05 1.418670395000605394e-05 -1.975048993177257151e-04 4.510838271027427449e-05 -1.847958065939358010e-06 1.855508645223457223e-06 -1.094294831107446044e-05 5.177319656827855882e-04 -9.458335722770787888e-04
7.596983464648874359e-04 1.363607012721452030e-02 1.850256329534701871e-01 2.757773893010532704e-02 2.987729657930066196e+01 -7.664886670945679770e-01 2.963999907338962458e+00 -1.049204422356826011e-01 -7.123053186545042501e-04 3.485227322296347084e-04 1.134520501078856386e-04 -1.579460304022060326e-03 3.607348481765939338e-04 -1.477824812818018965e-05 1.483863063156518480e-05 -8.751151250431869722e-05 4.140338243477086067e-03 -7.563896322489608443e-03
-2.640325201329021820e-03 -4.739204681899144428e-02 -6.430550281597593454e-01 -9.584619926008351720e-02 -7.664886670945679770e-01 1.119060043366705759e+04 -1.030135670098585976e+01 3.646501128487878440e-01 2.475611132544582472e-03 -1.211287818940227825e-03 -3.943016441146595091e-04 5.489400976866534027e-03 -1.253730925005087926e-03 5.136167683646659839e-05 -5.157153571815119384e-05 3.041455242686272320e-04 -1.438971067549130699e-02 2.628825792953370585e-02
1.021009701519617896e-02 1.832643174132716213e-01 2.486683920721582286e+00 3.706357809601231734e-01 2.963999907338962458e+00 -1.030135670098585976e+01 5.622914470513324341e+04 -1.410096387715539024e+00 -9.573150240151082069e-03 4.684031398283791323e-03 1.524758403864643090e-03 -2.122742929579594234e-02 4.848158237784606223e-03 -1.986148157429679453e-04 1.994263368163651066e-04 -1.176126072635783884e-03 5.564479024910162774e-02 -1.016562897956418132e-01
-3.614196786751444884e-04 -6.487238134323614069e-03 -8.802428637614419238e-02 -1.311986209932650659e-02 -1.049204422356826011e-01 3.646501128487878440e-01 -1.410096387715539024e+00 9.974015121164753737e+02 3.388728705079603566e-04 -1.658065658291385666e-04 -5.397379589653164295e-05 7.514140819394075693e-04 -1.716163705260052548e-04 7.030619080221077973e-06 -7.059345514960020411e-06 4.163281765303749829e-05 -1.969728806870666652e-03 3.598455875450103439e-03
-2.453679701505811084e-06 -4.404188667139932153e-05 -5.975972462606613357e-04 -8.907079835187390747e-05 -7.123053186545042501e-04 2.475611132544582472e-03 -9.573150240151082069e-03 3.388728705079603566e-04 1.724530667784750183e-03 -1.125661464928204167e-06 -3.664283247940508128e-07 5.101353327076445334e-06 -1.165104253175571235e-06 4.773090217277171991e-08 -4.792592605767459055e-08 2.826453721784467076e-07 -1.337249706105224045e-05 2.442993190277399624e-05
1.200557024058930573e-06 2.154918442032464665e-05 2.923974026097278501e-04 4.358130873163829885e-05 3.485227322296347084e-04 -1.211287818940227825e-03 4.684031398283791323e-03 -1.658065658291385666e-04 -1.125661464928204167e-06 2.610532454901400012e-03 1.792891300668417852e-07 -2.496033025528746082e-06 5.700720000464795806e-07 -2.335417692579180618e-08 2.344959985109690158e-08 -1.382951029339072218e-07 6.543007738948622462e-06 -1.195328238040086724e-05
3.908085271211653571e-07 7.014748033789399140e-06 9.518198299454785688e-05 1.418670395000605394e-05 1.134520501078856386e-04 -3.943016441146595091e-04 1.524758403864643090e-03 -5.397379589653164295e-05 -3.664283247940508128e-07 1.792891300668417852e-07 7.884726298017616819e-05 -8.125153331365572591e-07 1.855713591495723797e-07 -7.602314012239536769e-09 7.633376337597471894e-09 -4.501819105846760510e-08 2.129897344447490293e-06 -3.891064387391013690e-06
-5.440770391317111688e-06 -9.765813884853776221e-05 -1.325107511543697223e-03 -1.975048993177257151e-04 -1.579460304022060326e-03 5.489400976866534027e-03 -2.122742929579594234e-02 7.514140819394075693e-04 5.101353327076445334e-06 -2.496033025528746082e-06 -8.125153331365572591e-07 2.638898583092430441e-03 -2.583493159105091145e-06 1.058381332873633428e-07 -1.062705777412698723e-07 6.267356620538338666e-07 -2.965207154915031559e-05 5.417074203977608561e-05
1.242624126784051631e-06 2.230426038630215204e-05 3.026429064264114614e-04 4.510838271027427449e-05 3.607348481765939338e-04 -1.253730925005087926e-03 4.848158237784606223e-03 -1.716163705260052548e-04 -1.165104253175571235e-06 5.700720000464795806e-07 1.855713591495723797e-07 -2.583493159105091145e-06 2.233335939682316526e-04 -2.417249920462570645e-08 2.427126571621674331e-08 -1.431409154900097847e-07 6.772272466212510625e-06 -1.237212125912290175e-05
-5.090666390702610279e-08 -9.137400946163991091e-07 -1.239839174953689203e-05 -1.847958065939358010e-06 -1.477824812818018965e-05 5.136167683646659839e-05 -1.986148157429679453e-04 7.030619080221077973e-06 4.773090217277171991e-08 -2.335417692579180618e-08 -7.602314012239536769e-09 1.058381332873633428e-07 -2.417249920462570645e-08 7.913803766478299520e-04 -9.943225306684335225e-10 5.864063250608596394e-09 -2.774401292340267524e-07 5.068495011320469891e-07
5.111466364955468659e-08 9.174735489391056159e-07 1.244905038818550019e-05 1.855508645223457223e-06 1.483863063156518480e-05 -5.157153571815119384e-05 1.994263368163651066e-04 -7.059345514960020411e-06 -4.792592605767459055e-08 2.344959985109690158e-08 7.633376337597471894e-09 -1.062705777412698723e-07 2.427126571621674331e-08 -9.943225306684335225e-10 2.269295511124672484e-04 -5.888023250197756037e-09 2.785737229724255220e-07 -5.089204395445257558e-07
-3.014511000500738972e-07 -5.410842815884365843e-06 -7.341885216787518581e-05 -1.094294831107446044e-05 -8.751151250431869722e-05 3.041455242686272320e-04 -1.176126072635783884e-03 4.163281765303749829e-05 2.826453721784467076e-07 -1.382951029339072218e-07 -4.501819105846760510e-08 6.267356620538338666e-07 -1.431409154900097847e-07 5.864063250608596394e-09 -5.888023250197756037e-09 2.642942626839494061e-03 -1.642901454088191543e-06 3.001381900710227554e-06
1.426223227502740647e-05 2.559973973589328082e-04 3.473587334098960071e-03 5.177319656827855882e-04 4.140338243477086067e-03 -1.438971067549130699e-02 5.564479024910162774e-02 -1.969728806870666652e-03 -1.337249706105224045e-05 6.543007738948622462e-06 2.129897344447490293e-06 -2.965207154915031559e-05 6.772272466212510625e-06 -2.774401292340267524e-07 2.785737229724255220e-07 -1.642901454088191543e-06 4.153850417028055741e-02 -1.420011597465789999e-04
-2.605537033732192238e-05 -4.676762280233395623e-04 -6.345823195394935043e-03 -9.458335722770787888e-04 -7.563896322489608443e-03 2.628825792953370585e-02 -1.016562897956418132e-01 3.598455875450103439e-03 2.442993190277399624e-05 -1.195328238040086724e-05 -3.891064387391013690e-06 5.417074203977608561e-05 -1.237212125912290175e-05 5.068495011320469891e-07 -5.089204395445257558e-07 3.001381900710227554e-06 -1.420011597465789999e-04 5.647767238543830587e-02
2.300565567881307158e-03 4.377824928832284877e-06 -2.110787468094204710e-04 -3.217672023277573967e-04 -2.199357120632270744e-05 2.188090777683332835e-03 -1.795211302740214523e-02 -9.560784931933643659e-04 -8.037055062960518771e-07 -5.674406540002202758e-07 1.039647295600258531e-07 -1.263833867160779460e-07 1.414820989346811711e-06 1.044435070117663951e-06 -5.777041174241766401e-08 4.990816178102196813e-06 -1.407028186166310265e-06 2.159768377104888207e-07
4.377824928832284877e-06 5.787341099753240403e-02 4.211414976079437024e-03 1.012813328038642035e-03 4.715210265214249928e-03 -1.918891254128663945e-02 8.679337006463481996e-02 -9.610408865265401401e-04 -1.406882518037040936e-05 8.158121070144243214e-06 2.272701881376085814e-06 -3.339255618166420895e-05 5.788008683073554382e-06 -1.699515225357896465e-06 3.919257804914207569e-07 -8.480065847884433490e-06 8.983999625114548178e-05 -1.610034054054183318e-04
-2.110787468094204710e-04 4.211414976079437024e-03 4.571499730718834797e+01 2.560389846013277210e-02 7.290857391864374870e-02 -3.625245699942994393e-01 1.892367062238253572e+00 1.526584612696871290e-02 -1.902735807498862227e-04 1.427473945264220371e-04 3.154838486479084452e-05 -5.074811463189461648e-04 4.427720259440388233e-05 -5.878638898356918716e-05 7.814628552607918007e-06 -2.864076887586701850e-04 1.420129775112702981e-03 -2.472723439244043503e-03
-3.217672023277573967e-04 1.012813328038642035e-03 2.560389846013277210e-02 6.384706418644562120e+00 2.044998675753578049e-02 -1.636745294955535279e-01 1.049120114298324413e+00 3.265616314107028240e-02 -2.769016030841081356e-05 5.567667941986609125e-05 5.464765266118802052e-06 -1.340082313920291490e-04 -3.017103758131636120e-05 -4.710656750252179497e-05 3.844405454707132405e-06 -2.265906049052990930e-04 4.275136851599869851e-04 -6.777658052932893952e-04
-2.199357120632270744e-05 4.715210265214249928e-03 7.290857391864374870e-02 2.044998675753578049e-02 9.569485835219031955e+00 -3.453964082664562341e-01 1.648936640228786610e+00 -5.831896331650511349e-03 -2.273260872839870026e-04 1.429404888129147703e-04 3.700097503132446279e-05 -5.587277933402944648e-04 8.185770426428217209e-05 -3.974388437070669374e-05 7.195318895408073363e-06 -1.959362820467293851e-04 1.522010772999628789e-03 -2.702806774408291705e-03
2.188090777683332835e-03 -1.918891254128663945e-02 -3.625245699942994393e-01 -1.636745294955535279e-01 -3.453964082664562341e-01 3.582137619487809843e+03 -1.131041064981659794e+01 -2.007176168906748825e-01 7.851980336156783556e-04 -7.470130097625959356e-04 -1.341431631988266378e-04 2.366423225452877598e-03 -1.703184263916011158e-05 4.170431645657585065e-04 -4.449870830037069353e-05 2.018655827823010070e-03 -6.859772080801646715e-03 1.164274359826725225e-02
-1.795211302740214523e-02 8.679337006463481996e-02 1.892367062238253572e+00 1.049120114298324413e+00 1.648936640228786610e+00 -1.131041064981659794e+01 1.804939343852936872e+04 1.769392702014938479e+00 -3.014452183758336169e-03 4.013319486804957023e-03 5.436586275237334205e-04 -1.105914547941705753e-02 -1.136251959516489498e-03 -2.866273954451241043e-03 2.596798900308392496e-04 -1.381830428565937290e-02 3.358314606777239308e-02 -5.513114366419979290e-02
-9.560784931933643659e-04 -9.610408865265401401e-04 1.526584612696871290e-02 3.265616314107028240e-02 -5.831896331650511349e-03 -2.007176168906748825e-01 1.769392702014938479e+00 3.192564350293915254e+02 1.103782907075090696e-04 4.652967755850021989e-05 -1.506410860354288828e-05 7.147654861570987273e-05 -1.613661781956155167e-04 -1.087560535702860112e-04 5.498477914431453268e-06 -5.190660063200655582e-04 -5.448684491310133268e-06 2.563539270064410817e-04
-8.037055062960518771e-07 -1.406882518037040936e-05 -1.902735807498862227e-04 -2.769016030841081356e-05 -2.273260872839870026e-04 7.851980336156783556e-04 -3.014452183758336169e-03 1.103782907075090696e-04 5.518498564377230216e-04 -3.580161554258419506e-07 -1.172083972287456651e-07 1.628707818694754373e-06 -3.751801356043965100e-07 1.282665236988763100e-08 -1.516527509616224309e-08 7.870947572275648114e-08 -4.265423288599827702e-06 7.797843678289548424e-06
-5.674406540002202758e-07 8.158121070144243214e-06 1.427473945264220371e-04 5.567667941986609125e-05 1.429404888129147703e-04 -7.470130097625959356e-04 4.013319486804957023e-03 4.652967755850021989e-05 -3.580161554258419506e-07 8.354831495904332852e-04 5.987209805491421123e-08 -9.900633688566886474e-07 6.189007166960053512e-08 -1.331661321766847649e-07 1.628771428952136525e-08 -6.470821116653520324e-07 2.801301483663915174e-06 -4.838637931595228886e-06
1.039647295600258531e-07 2.272701881376085814e-06 3.154838486479084452e-05 5.464765266118802052e-06 3.700097503132446279e-05 -1.341431631988266378e-04 5.436586275237334205e-04 -1.506410860354288828e-05 -1.172083972287456651e-07 5.987209805491421123e-08 2.523117956035647160e-05 -2.642460728120231621e-07 5.671104864501865269e-08 -5.218901744533360593e-09 2.637386903689318975e-09 -2.776836206881216302e-08 6.972507680745406000e-07 -1.267608227577236470e-06
-1.263833867160779460e-07 -3.339255618166420895e-05 -5.074811463189461648e-04 -1.340082313920291490e-04 -5.587277933402944648e-04 2.366423225452877598e-03 -1.105914547941705753e-02 7.147654861570987273e-05 1.628707818694754373e-06 -9.900633688566886474e-07 -2.642460728120231621e-07 8.447721912765479135e-04 -6.222030197359173578e-07 2.471379510825114978e-07 -4.891060413423140874e-08 1.223405662070368329e-06 -1.068918250703609741e-05 1.905444617425473250e-05
1.414820989346811711e-06 5.788008683073554382e-06 4.427720259440388233e-05 -3.017103758131636120e-05 8.185770426428217209e-05 -1.703184263916011158e-05 -1.136251959516489498e-03 -1.613661781956155167e-04 -3.751801356043965100e-07 6.189007166960053512e-08 5.671104864501865269e-08 -6.222030197359173578e-07 7.159558723085715655e-05 1.266172779489792657e-07 -1.622205505697965136e-09 5.985547679133887709e-07 1.410841848735515851e-06 -2.875659496627758439e-06
1.044435070117663951e-06 -1.699515225357896465e-06 -5.878638898356918716e-05 -4.710656750252179497e-05 -3.974388437070669374e-05 4.170431645657585065e-04 -2.866273954451241043e-03 -1.087560535702860112e-04 1.282665236988763100e-08 -1.331661321766847649e-07 -5.218901744533360593e-09 2.471379510825114978e-07 1.266172779489792657e-07 2.533818244237226545e-04 -1.010912255095567642e-08 6.738203955212022272e-07 -8.774415703476613694e-07 1.291990626880495578e-06
-5.777041174241766401e-08 3.919257804914207569e-07 7.814628552607918007e-06 3.844405454707132405e-06 7.195318895408073363e-06 -4.449870830037069353e-05 2.596798900308392496e-04 5.498477914431453268e-06 -1.516527509616224309e-08 1.628771428952136525e-08 2.637386903689318975e-09 -4.891060413423140874e-08 -1.622205505697965136e-09 -1.010912255095567642e-08 7.261814058030899213e-05 -4.884190443092173598e-08 1.442578997735687454e-07 -2.418087429953943765e-07
4.990816178102196813e-06 -8.480065847884433490e-06 -2.864076887586701850e-04 -2.265906049052990930e-04 -1.959362820467293851e-04 2.018655827823010070e-03 -1.381830428565937290e-02 -5.190660063200655582e-04 7.870947572275648114e-08 -6.470821116653520324e-07 -2.776836206881216302e-08 1.223405662070368329e-06 5.985547679133887709e-07 6.738203955212022272e-07 -4.884190443092173598e-08 8.489643104069090644e-04 -4.308176889990486466e-06 6.379002411841791292e-06
-1.407028186166310265e-06 8.983999625114548178e-05 1.420129775112702981e-03 4.275136851599869851e-04 1.522010772999628789e-03 -6.859772080801646715e-03 3.358314606777239308e-02 -5.448684491310133268e-06 -4.265423288599827702e-06 2.801301483663915174e-06 6.972507680745406000e-07 -1.068918250703609741e-05 1.410841848735515851e-06 -8.774415703476613694e-07 1.442578997735687454e-07 -4.308176889990486466e-06 1.329676079521400871e-02 -5.180013667416300010e-05
2.159768377104888207e-07 -1.610034054054183318e-04 -2.472723439244043503e-03 -6.777658052932893952e-04 -2.702806774408291705e-03 1.164274359826725225e-02 -5.513114366419979290e-02 2.563539270064410817e-04 7.797843678289548424e-06 -4.838637931595228886e-06 -1.267608227577236470e-06 1.905444617425473250e-05 -2.875659496627758439e-06 1.291990626880495578e-06 -2.418087429953943765e-07 6.379002411841791292e-06 -5.180013667416300010e-05 1.808196586854304844e-02
7.366644968705630785e-04 2.524745481098637269e-06 -1.095509388499234157e-04 -4.035600925793823845e-05 2.148664423796274833e-05 3.092047129667100194e-04 -7.585911552388639040e-03 -3.571700934008989101e-04 -2.277675932695072866e-07 9.977568578519128525e-08 1.427734168332213878e-08 -6.743207031223169325e-07 3.492751329133989695e-07 3.067324491398789523e-07 -3.470859712899317571e-08 1.971219694747633148e-06 3.048430875307561884e-07 -1.512703609262806585e-06
2.524745481098637269e-06 1.852210368085540834e-02 1.250018221826017933e-03 4.696244533592407481e-04 1.575167409848834922e-03 -7.049222762922098713e-03 2.349426743282006028e-02 -4.265960618884878847e-04 -4.433646967355771634e-06 3.264560324122276950e-06 6.831226720895535608e-07 -1.215895015543457247e-05 1.611671523672037738e-06 -6.077327911022570626e-07 8.771106017260234184e-08 -1.843958822795930567e-06 3.050387069783226681e-05 -5.519772881623933382e-05
-1.095509388499234157e-04 1.250018221826017933e-03 1.463244841834333698e+01 2.754000797415708055e-03 2.085264883923079737e-02 -8.204080602670892064e-02 7.655161598623200225e-01 9.335278795563839438e-03 -6.344327123452431086e-05 2.123609310085897676e-05 1.174537277241646761e-05 -1.073253401785849063e-04 2.315752848570996574e-05 -1.642371050305174997e-05 3.909985189068722535e-06 -1.241557612492978711e-04 3.888423369351252826e-04 -6.538500362903784538e-04
-4.035600925793823845e-05 4.696244533592407481e-04 2.754000797415708055e-03 2.051213243445074941e+00 1.023759255647326699e-02 -1.030036986118030296e-01 9.730022198981062853e-02 3.816943463465308824e-03 -5.051546235898490141e-06 5.424890314876768622e-05 -7.104332385779630676e-07 -1.249623436732955246e-04 -2.305256088992294579e-05 -1.863331378664474517e-05 -8.703559383562806941e-07 -2.405988892574666566e-05 2.345798802137648634e-04 -4.217115545802324465e-04
2.148664423796274833e-05 1.575167409848834922e-03 2.085264883923079737e-02 1.023759255647326699e-02 3.063918252323129643e+00 -1.335926568516115631e-01 4.190375253624363250e-01 -4.888183031223534113e-03 -7.100884674340490635e-05 6.233936819135658155e-05 1.071993131759552901e-05 -2.161880174355939005e-04 2.009047854294627265e-05 -1.433960306618700434e-05 1.345494356516040780e-06 -4.062642964708998032e-05 5.315894984712850367e-04 -9.582161412236812024e-04
3.092047129667100194e-04 -7.049222762922098713e-03 -8.204080602670892064e-02 -1.030036986118030296e-01 -1.335926568516115631e-01 1.146600199480215451e+03 -2.130455214812487785e+00 -2.280764035254467109e-02 2.274749885219844267e-04 -4.665573256380420699e-04 -2.756883963689092662e-05 1.269827534977791949e-03 7.821669155305074363e-05 1.556804126672435031e-04 -1.121955336541864120e-06 3.434144640580638966e-04 -2.805716386422529591e-03 5.004780286248667470e-03
-7.585911552388639040e-03 2.349426743282006028e-02 7.655161598623200225e-01 9.730022198981062853e-02 4.190375253624363250e-01 -2.130455214812487785e+00 5.782817361600252298e+03 7.612713990794379715e-01 -1.076649675430687344e-03 2.128502977406795471e-04 2.462902854439708977e-04 -1.125106341820214344e-03 3.040600686929687929e-05 -8.125374813986787357e-04 1.448715151134947218e-04 -5.846660511595170792e-03 7.871200852799435307e-03 -1.161837816630185809e-02
-3.571700934008989101e-04 -4.265960618884878847e-04 9.335278795563839438e-03 3.816943463465308824e-03 -4.888183031223534113e-03 -2.280764035254467109e-02 7.612713990794379715e-01 1.021674861295978900e+02 3.220440822201686433e-05 -1.491823490817668827e-05 -2.808514594793557305e-06 9.002734305290609337e-05 -4.067552574226684589e-05 -3.188990988716702070e-05 3.478124862344121508e-06 -2.057405438530809699e-04 -8.174019313034319311e-05 2.496153816749869321e-04
-2.277675932695072866e-07 -4.433646967355771634e-06 -6.344327123452431086e-05 -5.051546235898490141e-06 -7.100884674340490635e-05 2.274749885219844267e-04 -1.076649675430687344e-03 3.220440822201686433e-05 1.765937439288168046e-04 -9.744678418425208227e-08 -3.866216565671047599e-08 4.826199118890515629e-07 -1.263528480947473033e-07 2.432170534284661127e-09 -5.839875631737220810e-09 4.795169316467321342e-08 -1.318993919616451795e-06 2.399068657712296846e-06
9.977568578519128525e-08 3.264560324122276950e-06 2.123609310085897676e-05 5.424890314876768622e-05 6.233936819135658155e-05 -4.665573256380420699e-04 2.128502977406795471e-04 -1.491823490817668827e-05 -9.744678418425208227e-08 2.675183288818093821e-04 8.108022380036283182e-09 -6.856728882204475960e-07 -4.040279926232288106e-08 -5.860767191293018036e-08 -4.227525437535120200e-09 1.065596999792985806e-08 1.335803369607203856e-06 -2.468820464703367785e-06
1.427734168332213878e-08 6.831226720895535608e-07 1.174537277241646761e-05 -7.104332385779630676e-07 1.071993131759552901e-05 -2.756883963689092662e-05 2.462902854439708977e-04 -2.808514594793557305e-06 -3.866216565671047599e-08 8.108022380036283182e-09 8.074723397063933219e-06 -5.966146104776053380e-08 2.221150616647436189e-08 -5.904308209602558061e-10 1.481129522330613392e-09 -2.358196870458109559e-08 1.934619507455089475e-07 -3.435045018970069854e-07
-6.743207031223169325e-07 -1.215895015543457247e-05 -1.073253401785849063e-04 -1.249623436732955246e-04 -2.161880174355939005e-04 1.269827534977791949e-03 -1.125106341820214344e-03 9.002734305290609337e-05 4.826199118890515629e-07 -6.856728882204475960e-07 -5.966146104776053380e-08 2.711581017358910008e-04 -6.346117685353126968e-08 1.151187163125387881e-07 5.615387456771438217e-09 -9.902400322666530015e-08 -4.410448006399326930e-06 8.171149982021429765e-06
3.492751329133989695e-07 1.611671523672037738e-06 2.315752848570996574e-05 -2.305256088992294579e-05 2.009047854294627265e-05 7.821669155305074363e-05 3.040600686929687929e-05 -4.067552574226684589e-05 -1.263528480947473033e-07 -4.040279926232288106e-08 2.221150616647436189e-08 -6.346117685353126968e-08 2.293272897999041278e-05 4.639943362602666558e-08 2.952259946763561020e-09 1.114712075186675782e-07 2.898869551169940726e-07 -5.817176116675577961e-07
3.067324491398789523e-07 -6.077327911022570626e-07 -1.642371050305174997e-05 -1.863331378664474517e-05 -1.433960306618700434e-05 1.556804126672435031e-04 -8.125374813986787357e-04 -3.188990988716702070e-05 2.432170534284661127e-09 -5.860767191293018036e-08 -5.904308209602558061e-10 1.151187163125387881e-07 4.639943362602666558e-08 8.108374637822986057e-05 -2.312730460425277662e-09 1.943524373339775100e-07 -3.237066289035528373e-07 5.033597741603969147e-07
-3.470859712899317571e-08 8.771106017260234184e-08 3.909985189068722535e-06 -8.703559383562806941e-07 1.345494356516040780e-06 -1.121955336541864120e-06 1.448715151134947218e-04 3.478124862344121508e-06 -5.839875631737220810e-09 -4.227525437535120200e-09 1.481129522330613392e-09 5.615387456771438217e-09 2.952259946763561020e-09 -2.312730460425277662e-09 2.323834924042535012e-05 -2.818252994072009879e-08 2.082898137837938290e-08 -2.430843205045894753e-08
1.971219694747633148e-06 -1.843958822795930567e-06 -1.241557612492978711e-04 -2.405988892574666566e-05 -4.062642964708998032e-05 3.434144640580638966e-04 -5.846660511595170792e-03 -2.057405438530809699e-04 4.795169316467321342e-08 1.065596999792985806e-08 -2.358196870458109559e-08 -9.902400322666530015e-08 1.114712075186675782e-07 1.943524373339775100e-07 -2.818252994072009879e-08 2.719581144085428479e-04 -7.943036946165950052e-07 8.172239753578524957e-07
3.048430875307561884e-07 3.050387069783226681e-05 3.888423369351252826e-04 2.345798802137648634e-04 5.315894984712850367e-04 -2.805716386422529591e-03 7.871200852799435307e-03 -8.174019313034319311e-05 -1.318993919616451795e-06 1.335803369607203856e-06 1.934619507455089475e-07 -4.410448006399326930e-06 2.898869551169940726e-07 -3.237066289035528373e-07 2.082898137837938290e-08 -7.943036946165950052e-07 4.256142660728982029e-03 -1.904632192471571614e-05
-1.512703609262806585e-06 -5.519772881623933382e-05 -6.538500362903784538e-04 -4.217115545802324465e-04 -9.582161412236812024e-04 5.004780286248667470e-03 -1.161837816630185809e-02 2.496153816749869321e-04 2.399068657712296846e-06 -2.468820464703367785e-06 -3.435045018970069854e-07 8.171149982021429765e-06 -5.817176116675577961e-07 5.033597741603969147e-07 -2.430843205045894753e-08 8.172239753578524957e-07 -1.904632192471571614e-05 5.791403977809542192e-03
2.357347120807349564e-04 8.151164506268743630e-07 -3.712092232701359572e-05 -1.383496464863412124e-05 7.798496421593518102e-06 1.064111968339728081e-04 -2.561075542024001100e-03 -1.115596991885942362e-04 -8.032066966446856000e-08 5.034990610968875565e-08 3.029426573467079741e-09 -2.126489127611641209e-07 1.122924070756882218e-07 9.332988161723991759e-08 -8.171019289721743595e-09 6.206499237909318120e-07 1.099063114797479021e-07 -4.328785080553546453e-07
8.151164506268743630e-07 5.927098169510664621e-03 3.928373089651172097e-04 1.470818992836823210e-04 5.072574987000144425e-04 -2.229829853265374168e-03 7.054352452013917460e-03 -1.270155497724406691e-04 -1.444582045261438085e-06 1.108620781004274933e-06 2.132546110137355437e-07 -3.879983565891735648e-06 5.175555205851413035e-07 -2.112255261978532805e-07 3.826062014856092888e-08 -6.252749778425129031e-07 9.804141399251773564e-06 -1.748554934529629242e-05
-3.712092232701359572e-05 3.928373089651172097e-04 4.684439690031544146e+00 1.798563165057007977e-03 5.753843193660201395e-03 -3.368827909640099982e-02 3.780038600049949182e-01 2.637189659824171824e-04 -1.289714941539992739e-05 -1.155095786111587025e-05 5.291560067659419770e-06 -3.746503239816679901e-05 6.888184506625426983e-06 -4.507740732123954807e-07 -1.672555793392198835e-06 -2.963084801226623877e-05 1.121234513898872708e-04 -2.602097655328127206e-04
-1.383496464863412124e-05 1.470818992836823210e-04 1.798563165057007977e-03 6.567974439657594532e-01 2.866055570873527868e-03 -3.627808562747321386e-02 9.048552315082229736e-02 6.418938519337141280e-06 1.686790409399817054e-06 9.175148793002693468e-06 4.565611463237753080e-07 -4.138021491621640858e-05 -7.609787388180057140e-06 -3.819200951878381169e-06 -1.582818871014317254e-06 -3.193934735422491495e-06 6.957572944693840979e-05 -1.576892156761017347e-04
7.798496421593518102e-06 5.072574987000144425e-04 5.753843193660201395e-03 2.866055570873527868e-03 9.808645842157872607e-01 -3.942652307311657334e-02 7.463117099185923031e-02 -3.469353244257837479e-04 -2.603231565481257481e-05 2.814845842428350775e-05 2.745194719376681056e-06 -6.778528768368290841e-05 6.662358263294260783e-06 -6.736155212004522029e-06 1.737311039524917535e-06 -1.751414246804012400e-05 1.756087748605341650e-04 -2.838449664821079965e-04
1.064111968339728081e-04 -2.229829853265374168e-03 -3.368827909640099982e-02 -3.627808562747321386e-02 -3.942652307311657334e-02 3.669389496507155854e+02 -1.162814592955523141e+00 2.550006096839431066e-03 4.601655353377053138e-05 -8.295723113185032491e-05 -1.436551596128254110e-05 4.176300947703698264e-04 2.691770950722055349e-05 3.244349017397134619e-05 1.021328063671708006e-05 7.337458262056792597e-05 -8.533303041228281751e-04 1.785865642662584152e-03
-2.561075542024001100e-03 7.054352452013917460e-03 3.780038600049949182e-01 9.048552315082229736e-02 7.463117099185923031e-02 -1.162814592955523141e+00 1.859109339862518937e+03 6.738814755657193678e-02 1.345660974570990845e-04 -1.118931907944722536e-03 1.780027153429417227e-04 -5.619620280986836964e-04 -2.405872041023880386e-05 5.086596199690599862e-05 -1.428117857352502050e-04 -1.217512610823179168e-03 1.722563093066428784e-03 -7.016211040464975617e-03
-1.115596991885942362e-04 -1.270155497724406691e-04 2.637189659824171824e-04 6.418938519337141280e-06 -3.469353244257837479e-04 2.550006096839431066e-03 6.738814755657193678e-02 3.269720311362868870e+01 4.973904338708576726e-07 1.952734938645325538e-05 -2.929340395350299953e-06 3.294262312174635104e-05 -1.232444658463688122e-05 -1.656906984537239897e-05 4.985705067022234013e-06 -7.921377359885498038e-05 -9.856608578773951989e-06 1.474003892566289693e-04
-8.032066966446856000e-08 -1.444582045261438085e-06 -1.289714941539992739e-05 1.686790409399817054e-06 -2.603231565481257481e-05 4.601655353377053138e-05 1.345660974570990845e-04 4.973904338708576726e-07 5.653666357888028927e-05 -9.725173406511882509e-08 -6.851163392161406968e-09 1.431994176633595317e-07 -4.231352728896387616e-08 1.808121003434201350e-08 -1.239766409324003688e-08 5.171267028100025726e-08 -4.663943124643264755e-07 5.841227731587169998e-07
5.034990610968875565e-08 1.108620781004274933e-06 -1.155095786111587025e-05 9.175148793002693468e-06 2.814845842428350775e-05 -8.295723113185032491e-05 -1.118931907944722536e-03 1.952734938645325538e-05 -9.725173406511882509e-08 8.576956282577987648e-05 -1.108406182153489124e-08 -1.915687360994447996e-07 -8.269321954430674188e-09 -6.162562917345151878e-08 2.473449913476316880e-08 -8.669885611381652659e-08 5.372588065979057257e-07 -3.351711245680019283e-07
3.029426573467079741e-09 2.132546110137355437e-07 5.291560067659419770e-06 4.565611463237753080e-07 2.745194719376681056e-06 -1.436551596128254110e-05 1.780027153429417227e-04 -2.929340395350299953e-06 -6.851163392161406968e-09 -1.108406182153489124e-08 2.585054478219781619e-06 -2.141853845856153841e-08 6.718326309260835338e-09 3.393392875016065182e-09 -1.705903334798730559e-09 -1.670903500651061097e-11 5.273275231380715839e-08 -1.479289892608845997e-07
-2.126489127611641209e-07 -3.879983565891735648e-06 -3.746503239816679901e-05 -4.138021491621640858e-05 -6.778528768368290841e-05 4.176300947703698264e-04 -5.619620280986836964e-04 3.294262312174635104e-05 1.431994176633595317e-07 -1.915687360994447996e-07 -2.141853845856153841e-08 8.677532953726263933e-05 -1.951493671485110912e-08 2.954517583018619686e-08 6.234634581218945488e-09 -4.701607900211429777e-08 -1.392664995284809315e-06 2.692142748291306999e-06
1.122924070756882218e-07 5.175555205851413035e-07 6.888184506625426983e-06 -7.609787388180057140e-06 6.662358263294260783e-06 2.691770950722055349e-05 -2.405872041023880386e-05 -1.232444658463688122e-05 -4.231352728896387616e-08 -8.269321954430674188e-09 6.718326309260835338e-09 -1.951493671485110912e-08 7.338605906147811867e-06 1.362751119126774977e-08 1.687285968952796489e-09 3.310588325214401124e-08 9.588927957683956060e-08 -1.732025064204814493e-07
9.332988161723991759e-08 -2.112255261978532805e-07 -4.507740732123954807e-07 -3.819200951878381169e-06 -6.736155212004522029e-06 3.244349017397134619e-05 5.086596199690599862e-05 -1.656906984537239897e-05 1.808121003434201350e-08 -6.162562917345151878e-08 3.393392875016065182e-09 2.954517583018619686e-08 1.362751119126774977e-08 2.595802648125609293e-05 -7.572144624468771478e-09 8.579159269456341075e-08 -1.323423735689728471e-07 4.195293794234218136e-08
-8.171019289721743595e-09 3.826062014856092888e-08 -1.672555793392198835e-06 -1.582818871014317254e-06 1.737311039524917535e-06 1.021328063671708006e-05 -1.428117857352502050e-04 4.985705067022234013e-06 -1.239766409324003688e-08 2.473449913476316880e-08 -1.705903334798730559e-09 6.234634581218945488e-09 1.687285968952796489e-09 -7.572144624468771478e-09 7.440429103586429877e-06 -2.337839601742715344e-08 2.416358625235384680e-08 6.470770383249620165e-08
6.206499237909318120e-07 -6.252749778425129031e-07 -2.963084801226623877e-05 -3.193934735422491495e-06 -1.751414246804012400e-05 7.337458262056792597e-05 -1.217512610823179168e-03 -7.921377359885498038e-05 5.171267028100025726e-08 -8.669885611381652659e-08 -1.670903500651061097e-11 -4.701607900211429777e-08 3.310588325214401124e-08 8.579159269456341075e-08 -2.337839601742715344e-08 8.707619776930867886e-05 -3.146185039059512522e-07 1.113472778725951542e-08
1.099063114797479021e-07 9.804141399251773564e-06 1.121234513898872708e-04 6.957572944693840979e-05 1.756087748605341650e-04 -8.533303041228281751e-04 1.722563093066428784e-03 -9.856608578773951989e-06 -4.663943124643264755e-07 5.372588065979057257e-07 5.273275231380715839e-08 -1.392664995284809315e-06 9.588927957683956060e-08 -1.323423735689728471e-07 2.416358625235384680e-08 -3.146185039059512522e-07 1.362039301998406319e-03 -5.789727049297379708e-06
-4.328785080553546453e-07 -1.748554934529629242e-05 -2.602097655328127206e-04 -1.576892156761017347e-04 -2.838449664821079965e-04 1.785865642662584152e-03 -7.016211040464975617e-03 1.474003892566289693e-04 5.841227731587169998e-07 -3.351711245680019283e-07 -1.479289892608845997e-07 2.692142748291306999e-06 -1.732025064204814493e-07 4.195293794234218136e-08 6.470770383249620165e-08 1.113472778725951542e-08 -5.789727049297379708e-06 1.854513126729321606e-03
2.357347120807349564e-04 8.151164506268743630e-07 -3.712092232701359572e-05 -1.383496464863412124e-05 7.798496421593518102e-06 1.064111968339728081e-04 -2.561075542024001100e-03 -1.115596991885942362e-04 -8.032066966446856000e-08 5.034990610968875565e-08 3.029426573467079741e-09 -2.126489127611641209e-07 1.122924070756882218e-07 9.332988161723991759e-08 -8.171019289721743595e-09 6.206499237909318120e-07 1.099063114797479021e-07 -4.328785080553546453e-07
8.151164506268743630e-07 5.927098169510664621e-03 3.928373089651172097e-04 1.470818992836823210e-04 5.072574987000144425e-04 -2.229829853265374168e-03 7.054352452013917460e-03 -1.270155497724406691e-04 -1.444582045261438085e-06 1.108620781004274933e-06 2.132546110137355437e-07 -3.879983565891735648e-06 5.175555205851413035e-07 -2.112255261978532805e-07 3.826062014856092888e-08 -6.252749778425129031e-07 9.804141399251773564e-06 -1.748554934529629242e-05
-3.712092232701359572e-05 3.928373089651172097e-04 4.684439690031544146e+00 1.798563165057007977e-03 5.753843193660201395e-03 -3.368827909640099982e-02 3.780038600049949182e-01 2.637189659824171824e-04 -1.289714941539992739e-05 -1.155095786111587025e-05 5.291560067659419770e-06 -3.746503239816679901e-05 6.888184506625426983e-06 -4.507740732123954807e-07 -1.672555793392198835e-06 -2.963084801226623877e-05 1.121234513898872708e-04 -2.602097655328127206e-04
-1.383496464863412124e-05 1.470818992836823210e-04 1.798563165057007977e-03 6.567974439657594532e-01 2.866055570873527868e-03 -3.627808562747321386e-02 9.048552315082229736e-02 6.418938519337141280e-06 1.686790409399817054e-06 9.175148793002693468e-06 4.565611463237753080e-07 -4.138021491621640858e-05 -7.609787388180057140e-06 -3.819200951878381169e-06 -1.582818871014317254e-06 -3.193934735422491495e-06 6.957572944693840979e-05 -1.576892156761017347e-04
7.798496421593518102e-06 5.072574987000144425e-04 5.753843193660201395e-03 2.866055570873527868e-03 9.808645842157872607e-01 -3.942652307311657334e-02 7.463117099185923031e-02 -3.469353244257837479e-04 -2.603231565481257481e-05 2.814845842428350775e-05 2.745194719376681056e-06 -6.778528768368290841e-05 6.662358263294260783e-06 -6.736155212004522029e-06 1.737311039524917535e-06 -1.751414246804012400e-05 1.756087748605341650e-04 -2.838449664821079965e-04
1.064111968339728081e-04 -2.229829853265374168e-03 -3.368827909640099982e-02 -3.627808562747321386e-02 -3.942652307311657334e-02 3.669389496507155854e+02 -1.162814592955523141e+00 2.550006096839431066e-03 4.601655353377053138e-05 -8.295723113185032491e-05 -1.436551596128254110e-05 4.176300947703698264e-04 2.691770950722055349e-05 3.244349017397134619e-05 1.021328063671708006e-05 7.337458262056792597e-05 -8.533303041228281751e-04 1.785865642662584152e-03
-2.561075542024001100e-03 7.054352452013917460e-03 3.780038600049949182e-01 9.048552315082229736e-02 7.463117099185923031e-02 -1.162814592955523141e+00 1.859109339862518937e+03 6.738814755657193678e-02 1.345660974570990845e-04 -1.118931907944722536e-03 1.780027153429417227e-04 -5.619620280986836964e-04 -2.405872041023880386e-05 5.086596199690599862e-05 -1.428117857352502050e-04 -1.217512610823179168e-03 1.722563093066428784e-03 -7.016211040464975617e-03
-1.115596991885942362e-04 -1.270155497724406691e-04 2.637189659824171824e-04 6.418938519337141280e-06 -3.469353244257837479e-04 2.550006096839431066e-03 6.738814755657193678e-02 3.269720311362868870e+01 4.973904338708576726e-07 1.952734938645325538e-05 -2.929340395350299953e-06 3.294262312174635104e-05 -1.232444658463688122e-05 -1.656906984537239897e-05 4.985705067022234013e-06 -7.921377359885498038e-05 -9.856608578773951989e-06 1.474003892566289693e-04
-8.032066966446856000e-08 -1.444582045261438085e-06 -1.289714941539992739e-05 1.686790409399817054e-06 -2.603231565481257481e-05 4.601655353377053138e-05 1.345660974570990845e-04 4.973904338708576726e-07 5.653666357888028927e-05 -9.725173406511882509e-08 -6.851163392161406968e-09 1.431994176633595317e-07 -4.231352728896387616e-08 1.808121003434201350e-08 -1.239766409324003688e-08 5.171267028100025726e-08 -4.663943124643264755e-07 5.841227731587169998e-07
5.034990610968875565e-08 1.108620781004274933e-06 -1.155095786111587025e-05 9.175148793002693468e-06 2.814845842428350775e-05 -8.295723113185032491e-05 -1.118931907944722536e-03 1.952734938645325538e-05 -9.725173406511882509e-08 8.576956282577987648e-05 -1.108406182153489124e-08 -1.915687360994447996e-07 -8.269321954430674188e-09 -6.162562917345151878e-08 2.473449913476316880e-08 -8.669885611381652659e-08 5.372588065979057257e-07 -3.351711245680019283e-07
3.029426573467079741e-09 2.132546110137355437e-07 5.291560067659419770e-06 4.565611463237753080e-07 2.745194719376681056e-06 -1.436551596128254110e-05 1.780027153429417227e-04 -2.929340395350299953e-06 -6.851163392161406968e-09 -1.108406182153489124e-08 2.585054478219781619e-06 -2.141853845856153841e-08 6.718326309260835338e-09 3.393392875016065182e-09 -1.705903334798730559e-09 -1.670903500651061097e-11 5.273275231380715839e-08 -1.479289892608845997e-07
-2.126489127611641209e-07 -3.879983565891735648e-06 -3.746503239816679901e-05 -4.138021491621640858e-05 -6.778528768368290841e-05 4.176300947703698264e-04 -5.619620280986836964e-04 3.294262312174635104e-05 1.431994176633595317e-07 -1.915687360994447996e-07 -2.141853845856153841e-08 8.677532953726263933e-05 -1.951493671485110912e-08 2.954517583018619686e-08 6.234634581218945488e-09 -4.701607900211429777e-08 -1.392664995284809315e-06 2.692142748291306999e-06
1.122924070756882218e-07 5.175555205851413035e-07 6.888184506625426983e-06 -7.609787388180057140e-06 6.662358263294260783e-06 2.691770950722055349e-05 -2.405872041023880386e-05 -1.232444658463688122e-05 -4.231352728896387616e-08 -8.269321954430674188e-09 6.718326309260835338e-09 -1.951493671485110912e-08 7.338605906147811867e-06 1.362751119126774977e-08 1.687285968952796489e-09 3.310588325214401124e-08 9.588927957683956060e-08 -1.732025064204814493e-07
9.332988161723991759e-08 -2.112255261978532805e-07 -4.507740732123954807e-07 -3.819200951878381169e-06 -6.736155212004522029e-06 3.244349017397134619e-05 5.086596199690599862e-05 -1.656906984537239897e-05 1.808121003434201350e-08 -6.162562917345151878e-08 3.393392875016065182e-09 2.954517583018619686e-08 1.362751119126774977e-08 2.595802648125609293e-05 -7.572144624468771478e-09 8.579159269456341075e-08 -1.323423735689728471e-07 4.195293794234218136e-08
-8.171019289721743595e-09 3.826062014856092888e-08 -1.672555793392198835e-06 -1.582818871014317254e-06 1.737311039524917535e-06 1.021328063671708006e-05 -1.428117857352502050e-04 4.985705067022234013e-06 -1.239766409324003688e-08 2.473449913476316880e-08 -1.705903334798730559e-09 6.234634581218945488e-09 1.687285968952796489e-09 -7.572144624468771478e-09 7.440429103586429877e-06 -2.337839601742715344e-08 2.416358625235384680e-08 6.470770383249620165e-08
