{
    "R": [
        [
            0.0057072960446374055,
            6.29173252536129e-05,
            0.0009006176894027669,
            -0.00021720339203412295,
            0.00011076034647785662,
            -0.043959443279411946,
            -0.018796340689490265,
            0.006712837907041011,
            3.858180766029879e-05,
            -6.62344736081418e-06,
            -1.2590241818001422e-05,
            -5.68401599031165e-06,
            -1.3423818840649261e-06,
            -2.058058561967128e-06,
            2.1279093046623314e-07,
            2.0527728902741335e-05,
            6.042902698104211e-06,
            -1.4458388639193181e-06
        ],
        [
            0.0,
            0.06654996670981726,
            -0.0039890710877755,
            -1.3452081714848801e-05,
            3.406533509886093e-05,
            0.12538247404173272,
            -0.029844016788892192,
            0.09081841023094711,
            -4.512770870948837e-06,
            1.0731607725637078e-05,
            -5.6872584731751115e-06,
            -2.172648907798474e-05,
            7.749000960608603e-07,
            -8.455828972006748e-06,
            -1.7499160417374282e-08,
            4.256198797185328e-05,
            -4.154678179901897e-05,
            4.11288758392579e-06
        ],
        [
            0.0,
            0.0,
            1.558072919993257,
            -8.691074870241833e-05,
            0.0001026966906533441,
            -0.0752383734432383,
            0.0033116468776768814,
            -0.04032711104802584,
            2.167533368557147e-05,
            -9.256220024238675e-06,
            -4.63489931061253e-06,
            7.642681570136498e-06,
            -8.619415636793322e-07,
            2.812725391949055e-06,
            6.987716217142952e-08,
            -1.030166575744517e-05,
            2.140504281301488e-05,
            -3.2722752715370542e-06
        ],
        [
            0.0,
            0.0,
            0.0,
            0.8203909050407118,
            -0.0004195604949463811,
            -0.04257882816406549,
            -0.005854745305286424,
            -0.015031217311074496,
            7.15030797749283e-05,
            -6.069630130070727e-06,
            9.470945983963374e-06,
            1.1506877645936006e-05,
            -3.523983750693846e-06,
            3.605456299916927e-06,
            -4.600701592305019e-08,
            2.0148787644765986e-05,
            5.0523391066751035e-05,
            -2.765061762996232e-06
        ],
        [
            0.0,
            0.0,
            0.0,
            0.0,
            0.3793260826019818,
            0.08304016424651323,
            -0.01837130593278539,
            -0.01076308423019386,
            -2.05968491142265e-05,
            -1.1978304199853422e-05,
            -2.115661947608265e-05,
            -1.506755996835248e-06,
            3.7409196728589743e-06,
            -3.521170517471557e-06,
            -5.62544456406445e-07,
            -1.5106419998370688e-05,
            -3.5872554652476486e-05,
            -7.9749230858787e-06
        ],
        [
            0.0,
            0.0,
            0.0,
            0.0,
            0.0,
            84.83802686363614,
            -0.0060041663281897575,
            0.020726703913319468,
            -3.1135111219949204e-05,
            2.4582631477400346e-06,
            -4.03581350656437e-06,
            -5.2182717110582175e-06,
            2.3638864614294455e-06,
            -3.0099759541409588e-06,
            -2.830479072998057e-07,
            -3.568511482315688e-06,
            -3.086958549527245e-05,
            -6.348288584575147e-07
        ],
        [
            0.0,
            0.0,
            0.0,
            0.0,
            0.0,
            0.0,
            21.390126322481258,
            -0.009079534356517212,
            -2.3883125467692393e-05,
            6.339483184735186e-06,
            1.0081214556345017e-05,
            2.860646243727848e-06,
            -6.588517553315354e-08,
            2.3376699499877368e-06,
            1.4423118689019063e-07,
            -1.3723559251428604e-05,
            3.945257602132585e-06,
            3.385874689382653e-06
        ],
        [
            0.0,
            0.0,
            0.0,
            0.0,
            0.0,
            0.0,
            0.0,
            21.157678484412234,
            -3.056503318665789e-05,
            1.4722013036575819e-05,
            1.3610583518754462e-06,
            -1.7981693387025967e-05,
            9.081947858386492e-07,
            -5.730836261169748e-06,
            1.5355168014609249e-07,
            2.2952128639248393e-05,
            -3.7539401716561065e-05,
            6.732285451874784e-06
        ],
        [
            0.0,
            0.0,
            0.0,
            0.0,
            0.0,
            0.0,
            0.0,
            0.0,
            0.022593125383065904,
            -1.706158325704137e-05,
            -1.701678416152106e-06,
            1.20721294843429e-05,
            -5.687389817056355e-06,
            3.61787872114355e-06,
            1.3821210320345535e-07,
            3.7872469408446486e-05,
            7.417822700897665e-05,
            -6.123403359357013e-06
        ],
        [
            0.0,
            0.0,
            0.0,
            0.0,
            0.0,
            0.0,
            0.0,
            0.0,
            0.0,
            0.006725603131815709,
            1.63640846172407e-05,
            -1.0691709565600027e-05,
            4.3571913181518833e-07,
            -1.2555279709698573e-06,
            3.5786533218969496e-07,
            7.100121311691672e-07,
            -2.323396508117124e-05,
            1.0684677569519782e-05
        ],
        [
            0.0,
            0.0,
            0.0,
            0.0,
            0.0,
            0.0,
            0.0,
            0.0,
            0.0,
            0.0,
            0.00698412890419957,
            6.173018393970074e-06,
            -2.7074563045821744e-06,
            5.012614780545504e-06,
            3.734036439913526e-07,
            -3.0666608310991435e-08,
            3.1858923694179696e-05,
            8.394013971457356e-06
        ],
        [
            0.0,
            0.0,
            0.0,
            0.0,
            0.0,
            0.0,
            0.0,
            0.0,
            0.0,
            0.0,
            0.0,
            0.004608580716640555,
            -2.5814040077471307e-06,
            8.721457119460238e-06,
            -2.399687551047627e-07,
            -1.8522205994347353e-05,
            6.596454882674492e-05,
            -7.6058368190829024e-06
        ],
        [
            0.0,
            0.0,
            0.0,
            0.0,
            0.0,
            0.0,
            0.0,
            0.0,
            0.0,
            0.0,
            0.0,
            0.0,
            0.0022525233125871603,
            -3.0694046139407536e-06,
            -3.3128402972464276e-07,
            -1.9672451507728873e-05,
            -4.424056241620566e-05,
            -1.3325384002187155e-06
        ],
        [
            0.0,
            0.0,
            0.0,
            0.0,
            0.0,
            0.0,
            0.0,
            0.0,
            0.0,
            0.0,
            0.0,
            0.0,
            0.0,
            0.004331655686875623,
            8.814824393695334e-08,
            -6.11334709206618e-06,
            2.895673966533488e-05,
            -2.658221794987953e-07
        ],
        [
            0.0,
            0.0,
            0.0,
            0.0,
            0.0,
            0.0,
            0.0,
            0.0,
            0.0,
            0.0,
            0.0,
            0.0,
            0.0,
            0.0,
            0.0005119598603266217,
            6.936540724072033e-06,
            1.0258259621176117e-05,
            3.7419904308061786e-06
        ],
        [
            0.0,
            0.0,
            0.0,
            0.0,
            0.0,
            0.0,
            0.0,
            0.0,
            0.0,
            0.0,
            0.0,
            0.0,
            0.0,
            0.0,
            0.0,
            0.014247862316408927,
            2.0475207931571344e-05,
            1.4692832649877396e-06
        ],
        [
            0.0,
            0.0,
            0.0,
            0.0,
            0.0,
            0.0,
            0.0,
            0.0,
            0.0,
            0.0,
            0.0,
            0.0,
            0.0,
            0.0,
            0.0,
            0.0,
            0.03007922665464534,
            -1.0972500908382984e-06
        ],
        [
            0.0,
            0.0,
            0.0,
            0.0,
            0.0,
            0.0,
            0.0,
            0.0,
            0.0,
            0.0,
            0.0,
            0.0,
            0.0,
            0.0,
            0.0,
            0.0,
            0.0,
            0.007026720144573752
        ]
    ],
    "RDR": [
        [
            [
                0.0057072960446374055,
                6.29173252536129e-05,
                0.0009006176894027669,
                -0.00021720339203412295,
                0.00011076034647785662,
                -0.043959443279411946,
                -0.018796340689490265,
                0.006712837907041011,
                3.858180766029879e-05,
                -6.62344736081418e-06,
                -1.2590241818001422e-05,
                -5.68401599031165e-06,
                -1.3423818840649261e-06,
                -2.058058561967128e-06,
                2.1279093046623314e-07,
                2.0527728902741335e-05,
                6.042902698104211e-06,
                -1.4458388639193181e-06
            ],
            [
                0.0,
                0.06654996670981726,
                -0.0039890710877755,
                -1.3452081714848801e-05,
                3.406533509886093e-05,
                0.12538247404173272,
                -0.029844016788892192,
                0.09081841023094711,
                -4.512770870948837e-06,
                1.0731607725637078e-05,
                -5.6872584731751115e-06,
                -2.172648907798474e-05,
                7.749000960608603e-07,
                -8.455828972006748e-06,
                -1.7499160417374282e-08,
                4.256198797185328e-05,
                -4.154678179901897e-05,
                4.11288758392579e-06
            ],
            [
                0.0,
                0.0,
                1.558072919993257,
                -8.691074870241833e-05,
                0.0001026966906533441,
                -0.0752383734432383,
                0.0033116468776768814,
                -0.04032711104802584,
                2.167533368557147e-05,
                -9.256220024238675e-06,
                -4.63489931061253e-06,
                7.642681570136498e-06,
                -8.619415636793322e-07,
                2.812725391949055e-06,
                6.987716217142952e-08,
                -1.030166575744517e-05,
                2.140504281301488e-05,
                -3.2722752715370542e-06
            ],
            [
                0.0,
                0.0,
                0.0,
                0.8203909050407118,
                -0.0004195604949463811,
                -0.04257882816406549,
                -0.005854745305286424,
                -0.015031217311074496,
                7.15030797749283e-05,
                -6.069630130070727e-06,
                9.470945983963374e-06,
                1.1506877645936006e-05,
                -3.523983750693846e-06,
                3.605456299916927e-06,
                -4.600701592305019e-08,
                2.0148787644765986e-05,
                5.0523391066751035e-05,
                -2.765061762996232e-06
            ],
            [
                0.0,
                0.0,
                0.0,
                0.0,
                0.3793260826019818,
                0.08304016424651323,
                -0.01837130593278539,
                -0.01076308423019386,
                -2.05968491142265e-05,
                -1.1978304199853422e-05,
                -2.115661947608265e-05,
                -1.506755996835248e-06,
                3.7409196728589743e-06,
                -3.521170517471557e-06,
                -5.62544456406445e-07,
                -1.5106419998370688e-05,
                -3.5872554652476486e-05,
                -7.9749230858787e-06
            ],
            [
                0.0,
                0.0,
                0.0,
                0.0,
                0.0,
                84.83802686363614,
                -0.0060041663281897575,
                0.020726703913319468,
                -3.1135111219949204e-05,
                2.4582631477400346e-06,
                -4.03581350656437e-06,
                -5.2182717110582175e-06,
                2.3638864614294455e-06,
                -3.0099759541409588e-06,
                -2.830479072998057e-07,
                -3.568511482315688e-06,
                -3.086958549527245e-05,
                -6.348288584575147e-07
            ],
            [
                0.0,
                0.0,
                0.0,
                0.0,
                0.0,
                0.0,
                21.390126322481258,
                -0.009079534356517212,
                -2.3883125467692393e-05,
                6.339483184735186e-06,
                1.0081214556345017e-05,
                2.860646243727848e-06,
                -6.588517553315354e-08,
                2.3376699499877368e-06,
                1.4423118689019063e-07,
                -1.3723559251428604e-05,
                3.945257602132585e-06,
                3.385874689382653e-06
            ],
            [
                0.0,
                0.0,
                0.0,
                0.0,
                0.0,
                0.0,
                0.0,
                21.157678484412234,
                -3.056503318665789e-05,
                1.4722013036575819e-05,
                1.3610583518754462e-06,
                -1.7981693387025967e-05,
                9.081947858386492e-07,
                -5.730836261169748e-06,
                1.5355168014609249e-07,
                2.2952128639248393e-05,
                -3.7539401716561065e-05,
                6.732285451874784e-06
            ],
            [
                0.0,
                0.0,
                0.0,
                0.0,
                0.0,
                0.0,
                0.0,
                0.0,
                0.022593125383065904,
                -1.706158325704137e-05,
                -1.701678416152106e-06,
                1.20721294843429e-05,
                -5.687389817056355e-06,
                3.61787872114355e-06,
                1.3821210320345535e-07,
                3.7872469408446486e-05,
                7.417822700897665e-05,
                -6.123403359357013e-06
            ],
            [
                0.0,
                0.0,
                0.0,
                0.0,
                0.0,
                0.0,
                0.0,
                0.0,
                0.0,
                0.006725603131815709,
                1.63640846172407e-05,
                -1.0691709565600027e-05,
                4.3571913181518833e-07,
                -1.2555279709698573e-06,
                3.5786533218969496e-07,
                7.100121311691672e-07,
                -2.323396508117124e-05,
                1.0684677569519782e-05
            ],
            [
                0.0,
                0.0,
                0.0,
                0.0,
                0.0,
                0.0,
                0.0,
                0.0,
                0.0,
                0.0,
                0.00698412890419957,
                6.173018393970074e-06,
                -2.7074563045821744e-06,
                5.012614780545504e-06,
                3.734036439913526e-07,
                -3.0666608310991435e-08,
                3.1858923694179696e-05,
                8.394013971457356e-06
            ],
            [
                0.0,
                0.0,
                0.0,
                0.0,
                0.0,
                0.0,
                0.0,
                0.0,
                0.0,
                0.0,
                0.0,
                0.004608580716640555,
                -2.5814040077471307e-06,
                8.721457119460238e-06,
                -2.399687551047627e-07,
                -1.8522205994347353e-05,
                6.596454882674492e-05,
                -7.6058368190829024e-06
            ],
            [
                0.0,
                0.0,
                0.0,
                0.0,
                0.0,
                0.0,
                0.0,
                0.0,
                0.0,
                0.0,
                0.0,
                0.0,
                0.0022525233125871603,
                -3.0694046139407536e-06,
                -3.3128402972464276e-07,
                -1.9672451507728873e-05,
                -4.424056241620566e-05,
                -1.3325384002187155e-06
            ],
            [
                0.0,
                0.0,
                0.0,
                0.0,
                0.0,
                0.0,
                0.0,
                0.0,
                0.0,
                0.0,
                0.0,
                0.0,
                0.0,
                0.004331655686875623,
                8.814824393695334e-08,
                -6.11334709206618e-06,
                2.895673966533488e-05,
                -2.658221794987953e-07
            ],
            [
                0.0,
                0.0,
                0.0,
                0.0,
                0.0,
                0.0,
                0.0,
                0.0,
                0.0,
                0.0,
                0.0,
                0.0,
                0.0,
                0.0,
                0.0005119598603266217,
                6.936540724072033e-06,
                1.0258259621176117e-05,
                3.7419904308061786e-06
            ],
            [
                0.0,
                0.0,
                0.0,
                0.0,
                0.0,
                0.0,
                0.0,
                0.0,
                0.0,
                0.0,
                0.0,
                0.0,
                0.0,
                0.0,
                0.0,
                0.014247862316408927,
                2.0475207931571344e-05,
                1.4692832649877396e-06
            ],
            [
                0.0,
                0.0,
                0.0,
                0.0,
                0.0,
                0.0,
                0.0,
                0.0,
                0.0,
                0.0,
                0.0,
                0.0,
                0.0,
                0.0,
                0.0,
                0.0,
                0.03007922665464534,
                -1.0972500908382984e-06
            ],
            [
                0.0,
                0.0,
                0.0,
                0.0,
                0.0,
                0.0,
                0.0,
                0.0,
                0.0,
                0.0,
                0.0,
                0.0,
                0.0,
                0.0,
                0.0,
                0.0,
                0.0,
                0.007026720144573752
            ]
        ],
        [
            [
                0.001141459208927481,
                1.258346505072258e-05,
                0.00018012353788055338,
                -4.344067840682459e-05,
                2.2152069295571326e-05,
                -0.00879188865588239,
                -0.0037592681378980533,
                0.0013425675814082022,
                7.71636153205976e-06,
                -1.324689472162836e-06,
                -2.5180483636002847e-06,
                -1.13680319806233e-06,
                -2.6847637681298526e-07,
                -4.116117123934256e-07,
                4.255818609324663e-08,
                4.105545780548267e-06,
                1.2085805396208423e-06,
                -2.8916777278386367e-07
            ],
            [
                0.0,
                0.013309993341963453,
                -0.0007978142175551,
                -2.6904163429697603e-06,
                6.8130670197721865e-06,
                0.025076494808346547,
                -0.005968803357778439,
                0.018163682046189424,
                -9.025541741897674e-07,
                2.1463215451274156e-06,
                -1.1374516946350223e-06,
                -4.345297815596948e-06,
                1.5498001921217206e-07,
                -1.6911657944013496e-06,
                -3.4998320834748564e-09,
                8.512397594370656e-06,
                -8.309356359803794e-06,
                8.22577516785158e-07
            ],
            [
                0.0,
                0.0,
                0.31161458399865144,
                -1.7382149740483668e-05,
                2.0539338130668824e-05,
                -0.015047674688647662,
                0.0006623293755353764,
                -0.008065422209605167,
                4.335066737114294e-06,
                -1.8512440048477353e-06,
                -9.26979862122506e-07,
                1.5285363140272997e-06,
                -1.7238831273586645e-07,
                5.625450783898111e-07,
                1.3975432434285905e-08,
                -2.060333151489034e-06,
                4.281008562602976e-06,
                -6.544550543074109e-07
            ],
            [
                0.0,
                0.0,
                0.0,
                0.16407818100814237,
                -8.391209898927623e-05,
                -0.008515765632813099,
                -0.001170949061057285,
                -0.003006243462214899,
                1.4300615954985661e-05,
                -1.2139260260141456e-06,
                1.894189196792675e-06,
                2.3013755291872012e-06,
                -7.047967501387693e-07,
                7.210912599833855e-07,
                -9.201403184610039e-09,
                4.0297575289531975e-06,
                1.0104678213350208e-05,
                -5.530123525992464e-07
            ],
            [
                0.0,
                0.0,
                0.0,
                0.0,
                0.07586521652039636,
                0.016608032849302647,
                -0.0036742611865570787,
                -0.002152616846038772,
                -4.1193698228453e-06,
                -2.3956608399706846e-06,
                -4.23132389521653e-06,
                -3.013511993670496e-07,
                7.481839345717949e-07,
                -7.042341034943115e-07,
                -1.12508891281289e-07,
                -3.0212839996741377e-06,
                -7.1745109304952976e-06,
                -1.5949846171757403e-06
            ],
            [
                0.0,
                0.0,
                0.0,
                0.0,
                0.0,
                16.96760537272723,
                -0.0012008332656379516,
                0.004145340782663894,
                -6.227022243989841e-06,
                4.916526295480069e-07,
                -8.071627013128739e-07,
                -1.0436543422116435e-06,
                4.7277729228588913e-07,
                -6.019951908281918e-07,
                -5.660958145996114e-08,
                -7.137022964631376e-07,
                -6.17391709905449e-06,
                -1.2696577169150294e-07
            ],
            [
                0.0,
                0.0,
                0.0,
                0.0,
                0.0,
                0.0,
                4.278025264496252,
                -0.0018159068713034425,
                -4.776625093538479e-06,
                1.2678966369470373e-06,
                2.0162429112690035e-06,
                5.721292487455696e-07,
                -1.3177035106630709e-08,
                4.675339899975474e-07,
                2.884623737803813e-08,
                -2.744711850285721e-06,
                7.89051520426517e-07,
                6.771749378765306e-07
            ],
            [
                0.0,
                0.0,
                0.0,
                0.0,
                0.0,
                0.0,
                0.0,
                4.231535696882447,
                -6.113006637331579e-06,
                2.944402607315164e-06,
                2.7221167037508927e-07,
                -3.5963386774051937e-06,
                1.8163895716772984e-07,
                -1.1461672522339498e-06,
                3.07103360292185e-08,
                4.590425727849679e-06,
                -7.507880343312213e-06,
                1.3464570903749568e-06
            ],
            [
                0.0,
                0.0,
                0.0,
                0.0,
                0.0,
                0.0,
                0.0,
                0.0,
                0.004518625076613181,
                -3.412316651408274e-06,
                -3.4033568323042123e-07,
                2.4144258968685802e-06,
                -1.137477963411271e-06,
                7.235757442287101e-07,
                2.764242064069107e-08,
                7.574493881689298e-06,
                1.483564540179533e-05,
                -1.2246806718714027e-06
            ],
            [
                0.0,
                0.0,
                0.0,
                0.0,
                0.0,
                0.0,
                0.0,
                0.0,
                0.0,
                0.001345120626363142,
                3.27281692344814e-06,
                -2.1383419131200057e-06,
                8.714382636303767e-08,
                -2.511055941939715e-07,
                7.1573066437939e-08,
                1.4200242623383346e-07,
                -4.646793016234249e-06,
                2.1369355139039563e-06
            ],
            [
                0.0,
                0.0,
                0.0,
                0.0,
                0.0,
                0.0,
                0.0,
                0.0,
                0.0,
                0.0,
                0.0013968257808399142,
                1.2346036787940148e-06,
                -5.414912609164349e-07,
                1.002522956109101e-06,
                7.468072879827053e-08,
                -6.133321662198287e-09,
                6.371784738835939e-06,
                1.6788027942914713e-06
            ],
            [
                0.0,
                0.0,
                0.0,
                0.0,
                0.0,
                0.0,
                0.0,
                0.0,
                0.0,
                0.0,
                0.0,
                0.000921716143328111,
                -5.162808015494262e-07,
                1.7442914238920478e-06,
                -4.799375102095255e-08,
                -3.7044411988694706e-06,
                1.3192909765348984e-05,
                -1.5211673638165807e-06
            ],
            [
                0.0,
                0.0,
                0.0,
                0.0,
                0.0,
                0.0,
                0.0,
                0.0,
                0.0,
                0.0,
                0.0,
                0.0,
                0.0004505046625174321,
                -6.138809227881508e-07,
                -6.625680594492856e-08,
                -3.934490301545775e-06,
                -8.848112483241131e-06,
                -2.665076800437431e-07
            ],
            [
                0.0,
                0.0,
                0.0,
                0.0,
                0.0,
                0.0,
                0.0,
                0.0,
                0.0,
                0.0,
                0.0,
                0.0,
                0.0,
                0.0008663311373751245,
                1.7629648787390667e-08,
                -1.222669418413236e-06,
                5.791347933066977e-06,
                -5.316443589975906e-08
            ],
            [
                0.0,
                0.0,
                0.0,
                0.0,
                0.0,
                0.0,
                0.0,
                0.0,
                0.0,
                0.0,
                0.0,
                0.0,
                0.0,
                0.0,
                0.00010239197206532434,
                1.3873081448144067e-06,
                2.0516519242352235e-06,
                7.483980861612357e-07
            ],
            [
                0.0,
                0.0,
                0.0,
                0.0,
                0.0,
                0.0,
                0.0,
                0.0,
                0.0,
                0.0,
                0.0,
                0.0,
                0.0,
                0.0,
                0.0,
                0.0028495724632817856,
                4.095041586314269e-06,
                2.9385665299754794e-07
            ],
            [
                0.0,
                0.0,
                0.0,
                0.0,
                0.0,
                0.0,
                0.0,
                0.0,
                0.0,
                0.0,
                0.0,
                0.0,
                0.0,
                0.0,
                0.0,
                0.0,
                0.006015845330929068,
                -2.194500181676597e-07
            ],
            [
                0.0,
                0.0,
                0.0,
                0.0,
                0.0,
                0.0,
                0.0,
                0.0,
                0.0,
                0.0,
                0.0,
                0.0,
                0.0,
                0.0,
                0.0,
                0.0,
                0.0,
                0.0014053440289147504
            ]
        ]
    ],
    "allnames": [
        "m1_flow_nominal",
        "m2_flow_nominal",
        "tau1",
        "tau2",
        "tau_m",
        "nominalUa.hasValue",
        "workingPressure.hasValue",
        "flowCoefficient.hasValue",
        "waterFlowRateMax",
        "c1",
        "c2",
        "c3",
        "c4",
        "eps_motor",
        "f_motorToAir",
        "kp",
        "Ti",
        "Td"
    ],
    "alpha_count": 1326,
    "cov": [
        [
            0.006175061108742387,
            -0.026514524917731666,
            -0.39730017788598,
            -1.2730398615557246,
            0.41199944367371333,
            -140.18783561690182,
            18.786880136852407,
            43.52905171955041,
            0.0019777229980070298,
            -0.018391090943615615,
            -0.02052304620127577,
            -0.009268045271837484,
            0.0012827880412848449,
            0.005680111266732282,
            -3.986516635535029e-05,
            0.012076248438338063,
            0.018745382245806217,
            -0.001383648955201838
        ],
        [
            -0.026514524917731666,
            0.5679698879586359,
            -0.654502000133528,
            5.582501525661192,
            -2.44672304685245,
            502.9481543860988,
            -32.77365223127491,
            -194.61653393542383,
            -0.06017568236887267,
            0.03561265093293702,
            0.09326133958915131,
            0.03950413844405192,
            0.001123749857189841,
            -0.04161994353262259,
            0.0006717533509009496,
            -0.09345401048490815,
            -0.023149000064064014,
            0.014446692690244584
        ],
        [
            -0.39730017788598,
            -0.654502000133528,
            99.36935316677393,
            64.3164382992982,
            -34.24738769552199,
            7626.458856893606,
            -1218.957355869317,
            -3859.3518664798994,
            0.21352819457466032,
            1.0827178021121366,
            1.655889145611072,
            0.7123001782842504,
            -0.10296081477092675,
            -0.4107787687240306,
            0.007629793833891471,
            -0.6954570502836468,
            -1.4240202023980713,
            0.15611910263813533
        ],
        [
            -1.2730398615557246,
            5.582501525661192,
            64.3164382992982,
            286.2141373863081,
            -84.43764389201056,
            30688.86639534293,
            -3977.76758714623,
            -8953.04086438876,
            -0.6678509732619479,
            3.958261690871095,
            4.327136613059172,
            1.9149342911540035,
            -0.26284742880301065,
            -1.2357254607735966,
            0.0036213200295288433,
            -2.6418188303576655,
            -3.748570122932761,
            0.23279054166509894
        ],
        [
            0.41199944367371333,
            -2.44672304685245,
            -34.24738769552199,
            -84.43764389201056,
            46.937473316327846,
            -9871.84818046387,
            896.4001452159273,
            3748.3290979140593,
            0.4860012620987724,
            -0.9156304362628417,
            -1.829336099469541,
            -0.7017264440703437,
            0.05401896133213831,
            0.6497638234242643,
            0.0027569484768133947,
            0.9955152421208573,
            0.6999300993397706,
            -0.16507520595793013
        ],
        [
            -140.18783561690182,
            502.9481543860988,
            7626.458856893606,
            30688.86639534293,
            -9871.84818046387,
            4136112.822589182,
            -435689.68344362936,
            -1008178.7016233065,
            17.994266116168408,
            467.9993635346442,
            478.1684615955283,
            219.58528498536796,
            -36.589132649090104,
            -124.26536259189375,
            -0.8025506095132068,
            -264.618399737106,
            -430.76360632949604,
            17.6597233257297
        ],
        [
            18.786880136852407,
            -32.77365223127491,
            -1218.957355869317,
            -3977.76758714623,
            896.4001452159273,
            -435689.68344362936,
            78591.62562615305,
            117459.4913516359,
            -2.5109271964642255,
            -71.12484734916151,
            -53.96321618666766,
            -26.525536252033785,
            5.391134438365451,
            10.983672020753758,
            -0.1630837806388513,
            28.940615093318097,
            85.45843243133979,
            -0.7129726213164239
        ],
        [
            43.52905171955041,
            -194.61653393542383,
            -3859.3518664798994,
            -8953.04086438876,
            3748.3290979140593,
            -1008178.7016233065,
            117459.4913516359,
            372679.1742093508,
            29.815845096271353,
            -115.0366294613444,
            -173.9493332914132,
            -72.70482856449547,
            7.523743415336299,
            54.189737541055095,
            -0.4405054852760408,
            97.81718254533796,
            115.21168747057101,
            -14.283773585513359
        ],
        [
            0.0019777229980070298,
            -0.06017568236887267,
            0.21352819457466032,
            -0.6678509732619479,
            0.4860012620987724,
            17.994266116168408,
            -2.5109271964642255,
            29.815845096271353,
            0.034986307527030476,
            0.006553651207654955,
            -0.01813294754939007,
            -0.003859824878882816,
            -0.0020266747825307928,
            0.012546936946634564,
            -8.650074467171909e-05,
            0.01649170089179384,
            -0.01617418260173747,
            -0.002079362550415264
        ],
        [
            -0.018391090943615615,
            0.03561265093293702,
            1.0827178021121366,
            3.958261690871095,
            -0.9156304362628417,
            467.9993635346442,
            -71.12484734916151,
            -115.0366294613444,
            0.006553651207654955,
            0.07112370428872561,
            0.053569020443322526,
            0.02571422956514231,
            -0.005660993957161322,
            -0.010485339446018678,
            5.811398365967386e-05,
            -0.028685874834071055,
            -0.078790591125584,
            7.1123388089767e-05
        ],
        [
            -0.02052304620127577,
            0.09326133958915131,
            1.655889145611072,
            4.327136613059172,
            -1.829336099469541,
            478.1684615955283,
            -53.96321618666766,
            -173.9493332914132,
            -0.01813294754939007,
            0.053569020443322526,
            0.08428377187886893,
            0.033967525591609225,
            -0.0033007462496124676,
            -0.027100269056112708,
            0.00011511211161300975,
            -0.04729026638987228,
            -0.04910278369659874,
            0.006631704888155847
        ],
        [
            -0.009268045271837484,
            0.03950413844405192,
            0.7123001782842504,
            1.9149342911540035,
            -0.7017264440703437,
            219.58528498536796,
            -26.525536252033785,
            -72.70482856449547,
            -0.003859824878882816,
            0.02571422956514231,
            0.033967525591609225,
            0.015557755346466392,
            -0.0017440036970552185,
            -0.00991688319978194,
            0.00010480531982135063,
            -0.019423873983624773,
            -0.02628372066193395,
            0.0029435448719140446
        ],
        [
            0.0012827880412848449,
            0.001123749857189841,
            -0.10296081477092675,
            -0.26284742880301065,
            0.05401896133213831,
            -36.589132649090104,
            5.391134438365451,
            7.523743415336299,
            -0.0020266747825307928,
            -0.005660993957161322,
            -0.0033007462496124676,
            -0.0017440036970552185,
            0.0005732224729340191,
            0.00027289369352152733,
            9.50334717642804e-06,
            0.0012363265881392914,
            0.0068483308122530015,
            0.000138651911492473
        ],
        [
            0.005680111266732282,
            -0.04161994353262259,
            -0.4107787687240306,
            -1.2357254607735966,
            0.6497638234242643,
            -124.26536259189375,
            10.983672020753758,
            54.189737541055095,
            0.012546936946634564,
            -0.010485339446018678,
            -0.027100269056112708,
            -0.00991688319978194,
            0.00027289369352152733,
            0.010850248709848987,
            -7.547449336917974e-06,
            0.016265972327648155,
            0.005730844717431651,
            -0.0024786831911303106
        ],
        [
            -3.986516635535029e-05,
            0.0006717533509009496,
            0.007629793833891471,
            0.0036213200295288433,
            0.0027569484768133947,
            -0.8025506095132068,
            -0.1630837806388513,
            -0.4405054852760408,
            -8.650074467171909e-05,
            5.811398365967386e-05,
            0.00011511211161300975,
            0.00010480531982135063,
            9.50334717642804e-06,
            -7.547449336917974e-06,
            1.727819299389736e-05,
            -0.00021075053989396647,
            -0.0003095233390603242,
            5.9555111688880524e-05
        ],
        [
            0.012076248438338063,
            -0.09345401048490815,
            -0.6954570502836468,
            -2.6418188303576655,
            0.9955152421208573,
            -264.618399737106,
            28.940615093318097,
            97.81718254533796,
            0.01649170089179384,
