9.919897909546713122e-04 -4.136876587785471258e-07 4.720642057133601396e-06 4.079218334914202303e-06 -4.865070519218074043e-07 -2.278831441832978558e-04 2.330033735850870651e-06 -1.236500469786854515e-04 1.652991959229008109e-07 -3.093823599462282768e-08 9.752967117510569000e-09 4.072790749242882357e-08 -7.657422399568464167e-09 1.357364760106465571e-08 -4.997862223964058654e-11 4.534925411141501592e-09 1.369462499693959265e-07 -1.271953496868478803e-08
-4.136876587785471258e-07 1.346147663010235918e-01 -3.740177808810947815e-03 -3.231976012772501926e-03 3.854608880328588491e-04 1.805524478579024206e-01 -1.846092198293451669e-03 9.796827553769801855e-02 -1.309670118857794241e-04 2.451245027908487365e-05 -7.727302926484836082e-06 -3.226883418798811871e-05 6.066997028143298827e-06 -1.075443868178992506e-05 3.959820116697287470e-08 -3.593033994545939856e-06 -1.085028940843746098e-04 1.007772287169691387e-05
4.720642057133601396e-06 -3.740177808810947815e-03 7.401659070064006585e+01 3.688048596515694499e-02 -4.398542815612611380e-03 -2.060306757501549679e+00 2.106599094191353994e-02 -1.117928349938229315e+00 1.494481092886755990e-03 -2.797146621499482333e-04 8.817722842078545300e-05 3.682237373294029248e-04 -6.923126838281948292e-05 1.227202563693077179e-04 -4.518600684573835039e-07 4.100056413924592472e-05 1.238140211017513563e-03 -1.149981668989945966e-04
4.079218334914202303e-06 -3.231976012772501926e-03 3.688048596515694499e-02 2.051335719186016604e+01 -3.800884770163435664e-03 -1.780359747472819443e+00 1.820362049343115032e-02 -9.660283001752150156e-01 1.291416422067803542e-03 -2.417080483071473555e-04 7.619602641815077543e-05 3.181908313499184730e-04 -5.982437471822286978e-05 1.060454730073348572e-04 -3.904629611307931214e-07 3.542955618206581876e-05 1.069906209547257176e-03 -9.937263304829841652e-05
-4.865070519218074043e-07 3.854608880328588491e-04 -4.398542815612611380e-03 -3.800884770163435664e-03 4.378710762069078832e+00 2.123342025333078698e-01 -2.171050680166365394e-03 1.152131466876150506e-01 -1.540204874365544636e-04 2.882725570269270666e-05 -9.087501853864456068e-06 -3.794895752052307886e-05 7.134940517431333303e-06 -1.264748934884781766e-05 4.656847672959798667e-08 -4.225498003258369706e-06 -1.276021220498411697e-04 1.185165460064841137e-05
-2.278831441832978558e-04 1.805524478579024206e-01 -2.060306757501549679e+00 -1.780359747472819443e+00 2.123342025333078698e-01 2.195252100771442347e+05 -1.016934601920457704e+00 5.396660544736566578e+01 -7.214422238493532757e-02 1.350287861554233526e-02 -4.256646408412223526e-03 -1.777554451491306087e-02 3.342053670651380561e-03 -5.924168267356250475e-03 2.181298473485055416e-05 -1.979251414586949854e-03 -5.976968404119302469e-02 5.551393969525203129e-03
2.330033735850870651e-06 -1.846092198293451669e-03 2.106599094191353994e-02 1.820362049343115032e-02 -2.171050680166365394e-03 -1.016934601920457704e+00 1.395044120973963800e+04 -5.517916287857305147e-01 7.376520655183552719e-04 -1.380627023471570980e-04 4.352287558930323179e-05 1.817493722113649036e-04 -3.417145145837727568e-05 6.057276403336968155e-05 -2.230309332177756670e-07 2.023722546152299616e-05 6.111262888540320865e-04 -5.676126365708114026e-05
-1.236500469786854515e-04 9.796827553769801855e-02 -1.117928349938229315e+00 -9.660283001752150156e-01 1.152131466876150506e-01 5.396660544736566578e+01 -5.517916287857305147e-01 1.364476625778556627e+04 -3.914566177813778858e-02 7.326700626073196117e-03 -2.309668537610078381e-03 -9.645061385377391369e-03 1.813407897553570699e-03 -3.214470676159499139e-03 1.183578801703799650e-05 -1.073947488628003519e-03 -3.243120181653337541e-02 3.012202274060482490e-03
1.652991959229008109e-07 -1.309670118857794241e-04 1.494481092886755990e-03 1.291416422067803542e-03 -1.540204874365544636e-04 -7.214422238493532757e-02 7.376520655183552719e-04 -3.914566177813778858e-02 1.554147562267920585e-02 -9.794559337826052347e-06 3.087636126666249284e-06 1.289381549450384462e-05 -2.424219599346488634e-06 4.297203527779504835e-06 -1.582244641336476148e-08 1.435686121204860448e-06 4.335503070217496793e-05 -4.026804890297863248e-06
-3.093823599462282768e-08 2.451245027908487365e-05 -2.797146621499482333e-04 -2.417080483071473555e-04 2.882725570269270666e-05 1.350287861554233526e-02 -1.380627023471570980e-04 7.326700626073196117e-03 -9.794559337826052347e-06 1.377827186880139707e-03 -5.778976396042420885e-07 -2.413271912261118669e-06 4.537292371485812906e-07 -8.042864099676435644e-07 2.961409330613288794e-09 -2.687102970105069085e-07 -8.114547466060467146e-06 7.536772293704593520e-07
9.752967117510569000e-09 -7.727302926484836082e-06 8.817722842078545300e-05 7.619602641815077543e-05 -9.087501853864456068e-06 -4.256646408412223526e-03 4.352287558930323179e-05 -2.309668537610078381e-03 3.087636126666249284e-06 -5.778976396042420885e-07 1.482495843747299149e-03 7.607596506143816288e-07 -1.430335695587939686e-07 2.535431855532550200e-07 -9.335544479000114730e-10 8.470821320696701972e-08 2.558029314396638573e-06 -2.375891513835538456e-07
4.072790749242882357e-08 -3.226883418798811871e-05 3.682237373294029248e-04 3.181908313499184730e-04 -3.794895752052307886e-05 -1.777554451491306087e-02 1.817493722113649036e-04 -9.645061385377391369e-03 1.289381549450384462e-05 -2.413271912261118669e-06 7.607596506143816288e-07 6.475592248878637817e-04 -5.973011001793864920e-07 1.058783781605167414e-06 -3.898477123433810311e-09 3.537373016615782529e-07 1.068220368472440651e-05 -9.921605253216483311e-07
-7.657422399568464167e-09 6.066997028143298827e-06 -6.923126838281948292e-05 -5.982437471822286978e-05 7.134940517431333303e-06 3.342053670651380561e-03 -3.417145145837727568e-05 1.813407897553570699e-03 -2.424219599346488634e-06 4.537292371485812906e-07 -1.430335695587939686e-07 -5.973011001793864920e-07 1.546914273260840641e-04 -1.990663195026746503e-07 7.329688139450013333e-10 -6.650761367521320206e-08 -2.008405312435152070e-06 1.865402054347607605e-07
1.357364760106465571e-08 -1.075443868178992506e-05 1.227202563693077179e-04 1.060454730073348572e-04 -1.264748934884781766e-05 -5.924168267356250475e-03 6.057276403336968155e-05 -3.214470676159499139e-03 4.297203527779504835e-06 -8.042864099676435644e-07 2.535431855532550200e-07 1.058783781605167414e-06 -1.990663195026746503e-07 5.724422212162854620e-04 -1.299270154356439803e-09 1.178922702326003902e-07 3.560125656988341669e-06 -3.306636201947463478e-07
-4.997862223964058654e-11 3.959820116697287470e-08 -4.518600684573835039e-07 -3.904629611307931214e-07 4.656847672959798667e-08 2.181298473485055416e-05 -2.230309332177756670e-07 1.183578801703799650e-05 -1.582244641336476148e-08 2.961409330613288794e-09 -9.335544479000114730e-10 -3.898477123433810311e-09 7.329688139450013333e-10 -1.299270154356439803e-09 7.993623747197077317e-06 -4.340832628118774589e-10 -1.310850116090508507e-08 1.217514455053995621e-09
4.534925411141501592e-09 -3.593033994545939856e-06 4.100056413924592472e-05 3.542955618206581876e-05 -4.225498003258369706e-06 -1.979251414586949854e-03 2.023722546152299616e-05 -1.073947488628003519e-03 1.435686121204860448e-06 -2.687102970105069085e-07 8.470821320696701972e-08 3.537373016615782529e-07 -6.650761367521320206e-08 1.178922702326003902e-07 -4.340832628118774589e-10 6.177115522999570250e-03 1.189430047341654381e-06 -1.104739785379119525e-07
1.369462499693959265e-07 -1.085028940843746098e-04 1.238140211017513563e-03 1.069906209547257176e-03 -1.276021220498411697e-04 -5.976968404119302469e-02 6.111262888540320865e-04 -3.243120181653337541e-02 4.335503070217496793e-05 -8.114547466060467146e-06 2.558029314396638573e-06 1.068220368472440651e-05 -2.008405312435152070e-06 3.560125656988341669e-06 -1.310850116090508507e-08 1.189430047341654381e-06 2.760400149209902426e-02 -3.336107148046432451e-06
-1.271953496868478803e-08 1.007772287169691387e-05 -1.149981668989945966e-04 -9.937263304829841652e-05 1.185165460064841137e-05 5.551393969525203129e-03 -5.676126365708114026e-05 3.012202274060482490e-03 -4.026804890297863248e-06 7.536772293704593520e-07 -2.375891513835538456e-07 -9.921605253216483311e-07 1.865402054347607605e-07 -3.306636201947463478e-07 1.217514455053995621e-09 -1.104739785379119525e-07 -3.336107148046432451e-06 1.505903604063417835e-03
3.175457007752764270e-04 2.596629841159276483e-06 -1.760610994145484255e-05 1.849298647656181607e-05 -1.627723953737079412e-05 -1.145808560101491558e-03 -7.472337518595344088e-05 6.140231575934686561e-04 8.707566209086858990e-07 1.443172568792292354e-07 1.913055447789838219e-07 -1.006055824435579350e-07 -7.453437673387291726e-08 2.105931768692384834e-09 9.941141644145342152e-09 6.851856964815502090e-07 5.378429564375853003e-07 1.133392329811806003e-07
2.596629841159276483e-06 4.314507113035313118e-02 -1.675620054280019342e-03 -6.037814351163451471e-04 -2.804042834986348806e-04 3.090719541578525187e-02 -2.480811112487892132e-03 4.771852687259829640e-02 -2.142675906428598303e-05 1.170624032650849654e-05 2.240198773013199161e-06 -1.317201443602115349e-05 1.361517218514263558e-07 -3.497460204730080174e-06 2.620400621374736020e-07 1.597382434273888701e-05 -2.234857845123621427e-05 6.165299836466871761e-06
-1.760610994145484255e-05 -1.675620054280019342e-03 2.368866276030293250e+01 8.786446857079624126e-03 1.420747595230739896e-03 -4.710766882753081863e-01 1.998099943903599435e-02 -4.723996729142921347e-01 3.347527348210536783e-04 -1.165637983955614436e-04 -4.797403461211978220e-06 1.377677395078713183e-04 -9.507967423817276204e-06 3.966304104593415124e-05 -1.891422630551986110e-06 -1.068306109413999196e-04 3.095365671805124755e-04 -5.739711636515314918e-05
1.849298647656181607e-05 -6.037814351163451471e-04 8.786446857079624126e-03 6.566985333509721023e+00 -3.759160923824620207e-03 -7.389430556699556618e-01 -6.078679607379655278e-03 -2.060371243966649668e-01 5.422556977122419903e-04 -5.302161537194529452e-05 5.406537144330368481e-05 8.389669022895694119e-05 -3.051371932492192757e-05 3.358160571075577893e-05 1.445605898534068443e-06 1.191839458092107092e-04 4.202925391639062368e-04 -1.328006571800851402e-05
-1.627723953737079412e-05 -2.804042834986348806e-04 1.420747595230739896e-03 -3.759160923824620207e-03 1.403572597272080280e+00 2.266783593411672848e-01 1.047075518781053795e-02 -5.982935068245348598e-02 -1.702875007757995759e-04 -1.359145973030525082e-05 -3.074954972966437747e-05 4.668933126301136713e-06 1.294787043357779161e-05 -3.716142726086119181e-06 -1.458237041456443265e-06 -1.025093673360587103e-04 -1.139220115705884116e-04 -1.357797802017704233e-05
-1.145808560101491558e-03 3.090719541578525187e-02 -4.710766882753081863e-01 -7.389430556699556618e-01 2.266783593411672848e-01 7.025863076405995525e+04 4.176418295921186519e-01 1.083411337454733747e+01 -3.113873639593072937e-02 2.802509486977800002e-03 -3.214975585143639829e-03 -4.569299586804203075e-03 1.779189822288239050e-03 -1.873702286433312275e-03 -9.105690572632029573e-05 -7.365349533402829919e-03 -2.399037727431191716e-02 6.204427650318923484e-04
-7.472337518595344088e-05 -2.480811112487892132e-03 1.998099943903599435e-02 -6.078679607379655278e-03 1.047075518781053795e-02 4.176418295921186519e-01 4.464193455535897556e+03 -6.292384387035879767e-01 -3.303866062683210865e-04 -1.509882381768666961e-04 -1.164058383820529166e-04 1.368637243154063258e-04 3.898917735758401153e-05 2.093302928907625498e-05 -6.967496689158587386e-06 -4.670659286085761166e-04 -1.465887804069979897e-04 -9.947923434342441362e-05
6.140231575934686561e-04 4.771852687259829640e-02 -4.723996729142921347e-01 -2.060371243966649668e-01 -5.982935068245348598e-02 1.083411337454733747e+01 -6.292384387035879767e-01 4.370245460874362834e+03 -7.621059034801419031e-03 3.269545091870503396e-03 3.896426056900645580e-04 -3.768026665038620368e-03 1.479286422142910484e-04 -1.042052017319851408e-03 6.351062900412254397e-05 3.757395840841974786e-03 -7.414837677252726633e-03 1.668130142363223297e-03
8.707566209086858990e-07 -2.142675906428598303e-05 3.347527348210536783e-04 5.422556977122419903e-04 -1.702875007757995759e-04 -3.113873639593072937e-02 -3.303866062683210865e-04 -7.621059034801419031e-03 4.979410684346111116e-03 -1.976773891645380784e-06 2.400470004889177246e-06 3.273102894586482823e-06 -1.316779413223924811e-06 1.358310473106783075e-06 6.967046090650853252e-08 5.591214304868497760e-06 1.758149639157289271e-05 -4.073563363672443290e-07
1.443172568792292354e-07 1.170624032650849654e-05 -1.165637983955614436e-04 -5.302161537194529452e-05 -1.359145973030525082e-05 2.802509486977800002e-03 -1.509882381768666961e-04 3.269545091870503396e-03 -1.976773891645380784e-06 4.411229575198196274e-04 8.140272689875667313e-08 -9.330749577286143649e-07 4.317581264956814187e-08 -2.605384852680027457e-07 1.503957718647943368e-08 8.816742453502621257e-07 -1.897488639337722219e-06 4.073415609065096298e-07
1.913055447789838219e-07 2.240198773013199161e-06 -4.797403461211978220e-06 5.406537144330368481e-05 -3.074954972966437747e-05 -3.214975585143639829e-03 -1.164058383820529166e-04 3.896426056900645580e-04 2.400470004889177246e-06 8.140272689875667313e-08 4.747236603561812780e-04 4.719205711080674412e-08 -1.702581125915850928e-07 7.726947571435191088e-08 1.689699950550905319e-08 1.207900016425728674e-06 1.671730537471950602e-06 1.267348811774981841e-07
-1.006055824435579350e-07 -1.317201443602115349e-05 1.377677395078713183e-04 8.389669022895694119e-05 4.668933126301136713e-06 -4.569299586804203075e-03 1.368637243154063258e-04 -3.768026665038620368e-03 3.273102894586482823e-06 -9.330749577286143649e-07 4.719205711080674412e-08 2.073374615332998700e-04 -1.159625068791422843e-07 3.411443606693290708e-07 -1.163145493933637168e-08 -5.998465119893295168e-07 2.903109103021234993e-06 -4.399335493608554171e-07
-7.453437673387291726e-08 1.361517218514263558e-07 -9.507967423817276204e-06 -3.051371932492192757e-05 1.294787043357779161e-05 1.779189822288239050e-03 3.898917735758401153e-05 1.479286422142910484e-04 -1.316779413223924811e-06 4.317581264956814187e-08 -1.702581125915850928e-07 -1.159625068791422843e-07 4.954894156033116113e-05 -6.222098761173114273e-08 -6.352267172102514481e-09 -4.735846681702972730e-07 -9.694925930057811229e-07 -1.797554231089277386e-08
2.105931768692384834e-09 -3.497460204730080174e-06 3.966304104593415124e-05 3.358160571075577893e-05 -3.716142726086119181e-06 -1.873702286433312275e-03 2.093302928907625498e-05 -1.042052017319851408e-03 1.358310473106783075e-06 -2.605384852680027457e-07 7.726947571435191088e-08 3.411443606693290708e-07 -6.222098761173114273e-08 1.831815567387344937e-04 -6.202347838712255650e-10 2.368513620526509103e-08 1.129095577208517980e-06 -1.082233453731755021e-07
9.941141644145342152e-09 2.620400621374736020e-07 -1.891422630551986110e-06 1.445605898534068443e-06 -1.458237041456443265e-06 -9.105690572632029573e-05 -6.967496689158587386e-06 6.351062900412254397e-05 6.967046090650853252e-08 1.503957718647943368e-08 1.689699950550905319e-08 -1.163145493933637168e-08 -6.352267172102514481e-09 -6.202347838712255650e-10 2.558869451848277672e-06 6.233867778449490946e-08 4.094734151836438632e-08 1.111812679569370906e-08
6.851856964815502090e-07 1.597382434273888701e-05 -1.068306109413999196e-04 1.191839458092107092e-04 -1.025093673360587103e-04 -7.365349533402829919e-03 -4.670659286085761166e-04 3.757395840841974786e-03 5.591214304868497760e-06 8.816742453502621257e-07 1.207900016425728674e-06 -5.998465119893295168e-07 -4.735846681702972730e-07 2.368513620526509103e-08 6.233867778449490946e-08 1.980967165500789433e-03 3.480423597866064618e-06 7.013523190261581889e-07
5.378429564375853003e-07 -2.234857845123621427e-05 3.095365671805124755e-04 4.202925391639062368e-04 -1.139220115705884116e-04 -2.399037727431191716e-02 -1.465887804069979897e-04 -7.414837677252726633e-03 1.758149639157289271e-05 -1.897488639337722219e-06 1.671730537471950602e-06 2.903109103021234993e-06 -9.694925930057811229e-07 1.129095577208517980e-06 4.094734151836438632e-08 3.480423597866064618e-06 8.835520186877839077e-03 -5.352619858611766413e-07
1.133392329811806003e-07 6.165299836466871761e-06 -5.739711636515314918e-05 -1.328006571800851402e-05 -1.357797802017704233e-05 6.204427650318923484e-04 -9.947923434342441362e-05 1.668130142363223297e-03 -4.073563363672443290e-07 4.073415609065096298e-07 1.267348811774981841e-07 -4.399335493608554171e-07 -1.797554231089277386e-08 -1.082233453731755021e-07 1.111812679569370906e-08 7.013523190261581889e-07 -5.352619858611766413e-07 4.820156585931110083e-04
1.017912778343877815e-04 1.166859343678328131e-06 1.561426061485221532e-05 -3.593644263625698516e-06 2.086975005605833913e-06 -7.612735997456918308e-04 -3.417076265555612450e-04 1.247737820528725271e-04 6.950198621187674276e-07 -1.197443115753701647e-07 -2.263726387168166618e-07 -1.016080321493263790e-07 -2.378422994721799583e-08 -3.746865804653728024e-08 3.676358774236620172e-09 3.707641525401099692e-07 1.059461245579583249e-07 -2.712766755929141760e-08
1.166859343678328131e-06 1.380706160638149951e-02 -4.957912062775631564e-04 -2.112976553294203881e-04 -7.585533274393567427e-05 9.139873126563046249e-03 -1.398204697203238615e-03 1.513355255016399226e-02 -6.064747553148448193e-06 3.430459813963132614e-06 1.699599689832309327e-07 -4.347047989053461718e-06 4.369552702012799868e-08 -1.191722029620782752e-06 8.479451712488825249e-08 5.399736620033525999e-06 -7.277366841444053930e-06 1.852336906197457861e-06
1.561426061485221532e-05 -4.957912062775631564e-04 7.582927857476088995e+00 1.667614449315447034e-03 1.332178339468635328e-03 -1.982095359393330203e-01 -3.183118073580411961e-02 -1.597937414486876317e-01 1.572035501135484565e-04 -5.725827762850201530e-05 -3.612706891166513312e-05 3.573640446362930096e-05 -3.034518285064132745e-06 8.104316853956435403e-06 -5.456924699887066400e-07 -1.596253008380641605e-05 9.109342033869191667e-05 -2.599249054625501533e-05
-3.593644263625698516e-06 -2.112976553294203881e-04 1.667614449315447034e-03 2.101947420463000871e+00 -1.595746850349602682e-03 -2.152148853073787282e-01 1.516563420404628063e-02 -6.207066750632975888e-02 1.511031714578486580e-04 -8.033121699540374250e-06 3.278539044026961864e-05 3.058434958706013676e-05 -9.767985253661221962e-06 1.279978912678532531e-05 4.359316327225395426e-07 2.998152995908279911e-05 1.380560008117471345e-04 -8.362353431740994930e-07
2.086975005605833913e-06 -7.585533274393567427e-05 1.332178339468635328e-03 -1.595746850349602682e-03 4.494445390024239262e-01 5.623970788721933262e-02 -9.774156671866138235e-03 -2.210712388341591617e-02 -3.729583858089265434e-05 -1.120190875329589078e-05 -2.171717480188716003e-05 -1.372709883429183085e-06 4.146076126491614536e-06 -2.764431337695016598e-06 -4.461846482611687540e-07 -2.654593922531000105e-05 -3.918756327119143803e-05 -6.963180529689476011e-06
-7.612735997456918308e-04 9.139873126563046249e-03 -1.982095359393330203e-01 -2.152148853073787282e-01 5.623970788721933262e-02 2.248364334875505301e+04 8.435493542950495138e-01 3.627112650909549263e+00 -1.089451457938235036e-02 1.267453873571263486e-03 -3.863628253149212883e-04 -1.307115936728389920e-03 5.691915886510576185e-04 -5.143805769356710493e-04 -3.024438999862583876e-05 -2.695348329770263802e-03 -7.529122153083204171e-03 3.401583475135583129e-04
-3.417076265555612450e-04 -1.398204697203238615e-03 -3.183118073580411961e-02 1.516563420404628063e-02 -9.774156671866138235e-03 8.435493542950495138e-01 1.429113614463303065e+03 -7.234496680908736321e-02 -8.547786588848730336e-04 2.501809054662957666e-04 4.801193340637580900e-04 1.686711836202812098e-04 1.235641781291101676e-05 7.531623876590737700e-05 -3.120441707304900951e-06 -4.220149709390969331e-04 7.211857631662483778e-05 8.221513681861319965e-05
1.247737820528725271e-04 1.513355255016399226e-02 -1.597937414486876317e-01 -6.207066750632975888e-02 -2.210712388341591617e-02 3.627112650909549263e+00 -7.234496680908736321e-02 1.398507660075824788e+03 -2.607770040643177765e-03 1.113613059533871815e-03 2.414347609573476504e-04 -1.177589385537083748e-03 4.731005956273997312e-05 -3.179724362552584509e-04 2.012237440348195352e-05 1.140862376356003302e-03 -2.345888520699689929e-03 5.595377384846536703e-04
6.950198621187674276e-07 -6.064747553148448193e-06 1.572035501135484565e-04 1.511031714578486580e-04 -3.729583858089265434e-05 -1.089451457938235036e-02 -8.547786588848730336e-04 -2.607770040643177765e-03 1.594392833684077316e-03 -1.023659757814329496e-06 9.029126649587031559e-08 8.837814897842745737e-07 -4.212120319287076294e-07 3.447562148825155832e-07 2.346173313744919722e-08 2.146289719847238535e-06 5.470129226644741440e-06 -2.797808038403620160e-07
-1.197443115753701647e-07 3.430459813963132614e-06 -5.725827762850201530e-05 -8.033121699540374250e-06 -1.120190875329589078e-05 1.267453873571263486e-03 2.501809054662957666e-04 1.113613059533871815e-03 -1.023659757814329496e-06 1.413151959585151867e-04 2.961746032565300750e-07 -2.333851029055224726e-07 1.375354426057756522e-08 -4.754606587572518109e-08 4.347543172962902141e-09 1.398315510653588789e-07 -5.450507025984235684e-07 1.898956196797758788e-07
-2.263726387168166618e-07 1.699599689832309327e-07 -3.612706891166513312e-05 3.278539044026961864e-05 -2.171717480188716003e-05 -3.863628253149212883e-04 4.801193340637580900e-04 2.414347609573476504e-04 9.029126649587031559e-08 2.961746032565300750e-07 1.523797658602006014e-04 1.281072116808707534e-07 -5.459129796413584876e-08 8.682196278004476689e-08 4.600869464681621956e-09 1.398796994060959433e-07 6.426675390025883109e-07 1.437636282471729126e-07
-1.016080321493263790e-07 -4.347047989053461718e-06 3.573640446362930096e-05 3.058434958706013676e-05 -1.372709883429183085e-06 -1.307115936728389920e-03 1.686711836202812098e-04 -1.177589385537083748e-03 8.837814897842745737e-07 -2.333851029055224726e-07 1.281072116808707534e-07 6.637526331871645491e-05 -3.713423903842891233e-08 1.241539283359819098e-07 -3.916646853629373579e-09 -2.514831399332005806e-07 9.549932409940706713e-07 -1.158678294579294014e-07
-2.378422994721799583e-08 4.369552702012799868e-08 -3.034518285064132745e-06 -9.767985253661221962e-06 4.146076126491614536e-06 5.691915886510576185e-04 1.235641781291101676e-05 4.731005956273997312e-05 -4.212120319287076294e-07 1.375354426057756522e-08 -5.459129796413584876e-08 -3.713423903842891233e-08 1.585566132454357870e-05 -1.992513296160241572e-08 -2.032538324418005210e-09 -1.514898288414525619e-07 -3.102626379448292641e-07 -5.776135715176967754e-09
-3.746865804653728024e-08 -1.191722029620782752e-06 8.104316853956435403e-06 1.279978912678532531e-05 -2.764431337695016598e-06 -5.143805769356710493e-04 7.531623876590737700e-05 -3.179724362552584509e-04 3.447562148825155832e-07 -4.754606587572518109e-08 8.682196278004476689e-08 1.241539283359819098e-07 -1.992513296160241572e-08 5.862633379216615942e-05 -3.053959374088008017e-10 -2.513324071087490026e-08 3.755964517826990928e-07 -2.094313270373709806e-08
3.676358774236620172e-09 8.479451712488825249e-08 -5.456924699887066400e-07 4.359316327225395426e-07 -4.461846482611687540e-07 -3.024438999862583876e-05 -3.120441707304900951e-06 2.012237440348195352e-05 2.346173313744919722e-08 4.347543172962902141e-09 4.600869464681621956e-09 -3.916646853629373579e-09 -2.032538324418005210e-09 -3.053959374088008017e-10 8.188396127124383673e-07 2.037307333258794331e-08 1.291768012808921978e-08 3.380088961271400153e-09
3.707641525401099692e-07 5.399736620033525999e-06 -1.596253008380641605e-05 2.998152995908279911e-05 -2.654593922531000105e-05 -2.695348329770263802e-03 -4.220149709390969331e-04 1.140862376356003302e-03 2.146289719847238535e-06 1.398315510653588789e-07 1.398796994060959433e-07 -2.514831399332005806e-07 -1.514898288414525619e-07 -2.513324071087490026e-08 2.037307333258794331e-08 6.340394290888757374e-04 1.056991152296511388e-06 1.700617683972871818e-07
1.059461245579583249e-07 -7.277366841444053930e-06 9.109342033869191667e-05 1.380560008117471345e-04 -3.918756327119143803e-05 -7.529122153083204171e-03 7.211857631662483778e-05 -2.345888520699689929e-03 5.470129226644741440e-06 -5.450507025984235684e-07 6.426675390025883109e-07 9.549932409940706713e-07 -3.102626379448292641e-07 3.755964517826990928e-07 1.291768012808921978e-08 1.056991152296511388e-06 2.827391240644037528e-03 -1.475394907813476722e-07
-2.712766755929141760e-08 1.852336906197457861e-06 -2.599249054625501533e-05 -8.362353431740994930e-07 -6.963180529689476011e-06 3.401583475135583129e-04 8.221513681861319965e-05 5.595377384846536703e-04 -2.797808038403620160e-07 1.898956196797758788e-07 1.437636282471729126e-07 -1.158678294579294014e-07 -5.776135715176967754e-09 -2.094313270373709806e-08 3.380088961271400153e-09 1.700617683972871818e-07 -1.475394907813476722e-07 1.542677619492612592e-04
3.257322814113377320e-05 3.590878015591100225e-07 5.140091776458891059e-06 -1.239644060238177736e-06 6.321420873557396978e-07 -2.508895567530502004e-04 -1.072762808707849167e-04 3.831215323514720205e-05 2.201977982545844403e-07 -3.780197492423883070e-08 -7.185623732890798005e-08 -3.244036197916144191e-08 -7.661370817316661162e-09 -1.174594949034713664e-08 1.214460835784645599e-09 1.171578259720045686e-07 3.448863466701886606e-08 -8.251830429229764240e-09
3.590878015591100225e-07 4.428902027667602770e-03 -2.654158836384607617e-04 -9.089014467637281538e-07 2.274015661532514910e-06 8.341433662881061334e-03 -1.987300939268741348e-03 6.044384531314029967e-03 -2.978972870892428018e-07 7.137714072920647822e-07 -3.792790063994146669e-07 -1.446254747943902055e-06 5.148511651867018097e-08 -5.628646241308916214e-07 -1.151180307042847596e-09 2.833790432426570343e-06 -2.764556742350221615e-06 2.736215634774165050e-07
5.140091776458891059e-06 -2.654158836384607617e-04 2.427607947816680323e+00 -1.355552399164022142e-04 1.599727963638841581e-04 -1.177666224605967982e-01 5.261908908283231649e-03 -6.318881505941478793e-02 3.382449966958160317e-05 -1.447064010122727385e-05 -7.210163218911899787e-06 1.198940457463336021e-05 -1.347267913425244599e-06 4.414308643501914813e-06 1.091351627762852048e-07 -1.620204160738083861e-05 3.352179296938460635e-05 -5.116152236350647276e-06
-1.239644060238177736e-06 -9.089014467637281538e-07 -1.355552399164022142e-04 6.730412919852684084e-01 -3.442370553872937684e-04 -3.491688286481772763e-02 -4.798983524388234813e-03 -1.233064886212105297e-02 5.865027311694055148e-05 -4.977370617888964905e-06 7.773091918639768081e-06 9.441000389024746428e-06 -2.890688160714638258e-06 2.958199866706837609e-06 -3.779579401957058733e-08 1.652574621715796260e-05 4.144631654642079877e-05 -2.267888412138419819e-06
6.321420873557396978e-07 2.274015661532514910e-06 1.599727963638841581e-04 -3.442370553872937684e-04 1.438884769480861248e-01 3.150884009733615626e-02 -6.969017532392902427e-03 -4.076716257798068677e-03 -7.836576365613628136e-06 -4.542455253999437380e-06 -8.031295448480262687e-06 -5.769644866034406382e-07 1.420296125203635619e-06 -1.337411669933175115e-06 -2.133383333760169483e-07 -5.736047155672097633e-06 -1.362714101219923703e-05 -3.024292309097677665e-06
-2.508895567530502004e-04 8.341433662881061334e-03 -1.177666224605967982e-01 -3.491688286481772763e-02 3.150884009733615626e-02 7.197522824750823020e+03 -5.138226952249144164e-01 1.772284997316533106e+00 -2.650088959173078733e-03 2.101510938805470818e-04 -3.443614658559360805e-04 -4.463722239403521575e-04 2.012291771327035590e-04 -2.569877020700637310e-04 -2.407478652531512973e-05 -2.996486039715383245e-04 -2.631130174667584837e-03 -5.357669061971838539e-05
-1.072762808707849167e-04 -1.987300939268741348e-03 5.261908908283231649e-03 -4.798983524388234813e-03 -6.969017532392902427e-03 -5.138226952249144164e-01 4.575391668594095904e+02 -1.970212096501393617e-01 -5.112351081879351394e-04 1.356167485092889442e-04 2.163869412542822237e-04 6.196178139448122260e-05 -1.472327657724540257e-06 5.036506202420750980e-05 3.094180772505311988e-06 -2.950578637510400297e-04 8.613535303846299375e-05 7.248439219379684037e-05
3.831215323514720205e-05 6.044384531314029967e-03 -6.318881505941478793e-02 -1.233064886212105297e-02 -4.076716257798068677e-03 1.772284997316533106e+00 -1.970212096501393617e-01 4.476581319871507390e+02 -6.489916711544447582e-04 3.130006100718912983e-04 2.829289186576039865e-05 -3.830612915776331019e-04 1.937371660946974426e-05 -1.222462880851155043e-04 3.245388372925713887e-06 4.899427770136917165e-04 -7.998914178051696414e-04 1.430188096319919206e-04
2.201977982545844403e-07 -2.978972870892428018e-07 3.382449966958160317e-05 5.865027311694055148e-05 -7.836576365613628136e-06 -2.650088959173078733e-03 -5.112351081879351394e-04 -6.489916711544447582e-04 5.104593042567077184e-04 -3.868443009855093570e-07 -3.805054049885231849e-08 2.742891127772793187e-07 -1.289986947534208290e-07 8.230228444722757537e-08 3.141418540693343828e-09 8.575232621967366825e-07 1.683168317781287083e-06 -1.387924155991953549e-07
-3.780197492423883070e-08 7.137714072920647822e-07 -1.447064010122727385e-05 -4.977370617888964905e-06 -4.542455253999437380e-06 2.101510938805470818e-04 1.356167485092889442e-04 3.130006100718912983e-04 -3.868443009855093570e-07 4.523471658933498360e-05 1.104225925059351463e-07 -7.269163340099307893e-08 3.048038509383753683e-09 -8.665713269083860807e-09 2.411754788573850158e-09 4.846026764240387664e-09 -1.586925408650343322e-07 7.228070498424718477e-08
-7.185623732890798005e-08 -3.792790063994146669e-07 -7.210163218911899787e-06 7.773091918639768081e-06 -8.031295448480262687e-06 -3.443614658559360805e-04 2.163869412542822237e-04 2.829289186576039865e-05 -3.805054049885231849e-08 1.104225925059351463e-07 4.877919664336319527e-05 4.324364101057997887e-08 -1.899741568785855013e-08 3.517956838129101031e-08 2.624887844269072022e-09 -3.020507778308195701e-10 2.234121050915247946e-07 5.900851317996847766e-08
-3.244036197916144191e-08 -1.446254747943902055e-06 1.198940457463336021e-05 9.441000389024746428e-06 -5.769644866034406382e-07 -4.463722239403521575e-04 6.196178139448122260e-05 -3.830612915776331019e-04 2.742891127772793187e-07 -7.269163340099307893e-08 4.324364101057997887e-08 2.124037056935844256e-05 -1.207747414072348639e-08 4.067072893281481934e-08 -1.106616574243500724e-09 -8.621053902920574777e-08 3.078582346152857435e-07 -3.542246623497944733e-08
-7.661370817316661162e-09 5.148511651867018097e-08 -1.347267913425244599e-06 -2.890688160714638258e-06 1.420296125203635619e-06 2.012291771327035590e-04 -1.472327657724540257e-06 1.937371660946974426e-05 -1.289986947534208290e-07 3.048038509383753683e-09 -1.899741568785855013e-08 -1.207747414072348639e-08 5.073943779430862282e-06 -7.015679920034636501e-09 -7.500875385697643374e-10 -4.457974304887414545e-08 -1.008197615320938738e-07 -2.972935374205456675e-09
-1.174594949034713664e-08 -5.628646241308916214e-07 4.414308643501914813e-06 2.958199866706837609e-06 -1.337411669933175115e-06 -2.569877020700637310e-04 5.036506202420750980e-05 -1.222462880851155043e-04 8.230228444722757537e-08 -8.665713269083860807e-09 3.517956838129101031e-08 4.067072893281481934e-08 -7.015679920034636501e-09 1.876352267957477179e-05 3.847049333957212384e-10 -2.690425673929928275e-08 1.276237876352796075e-07 -1.258836977908388784e-09
1.214460835784645599e-09 -1.151180307042847596e-09 1.091351627762852048e-07 -3.779579401957058733e-08 -2.133383333760169483e-07 -2.407478652531512973e-05 3.094180772505311988e-06 3.245388372925713887e-06 3.141418540693343828e-09 2.411754788573850158e-09 2.624887844269072022e-09 -1.106616574243500724e-09 -7.500875385697643374e-10 3.847049333957212384e-10 2.621038538291424452e-07 3.580160074439105571e-09 5.291936817260549583e-09 1.929810740733659537e-09
1.171578259720045686e-07 2.833790432426570343e-06 -1.620204160738083861e-05 1.652574621715796260e-05 -5.736047155672097633e-06 -2.996486039715383245e-04 -2.950578637510400297e-04 4.899427770136917165e-04 8.575232621967366825e-07 4.846026764240387664e-09 -3.020507778308195701e-10 -8.621053902920574777e-08 -4.457974304887414545e-08 -2.690425673929928275e-08 3.580160074439105571e-09 2.030075320653373482e-04 2.929519514482240766e-07 2.125840088628110490e-08
3.448863466701886606e-08 -2.764556742350221615e-06 3.352179296938460635e-05 4.144631654642079877e-05 -1.362714101219923703e-05 -2.631130174667584837e-03 8.613535303846299375e-05 -7.998914178051696414e-04 1.683168317781287083e-06 -1.586925408650343322e-07 2.234121050915247946e-07 3.078582346152857435e-07 -1.008197615320938738e-07 1.276237876352796075e-07 5.291936817260549583e-09 2.929519514482240766e-07 9.047830428507866538e-04 -3.414451890633086274e-08
-8.251830429229764240e-09 2.736215634774165050e-07 -5.116152236350647276e-06 -2.267888412138419819e-06 -3.024292309097677665e-06 -5.357669061971838539e-05 7.248439219379684037e-05 1.430188096319919206e-04 -1.387924155991953549e-07 7.228070498424718477e-08 5.900851317996847766e-08 -3.542246623497944733e-08 -2.972935374205456675e-09 -1.258836977908388784e-09 1.929810740733659537e-09 2.125840088628110490e-08 -3.414451890633086274e-08 4.937525331821680655e-05
3.257322814113377320e-05 3.590878015591100225e-07 5.140091776458891059e-06 -1.239644060238177736e-06 6.321420873557396978e-07 -2.508895567530502004e-04 -1.072762808707849167e-04 3.831215323514720205e-05 2.201977982545844403e-07 -3.780197492423883070e-08 -7.185623732890798005e-08 -3.244036197916144191e-08 -7.661370817316661162e-09 -1.174594949034713664e-08 1.214460835784645599e-09 1.171578259720045686e-07 3.448863466701886606e-08 -8.251830429229764240e-09
3.590878015591100225e-07 4.428902027667602770e-03 -2.654158836384607617e-04 -9.089014467637281538e-07 2.274015661532514910e-06 8.341433662881061334e-03 -1.987300939268741348e-03 6.044384531314029967e-03 -2.978972870892428018e-07 7.137714072920647822e-07 -3.792790063994146669e-07 -1.446254747943902055e-06 5.148511651867018097e-08 -5.628646241308916214e-07 -1.151180307042847596e-09 2.833790432426570343e-06 -2.764556742350221615e-06 2.736215634774165050e-07
5.140091776458891059e-06 -2.654158836384607617e-04 2.427607947816680323e+00 -1.355552399164022142e-04 1.599727963638841581e-04 -1.177666224605967982e-01 5.261908908283231649e-03 -6.318881505941478793e-02 3.382449966958160317e-05 -1.447064010122727385e-05 -7.210163218911899787e-06 1.198940457463336021e-05 -1.347267913425244599e-06 4.414308643501914813e-06 1.091351627762852048e-07 -1.620204160738083861e-05 3.352179296938460635e-05 -5.116152236350647276e-06
-1.239644060238177736e-06 -9.089014467637281538e-07 -1.355552399164022142e-04 6.730412919852684084e-01 -3.442370553872937684e-04 -3.491688286481772763e-02 -4.798983524388234813e-03 -1.233064886212105297e-02 5.865027311694055148e-05 -4.977370617888964905e-06 7.773091918639768081e-06 9.441000389024746428e-06 -2.890688160714638258e-06 2.958199866706837609e-06 -3.779579401957058733e-08 1.652574621715796260e-05 4.144631654642079877e-05 -2.267888412138419819e-06
6.321420873557396978e-07 2.274015661532514910e-06 1.599727963638841581e-04 -3.442370553872937684e-04 1.438884769480861248e-01 3.150884009733615626e-02 -6.969017532392902427e-03 -4.076716257798068677e-03 -7.836576365613628136e-06 -4.542455253999437380e-06 -8.031295448480262687e-06 -5.769644866034406382e-07 1.420296125203635619e-06 -1.337411669933175115e-06 -2.133383333760169483e-07 -5.736047155672097633e-06 -1.362714101219923703e-05 -3.024292309097677665e-06
-2.508895567530502004e-04 8.341433662881061334e-03 -1.177666224605967982e-01 -3.491688286481772763e-02 3.150884009733615626e-02 7.197522824750823020e+03 -5.138226952249144164e-01 1.772284997316533106e+00 -2.650088959173078733e-03 2.101510938805470818e-04 -3.443614658559360805e-04 -4.463722239403521575e-04 2.012291771327035590e-04 -2.569877020700637310e-04 -2.407478652531512973e-05 -2.996486039715383245e-04 -2.631130174667584837e-03 -5.357669061971838539e-05
-1.072762808707849167e-04 -1.987300939268741348e-03 5.261908908283231649e-03 -4.798983524388234813e-03 -6.969017532392902427e-03 -5.138226952249144164e-01 4.575391668594095904e+02 -1.970212096501393617e-01 -5.112351081879351394e-04 1.356167485092889442e-04 2.163869412542822237e-04 6.196178139448122260e-05 -1.472327657724540257e-06 5.036506202420750980e-05 3.094180772505311988e-06 -2.950578637510400297e-04 8.613535303846299375e-05 7.248439219379684037e-05
3.831215323514720205e-05 6.044384531314029967e-03 -6.318881505941478793e-02 -1.233064886212105297e-02 -4.076716257798068677e-03 1.772284997316533106e+00 -1.970212096501393617e-01 4.476581319871507390e+02 -6.489916711544447582e-04 3.130006100718912983e-04 2.829289186576039865e-05 -3.830612915776331019e-04 1.937371660946974426e-05 -1.222462880851155043e-04 3.245388372925713887e-06 4.899427770136917165e-04 -7.998914178051696414e-04 1.430188096319919206e-04
2.201977982545844403e-07 -2.978972870892428018e-07 3.382449966958160317e-05 5.865027311694055148e-05 -7.836576365613628136e-06 -2.650088959173078733e-03 -5.112351081879351394e-04 -6.489916711544447582e-04 5.104593042567077184e-04 -3.868443009855093570e-07 -3.805054049885231849e-08 2.742891127772793187e-07 -1.289986947534208290e-07 8.230228444722757537e-08 3.141418540693343828e-09 8.575232621967366825e-07 1.683168317781287083e-06 -1.387924155991953549e-07
-3.780197492423883070e-08 7.137714072920647822e-07 -1.447064010122727385e-05 -4.977370617888964905e-06 -4.542455253999437380e-06 2.101510938805470818e-04 1.356167485092889442e-04 3.130006100718912983e-04 -3.868443009855093570e-07 4.523471658933498360e-05 1.104225925059351463e-07 -7.269163340099307893e-08 3.048038509383753683e-09 -8.665713269083860807e-09 2.411754788573850158e-09 4.846026764240387664e-09 -1.586925408650343322e-07 7.228070498424718477e-08
-7.185623732890798005e-08 -3.792790063994146669e-07 -7.210163218911899787e-06 7.773091918639768081e-06 -8.031295448480262687e-06 -3.443614658559360805e-04 2.163869412542822237e-04 2.829289186576039865e-05 -3.805054049885231849e-08 1.104225925059351463e-07 4.877919664336319527e-05 4.324364101057997887e-08 -1.899741568785855013e-08 3.517956838129101031e-08 2.624887844269072022e-09 -3.020507778308195701e-10 2.234121050915247946e-07 5.900851317996847766e-08
-3.244036197916144191e-08 -1.446254747943902055e-06 1.198940457463336021e-05 9.441000389024746428e-06 -5.769644866034406382e-07 -4.463722239403521575e-04 6.196178139448122260e-05 -3.830612915776331019e-04 2.742891127772793187e-07 -7.269163340099307893e-08 4.324364101057997887e-08 2.124037056935844256e-05 -1.207747414072348639e-08 4.067072893281481934e-08 -1.106616574243500724e-09 -8.621053902920574777e-08 3.078582346152857435e-07 -3.542246623497944733e-08
-7.661370817316661162e-09 5.148511651867018097e-08 -1.347267913425244599e-06 -2.890688160714638258e-06 1.420296125203635619e-06 2.012291771327035590e-04 -1.472327657724540257e-06 1.937371660946974426e-05 -1.289986947534208290e-07 3.048038509383753683e-09 -1.899741568785855013e-08 -1.207747414072348639e-08 5.073943779430862282e-06 -7.015679920034636501e-09 -7.500875385697643374e-10 -4.457974304887414545e-08 -1.008197615320938738e-07 -2.972935374205456675e-09
-1.174594949034713664e-08 -5.628646241308916214e-07 4.414308643501914813e-06 2.958199866706837609e-06 -1.337411669933175115e-06 -2.569877020700637310e-04 5.036506202420750980e-05 -1.222462880851155043e-04 8.230228444722757537e-08 -8.665713269083860807e-09 3.517956838129101031e-08 4.067072893281481934e-08 -7.015679920034636501e-09 1.876352267957477179e-05 3.847049333957212384e-10 -2.690425673929928275e-08 1.276237876352796075e-07 -1.258836977908388784e-09
1.214460835784645599e-09 -1.151180307042847596e-09 1.091351627762852048e-07 -3.779579401957058733e-08 -2.133383333760169483e-07 -2.407478652531512973e-05 3.094180772505311988e-06 3.245388372925713887e-06 3.141418540693343828e-09 2.411754788573850158e-09 2.624887844269072022e-09 -1.106616574243500724e-09 -7.500875385697643374e-10 3.847049333957212384e-10 2.621038538291424452e-07 3.580160074439105571e-09 5.291936817260549583e-09 1.929810740733659537e-09
