{
    "R": [
        [
            0.013463646996636268,
            -1.3854625985105531e-05,
            -0.0001617340386740295,
            -5.1843193379387164e-06,
            -0.00038525587612719514,
            0.019019856036566543,
            0.024621857257219232,
            -0.0047849681488757595,
            9.327484953785501e-07,
            -2.579178487538537e-08,
            -4.873952867576032e-07,
            -2.4298158138116825e-06,
            1.3533308139420117e-06,
            1.4784054129215622e-06,
            9.07511313327815e-06,
            -6.672412658431822e-05,
            -1.0330949984846651e-05,
            1.3005841387252036e-05
        ],
        [
            0.0,
            0.0499647746050994,
            -0.0007011183097363871,
            -0.0002097931201186753,
            -0.00019066154031932578,
            -0.009390072317229754,
            0.000359039121321101,
            -0.018744450872899898,
            -2.7688185417744004e-05,
            -2.236737655954908e-05,
            2.325039574322134e-06,
            -5.545312108742653e-07,
            -3.8029085184320235e-05,
            2.057623138178233e-05,
            -1.2537037963165291e-05,
            0.00010895441999167532,
            8.254559483878988e-05,
            -6.92553063650707e-06
        ],
        [
            0.0,
            0.0,
            0.5306624588997746,
            -9.969489918251054e-05,
            0.00019308078288589304,
            -0.04181560039543691,
            -0.011166486977973941,
            0.020952335514496958,
            1.5421956937070583e-05,
            2.6828096556070765e-06,
            -2.1686741795959628e-07,
            1.0898815693891137e-06,
            -3.8202515114114865e-06,
            -9.987810890134293e-06,
            7.071636032997994e-06,
            -6.848075248161693e-05,
            -5.8604195478302534e-05,
            2.446531916410302e-06
        ],
        [
            0.0,
            0.0,
            0.0,
            0.20310522583660542,
            3.68840228006045e-05,
            0.036814746169679585,
            -0.002519403360855528,
            0.014385644017986244,
            -6.04384609842411e-06,
            6.016540308977605e-06,
            -7.967984069079088e-07,
            5.409294012674439e-07,
            1.4805436774795383e-05,
            -4.771228761544916e-07,
            -1.1991427535262443e-06,
            3.067780033308103e-05,
            2.7967456913988028e-05,
            -4.18470415659757e-06
        ],
        [
            0.0,
            0.0,
            0.0,
            0.0,
            0.36169999453578766,
            -0.018167051034130556,
            -0.018883960700508174,
            -0.0013830913592551368,
            8.777155735353611e-06,
            5.81377341497983e-06,
            -6.966593862413925e-08,
            1.948484705001332e-06,
            9.12571994566908e-06,
            -6.6868787067361605e-06,
            -5.137859019229844e-06,
            2.5442220100906008e-05,
            -1.950149394296984e-05,
            -8.32745027904822e-06
        ],
        [
            0.0,
            0.0,
            0.0,
            0.0,
            0.0,
            33.19038976055545,
            0.010502009851560303,
            0.0050050103371962,
            -1.377473845285297e-05,
            2.4219683389657675e-06,
            -6.497806188309518e-07,
            -8.016460363622129e-07,
            1.1618593481740495e-05,
            5.577983936872727e-06,
            -1.0655876275249772e-06,
            3.722794523847337e-05,
            5.154621936409333e-05,
            -5.715455298276169e-07
        ],
        [
            0.0,
            0.0,
            0.0,
            0.0,
            0.0,
            0.0,
            29.72641329724458,
            -0.017519872387097787,
            4.226604067965791e-06,
            1.8616192642552194e-06,
            -3.146102627560825e-07,
            -1.784228624917975e-06,
            5.7453189133527614e-06,
            6.584813532251139e-08,
            4.311892403756501e-06,
            -4.1576371669507775e-05,
            -1.4538214389773738e-05,
            8.715951810891539e-06
        ],
        [
            0.0,
            0.0,
            0.0,
            0.0,
            0.0,
            0.0,
            0.0,
            33.94643679987447,
            -2.097973406373118e-05,
            -9.777666544414762e-06,
            2.0935006596888182e-07,
            1.5649290271933128e-06,
            -2.355918124695978e-05,
            5.931535751534987e-06,
            3.267426343935735e-06,
            2.6974962912676914e-05,
            5.304846602418848e-05,
            -6.010501297671234e-06
        ],
        [
            0.0,
            0.0,
            0.0,
            0.0,
            0.0,
            0.0,
            0.0,
            0.0,
            0.020615569284596364,
            1.4616403754563308e-05,
            -8.931275679874583e-07,
            -5.063513487191246e-07,
            2.5785090562219942e-05,
            -1.49637375266388e-05,
            4.644604146835361e-06,
            -8.509492945134137e-05,
            -9.15853671572759e-05,
            7.791053847300878e-06
        ],
        [
            0.0,
            0.0,
            0.0,
            0.0,
            0.0,
            0.0,
            0.0,
            0.0,
            0.0,
            0.0057571955702364645,
            -2.877699732548774e-06,
            -3.369227410228491e-07,
            7.571646619891804e-05,
            -2.9592951396390205e-05,
            5.207295415656825e-06,
            -0.00011040209379918277,
            -0.0001365855420889543,
            8.462601085932541e-06
        ],
        [
            0.0,
            0.0,
            0.0,
            0.0,
            0.0,
            0.0,
            0.0,
            0.0,
            0.0,
            0.0,
            0.0007507324086660866,
            7.522931889750462e-07,
            -4.2840316092715475e-05,
            1.5920647731034475e-05,
            -9.229015884428907e-06,
            8.891971997685696e-05,
            6.586732084303629e-05,
            -9.004269058476195e-06
        ],
        [
            0.0,
            0.0,
            0.0,
            0.0,
            0.0,
            0.0,
            0.0,
            0.0,
            0.0,
            0.0,
            0.0,
            0.002187486692116177,
            -4.383310069051066e-06,
            -1.0550186018808496e-06,
            -5.550260902194171e-06,
            5.440507502578579e-05,
            1.7940700658733765e-05,
            -1.1789815213824678e-05
        ],
        [
            0.0,
            0.0,
            0.0,
            0.0,
            0.0,
            0.0,
            0.0,
            0.0,
            0.0,
            0.0,
            0.0,
            0.0,
            0.009620115532616836,
            -3.015248153173057e-05,
            1.9779695182271244e-06,
            -9.32018790211459e-05,
            -0.0001322813595563313,
            8.619046575551424e-06
        ],
        [
            0.0,
            0.0,
            0.0,
            0.0,
            0.0,
            0.0,
            0.0,
            0.0,
            0.0,
            0.0,
            0.0,
            0.0,
            0.0,
            0.004457596967602944,
            -1.168859923707051e-05,
            0.00018205682407950322,
            0.00020030889505931267,
            -1.1878133620068827e-05
        ],
        [
            0.0,
            0.0,
            0.0,
            0.0,
            0.0,
            0.0,
            0.0,
            0.0,
            0.0,
            0.0,
            0.0,
            0.0,
            0.0,
            0.0,
            0.004302953082661958,
            -0.00021233136365294978,
            -9.314305921554177e-05,
            2.64364997055101e-05
        ],
        [
            0.0,
            0.0,
            0.0,
            0.0,
            0.0,
            0.0,
            0.0,
            0.0,
            0.0,
            0.0,
            0.0,
            0.0,
            0.0,
            0.0,
            0.0,
            0.03113026093669096,
            0.00019160792402707295,
            -3.5233491293374594e-05
        ],
        [
            0.0,
            0.0,
            0.0,
            0.0,
            0.0,
            0.0,
            0.0,
            0.0,
            0.0,
            0.0,
            0.0,
            0.0,
            0.0,
            0.0,
            0.0,
            0.0,
            0.027192883999060197,
            -2.0765148945779723e-05
        ],
        [
            0.0,
            0.0,
            0.0,
            0.0,
            0.0,
            0.0,
            0.0,
            0.0,
            0.0,
            0.0,
            0.0,
            0.0,
            0.0,
            0.0,
            0.0,
            0.0,
            0.0,
            0.0124681461083515
        ]
    ],
    "RDR": [
        [
            [
                0.013463646996636268,
                -1.3854625985105531e-05,
                -0.0001617340386740295,
                -5.1843193379387164e-06,
                -0.00038525587612719514,
                0.019019856036566543,
                0.024621857257219232,
                -0.0047849681488757595,
                9.327484953785501e-07,
                -2.579178487538537e-08,
                -4.873952867576032e-07,
                -2.4298158138116825e-06,
                1.3533308139420117e-06,
                1.4784054129215622e-06,
                9.07511313327815e-06,
                -6.672412658431822e-05,
                -1.0330949984846651e-05,
                1.3005841387252036e-05
            ],
            [
                0.0,
                0.0499647746050994,
                -0.0007011183097363871,
                -0.0002097931201186753,
                -0.00019066154031932578,
                -0.009390072317229754,
                0.000359039121321101,
                -0.018744450872899898,
                -2.7688185417744004e-05,
                -2.236737655954908e-05,
                2.325039574322134e-06,
                -5.545312108742653e-07,
                -3.8029085184320235e-05,
                2.057623138178233e-05,
                -1.2537037963165291e-05,
                0.00010895441999167532,
                8.254559483878988e-05,
                -6.92553063650707e-06
            ],
            [
                0.0,
                0.0,
                0.5306624588997746,
                -9.969489918251054e-05,
                0.00019308078288589304,
                -0.04181560039543691,
                -0.011166486977973941,
                0.020952335514496958,
                1.5421956937070583e-05,
                2.6828096556070765e-06,
                -2.1686741795959628e-07,
                1.0898815693891137e-06,
                -3.8202515114114865e-06,
                -9.987810890134293e-06,
                7.071636032997994e-06,
                -6.848075248161693e-05,
                -5.8604195478302534e-05,
                2.446531916410302e-06
            ],
            [
                0.0,
                0.0,
                0.0,
                0.20310522583660542,
                3.68840228006045e-05,
                0.036814746169679585,
                -0.002519403360855528,
                0.014385644017986244,
                -6.04384609842411e-06,
                6.016540308977605e-06,
                -7.967984069079088e-07,
                5.409294012674439e-07,
                1.4805436774795383e-05,
                -4.771228761544916e-07,
                -1.1991427535262443e-06,
                3.067780033308103e-05,
                2.7967456913988028e-05,
                -4.18470415659757e-06
            ],
            [
                0.0,
                0.0,
                0.0,
                0.0,
                0.36169999453578766,
                -0.018167051034130556,
                -0.018883960700508174,
                -0.0013830913592551368,
                8.777155735353611e-06,
                5.81377341497983e-06,
                -6.966593862413925e-08,
                1.948484705001332e-06,
                9.12571994566908e-06,
                -6.6868787067361605e-06,
                -5.137859019229844e-06,
                2.5442220100906008e-05,
                -1.950149394296984e-05,
                -8.32745027904822e-06
            ],
            [
                0.0,
                0.0,
                0.0,
                0.0,
                0.0,
                33.19038976055545,
                0.010502009851560303,
                0.0050050103371962,
                -1.377473845285297e-05,
                2.4219683389657675e-06,
                -6.497806188309518e-07,
                -8.016460363622129e-07,
                1.1618593481740495e-05,
                5.577983936872727e-06,
                -1.0655876275249772e-06,
                3.722794523847337e-05,
                5.154621936409333e-05,
                -5.715455298276169e-07
            ],
            [
                0.0,
                0.0,
                0.0,
                0.0,
                0.0,
                0.0,
                29.72641329724458,
                -0.017519872387097787,
                4.226604067965791e-06,
                1.8616192642552194e-06,
                -3.146102627560825e-07,
                -1.784228624917975e-06,
                5.7453189133527614e-06,
                6.584813532251139e-08,
                4.311892403756501e-06,
                -4.1576371669507775e-05,
                -1.4538214389773738e-05,
                8.715951810891539e-06
            ],
            [
                0.0,
                0.0,
                0.0,
                0.0,
                0.0,
                0.0,
                0.0,
                33.94643679987447,
                -2.097973406373118e-05,
                -9.777666544414762e-06,
                2.0935006596888182e-07,
                1.5649290271933128e-06,
                -2.355918124695978e-05,
                5.931535751534987e-06,
                3.267426343935735e-06,
                2.6974962912676914e-05,
                5.304846602418848e-05,
                -6.010501297671234e-06
            ],
            [
                0.0,
                0.0,
                0.0,
                0.0,
                0.0,
                0.0,
                0.0,
                0.0,
                0.020615569284596364,
                1.4616403754563308e-05,
                -8.931275679874583e-07,
                -5.063513487191246e-07,
                2.5785090562219942e-05,
                -1.49637375266388e-05,
                4.644604146835361e-06,
                -8.509492945134137e-05,
                -9.15853671572759e-05,
                7.791053847300878e-06
            ],
            [
                0.0,
                0.0,
                0.0,
                0.0,
                0.0,
                0.0,
                0.0,
                0.0,
                0.0,
                0.0057571955702364645,
                -2.877699732548774e-06,
                -3.369227410228491e-07,
                7.571646619891804e-05,
                -2.9592951396390205e-05,
                5.207295415656825e-06,
                -0.00011040209379918277,
                -0.0001365855420889543,
                8.462601085932541e-06
            ],
            [
                0.0,
                0.0,
                0.0,
                0.0,
                0.0,
                0.0,
                0.0,
                0.0,
                0.0,
                0.0,
                0.0007507324086660866,
                7.522931889750462e-07,
                -4.2840316092715475e-05,
                1.5920647731034475e-05,
                -9.229015884428907e-06,
                8.891971997685696e-05,
                6.586732084303629e-05,
                -9.004269058476195e-06
            ],
            [
                0.0,
                0.0,
                0.0,
                0.0,
                0.0,
                0.0,
                0.0,
                0.0,
                0.0,
                0.0,
                0.0,
                0.002187486692116177,
                -4.383310069051066e-06,
                -1.0550186018808496e-06,
                -5.550260902194171e-06,
                5.440507502578579e-05,
                1.7940700658733765e-05,
                -1.1789815213824678e-05
            ],
            [
                0.0,
                0.0,
                0.0,
                0.0,
                0.0,
                0.0,
                0.0,
                0.0,
                0.0,
                0.0,
                0.0,
                0.0,
                0.009620115532616836,
                -3.015248153173057e-05,
                1.9779695182271244e-06,
                -9.32018790211459e-05,
                -0.0001322813595563313,
                8.619046575551424e-06
            ],
            [
                0.0,
                0.0,
                0.0,
                0.0,
                0.0,
                0.0,
                0.0,
                0.0,
                0.0,
                0.0,
                0.0,
                0.0,
                0.0,
                0.004457596967602944,
                -1.168859923707051e-05,
                0.00018205682407950322,
                0.00020030889505931267,
                -1.1878133620068827e-05
            ],
            [
                0.0,
                0.0,
                0.0,
                0.0,
                0.0,
                0.0,
                0.0,
                0.0,
                0.0,
                0.0,
                0.0,
                0.0,
                0.0,
                0.0,
                0.004302953082661958,
                -0.00021233136365294978,
                -9.314305921554177e-05,
                2.64364997055101e-05
            ],
            [
                0.0,
                0.0,
                0.0,
                0.0,
                0.0,
                0.0,
                0.0,
                0.0,
                0.0,
                0.0,
                0.0,
                0.0,
                0.0,
                0.0,
                0.0,
                0.03113026093669096,
                0.00019160792402707295,
                -3.5233491293374594e-05
            ],
            [
                0.0,
                0.0,
                0.0,
                0.0,
                0.0,
                0.0,
                0.0,
                0.0,
                0.0,
                0.0,
                0.0,
                0.0,
                0.0,
                0.0,
                0.0,
                0.0,
                0.027192883999060197,
                -2.0765148945779723e-05
            ],
            [
                0.0,
                0.0,
                0.0,
                0.0,
                0.0,
                0.0,
                0.0,
                0.0,
                0.0,
                0.0,
                0.0,
                0.0,
                0.0,
                0.0,
                0.0,
                0.0,
                0.0,
                0.0124681461083515
            ]
        ],
        [
            [
                0.0026927293993272536,
                -2.770925197021106e-06,
                -3.23468077348059e-05,
                -1.0368638675877433e-06,
                -7.705117522543904e-05,
                0.0038039712073133086,
                0.004924371451443847,
                -0.0009569936297751519,
                1.8654969907571003e-07,
                -5.158356975077075e-09,
                -9.747905735152065e-08,
                -4.859631627623365e-07,
                2.7066616278840236e-07,
                2.9568108258431246e-07,
                1.81502262665563e-06,
                -1.3344825316863645e-05,
                -2.0661899969693305e-06,
                2.6011682774504074e-06
            ],
            [
                0.0,
                0.00999295492101988,
                -0.00014022366194727743,
                -4.195862402373506e-05,
                -3.8132308063865155e-05,
                -0.0018780144634459508,
                7.18078242642202e-05,
                -0.0037488901745799798,
                -5.537637083548801e-06,
                -4.473475311909816e-06,
                4.650079148644269e-07,
                -1.1090624217485307e-07,
                -7.605817036864047e-06,
                4.115246276356466e-06,
                -2.5074075926330584e-06,
                2.1790883998335067e-05,
                1.650911896775798e-05,
                -1.3851061273014141e-06
            ],
            [
                0.0,
                0.0,
                0.10613249177995493,
                -1.9938979836502108e-05,
                3.861615657717861e-05,
                -0.008363120079087382,
                -0.0022332973955947882,
                0.004190467102899392,
                3.084391387414117e-06,
                5.365619311214153e-07,
                -4.3373483591919255e-08,
                2.1797631387782274e-07,
                -7.640503022822974e-07,
                -1.997562178026859e-06,
                1.414327206599599e-06,
                -1.3696150496323386e-05,
                -1.1720839095660508e-05,
                4.893063832820604e-07
            ],
            [
                0.0,
                0.0,
                0.0,
                0.04062104516732109,
                7.3768045601209e-06,
                0.007362949233935917,
                -0.0005038806721711056,
                0.002877128803597249,
                -1.2087692196848221e-06,
                1.203308061795521e-06,
                -1.5935968138158175e-07,
                1.0818588025348879e-07,
                2.9610873549590768e-06,
                -9.542457523089834e-08,
                -2.398285507052489e-07,
                6.135560066616206e-06,
                5.593491382797606e-06,
                -8.36940831319514e-07
            ],
            [
                0.0,
                0.0,
                0.0,
                0.0,
                0.07233999890715753,
                -0.0036334102068261115,
                -0.003776792140101635,
                -0.0002766182718510274,
                1.7554311470707223e-06,
                1.1627546829959662e-06,
                -1.3933187724827851e-08,
                3.896969410002664e-07,
                1.825143989133816e-06,
                -1.3373757413472321e-06,
                -1.0275718038459689e-06,
                5.088444020181202e-06,
                -3.900298788593968e-06,
                -1.6654900558096443e-06
            ],
            [
                0.0,
                0.0,
                0.0,
                0.0,
                0.0,
                6.6380779521110895,
                0.0021004019703120607,
                0.00100100206743924,
                -2.754947690570594e-06,
                4.843936677931535e-07,
                -1.2995612376619037e-07,
                -1.6032920727244258e-07,
                2.323718696348099e-06,
                1.1155967873745453e-06,
                -2.1311752550499545e-07,
                7.445589047694675e-06,
                1.0309243872818667e-05,
                -1.1430910596552339e-07
            ],
            [
                0.0,
                0.0,
                0.0,
                0.0,
                0.0,
                0.0,
                5.9452826594489165,
                -0.0035039744774195574,
                8.453208135931583e-07,
                3.723238528510439e-07,
                -6.29220525512165e-08,
                -3.56845724983595e-07,
                1.1490637826705524e-06,
                1.3169627064502279e-08,
                8.623784807513003e-07,
                -8.315274333901555e-06,
                -2.907642877954748e-06,
                1.743190362178308e-06
            ],
            [
                0.0,
                0.0,
                0.0,
                0.0,
                0.0,
                0.0,
                0.0,
                6.789287359974894,
                -4.195946812746236e-06,
                -1.9555333088829525e-06,
                4.187001319377637e-08,
                3.1298580543866256e-07,
                -4.711836249391956e-06,
                1.1863071503069976e-06,
                6.53485268787147e-07,
                5.394992582535383e-06,
                1.0609693204837697e-05,
                -1.2021002595342469e-06
            ],
            [
                0.0,
                0.0,
                0.0,
                0.0,
                0.0,
                0.0,
                0.0,
                0.0,
                0.004123113856919273,
                2.9232807509126618e-06,
                -1.7862551359749168e-07,
                -1.0127026974382492e-07,
                5.157018112443989e-06,
                -2.9927475053277603e-06,
                9.289208293670722e-07,
                -1.7018985890268273e-05,
                -1.831707343145518e-05,
                1.5582107694601756e-06
            ],
            [
                0.0,
                0.0,
                0.0,
                0.0,
                0.0,
                0.0,
                0.0,
                0.0,
                0.0,
                0.0011514391140472929,
                -5.755399465097548e-07,
                -6.738454820456982e-08,
                1.514329323978361e-05,
                -5.9185902792780415e-06,
                1.041459083131365e-06,
                -2.2080418759836556e-05,
                -2.7317108417790865e-05,
                1.6925202171865085e-06
            ],
            [
                0.0,
                0.0,
                0.0,
                0.0,
                0.0,
                0.0,
                0.0,
                0.0,
                0.0,
                0.0,
                0.00015014648173321732,
                1.5045863779500926e-07,
                -8.568063218543095e-06,
                3.1841295462068954e-06,
                -1.8458031768857814e-06,
                1.7783943995371393e-05,
                1.3173464168607258e-05,
                -1.800853811695239e-06
            ],
            [
                0.0,
                0.0,
                0.0,
                0.0,
                0.0,
                0.0,
                0.0,
                0.0,
                0.0,
                0.0,
                0.0,
                0.0004374973384232354,
                -8.766620138102132e-07,
                -2.1100372037616992e-07,
                -1.1100521804388344e-06,
                1.0881015005157157e-05,
                3.588140131746753e-06,
                -2.3579630427649357e-06
            ],
            [
                0.0,
                0.0,
                0.0,
                0.0,
                0.0,
                0.0,
                0.0,
                0.0,
                0.0,
                0.0,
                0.0,
                0.0,
                0.0019240231065233673,
                -6.030496306346115e-06,
                3.955939036454249e-07,
                -1.864037580422918e-05,
                -2.6456271911266265e-05,
                1.7238093151102849e-06
            ],
            [
                0.0,
                0.0,
                0.0,
                0.0,
                0.0,
                0.0,
                0.0,
                0.0,
                0.0,
                0.0,
                0.0,
                0.0,
                0.0,
                0.0008915193935205889,
                -2.337719847414102e-06,
                3.641136481590065e-05,
                4.006177901186254e-05,
                -2.3756267240137657e-06
            ],
            [
                0.0,
                0.0,
                0.0,
                0.0,
                0.0,
                0.0,
                0.0,
                0.0,
                0.0,
                0.0,
                0.0,
                0.0,
                0.0,
                0.0,
                0.0008605906165323916,
                -4.246627273058996e-05,
                -1.8628611843108356e-05,
                5.287299941102021e-06
            ],
            [
                0.0,
                0.0,
                0.0,
                0.0,
                0.0,
                0.0,
                0.0,
                0.0,
                0.0,
                0.0,
                0.0,
                0.0,
                0.0,
                0.0,
                0.0,
                0.006226052187338193,
                3.832158480541459e-05,
                -7.046698258674919e-06
            ],
            [
                0.0,
                0.0,
                0.0,
                0.0,
                0.0,
                0.0,
                0.0,
                0.0,
                0.0,
                0.0,
                0.0,
                0.0,
                0.0,
                0.0,
                0.0,
                0.0,
                0.00543857679981204,
                -4.153029789155945e-06
            ],
            [
                0.0,
                0.0,
                0.0,
                0.0,
                0.0,
                0.0,
                0.0,
                0.0,
                0.0,
                0.0,
                0.0,
                0.0,
                0.0,
                0.0,
                0.0,
                0.0,
                0.0,
                0.0024936292216703004
            ]
        ]
    ],
    "allnames": [
        "m1_flow_nominal",
        "m2_flow_nominal",
        "tau1",
        "tau2",
        "tau_m",
        "nominalUa.hasValue",
        "workingPressure.hasValue",
        "flowCoefficient.hasValue",
        "waterFlowRateMax",
        "c1",
        "c2",
        "c3",
        "c4",
        "eps_motor",
        "f_motorToAir",
        "kp",
        "Ti",
        "Td"
    ],
    "alpha_count": 1290,
    "cov": [
        [
            0.03330262860601244,
            -0.20229244603647614,
            1.5798303957862119,
            -0.6275464039467545,
            0.7354997018876112,
            -95.59500716488091,
            21.269526294501,
            57.7209166001936,
            -0.07393027964754596,
            -0.029149931348401794,
            -0.0006678831276371957,
            0.0035060077258399127,
            -0.035027261424555936,
            0.004255843525014412,
            -0.009316179913447372,
            -0.12382855807539458,
            0.002551291403561238,
            0.005495588615587415
        ],
        [
            -0.20229244603647614,
            2.3820701000964286,
            -18.305545803599735,
            7.950230447540773,
            -9.242444723192053,
            927.9872142839456,
            -440.4810921130462,
            -521.230954436025,
            0.8348709693565475,
            0.3383667537566699,
            0.007372223465959144,
            -0.029111224870368376,
            0.4537598281840274,
            -0.029745589098732567,
            0.08830957188610815,
            1.460777642459219,
            0.06277303886683856,
            -0.09761316659095944
        ],
        [
            1.5798303957862119,
            -18.305545803599735,
            193.0785965381844,
            -71.33574444946964,
            82.38982139800925,
            -7019.9979386124,
            4767.6016031558775,
            3423.954731841236,
            -6.896624171458528,
            -2.4945464592813718,
            -0.032273814575663334,
            0.16307902769419882,
            -4.518723555932074,
            0.1629276573125356,
            -0.6690277818575431,
            -12.291033089815842,
            -2.2456561677684497,
            0.7937875890894999
        ],
        [
            -0.6275464039467545,
            7.950230447540773,
            -71.33574444946964,
            31.511443638105714,
            -32.28146616644235,
            2988.1786209581574,
            -1902.2821348054708,
            -1427.2895657936106,
            2.869871747086582,
            1.0983914509840835,
            0.015406269091942218,
            -0.06156097066108763,
            1.8560099203854068,
            -0.07047044133812753,
            0.28731487971497877,
            5.2403100657827055,
            0.7312322923256123,
            -0.38646580678969433
        ],
        [
            0.7354997018876112,
            -9.242444723192053,
            82.38982139800925,
            -32.28146616644235,
            42.95794106328126,
            -3740.862397390062,
            2215.5588937724583,
            2124.758892431469,
            -3.4795021853956425,
            -1.3431063485937902,
            -0.023316543597006578,
            0.10874880672395966,
            -1.9045012514580777,
            0.0993073154646385,
            -0.3445056890894577,
            -6.174627037339435,
            -0.995402255845995,
            0.35198928077553676
        ],
        [
            -95.59500716488091,
            927.9872142839456,
            -7019.9979386124,
            2988.1786209581574,
            -3740.862397390062,
            406332.16383648606,
            -154734.30119732628,
            -232191.0870276176,
            337.5414904291331,
            137.20302418842994,
            3.1404489055030473,
            -13.660957002410154,
            163.92216226240083,
            -14.278640143097675,
            37.58392046206462,
            583.2873089943612,
            31.395868099214503,
            -33.10623828585197
        ],
        [
            21.269526294501,
            -440.4810921130462,
            4767.6016031558775,
            -1902.2821348054708,
            2215.5588937724583,
            -154734.30119732628,
            180357.09123444997,
            68472.40914659547,
            -170.3854060411849,
            -61.54681064032925,
            -0.2983999742244847,
            0.8240520787966343,
            -121.97040155231372,
            1.1580956550143742,
            -13.393346861836239,
            -323.8454819906279,
            -101.71882201265196,
            25.923466170531817
        ],
        [
            57.7209166001936,
            -521.230954436025,
            3423.954731841236,
            -1427.2895657936106,
            2124.758892431469,
            -232191.0870276176,
            68472.40914659547,
            179469.39366457236,
            -192.23548450131383,
            -81.87078338537708,
            -1.9436665403838882,
            9.87035477487886,
            -72.05464177111003,
            10.20829027585884,
            -22.50469433082648,
            -344.20628356683255,
            -1.907036095007626,
            14.153811568243825
        ],
        [
            -0.07393027964754596,
            0.8348709693565475,
            -6.896624171458528,
            2.869871747086582,
            -3.4795021853956425,
            337.5414904291331,
            -170.3854060411849,
            -192.23548450131383,
            0.31757882578637414,
            0.12280596391969352,
            0.0023083027055002753,
            -0.01000725742183962,
            0.16460534782796166,
            -0.010109698574215962,
            0.03185733829997888,
            0.549694130234153,
            0.07208033303065156,
            -0.03204718204639033
        ],
        [
            -0.029149931348401794,
            0.3383667537566699,
            -2.4945464592813718,
            1.0983914509840835,
            -1.3431063485937902,
            137.20302418842994,
            -61.54681064032925,
            -81.87078338537708,
            0.12280596391969352,
            0.050515053182466685,
            0.0011211940422359555,
            -0.004426475671278409,
            0.060345223756819805,
            -0.0045702175441762055,
            0.012867895895207461,
            0.2168143576747461,
            0.01567521985125001,
            -0.013777638216774558
        ],
        [
            -0.0006678831276371957,
            0.007372223465959144,
            -0.032273814575663334,
            0.015406269091942218,
            -0.023316543597006578,
            3.1404489055030473,
            -0.2983999742244847,
            -1.9436665403838882,
            0.0023083027055002753,
            0.0011211940422359555,
            5.202302778621506e-05,
            -0.00015843678831895642,
            0.0006602631036606865,
            -0.000156361785125218,
            0.0002849828726882717,
            0.0036510297655331036,
            -0.00098555869193826,
            -0.00023532602214988295
        ],
        [
            0.0035060077258399127,
            -0.029111224870368376,
            0.16307902769419882,
            -0.06156097066108763,
            0.10874880672395966,
            -13.660957002410154,
            0.8240520787966343,
            9.87035477487886,
            -0.01000725742183962,
            -0.004426475671278409,
            -0.00015843678831895642,
            0.000785039272443929,
            -0.0028811621689508256,
            0.0006356495816282938,
            -0.0012791440883991706,
            -0.015660778619810658,
            0.0030906700951529504,
            0.0002731938192208368
        ],
        [
            -0.035027261424555936,
            0.4537598281840274,
            -4.518723555932074,
            1.8560099203854068,
            -1.9045012514580777,
            163.92216226240083,
            -121.97040155231372,
            -72.05464177111003,
            0.16460534782796166,
            0.060345223756819805,
            0.0006602631036606865,
            -0.0028811621689508256,
            0.11742771466140993,
            -0.002804782928096739,
            0.015765730519097763,
            0.29872595108842204,
            0.048439812147711606,
            -0.022678566488433975
        ],
        [
            0.004255843525014412,
            -0.029745589098732567,
            0.1629276573125356,
            -0.07047044133812753,
            0.0993073154646385,
            -14.278640143097675,
            1.1580956550143742,
            10.20829027585884,
            -0.010109698574215962,
            -0.0045702175441762055,
            -0.000156361785125218,
            0.0006356495816282938,
            -0.002804782928096739,
            0.001041813358010448,
            -0.0013664934046947344,
            -0.01722726728361137,
            0.0036551390127203625,
            0.0009052508883897445
        ],
        [
            -0.009316179913447372,
            0.08830957188610815,
            -0.6690277818575431,
            0.28731487971497877,
            -0.3445056890894577,
            37.58392046206462,
            -13.393346861836239,
            -22.50469433082648,
            0.03185733829997888,
            0.012867895895207461,
            0.0002849828726882717,
            -0.0012791440883991706,
            0.015765730519097763,
            -0.0013664934046947344,
            0.0038153916464654563,
            0.05606005734466534,
            0.0014600575057343937,
            -0.0032027788517185306
        ],
        [
            -0.12382855807539458,
            1.460777642459219,
            -12.291033089815842,
            5.2403100657827055,
            -6.174627037339435,
            583.2873089943612,
            -323.8454819906279,
            -344.20628356683255,
