{
    "R": [
        [
            0.0061314445814674556,
            2.3740573304533678e-05,
            -0.0010020336010492016,
            0.00046984488455239484,
            -9.981526533017449e-05,
            -0.0038213619599339354,
            0.015064470217757682,
            -0.015216350715607608,
            -8.847793825028552e-06,
            -1.1748764508110843e-05,
            3.833413111572085e-06,
            -2.6394933774130695e-06,
            7.809207484875185e-06,
            -2.9036481364332905e-06,
            1.345823509426729e-06,
            0.0004251502988121836,
            -1.981289406079591e-05,
            -0.0002361676169948247
        ],
        [
            0.0,
            0.0663770384181785,
            -0.0024541600153434487,
            0.00039124096291564983,
            0.00030713084590238923,
            0.018850787615099368,
            0.19516643696755714,
            0.0486934458653783,
            -3.248467877762367e-05,
            5.504725500664881e-06,
            -2.9067124055683054e-06,
            2.878277411767481e-06,
            -3.402519950608368e-05,
            1.2621379821617974e-05,
            1.8363676492829981e-06,
            -0.001143782225940628,
            0.00025224070040671715,
            -0.00041926180167537223
        ],
        [
            0.0,
            0.0,
            1.6116529969982685,
            -0.0028068989580145795,
            0.000424396472506904,
            -0.013362649576936487,
            0.013687955555650205,
            0.03424840192103125,
            3.1888883178502455e-05,
            3.766824181888757e-05,
            -9.279642070188167e-06,
            -3.2679564442858735e-06,
            -2.096905694203395e-05,
            -5.786161842179377e-06,
            2.4968335188093457e-06,
            -0.0018806782274878983,
            8.086773812361291e-06,
            0.00041894631376247516
        ],
        [
            0.0,
            0.0,
            0.0,
            0.43335925026544736,
            -0.0011022195804610553,
            0.013939161409895462,
            -0.006607620758368402,
            -0.05781450147963659,
            -5.441017676149003e-05,
            -5.184069654773789e-05,
            1.6262695409576123e-05,
            6.207955827588876e-06,
            3.4009378815185565e-05,
            2.713757746157519e-06,
            -1.9124162190938125e-06,
            0.0028082375627179095,
            -0.00019095620920572134,
            -0.0005624108048238928
        ],
        [
            0.0,
            0.0,
            0.0,
            0.0,
            0.6865397432179966,
            0.00010518013011168082,
            -0.035795667632489786,
            0.01056965416195096,
            2.375715502612144e-05,
            1.3459967428476925e-06,
            -5.350439208749816e-06,
            -5.127338092217826e-06,
            -4.3826686959924186e-06,
            4.24955505809204e-06,
            -1.5540731520875289e-06,
            -0.0003877005217441359,
            0.00025102992919374424,
            4.755659774675273e-06
        ],
        [
            0.0,
            0.0,
            0.0,
            0.0,
            0.0,
            4.652367331186349,
            0.031132795473524592,
            0.01896188385949779,
            -1.7701530148335427e-05,
            -4.719981762508517e-06,
            -1.1914709452297699e-06,
            7.508030240093549e-06,
            -1.0436265788002441e-05,
            1.3544786336004805e-05,
            -3.4580382675643876e-06,
            0.0001909037716055773,
            0.0001269935304706806,
            -4.2133726125954454e-05
        ],
        [
            0.0,
            0.0,
            0.0,
            0.0,
            0.0,
            0.0,
            46.223715446532395,
            0.022605080073853905,
            -2.98016189018895e-05,
            1.2275586600852143e-05,
            1.3468756796927054e-06,
            4.389523410892622e-06,
            -1.8419921855481146e-05,
            -8.674373166778894e-07,
            3.77340908789728e-06,
            -0.0007845029754271178,
            -0.00012012685587382097,
            -0.0001251722788756242
        ],
        [
            0.0,
            0.0,
            0.0,
            0.0,
            0.0,
            0.0,
            0.0,
            17.723980094796815,
            1.005618597837969e-05,
            2.7022082992673758e-05,
            -8.333748976410881e-06,
            1.8258251893444364e-06,
            -2.7337595256563847e-05,
            5.078812288132734e-06,
            3.17513842725792e-07,
            -0.0015306003854590473,
            0.000124487955793136,
            0.00022432159020589523
        ],
        [
            0.0,
            0.0,
            0.0,
            0.0,
            0.0,
            0.0,
            0.0,
            0.0,
            0.012891542384581746,
            1.1490111867598267e-05,
            -1.0041125654782961e-05,
            -8.102666527680394e-06,
            -3.7991638145357303e-06,
            2.583039868784855e-06,
            -2.6860680631328998e-06,
            -0.0007599824056783399,
            0.0003071057438324661,
            0.0002739393208537443
        ],
        [
            0.0,
            0.0,
            0.0,
            0.0,
            0.0,
            0.0,
            0.0,
            0.0,
            0.0,
            0.009817412691228143,
            -9.290291041593148e-06,
            3.3679943515889527e-06,
            -3.0216452439974e-05,
            -7.204850335333144e-07,
            1.749491996981035e-06,
            -0.0019885563466391747,
            -3.895917635052822e-05,
            0.0004753146989309369
        ],
        [
            0.0,
            0.0,
            0.0,
            0.0,
            0.0,
            0.0,
            0.0,
            0.0,
            0.0,
            0.0,
            0.0033780686199398275,
            2.985895802381689e-06,
            2.3685467610225986e-05,
            -6.492389987080011e-06,
            1.6798056770645496e-06,
            0.0015973977221936054,
            -0.0002918120920804971,
            -0.00033125503473706156
        ],
        [
            0.0,
            0.0,
            0.0,
            0.0,
            0.0,
            0.0,
            0.0,
            0.0,
            0.0,
            0.0,
            0.0,
            0.0035456764865448003,
            -7.0300631021043934e-06,
            1.058437501021599e-06,
            2.2033058804586176e-07,
            3.078978180526107e-05,
            -0.0002653334810821154,
            0.00017885240374153135
        ],
        [
            0.0,
            0.0,
            0.0,
            0.0,
            0.0,
            0.0,
            0.0,
            0.0,
            0.0,
            0.0,
            0.0,
            0.0,
            0.0077852940535984285,
            -5.678451823527339e-06,
            -1.476000164868943e-06,
            0.002154604499443381,
            -0.00012101687232553266,
            -0.000260979901674041
        ],
        [
            0.0,
            0.0,
            0.0,
            0.0,
            0.0,
            0.0,
            0.0,
            0.0,
            0.0,
            0.0,
            0.0,
            0.0,
            0.0,
            0.004911043731651926,
            -3.0685634988916653e-06,
            -0.00016364969558995,
            0.000244539684235178,
            -1.3665231661023532e-05
        ],
        [
            0.0,
            0.0,
            0.0,
            0.0,
            0.0,
            0.0,
            0.0,
            0.0,
            0.0,
            0.0,
            0.0,
            0.0,
            0.0,
            0.0,
            0.00250259114690648,
            -0.00037372792736933234,
            -0.00014763977504290271,
            -6.840185142631271e-05
        ],
        [
            0.0,
            0.0,
            0.0,
            0.0,
            0.0,
            0.0,
            0.0,
            0.0,
            0.0,
            0.0,
            0.0,
            0.0,
            0.0,
            0.0,
            0.0,
            0.3928454660458749,
            -0.0001445697944929837,
            -0.00040214560871097477
        ],
        [
            0.0,
            0.0,
            0.0,
            0.0,
            0.0,
            0.0,
            0.0,
            0.0,
            0.0,
            0.0,
            0.0,
            0.0,
            0.0,
            0.0,
            0.0,
            0.0,
            0.10678217644743075,
            -0.00010820266628442045
        ],
        [
            0.0,
            0.0,
            0.0,
            0.0,
            0.0,
            0.0,
            0.0,
            0.0,
            0.0,
            0.0,
            0.0,
            0.0,
            0.0,
            0.0,
            0.0,
            0.0,
            0.0,
            0.23594138500068562
        ]
    ],
    "RDR": [
        [
            [
                0.0061314445814674556,
                2.3740573304533678e-05,
                -0.0010020336010492016,
                0.00046984488455239484,
                -9.981526533017449e-05,
                -0.0038213619599339354,
                0.015064470217757682,
                -0.015216350715607608,
                -8.847793825028552e-06,
                -1.1748764508110843e-05,
                3.833413111572085e-06,
                -2.6394933774130695e-06,
                7.809207484875185e-06,
                -2.9036481364332905e-06,
                1.345823509426729e-06,
                0.0004251502988121836,
                -1.981289406079591e-05,
                -0.0002361676169948247
            ],
            [
                0.0,
                0.0663770384181785,
                -0.0024541600153434487,
                0.00039124096291564983,
                0.00030713084590238923,
                0.018850787615099368,
                0.19516643696755714,
                0.0486934458653783,
                -3.248467877762367e-05,
                5.504725500664881e-06,
                -2.9067124055683054e-06,
                2.878277411767481e-06,
                -3.402519950608368e-05,
                1.2621379821617974e-05,
                1.8363676492829981e-06,
                -0.001143782225940628,
                0.00025224070040671715,
                -0.00041926180167537223
            ],
            [
                0.0,
                0.0,
                1.6116529969982685,
                -0.0028068989580145795,
                0.000424396472506904,
                -0.013362649576936487,
                0.013687955555650205,
                0.03424840192103125,
                3.1888883178502455e-05,
                3.766824181888757e-05,
                -9.279642070188167e-06,
                -3.2679564442858735e-06,
                -2.096905694203395e-05,
                -5.786161842179377e-06,
                2.4968335188093457e-06,
                -0.0018806782274878983,
                8.086773812361291e-06,
                0.00041894631376247516
            ],
            [
                0.0,
                0.0,
                0.0,
                0.43335925026544736,
                -0.0011022195804610553,
                0.013939161409895462,
                -0.006607620758368402,
                -0.05781450147963659,
                -5.441017676149003e-05,
                -5.184069654773789e-05,
                1.6262695409576123e-05,
                6.207955827588876e-06,
                3.4009378815185565e-05,
                2.713757746157519e-06,
                -1.9124162190938125e-06,
                0.0028082375627179095,
                -0.00019095620920572134,
                -0.0005624108048238928
            ],
            [
                0.0,
                0.0,
                0.0,
                0.0,
                0.6865397432179966,
                0.00010518013011168082,
                -0.035795667632489786,
                0.01056965416195096,
                2.375715502612144e-05,
                1.3459967428476925e-06,
                -5.350439208749816e-06,
                -5.127338092217826e-06,
                -4.3826686959924186e-06,
                4.24955505809204e-06,
                -1.5540731520875289e-06,
                -0.0003877005217441359,
                0.00025102992919374424,
                4.755659774675273e-06
            ],
            [
                0.0,
                0.0,
                0.0,
                0.0,
                0.0,
                4.652367331186349,
                0.031132795473524592,
                0.01896188385949779,
                -1.7701530148335427e-05,
                -4.719981762508517e-06,
                -1.1914709452297699e-06,
                7.508030240093549e-06,
                -1.0436265788002441e-05,
                1.3544786336004805e-05,
                -3.4580382675643876e-06,
                0.0001909037716055773,
                0.0001269935304706806,
                -4.2133726125954454e-05
            ],
            [
                0.0,
                0.0,
                0.0,
                0.0,
                0.0,
                0.0,
                46.223715446532395,
                0.022605080073853905,
                -2.98016189018895e-05,
                1.2275586600852143e-05,
                1.3468756796927054e-06,
                4.389523410892622e-06,
                -1.8419921855481146e-05,
                -8.674373166778894e-07,
                3.77340908789728e-06,
                -0.0007845029754271178,
                -0.00012012685587382097,
                -0.0001251722788756242
            ],
            [
                0.0,
                0.0,
                0.0,
                0.0,
                0.0,
                0.0,
                0.0,
                17.723980094796815,
                1.005618597837969e-05,
                2.7022082992673758e-05,
                -8.333748976410881e-06,
                1.8258251893444364e-06,
                -2.7337595256563847e-05,
                5.078812288132734e-06,
                3.17513842725792e-07,
                -0.0015306003854590473,
                0.000124487955793136,
                0.00022432159020589523
            ],
            [
                0.0,
                0.0,
                0.0,
                0.0,
                0.0,
                0.0,
                0.0,
                0.0,
                0.012891542384581746,
                1.1490111867598267e-05,
                -1.0041125654782961e-05,
                -8.102666527680394e-06,
                -3.7991638145357303e-06,
                2.583039868784855e-06,
                -2.6860680631328998e-06,
                -0.0007599824056783399,
                0.0003071057438324661,
                0.0002739393208537443
            ],
            [
                0.0,
                0.0,
                0.0,
                0.0,
                0.0,
                0.0,
                0.0,
                0.0,
                0.0,
                0.009817412691228143,
                -9.290291041593148e-06,
                3.3679943515889527e-06,
                -3.0216452439974e-05,
                -7.204850335333144e-07,
                1.749491996981035e-06,
                -0.0019885563466391747,
                -3.895917635052822e-05,
                0.0004753146989309369
            ],
            [
                0.0,
                0.0,
                0.0,
                0.0,
                0.0,
                0.0,
                0.0,
                0.0,
                0.0,
                0.0,
                0.0033780686199398275,
                2.985895802381689e-06,
                2.3685467610225986e-05,
                -6.492389987080011e-06,
                1.6798056770645496e-06,
                0.0015973977221936054,
                -0.0002918120920804971,
                -0.00033125503473706156
            ],
            [
                0.0,
                0.0,
                0.0,
                0.0,
                0.0,
                0.0,
                0.0,
                0.0,
                0.0,
                0.0,
                0.0,
                0.0035456764865448003,
                -7.0300631021043934e-06,
                1.058437501021599e-06,
                2.2033058804586176e-07,
                3.078978180526107e-05,
                -0.0002653334810821154,
                0.00017885240374153135
            ],
            [
                0.0,
                0.0,
                0.0,
                0.0,
                0.0,
                0.0,
                0.0,
                0.0,
                0.0,
                0.0,
                0.0,
                0.0,
                0.0077852940535984285,
                -5.678451823527339e-06,
                -1.476000164868943e-06,
                0.002154604499443381,
                -0.00012101687232553266,
                -0.000260979901674041
            ],
            [
                0.0,
                0.0,
                0.0,
                0.0,
                0.0,
                0.0,
                0.0,
                0.0,
                0.0,
                0.0,
                0.0,
                0.0,
                0.0,
                0.004911043731651926,
                -3.0685634988916653e-06,
                -0.00016364969558995,
                0.000244539684235178,
                -1.3665231661023532e-05
            ],
            [
                0.0,
                0.0,
                0.0,
                0.0,
                0.0,
                0.0,
                0.0,
                0.0,
                0.0,
                0.0,
                0.0,
                0.0,
                0.0,
                0.0,
                0.00250259114690648,
                -0.00037372792736933234,
                -0.00014763977504290271,
                -6.840185142631271e-05
            ],
            [
                0.0,
                0.0,
                0.0,
                0.0,
                0.0,
                0.0,
                0.0,
                0.0,
                0.0,
                0.0,
                0.0,
                0.0,
                0.0,
                0.0,
                0.0,
                0.3928454660458749,
                -0.0001445697944929837,
                -0.00040214560871097477
            ],
            [
                0.0,
                0.0,
                0.0,
                0.0,
                0.0,
                0.0,
                0.0,
                0.0,
                0.0,
                0.0,
                0.0,
                0.0,
                0.0,
                0.0,
                0.0,
                0.0,
                0.10678217644743075,
                -0.00010820266628442045
            ],
            [
                0.0,
                0.0,
                0.0,
                0.0,
                0.0,
                0.0,
                0.0,
                0.0,
                0.0,
                0.0,
                0.0,
                0.0,
                0.0,
                0.0,
                0.0,
                0.0,
                0.0,
                0.23594138500068562
            ]
        ],
        [
            [
                0.0012262889162934912,
                4.748114660906736e-06,
                -0.0002004067202098403,
                9.396897691047898e-05,
                -1.99630530660349e-05,
                -0.0007642723919867871,
                0.0030128940435515364,
                -0.003043270143121522,
                -1.7695587650057105e-06,
                -2.3497529016221686e-06,
                7.66682622314417e-07,
                -5.278986754826139e-07,
                1.5618414969750372e-06,
                -5.807296272866582e-07,
                2.691647018853458e-07,
                8.503005976243673e-05,
                -3.962578812159182e-06,
                -4.723352339896494e-05
            ],
            [
                0.0,
                0.013275407683635701,
                -0.0004908320030686898,
                7.824819258312997e-05,
                6.142616918047785e-05,
                0.0037701575230198736,
                0.03903328739351143,
                0.00973868917307566,
                -6.496935755524734e-06,
                1.1009451001329762e-06,
                -5.813424811136611e-07,
                5.756554823534962e-07,
                -6.805039901216736e-06,
                2.524275964323595e-06,
                3.672735298565996e-07,
                -0.0002287564451881256,
                5.044814008134343e-05,
                -8.385236033507445e-05
            ],
            [
                0.0,
                0.0,
                0.3223305993996537,
                -0.0005613797916029159,
                8.48792945013808e-05,
                -0.0026725299153872975,
                0.002737591111130041,
                0.0068496803842062505,
                6.377776635700491e-06,
                7.533648363777515e-06,
                -1.8559284140376335e-06,
                -6.535912888571747e-07,
                -4.19381138840679e-06,
                -1.1572323684358755e-06,
                4.993667037618691e-07,
                -0.0003761356454975797,
                1.6173547624722583e-06,
                8.378926275249503e-05
            ],
            [
                0.0,
                0.0,
                0.0,
                0.08667185005308947,
                -0.00022044391609221106,
                0.0027878322819790925,
                -0.0013215241516736805,
                -0.011562900295927318,
                -1.0882035352298007e-05,
                -1.0368139309547579e-05,
                3.2525390819152246e-06,
                1.2415911655177753e-06,
                6.801875763037113e-06,
                5.427515492315038e-07,
                -3.824832438187625e-07,
                0.0005616475125435819,
                -3.819124184114427e-05,
                -0.00011248216096477857
            ],
            [
                0.0,
                0.0,
                0.0,
                0.0,
                0.13730794864359933,
                2.1036026022336165e-05,
                -0.007159133526497958,
                0.0021139308323901923,
                4.751431005224288e-06,
                2.691993485695385e-07,
                -1.0700878417499632e-06,
                -1.0254676184435653e-06,
                -8.765337391984837e-07,
                8.49911011618408e-07,
                -3.108146304175058e-07,
                -7.754010434882718e-05,
                5.020598583874885e-05,
                9.511319549350547e-07
            ],
            [
                0.0,
                0.0,
                0.0,
                0.0,
                0.0,
                0.9304734662372699,
                0.006226559094704919,
                0.0037923767718995582,
                -3.5403060296670854e-06,
                -9.439963525017035e-07,
                -2.3829418904595397e-07,
                1.50160604801871e-06,
                -2.0872531576004885e-06,
                2.708957267200961e-06,
                -6.916076535128776e-07,
                3.818075432111546e-05,
                2.539870609413612e-05,
                -8.426745225190892e-06
            ],
            [
                0.0,
                0.0,
                0.0,
                0.0,
                0.0,
                0.0,
                9.24474308930648,
                0.004521016014770781,
                -5.9603237803779e-06,
                2.4551173201704287e-06,
                2.6937513593854107e-07,
                8.779046821785244e-07,
                -3.6839843710962293e-06,
                -1.734874633355779e-07,
                7.54681817579456e-07,
                -0.00015690059508542358,
                -2.4025371174764198e-05,
                -2.503445577512484e-05
            ],
            [
                0.0,
                0.0,
                0.0,
                0.0,
                0.0,
                0.0,
                0.0,
                3.5447960189593632,
                2.011237195675938e-06,
                5.404416598534752e-06,
                -1.6667497952821763e-06,
                3.651650378688873e-07,
                -5.46751905131277e-06,
                1.0157624576265468e-06,
                6.35027685451584e-08,
                -0.0003061200770918095,
                2.48975911586272e-05,
                4.486431804117905e-05
            ],
            [
                0.0,
                0.0,
                0.0,
                0.0,
                0.0,
                0.0,
                0.0,
                0.0,
                0.0025783084769163494,
                2.2980223735196535e-06,
                -2.0082251309565924e-06,
                -1.6205333055360789e-06,
                -7.598327629071461e-07,
                5.166079737569711e-07,
                -5.3721361262658e-07,
                -0.00015199648113566798,
                6.142114876649323e-05,
                5.4787864170748865e-05
            ],
            [
                0.0,
                0.0,
                0.0,
                0.0,
                0.0,
                0.0,
                0.0,
                0.0,
                0.0,
                0.001963482538245629,
                -1.8580582083186297e-06,
                6.735988703177906e-07,
                -6.0432904879948e-06,
                -1.440970067066629e-07,
                3.49898399396207e-07,
                -0.00039771126932783496,
                -7.791835270105644e-06,
                9.506293978618738e-05
            ],
            [
                0.0,
                0.0,
                0.0,
                0.0,
                0.0,
                0.0,
                0.0,
                0.0,
                0.0,
                0.0,
                0.0006756137239879655,
                5.971791604763378e-07,
                4.737093522045198e-06,
                -1.2984779974160023e-06,
                3.359611354129099e-07,
                0.0003194795444387211,
                -5.8362418416099424e-05,
                -6.625100694741232e-05
            ],
            [
                0.0,
                0.0,
                0.0,
                0.0,
                0.0,
                0.0,
                0.0,
                0.0,
                0.0,
                0.0,
                0.0,
                0.0007091352973089601,
                -1.4060126204208788e-06,
                2.116875002043198e-07,
                4.406611760917235e-08,
                6.157956361052215e-06,
                -5.3066696216423085e-05,
                3.5770480748306274e-05
            ],
            [
                0.0,
                0.0,
                0.0,
                0.0,
                0.0,
                0.0,
                0.0,
                0.0,
                0.0,
                0.0,
                0.0,
                0.0,
                0.0015570588107196859,
                -1.1356903647054679e-06,
                -2.9520003297378863e-07,
                0.00043092089988867616,
                -2.420337446510653e-05,
                -5.21959803348082e-05
            ],
            [
                0.0,
                0.0,
                0.0,
                0.0,
                0.0,
                0.0,
                0.0,
                0.0,
                0.0,
                0.0,
                0.0,
                0.0,
                0.0,
                0.0009822087463303853,
                -6.137126997783331e-07,
                -3.272993911799e-05,
                4.89079368470356e-05,
                -2.7330463322047065e-06
            ],
            [
                0.0,
                0.0,
                0.0,
                0.0,
                0.0,
                0.0,
                0.0,
                0.0,
                0.0,
                0.0,
                0.0,
                0.0,
                0.0,
                0.0,
                0.000500518229381296,
                -7.474558547386647e-05,
                -2.9527955008580545e-05,
                -1.3680370285262543e-05
            ],
            [
                0.0,
                0.0,
                0.0,
                0.0,
                0.0,
                0.0,
                0.0,
                0.0,
                0.0,
                0.0,
                0.0,
                0.0,
                0.0,
                0.0,
                0.0,
                0.07856909320917499,
                -2.8913958898596742e-05,
                -8.042912174219496e-05
            ],
            [
                0.0,
                0.0,
                0.0,
                0.0,
                0.0,
                0.0,
                0.0,
                0.0,
                0.0,
                0.0,
                0.0,
                0.0,
                0.0,
                0.0,
                0.0,
                0.0,
                0.02135643528948615,
                -2.164053325688409e-05
            ],
            [
                0.0,
                0.0,
                0.0,
                0.0,
                0.0,
                0.0,
                0.0,
                0.0,
                0.0,
                0.0,
                0.0,
                0.0,
                0.0,
                0.0,
                0.0,
                0.0,
                0.0,
                0.04718827700013713
            ]
        ]
    ],
    "allnames": [
        "m1_flow_nominal",
        "m2_flow_nominal",
        "tau1",
        "tau2",
        "tau_m",
        "nominalUa.hasValue",
        "workingPressure.hasValue",
        "flowCoefficient.hasValue",
        "waterFlowRateMax",
        "c1",
        "c2",
        "c3",
        "c4",
        "eps_motor",
        "f_motorToAir",
        "kp",
        "Ti",
        "Td"
    ],
    "alpha_count": 1254,
    "cov": [
        [
            0.012474761155234477,
            0.33511219935633246,
            1.3086315977329297,
            0.4627464798173814,
            1.13543922476976,
            -7.824098443009278,
            97.34557588576834,
            4.618278044472142,
            0.029143717543487532,
            0.035057855906133535,
            -0.005757065831967303,
            0.006670013673161322,
            0.00699996073138315,
            -0.0006702256715999565,
            -0.00015161113640117351,
            -0.3926620508465291,
            -0.339488005767205,
            -0.35712718261303694
        ],
        [
            0.33511219935633246,
            15.168417252452615,
            31.946798078062034,
            10.137832360080143,
            40.70609883588851,
            -303.88937193374727,
            3668.235834140367,
            123.34631825981842,
            1.5522497875667391,
            1.3626348250938214,
            -0.2982082834531418,
            0.15878985369497448,
            -0.014158976695956966,
            -0.035646128894737464,
            -0.01950695871471889,
            -7.283542857679199,
            -13.65489658080433,
            -16.01737941295031
        ],
        [
            1.3086315977329297,
            31.946798078062034,
            585.7912431338,
            65.82320219461621,
            119.6871598884269,
            -414.4791350058739,
            13910.2408382982,
            541.9063119322982,
            1.310118438168382,
            3.890834728768525,
            0.07705959564278678,
            0.9545904533926207,
            1.7266726227893272,
            -0.17061321323274398,
            0.06028477625677022,
            -29.991427550931967,
            -46.01643715963018,
            -16.171957005312255
        ],
        [
            0.4627464798173814,
            10.137832360080143,
            65.82320219461621,
            25.61555172939476,
            37.51627419681722,
            -137.1786671105238,
            2922.321737181497,
            4.787704490472813,
            0.5047630154665739,
            1.0088738013008316,
            -0.054476467037324734,
            0.24790824501790623,
            0.43004146418839795,
            -0.0152412062965241,
            0.0010563076217469608,
            -19.551463711697114,
            -10.727036466147158,
            -7.2661848384746905
        ],
        [
            1.13543922476976,
            40.70609883588851,
            119.6871598884269,
            37.51627419681722,
            157.96579807746573,
            -1009.0653824127054,
            11680.967424498382,
            787.1034146742082,
            3.966645913877245,
            4.611354879560276,
            -0.8989826811118226,
            0.7297592387401226,
            0.4702601814105243,
            -0.13873585842888606,
            -0.044448620279943216,
            -37.39751478214821,
            -45.022569864866156,
            -43.19533975465184
        ],
        [
            -7.824098443009278,
            -303.88937193374727,
            -414.4791350058739,
            -137.1786671105238,
            -1009.0653824127054,
            10804.621577069014,
            -88929.06914853309,
            -5348.925703287753,
            -38.81055742138047,
            -35.9038348299302,
            9.032381808615217,
            -4.929199243475115,
            0.8383547567064644,
            1.1629226558507655,
            0.38638799538369734,
            93.0347175714901,
            324.3196087932258,
            414.64320263606805
        ],
        [
            97.34557588576834,
            3668.235834140367,
            13910.2408382982,
            2922.321737181497,
            11680.967424498382,
            -88929.06914853309,
            1088872.9662400451,
            56721.327129698606,
            363.09569245466025,
            394.2612645149427,
            -75.48658521262777,
            60.67957804640048,
            30.48413448695189,
            -10.791918128088179,
            -4.062314002474757,
            -2096.4009222851005,
            -3875.335748487588,
            -3850.948368363252
        ],
        [
            4.618278044472142,
            123.34631825981842,
            541.9063119322982,
            4.787704490472813,
            787.1034146742082,
            -5348.925703287753,
            56721.327129698606,
            19398.96726670075,
            15.654341947696198,
            23.95400522127952,
            -5.66764513404044,
            4.499476617106798,
            4.2237587216367976,
            -0.0630682455320953,
            -0.04072187965737518,
            -32.032796921492675,
            -215.20036188754793,
            -170.11429422386925
        ],
        [
            0.029143717543487532,
            1.5522497875667391,
            1.310118438168382,
            0.5047630154665739,
            3.966645913877245,
            -38.81055742138047,
            363.09569245466025,
            15.654341947696198,
            0.1962445810527997,
            0.14528144073774588,
            -0.03964549578565692,
            0.012231189453475235,
            -0.019028450848339422,
            -0.0040097262190888884,
            -0.002122223216054356,
            -0.049365768822657016,
            -1.4038851144059667,
            -1.898128519739667
        ],
        [
            0.035057855906133535,
            1.3626348250938214,
            3.890834728768525,
            1.0088738013008316,
            4.611354879560276,
            -35.9038348299302,
            394.2612645149427,
            23.95400522127952,
            0.14528144073774588,
            0.155181266499095,
            -0.032667811076032394,
            0.022825481140336154,
            0.007285004926694968,
            -0.004243769595707121,
            -0.0017869264290817453,
            -0.6845497961131825,
            -1.4912569297603018,
            -1.4750469150144567
        ],
        [
            -0.005757065831967303,
            -0.2982082834531418,
            0.07705959564278678,
            -0.054476467037324734,
            -0.8989826811118226,
            9.032381808615217,
            -75.48658521262777,
            -5.66764513404044,
            -0.03964549578565692,
            -0.032667811076032394,
            0.009611932021615425,
            -0.0032036032271980626,
            0.0036348144215853366,
            0.0008956044374104157,
            0.0005792751032179116,
            -0.0061544575689578395,
            0.29758362494904206,
            0.3763038999650127
        ],
        [
            0.006670013673161322,
            0.15878985369497448,
            0.9545904533926207,
            0.24790824501790623,
            0.7297592387401226,
            -4.929199243475115,
            60.67957804640048,
            4.499476617106798,
            0.012231189453475235,
            0.022825481140336154,
            -0.0032036032271980626,
            0.00527258515979538,
            0.0057849577202509035,
            -0.00048475300984901666,
            -8.381304202034064e-05,
            -0.2283857128464096,
            -0.21449885467641058,
            -0.16311647768099288
        ],
        [
            0.00699996073138315,
            -0.014158976695956966,
            1.7266726227893272,
            0.43004146418839795,
            0.4702601814105243,
            0.8383547567064644,
            30.48413448695189,
            4.2237587216367976,
            -0.019028450848339422,
            0.007285004926694968,
            0.0036348144215853366,
            0.0057849577202509035,
            0.01711617087778038,
            5.8829636266445206e-05,
            0.000512374253462759,
            -0.4634455811084294,
            -0.0738614384148034,
            0.11956123563275399
        ],
        [
            -0.0006702256715999565,
            -0.035646128894737464,
            -0.17061321323274398,
            -0.0152412062965241,
            -0.13873585842888606,
            1.1629226558507655,
            -10.791918128088179,
            -0.0630682455320953,
            -0.0040097262190888884,
            -0.004243769595707121,
            0.0008956044374104157,
            -0.00048475300984901666,
            5.8829636266445206e-05,
            0.0006125312407448317,
            8.735335969088042e-05,
            0.024159280539278724,
            0.041971870655124366,
            0.040636350937946195
        ],
        [
            -0.00015161113640117351,
            -0.01950695871471889,
            0.06028477625677022,
            0.0010563076217469608,
            -0.044448620279943216,
            0.38638799538369734,
            -4.062314002474757,
            -0.04072187965737518,
            -0.002122223216054356,
            -0.0017869264290817453,
            0.0005792751032179116,
            -8.381304202034064e-05,
            0.000512374253462759,
            8.735335969088042e-05,
            0.00020174858618921936,
            0.0017554011918438455,
            0.01748275929208493,
            0.012736820013846037
        ],
        [
            -0.3926620508465291,
            -7.283542857679199,
            -29.991427550931967,
            -19.551463711697114,
            -37.39751478214821,
            93.0347175714901,
            -2096.4009222851005,
            -32.032796921492675,
            -0.049365768822657016,
            -0.6845497961131825,
            -0.0061544575689578395,
