{
    "R": [
        [
            0.007682708890307974,
            -3.766007503099671e-05,
            -0.023482197143781518,
            -0.000569262905746246,
            0.0019979707976120935,
            0.06639585217770796,
            -0.22462475451023856,
            0.004646402341504829,
            3.5260641407331386e-05,
            -2.8457058037369804e-05,
            3.9136894098785554e-05,
            8.243404836562686e-06,
            8.474899694279683e-07,
            3.0162279074103562e-05,
            1.95643986492428e-08,
            -0.0002387137444883389,
            -0.0005893249299206698,
            -5.7072050036049955e-05
        ],
        [
            0.0,
            0.00584395000299479,
            -0.0063266830761283845,
            0.0008227009519992587,
            -0.003646488851150309,
            0.1279575063609418,
            -0.09600854279694772,
            0.0036127959932726926,
            0.00011364231790173447,
            3.632474324646565e-05,
            1.5373050243596135e-05,
            -9.91038830045793e-07,
            -7.258517795236988e-06,
            -1.4624325655031364e-05,
            4.206615220740123e-09,
            -0.0004167796226136457,
            0.00047079182010991495,
            1.2127582224742633e-05
        ],
        [
            0.0,
            0.0,
            1.96831590323982,
            -0.0013199117668781443,
            0.005913216695473576,
            0.06577828836237076,
            0.18524472953636847,
            -0.002834946434071733,
            -3.539700734888834e-05,
            -1.1281541039177045e-05,
            -2.22336647322079e-05,
            -4.624395072192198e-06,
            -1.6018489599627718e-06,
            -1.226250157287787e-06,
            -1.3936235223995597e-08,
            0.000254149843209387,
            0.00030887251631085314,
            2.3592744762098234e-06
        ],
        [
            0.0,
            0.0,
            0.0,
            0.2153040990927468,
            -0.002788780943020344,
            0.10822433767546091,
            0.035767857341141414,
            -0.0012114005899239045,
            6.815103788767069e-06,
            3.596698967888919e-05,
            -6.890613702005369e-06,
            -3.8467964747868045e-06,
            4.859574022238243e-07,
            -8.748267056858918e-06,
            5.020554470212465e-09,
            0.0002693349365137048,
            9.475619850911108e-05,
            2.2271585046279415e-05
        ],
        [
            0.0,
            0.0,
            0.0,
            0.0,
            0.70225862613953,
            0.2628435966641149,
            0.021056913515917493,
            0.0008903293198835096,
            1.967347302787611e-05,
            -8.869032953073697e-06,
            8.752353378348226e-06,
            -8.03984906586852e-07,
            -2.5126812859948816e-06,
            1.920074345023632e-05,
            6.166935443909482e-09,
            0.00019899230716269545,
            -1.537112230697511e-05,
            -3.551498941304368e-05
        ],
        [
            0.0,
            0.0,
            0.0,
            0.0,
            0.0,
            63.6778937792442,
            -0.032560832170936964,
            0.002124176756586158,
            6.708888717339137e-05,
            1.999114132619323e-05,
            1.4360447263089254e-05,
            -1.724389080520873e-06,
            -4.477010387172673e-06,
            8.642364320135623e-06,
            1.0894323276733852e-08,
            7.792880252299392e-05,
            0.00014627065852094025,
            -1.9354915270627092e-05
        ],
        [
            0.0,
            0.0,
            0.0,
            0.0,
            0.0,
            0.0,
            30.079529686084392,
            -0.004537793451485194,
            -7.811186930472422e-05,
            2.6638152289889923e-06,
            -2.888438602165783e-05,
            -4.415924784829095e-06,
            3.7338936872595724e-06,
            -8.106420842639798e-06,
            -1.0188326383734699e-08,
            0.00042313146414904687,
            4.2134301310065684e-05,
            2.5583248559556386e-05
        ],
        [
            0.0,
            0.0,
            0.0,
            0.0,
            0.0,
            0.0,
            0.0,
            2.0850147949372397,
            3.987120189533864e-05,
            1.2623401564740862e-06,
            1.2345934364038475e-05,
            1.3444973275499109e-06,
            -2.281853247309773e-06,
            3.5524497684144894e-06,
            4.476372113943969e-09,
            -0.00016536192119338575,
            3.0464463672883307e-05,
            -1.17229469656316e-05
        ],
        [
            0.0,
            0.0,
            0.0,
            0.0,
            0.0,
            0.0,
            0.0,
            0.0,
            0.01553201134419941,
            1.9510600717267394e-05,
            3.136248773491745e-05,
            1.3373513886357736e-06,
            -7.90427395163373e-06,
            5.793101659198847e-06,
            1.3002952201443275e-08,
            -0.00037379642705509617,
            0.00025067788575488446,
            -2.541538415993169e-05
        ],
        [
            0.0,
            0.0,
            0.0,
            0.0,
            0.0,
            0.0,
            0.0,
            0.0,
            0.0,
            0.0039027806647530506,
            1.4666351109445694e-06,
            -6.077543347976892e-06,
            -4.897374470011896e-06,
            -1.0609436030152693e-05,
            9.103246782554685e-09,
            0.00019822638352503735,
            0.00041745666530762407,
            1.824170988791615e-05
        ],
        [
            0.0,
            0.0,
            0.0,
            0.0,
            0.0,
            0.0,
            0.0,
            0.0,
            0.0,
            0.0,
            0.0044077737440222095,
            4.265548121710635e-06,
            -5.9083066934900436e-06,
            1.4224118846730583e-05,
            1.5137372896257233e-08,
            -0.0004229619567910359,
            1.21549519372644e-06,
            -3.927810600358633e-05
        ],
        [
            0.0,
            0.0,
            0.0,
            0.0,
            0.0,
            0.0,
            0.0,
            0.0,
            0.0,
            0.0,
            0.0,
            0.0006859603276048238,
            -3.008237257198438e-07,
            1.1545865479635352e-05,
            4.681148752869753e-09,
            -0.0005606249206544087,
            -0.00030148986940470226,
            -3.0652251335647035e-05
        ],
        [
            0.0,
            0.0,
            0.0,
            0.0,
            0.0,
            0.0,
            0.0,
            0.0,
            0.0,
            0.0,
            0.0,
            0.0,
            0.0011501801780018253,
            -3.4653147847237117e-06,
            -8.356646781317431e-09,
            0.0002840731997340112,
            -0.0002897653893527107,
            1.9267016590480594e-05
        ],
        [
            0.0,
            0.0,
            0.0,
            0.0,
            0.0,
            0.0,
            0.0,
            0.0,
            0.0,
            0.0,
            0.0,
            0.0,
            0.0,
            0.004023875316215777,
            8.568539297294184e-09,
            9.63484782985139e-06,
            -0.0001638102788287604,
            -3.0628173876137364e-05
        ],
        [
            0.0,
            0.0,
            0.0,
            0.0,
            0.0,
            0.0,
            0.0,
            0.0,
            0.0,
            0.0,
            0.0,
            0.0,
            0.0,
            0.0,
            1.7672991077321639e-06,
            -9.411652507825291e-05,
            -5.189388851074808e-05,
            -4.2005406101571115e-05
        ],
        [
            0.0,
            0.0,
            0.0,
            0.0,
            0.0,
            0.0,
            0.0,
            0.0,
            0.0,
            0.0,
            0.0,
            0.0,
            0.0,
            0.0,
            0.0,
            0.044488593537604496,
            -0.00014212916438473855,
            2.4633008739263378e-05
        ],
        [
            0.0,
            0.0,
            0.0,
            0.0,
            0.0,
            0.0,
            0.0,
            0.0,
            0.0,
            0.0,
            0.0,
            0.0,
            0.0,
            0.0,
            0.0,
            0.0,
            0.047756729044571816,
            1.4634003780849278e-05
        ],
        [
            0.0,
            0.0,
            0.0,
            0.0,
            0.0,
            0.0,
            0.0,
            0.0,
            0.0,
            0.0,
            0.0,
            0.0,
            0.0,
            0.0,
            0.0,
            0.0,
            0.0,
            0.006509342284069218
        ]
    ],
    "RDR": [
        [
            [
                0.007682708890307974,
                -3.766007503099671e-05,
                -0.023482197143781518,
                -0.000569262905746246,
                0.0019979707976120935,
                0.06639585217770796,
                -0.22462475451023856,
                0.004646402341504829,
                3.5260641407331386e-05,
                -2.8457058037369804e-05,
                3.9136894098785554e-05,
                8.243404836562686e-06,
                8.474899694279683e-07,
                3.0162279074103562e-05,
                1.95643986492428e-08,
                -0.0002387137444883389,
                -0.0005893249299206698,
                -5.7072050036049955e-05
            ],
            [
                0.0,
                0.00584395000299479,
                -0.0063266830761283845,
                0.0008227009519992587,
                -0.003646488851150309,
                0.1279575063609418,
                -0.09600854279694772,
                0.0036127959932726926,
                0.00011364231790173447,
                3.632474324646565e-05,
                1.5373050243596135e-05,
                -9.91038830045793e-07,
                -7.258517795236988e-06,
                -1.4624325655031364e-05,
                4.206615220740123e-09,
                -0.0004167796226136457,
                0.00047079182010991495,
                1.2127582224742633e-05
            ],
            [
                0.0,
                0.0,
                1.96831590323982,
                -0.0013199117668781443,
                0.005913216695473576,
                0.06577828836237076,
                0.18524472953636847,
                -0.002834946434071733,
                -3.539700734888834e-05,
                -1.1281541039177045e-05,
                -2.22336647322079e-05,
                -4.624395072192198e-06,
                -1.6018489599627718e-06,
                -1.226250157287787e-06,
                -1.3936235223995597e-08,
                0.000254149843209387,
                0.00030887251631085314,
                2.3592744762098234e-06
            ],
            [
                0.0,
                0.0,
                0.0,
                0.2153040990927468,
                -0.002788780943020344,
                0.10822433767546091,
                0.035767857341141414,
                -0.0012114005899239045,
                6.815103788767069e-06,
                3.596698967888919e-05,
                -6.890613702005369e-06,
                -3.8467964747868045e-06,
                4.859574022238243e-07,
                -8.748267056858918e-06,
                5.020554470212465e-09,
                0.0002693349365137048,
                9.475619850911108e-05,
                2.2271585046279415e-05
            ],
            [
                0.0,
                0.0,
                0.0,
                0.0,
                0.70225862613953,
                0.2628435966641149,
                0.021056913515917493,
                0.0008903293198835096,
                1.967347302787611e-05,
                -8.869032953073697e-06,
                8.752353378348226e-06,
                -8.03984906586852e-07,
                -2.5126812859948816e-06,
                1.920074345023632e-05,
                6.166935443909482e-09,
                0.00019899230716269545,
                -1.537112230697511e-05,
                -3.551498941304368e-05
            ],
            [
                0.0,
                0.0,
                0.0,
                0.0,
                0.0,
                63.6778937792442,
                -0.032560832170936964,
                0.002124176756586158,
                6.708888717339137e-05,
                1.999114132619323e-05,
                1.4360447263089254e-05,
                -1.724389080520873e-06,
                -4.477010387172673e-06,
                8.642364320135623e-06,
                1.0894323276733852e-08,
                7.792880252299392e-05,
                0.00014627065852094025,
                -1.9354915270627092e-05
            ],
            [
                0.0,
                0.0,
                0.0,
                0.0,
                0.0,
                0.0,
                30.079529686084392,
                -0.004537793451485194,
                -7.811186930472422e-05,
                2.6638152289889923e-06,
                -2.888438602165783e-05,
                -4.415924784829095e-06,
                3.7338936872595724e-06,
                -8.106420842639798e-06,
                -1.0188326383734699e-08,
                0.00042313146414904687,
                4.2134301310065684e-05,
                2.5583248559556386e-05
            ],
            [
                0.0,
                0.0,
                0.0,
                0.0,
                0.0,
                0.0,
                0.0,
                2.0850147949372397,
                3.987120189533864e-05,
                1.2623401564740862e-06,
                1.2345934364038475e-05,
                1.3444973275499109e-06,
                -2.281853247309773e-06,
                3.5524497684144894e-06,
                4.476372113943969e-09,
                -0.00016536192119338575,
                3.0464463672883307e-05,
                -1.17229469656316e-05
            ],
            [
                0.0,
                0.0,
                0.0,
                0.0,
                0.0,
                0.0,
                0.0,
                0.0,
                0.01553201134419941,
                1.9510600717267394e-05,
                3.136248773491745e-05,
                1.3373513886357736e-06,
                -7.90427395163373e-06,
                5.793101659198847e-06,
                1.3002952201443275e-08,
                -0.00037379642705509617,
                0.00025067788575488446,
                -2.541538415993169e-05
            ],
            [
                0.0,
                0.0,
                0.0,
                0.0,
                0.0,
                0.0,
                0.0,
                0.0,
                0.0,
                0.0039027806647530506,
                1.4666351109445694e-06,
                -6.077543347976892e-06,
                -4.897374470011896e-06,
                -1.0609436030152693e-05,
                9.103246782554685e-09,
                0.00019822638352503735,
                0.00041745666530762407,
                1.824170988791615e-05
            ],
            [
                0.0,
                0.0,
                0.0,
                0.0,
                0.0,
                0.0,
                0.0,
                0.0,
                0.0,
                0.0,
                0.0044077737440222095,
                4.265548121710635e-06,
                -5.9083066934900436e-06,
                1.4224118846730583e-05,
                1.5137372896257233e-08,
                -0.0004229619567910359,
                1.21549519372644e-06,
                -3.927810600358633e-05
            ],
            [
                0.0,
                0.0,
                0.0,
                0.0,
                0.0,
                0.0,
                0.0,
                0.0,
                0.0,
                0.0,
                0.0,
                0.0006859603276048238,
                -3.008237257198438e-07,
                1.1545865479635352e-05,
                4.681148752869753e-09,
                -0.0005606249206544087,
                -0.00030148986940470226,
                -3.0652251335647035e-05
            ],
            [
                0.0,
                0.0,
                0.0,
                0.0,
                0.0,
                0.0,
                0.0,
                0.0,
                0.0,
                0.0,
                0.0,
                0.0,
                0.0011501801780018253,
                -3.4653147847237117e-06,
                -8.356646781317431e-09,
                0.0002840731997340112,
                -0.0002897653893527107,
                1.9267016590480594e-05
            ],
            [
                0.0,
                0.0,
                0.0,
                0.0,
                0.0,
                0.0,
                0.0,
                0.0,
                0.0,
                0.0,
                0.0,
                0.0,
                0.0,
                0.004023875316215777,
                8.568539297294184e-09,
                9.63484782985139e-06,
                -0.0001638102788287604,
                -3.0628173876137364e-05
            ],
            [
                0.0,
                0.0,
                0.0,
                0.0,
                0.0,
                0.0,
                0.0,
                0.0,
                0.0,
                0.0,
                0.0,
                0.0,
                0.0,
                0.0,
                1.7672991077321639e-06,
                -9.411652507825291e-05,
                -5.189388851074808e-05,
                -4.2005406101571115e-05
            ],
            [
                0.0,
                0.0,
                0.0,
                0.0,
                0.0,
                0.0,
                0.0,
                0.0,
                0.0,
                0.0,
                0.0,
                0.0,
                0.0,
                0.0,
                0.0,
                0.044488593537604496,
                -0.00014212916438473855,
                2.4633008739263378e-05
            ],
            [
                0.0,
                0.0,
                0.0,
                0.0,
                0.0,
                0.0,
                0.0,
                0.0,
                0.0,
                0.0,
                0.0,
                0.0,
                0.0,
                0.0,
                0.0,
                0.0,
                0.047756729044571816,
                1.4634003780849278e-05
            ],
            [
                0.0,
                0.0,
                0.0,
                0.0,
                0.0,
                0.0,
                0.0,
                0.0,
                0.0,
                0.0,
                0.0,
                0.0,
                0.0,
                0.0,
                0.0,
                0.0,
                0.0,
                0.006509342284069218
            ]
        ],
        [
            [
                0.001536541778061595,
                -7.532015006199342e-06,
                -0.004696439428756304,
                -0.0001138525811492492,
                0.00039959415952241874,
                0.013279170435541594,
                -0.04492495090204771,
                0.0009292804683009658,
                7.0521282814662774e-06,
                -5.691411607473961e-06,
                7.827378819757111e-06,
                1.6486809673125372e-06,
                1.6949799388559367e-07,
                6.0324558148207125e-06,
                3.91287972984856e-09,
                -4.774274889766778e-05,
                -0.00011786498598413396,
                -1.1414410007209991e-05
            ],
            [
                0.0,
                0.001168790000598958,
                -0.001265336615225677,
                0.00016454019039985175,
                -0.0007292977702300619,
                0.02559150127218836,
                -0.019201708559389546,
                0.0007225591986545386,
                2.2728463580346897e-05,
                7.26494864929313e-06,
                3.0746100487192273e-06,
                -1.9820776600915862e-07,
                -1.4517035590473977e-06,
                -2.924865131006273e-06,
                8.413230441480246e-10,
                -8.335592452272914e-05,
                9.4158364021983e-05,
                2.425516444948527e-06
            ],
            [
                0.0,
                0.0,
                0.393663180647964,
                -0.0002639823533756289,
                0.0011826433390947153,
                0.013155657672474154,
                0.03704894590727369,
                -0.0005669892868143466,
                -7.079401469777667e-06,
                -2.2563082078354092e-06,
                -4.44673294644158e-06,
                -9.248790144384396e-07,
                -3.203697919925544e-07,
                -2.452500314575574e-07,
                -2.7872470447991194e-09,
                5.08299686418774e-05,
                6.177450326217063e-05,
                4.718548952419647e-07
            ],
            [
                0.0,
                0.0,
                0.0,
                0.04306081981854937,
                -0.0005577561886040688,
                0.021644867535092184,
                0.0071535714682282835,
                -0.0002422801179847809,
                1.363020757753414e-06,
                7.193397935777838e-06,
                -1.3781227404010738e-06,
                -7.693592949573609e-07,
                9.719148044476486e-08,
                -1.7496534113717838e-06,
                1.004110894042493e-09,
                5.386698730274096e-05,
                1.895123970182222e-05,
                4.454317009255883e-06
            ],
            [
                0.0,
                0.0,
                0.0,
                0.0,
                0.14045172522790603,
                0.05256871933282298,
                0.004211382703183499,
                0.00017806586397670193,
                3.934694605575222e-06,
                -1.7738065906147395e-06,
                1.7504706756696452e-06,
                -1.607969813173704e-07,
                -5.025362571989764e-07,
                3.840148690047264e-06,
                1.2333870887818966e-09,
                3.979846143253909e-05,
                -3.074224461395022e-06,
                -7.1029978826087365e-06
            ],
            [
                0.0,
                0.0,
                0.0,
                0.0,
                0.0,
                12.735578755848842,
                -0.006512166434187393,
                0.00042483535131723163,
                1.3417777434678275e-05,
                3.998228265238646e-06,
                2.872089452617851e-06,
                -3.448778161041746e-07,
                -8.954020774345346e-07,
                1.7284728640271248e-06,
                2.1788646553467705e-09,
                1.5585760504598783e-05,
                2.925413170418805e-05,
                -3.870983054125419e-06
            ],
            [
                0.0,
                0.0,
                0.0,
                0.0,
                0.0,
                0.0,
                6.015905937216878,
                -0.0009075586902970389,
                -1.5622373860944844e-05,
                5.327630457977985e-07,
                -5.776877204331566e-06,
                -8.831849569658191e-07,
                7.467787374519146e-07,
                -1.6212841685279597e-06,
                -2.03766527674694e-09,
                8.462629282980938e-05,
                8.426860262013136e-06,
                5.116649711911278e-06
            ],
            [
                0.0,
                0.0,
                0.0,
                0.0,
                0.0,
                0.0,
                0.0,
                0.417002958987448,
                7.974240379067729e-06,
                2.5246803129481727e-07,
                2.4691868728076953e-06,
                2.688994655099822e-07,
                -4.5637064946195464e-07,
                7.10489953682898e-07,
                8.952744227887938e-10,
                -3.307238423867715e-05,
                6.0928927345766616e-06,
                -2.34458939312632e-06
            ],
            [
                0.0,
                0.0,
                0.0,
                0.0,
                0.0,
                0.0,
                0.0,
                0.0,
                0.003106402268839882,
                3.902120143453479e-06,
                6.272497546983491e-06,
                2.674702777271547e-07,
                -1.580854790326746e-06,
                1.1586203318397694e-06,
                2.6005904402886553e-09,
                -7.475928541101923e-05,
                5.013557715097689e-05,
                -5.0830768319863385e-06
            ],
            [
                0.0,
                0.0,
                0.0,
                0.0,
                0.0,
                0.0,
                0.0,
                0.0,
                0.0,
                0.0007805561329506101,
                2.933270221889139e-07,
                -1.2155086695953785e-06,
                -9.794748940023794e-07,
                -2.121887206030539e-06,
                1.820649356510937e-09,
                3.9645276705007476e-05,
                8.349133306152482e-05,
                3.6483419775832305e-06
            ],
            [
                0.0,
                0.0,
                0.0,
                0.0,
                0.0,
                0.0,
                0.0,
                0.0,
                0.0,
                0.0,
                0.000881554748804442,
                8.53109624342127e-07,
                -1.1816613386980087e-06,
                2.8448237693461167e-06,
                3.027474579251447e-09,
                -8.459239135820719e-05,
                2.4309903874528804e-07,
                -7.855621200717266e-06
            ],
            [
                0.0,
                0.0,
                0.0,
                0.0,
                0.0,
                0.0,
                0.0,
                0.0,
                0.0,
                0.0,
                0.0,
                0.00013719206552096478,
                -6.016474514396876e-08,
                2.3091730959270705e-06,
                9.362297505739505e-10,
                -0.00011212498413088175,
                -6.029797388094045e-05,
                -6.130450267129407e-06
            ],
            [
                0.0,
                0.0,
                0.0,
                0.0,
                0.0,
                0.0,
                0.0,
                0.0,
                0.0,
                0.0,
                0.0,
                0.0,
                0.00023003603560036508,
                -6.930629569447424e-07,
                -1.6713293562634863e-09,
                5.6814639946802244e-05,
                -5.7953077870542146e-05,
                3.8534033180961185e-06
            ],
            [
                0.0,
                0.0,
                0.0,
                0.0,
                0.0,
                0.0,
                0.0,
                0.0,
                0.0,
                0.0,
                0.0,
                0.0,
                0.0,
                0.0008047750632431555,
                1.7137078594588368e-09,
                1.9269695659702783e-06,
                -3.276205576575208e-05,
                -6.125634775227473e-06
            ],
            [
                0.0,
                0.0,
                0.0,
                0.0,
                0.0,
                0.0,
                0.0,
                0.0,
                0.0,
                0.0,
                0.0,
                0.0,
                0.0,
                0.0,
                3.534598215464328e-07,
                -1.8823305015650584e-05,
                -1.0378777702149617e-05,
                -8.401081220314223e-06
            ],
            [
                0.0,
                0.0,
                0.0,
                0.0,
                0.0,
                0.0,
                0.0,
                0.0,
                0.0,
                0.0,
                0.0,
                0.0,
                0.0,
                0.0,
                0.0,
                0.0088977187075209,
                -2.842583287694771e-05,
                4.926601747852676e-06
            ],
            [
                0.0,
                0.0,
                0.0,
                0.0,
                0.0,
                0.0,
                0.0,
                0.0,
                0.0,
                0.0,
                0.0,
                0.0,
                0.0,
                0.0,
                0.0,
                0.0,
                0.009551345808914364,
                2.926800756169856e-06
            ],
            [
                0.0,
                0.0,
                0.0,
                0.0,
                0.0,
                0.0,
                0.0,
                0.0,
                0.0,
                0.0,
                0.0,
                0.0,
                0.0,
                0.0,
                0.0,
                0.0,
                0.0,
                0.0013018684568138438
            ]
        ]
    ],
    "allnames": [
        "m1_flow_nominal",
        "m2_flow_nominal",
        "tau1",
        "tau2",
        "tau_m",
        "nominalUa.hasValue",
        "workingPressure.hasValue",
        "flowCoefficient.hasValue",
        "waterFlowRateMax",
        "c1",
        "c2",
        "c3",
        "c4",
        "eps_motor",
        "f_motorToAir",
        "kp",
        "Ti",
        "Td"
    ],
    "alpha_count": 1416,
    "cov": [
        [
            0.0032911102348799634,
            0.003073206298466299,
            0.5644589359617895,
            -0.03993769485056615,
            0.38770389080417805,
            14.31052589691852,
            6.607134953137083,
            -0.026302746242472128,
            0.005814557122034634,
            0.005366192809634775,
            0.0003479243056441993,
            -0.00032056683332746757,
            0.001005832951149969,
            0.0012421149023187864,
            -4.17237180629187e-07,
            -0.008965953692737354,
            -0.001006145879689585,
            0.0013423609415881693
        ],
        [
            0.003073206298466299,
            0.011354555170047008,
            2.574297474810716,
            -0.0034086112130073958,
            0.7447453489108372,
            9.958163752026202,
            20.518863108474427,
            -2.1753970560252816,
            0.019081011661055813,
            0.011682979474130478,
            -0.004710719741243444,
            -0.0008789448062577378,
            0.002639037413838927,
            0.004989858260764377,
            -1.4870296452157302e-06,
            -0.015520054720213464,
            0.006495488162815747,
            0.003430635941940776
        ],
        [
            0.5644589359617895,
            2.574297474810716,
            716.1079693632129,
            -4.751271682785735,
            203.10029736859474,
            2513.3921728820824,
            4471.063947794184,
            -556.1995155726835,
            4.485199804624256,
            3.0812999483210084,
            -1.3410864929305202,
            -0.19306866136306405,
            0.6577544831902118,
            1.2906511285510969,
            -0.000323121520526804,
            -3.3100990362609806,
            2.129753079799942,
            1.0876144702182342
        ],
        [
            -0.03993769485056615,
            -0.0034086112130073958,
            -4.751271682785735,
            1.5148493294122383,
            -4.924639737332062,
            -234.4669379524704,
            25.336633012919144,
            -9.001428397591406,
            -0.013462820483058214,
            -0.06065406032927012,
            -0.029934225447042242,
            -2.1100620415775257e-05,
            -0.006410232267396438,
            -0.0008461600230012232,
            -3.85457056785606e-07,
            0.022644566883667755,
            -0.003710777966385981,
            -0.021462984916518345
        ],
        [
            0.38770389080417805,
            0.7447453489108372,
            203.10029736859474,
            -4.924639737332062,
            94.02451876014604,
            1708.8126433068062,
            1667.8850929220846,
            -123.15660123613374,
            1.5449777625611614,
            1.304756277778116,
            -0.32416210699895787,
            -0.06566006089403299,
            0.2556516312570064,
            0.4580721766736567,
            -0.00010326957522316056,
            -1.9456918715862015,
            0.08329432196490742,
            0.407428534590986
        ],
        [
            14.31052589691852,
            9.958163752026202,
            2513.3921728820824,
            -234.4669379524704,
            1708.8126433068062,
            120623.03833326235,
            12374.477761352853,
            1099.3155578439112,
            24.94014798208752,
            24.811585161070525,
            3.4218406593921635,
            -1.5460789996451425,
            3.8292184176654,
            3.6530801230861907,
            -0.0012733464419614955,
            -49.34797019939435,
            3.556021680828479,
            7.824887171343768
        ],
        [
            6.607134953137083,
            20.518863108474427,
            4471.063947794184,
            25.336633012919144,
            1667.8850929220846,
            12374.477761352853,
            63347.23040015414,
            -4210.91243701568,
            40.82596276394459,
            25.21350223374204,
            -9.852775307699314,
            -1.7733525460062391,
            5.711629062947257,
            11.530361279375144,
            -0.0027219850321634122,
            -49.04167673640449,
            -3.5123605166433536,
            6.8184801508141435
        ],
        [
            -0.026302746242472128,
            -2.1753970560252816,
            -556.1995155726835,
            -9.001428397591406,
            -123.15660123613374,
            1099.3155578439112,
            -4210.91243701568,
            627.7698049898482,
            -3.6958518939582374,
            -1.9181774996217043,
            1.463637474443302,
            0.15227950621920228,
            -0.4841508061594819,
            -1.0739632243253994,
            0.00029907755319768706,
            1.7338948301634742,
            -2.0364870128784847,
            -0.638384684780495
        ],
        [
            0.005814557122034634,
            0.019081011661055813,
            4.485199804624256,
            -0.013462820483058214,
            1.5449777625611614,
            24.94014798208752,
            40.82596276394459,
            -3.6958518939582374,
            0.037643747091608816,
            0.023842497607036647,
            -0.008640794017819595,
            -0.0016705730948701329,
            0.005085955043467123,
            0.00985088628828265,
            -2.4979718849269206e-06,
            -0.039551823126717345,
            0.006175494058270003,
            0.006612506171812325
        ],
        [
            0.005366192809634775,
            0.011682979474130478,
            3.0812999483210084,
            -0.06065406032927012,
            1.304756277778116,
            24.811585161070525,
            25.21350223374204,
            -1.9181774996217043,
            0.023842497607036647,
            0.019239276316398986,
            -0.005021689306993321,
            -0.0010370795960946953,
            0.003738999239283982,
            0.006913156408315263,
            -1.520613176928054e-06,
            -0.02941570751291309,
            0.0018394563882534929,
            0.005771318504028537
        ],
        [
            0.0003479243056441993,
            -0.004710719741243444,
            -1.3410864929305202,
            -0.029934225447042242,
            -0.32416210699895787,
            3.4218406593921635,
            -9.852775307699314,
            1.463637474443302,
            -0.008640794017819595,
            -0.005021689306993321,
            0.004076991222469985,
            0.0003458067054634153,
            -0.0012198003449944053,
            -0.0029363610298214853,
            6.451773085014488e-07,
            0.006776447882093598,
            -0.003588192894677225,
            -0.001782456650817244
        ],
        [
            -0.00032056683332746757,
            -0.0008789448062577378,
            -0.19306866136306405,
            -2.1100620415775257e-05,
            -0.06566006089403299,
            -1.5460789996451425,
            -1.7733525460062391,
            0.15227950621920228,
            -0.0016705730948701329,
            -0.0010370795960946953,
            0.0003458067054634153,
            8.617814642830443e-05,
            -0.0002248155333998394,
            -0.0004027882525209862,
            1.1218994531667613e-07,
            0.0018476800479272479,
            -0.00020175849744304063,
            -0.0002683837255699667
        ],
        [
            0.001005832951149969,
            0.002639037413838927,
            0.6577544831902118,
            -0.006410232267396438,
            0.2556516312570064,
            3.8292184176654,
            5.711629062947257,
            -0.4841508061594819,
            0.005085955043467123,
            0.003738999239283982,
            -0.0012198003449944053,
            -0.0002248155333998394,
            0.0007891918383175819,
            0.0014858451024389694,
            -3.5471536388213e-07,
            -0.005872905751973327,
            0.0004664780772792276,
            0.0011001012050387074
        ],
        [
            0.0012421149023187864,
            0.004989858260764377,
            1.2906511285510969,
            -0.0008461600230012232,
            0.4580721766736567,
            3.6530801230861907,
            11.530361279375144,
            -1.0739632243253994,
            0.00985088628828265,
            0.006913156408315263,
            -0.0029363610298214853,
            -0.0004027882525209862,
            0.0014858451024389694,
            0.0031924675461296823,
            -6.720575874038405e-07,
            -0.01162188260247351,
            0.0009360732219790623,
            0.0020388227796477292
        ],
        [
            -4.17237180629187e-07,
            -1.4870296452157302e-06,
            -0.000323121520526804,
            -3.85457056785606e-07,
            -0.00010326957522316056,
            -0.0012733464419614955,
            -0.0027219850321634122,
            0.00029907755319768706,
            -2.4979718849269206e-06,
            -1.520613176928054e-06,
            6.451773085014488e-07,
            1.1218994531667613e-07,
            -3.5471536388213e-07,
            -6.720575874038405e-07,
            2.2491398141001233e-10,
            2.0910977757770247e-06,
            -8.55391775200885e-07,
            -4.2172038321999273e-07
        ],
        [
            -0.008965953692737354,
            -0.015520054720213464,
            -3.3100990362609806,
            0.022644566883667755,
            -1.9456918715862015,
            -49.34797019939435,
