1.783956257367655136e-03 -8.569232961440484739e-06 -2.726681077186478026e-04 -3.947876791292073109e-04 6.873432781371994517e-04 -2.007079691924467182e-02 -2.944615745453719666e-02 6.627630520552616009e-04 6.997730861721318614e-07 -1.028910761570882732e-05 5.079600043327389967e-06 1.631341842617033121e-06 1.130187590214684607e-07 4.694031634704891135e-06 8.822107774686802499e-10 -7.611266081814109844e-05 -8.446586774816511041e-05 -9.846356603122441675e-06
-8.569232961440484739e-06 1.032499874838621341e-03 1.109668353186069761e-04 1.606654322072362761e-04 -2.797258138861753425e-04 8.168145644481291170e-03 1.198360502209893340e-02 -2.697224808137832822e-04 -2.847843316306760897e-07 4.187323995903103593e-06 -2.067227979863044666e-06 -6.639017782924117612e-07 -4.599486945935524216e-08 -1.910314483592266898e-06 -3.590303936853564259e-10 3.097531709642635392e-05 3.437479401193958519e-05 4.007139084980132356e-06
-2.726681077186478026e-04 1.109668353186069761e-04 1.159445170812079908e+02 5.112282461320978057e-03 -8.900715932873963857e-03 2.599057379432754278e-01 3.813114802370978773e-01 -8.582415577170951146e-03 -9.061675083764219728e-06 1.332382624565569629e-04 -6.577801584210252476e-05 -2.112497611076813789e-05 -1.463530525623664352e-06 -6.078511784339087667e-05 -1.142414245244313932e-08 9.856169317221932444e-04 1.093786349213488008e-03 1.275048813100884291e-04
-3.947876791292073109e-04 1.606654322072362761e-04 5.112282461320978057e-03 1.410725098742366734e+00 -1.288706998089221394e-02 3.763094405630493799e-01 5.520890417571603370e-01 -1.242621278807500527e-02 -1.312011773314397339e-05 1.929115394041917874e-04 -9.523794487481205553e-05 -3.058619638434428747e-05 -2.119000364141965692e-06 -8.800888303280832072e-05 -1.654066081499794926e-08 1.427044124230902400e-03 1.583659262104710613e-03 1.846103550254413466e-04
6.873432781371994517e-04 -2.797258138861753425e-04 -8.900715932873963857e-03 -1.288706998089221394e-02 1.492439716546767770e+01 -6.551718256281474639e-01 -9.612120941109618677e-01 2.163460078446500373e-02 2.284272080662814284e-05 -3.358677509314421383e-04 1.658135871354760949e-04 5.325195693780203875e-05 3.689275865639606431e-06 1.532274621700281073e-04 2.879804165168815823e-08 -2.484548627654297511e-03 -2.757222695167082464e-03 -3.214150119404559735e-04
-2.007079691924467182e-02 8.168145644481291170e-03 2.599057379432754278e-01 3.763094405630493799e-01 -6.551718256281474639e-01 1.231671886925483996e+05 2.806791504458724873e+01 -6.317420895578379492e-01 -6.670198501618629242e-04 9.807520688843980247e-03 -4.841846773954082590e-03 -1.554986056090656814e-03 -1.077288583937279881e-04 -4.474325091242117511e-03 -8.409184523189720524e-07 7.255016892983076615e-02 8.051239975141609440e-02 9.385492863095709973e-03
-2.944615745453719666e-02 1.198360502209893340e-02 3.813114802370978773e-01 5.520890417571603370e-01 -9.612120941109618677e-01 2.806791504458724873e+01 2.749617725153380161e+04 -9.268379882784695267e-01 -9.785945028587920980e-04 1.438875594249194867e-02 -7.103543673439765248e-03 -2.281342610932980859e-03 -1.580505716550609002e-04 -6.564347278765654548e-03 -1.233723665933143500e-06 1.064394057822724976e-01 1.181209101791887983e-01 1.376959279430304932e-02
6.627630520552616009e-04 -2.697224808137832822e-04 -8.582415577170951146e-03 -1.242621278807500527e-02 2.163460078446500373e-02 -6.317420895578379492e-01 -9.268379882784695267e-01 1.325617855900758855e+02 2.202583751175517170e-05 -3.238567143590018811e-04 1.598838929217013551e-04 5.134760261810283346e-05 3.557342903260425473e-06 1.477478629917132404e-04 2.776818888811133000e-08 -2.395698166870245411e-03 -2.658621080280948023e-03 -3.099208227762925054e-04
6.997730861721318614e-07 -2.847843316306760897e-07 -9.061675083764219728e-06 -1.312011773314397339e-05 2.284272080662814284e-05 -6.670198501618629242e-04 -9.785945028587920980e-04 2.202583751175517170e-05 7.301527966440521725e-03 -3.419415306598429487e-07 1.688121340380706100e-07 5.421495697471988042e-08 3.755992151746438665e-09 1.559984035628282185e-07 2.931882092006563399e-11 -2.529478815345799936e-06 -2.807083877927706955e-06 -3.272274306037951485e-07
-1.028910761570882732e-05 4.187323995903103593e-06 1.332382624565569629e-04 1.929115394041917874e-04 -3.358677509314421383e-04 9.807520688843980247e-03 1.438875594249194867e-02 -3.238567143590018811e-04 -3.419415306598429487e-07 4.629636913269329209e-04 -2.482127775814343386e-06 -7.971491583726071241e-07 -5.522619863029526637e-08 -2.293721198848583632e-06 -4.310890338215244147e-10 3.719217022923152095e-05 4.127393390378959769e-05 4.811385740357192680e-06
5.079600043327389967e-06 -2.067227979863044666e-06 -6.577801584210252476e-05 -9.523794487481205553e-05 1.658135871354760949e-04 -4.841846773954082590e-03 -7.103543673439765248e-03 1.598838929217013551e-04 1.688121340380706100e-07 -2.482127775814343386e-06 5.890997906810089939e-04 3.935422828337222298e-07 2.726446368652633531e-08 1.132380643318751133e-06 2.128231093175249359e-10 -1.836129590280595993e-05 -2.037641011023074437e-05 -2.375319233503758592e-06
1.631341842617033121e-06 -6.639017782924117612e-07 -2.112497611076813789e-05 -3.058619638434428747e-05 5.325195693780203875e-05 -1.554986056090656814e-03 -2.281342610932980859e-03 5.134760261810283346e-05 5.421495697471988042e-08 -7.971491583726071241e-07 3.935422828337222298e-07 1.431558721569881880e-05 8.756134350925778656e-09 3.636703499209751338e-07 6.834932678638858884e-11 -5.896832434724328093e-06 -6.543997584772389087e-06 -7.628470001841740282e-07
1.130187590214684607e-07 -4.599486945935524216e-08 -1.463530525623664352e-06 -2.119000364141965692e-06 3.689275865639606431e-06 -1.077288583937279881e-04 -1.580505716550609002e-04 3.557342903260425473e-06 3.755992151746438665e-09 -5.522619863029526637e-08 2.726446368652633531e-08 8.756134350925778656e-09 4.012111225806723290e-05 2.519494723131468034e-08 4.735216060515088275e-12 -4.085303683873826611e-07 -4.533657304369692209e-07 -5.284975780781528083e-08
4.694031634704891135e-06 -1.910314483592266898e-06 -6.078511784339087667e-05 -8.800888303280832072e-05 1.532274621700281073e-04 -4.474325091242117511e-03 -6.564347278765654548e-03 1.477478629917132404e-04 1.559984035628282185e-07 -2.293721198848583632e-06 1.132380643318751133e-06 3.636703499209751338e-07 2.519494723131468034e-08 4.931808357368143523e-04 1.966687139167606585e-10 -1.696757679478456794e-05 -1.882973321586355538e-05 -2.195019987692954190e-06
8.822107774686802499e-10 -3.590303936853564259e-10 -1.142414245244313932e-08 -1.654066081499794926e-08 2.879804165168815823e-08 -8.409184523189720524e-07 -1.233723665933143500e-06 2.776818888811133000e-08 2.931882092006563399e-11 -4.310890338215244147e-10 2.128231093175249359e-10 6.834932678638858884e-11 4.735216060515088275e-12 1.966687139167606585e-10 9.410403894700889911e-11 -3.188938695089878994e-09 -3.538918114031667629e-09 -4.125388238938953691e-10
-7.611266081814109844e-05 3.097531709642635392e-05 9.856169317221932444e-04 1.427044124230902400e-03 -2.484548627654297511e-03 7.255016892983076615e-02 1.064394057822724976e-01 -2.395698166870245411e-03 -2.529478815345799936e-06 3.719217022923152095e-05 -1.836129590280595993e-05 -5.896832434724328093e-06 -4.085303683873826611e-07 -1.696757679478456794e-05 -3.188938695089878994e-09 5.921450059953133060e-02 3.053198634110207616e-04 3.559175242388785591e-05
-8.446586774816511041e-05 3.437479401193958519e-05 1.093786349213488008e-03 1.583659262104710613e-03 -2.757222695167082464e-03 8.051239975141609440e-02 1.181209101791887983e-01 -2.658621080280948023e-03 -2.807083877927706955e-06 4.127393390378959769e-05 -2.037641011023074437e-05 -6.543997584772389087e-06 -4.533657304369692209e-07 -1.882973321586355538e-05 -3.538918114031667629e-09 3.053198634110207616e-04 6.910180712115582269e-02 3.949787355804819540e-05
-9.846356603122441675e-06 4.007139084980132356e-06 1.275048813100884291e-04 1.846103550254413466e-04 -3.214150119404559735e-04 9.385492863095709973e-03 1.376959279430304932e-02 -3.099208227762925054e-04 -3.272274306037951485e-07 4.811385740357192680e-06 -2.375319233503758592e-06 -7.628470001841740282e-07 -5.284975780781528083e-08 -2.195019987692954190e-06 -4.125388238938953691e-10 3.559175242388785591e-05 3.949787355804819540e-05 1.289577274591122277e-03
5.709467541862654327e-04 -3.202250669225525397e-06 -9.756076734277008907e-05 -1.241362245003006521e-04 2.158277119908324538e-04 -8.341864191587930466e-03 -8.163582697366448399e-03 1.640209665625767398e-04 -9.488106684483704040e-07 -3.438561231382981784e-06 1.369618121920108350e-06 5.098091512450265421e-07 1.147621953268705155e-07 1.495976070873657275e-06 2.098054139228608837e-10 -1.991135057239188944e-05 -3.028241364272860259e-05 -2.975702853820906451e-06
-3.202250669225525397e-06 3.330214292662338009e-04 9.423497067427642326e-05 3.890183878219947143e-05 -6.602574274136840124e-05 1.354879983353463394e-02 -3.339664378755016066e-03 1.875364320540349658e-04 6.590726755507454921e-06 2.172068038000580876e-06 7.962544479838266882e-07 -1.428218573701053991e-07 -4.625324069145206075e-07 -5.764648698242975724e-07 2.982019107015988201e-10 -1.541227415984163288e-05 2.953632247929334988e-05 2.844468793182482682e-07
-9.756076734277008907e-05 9.423497067427642326e-05 3.710356102368501752e+01 1.355659467351754029e-03 -2.322089256240461412e-03 3.281331672275516476e-01 -3.870007181254268847e-02 3.388301748018782145e-03 1.467857824007511459e-04 6.127731222431266416e-05 1.160762201810250928e-05 -5.200229960354115715e-06 -1.050016232568088774e-05 -1.867085450894286200e-05 5.598263079094275828e-09 -2.519137162237662609e-04 7.652597579489651058e-04 1.844822131511582769e-05
-1.241362245003006521e-04 3.890183878219947143e-05 1.355659467351754029e-03 4.514917414748522706e-01 -4.235953028875442603e-03 6.823119347846223759e-02 2.109087787000757386e-01 -5.283340219716761363e-03 -3.608795346694642324e-05 5.776033555213658249e-05 -3.743341358158569851e-05 -1.011987996867803934e-05 1.459135868885635225e-06 -2.832909808186644322e-05 -7.264512917579472609e-09 5.775160278988213059e-04 4.183050800837928422e-04 6.383754591280038984e-05
2.158277119908324538e-04 -6.602574274136840124e-05 -2.322089256240461412e-03 -4.235953028875442603e-03 4.776017515596993057e+00 -1.116851509264732284e-01 -3.718655993562022810e-01 9.376553994984857671e-03 6.717440722487345536e-05 -1.000224324482592756e-04 6.612091649215248463e-05 1.766443248986670976e-05 -2.831530018436264912e-06 4.934489179889014701e-05 1.291638328176940193e-08 -1.021944120060089799e-03 -7.162382852811923417e-04 -1.117927257766306650e-04
-8.341864191587930466e-03 1.354879983353463394e-02 3.281331672275516476e-01 6.823119347846223759e-02 -1.116851509264732284e-01 3.945911376189264411e+04 -2.094507638006347960e+01 9.401492195289572473e-01 2.765873534860278579e-02 6.609465454229500499e-03 4.531426592977147276e-03 -2.071600880635615855e-04 -1.902449928556923476e-03 -1.286472828746734525e-03 1.454044420226777145e-06 -8.242007684013701041e-02 1.030852168021365450e-01 -1.158944557714354810e-03
-8.163582697366448399e-03 -3.339664378755016066e-03 -3.870007181254268847e-02 2.109087787000757386e-01 -3.718655993562022810e-01 -2.094507638006347960e+01 8.818411614969414586e+03 -1.046052328627508743e+00 -1.860000945891256488e-02 2.327050063381370243e-03 -6.262741099050206026e-03 -9.205835089273537017e-04 1.174998018264553296e-03 -2.195929394934619840e-03 -1.525337731998744807e-06 1.033681751786108133e-01 -1.293156043393293292e-02 7.137144389352516154e-03
1.640209665625767398e-04 1.875364320540349658e-04 3.388301748018782145e-03 -5.283340219716761363e-03 9.376553994984857671e-03 9.401492195289572473e-01 -1.046052328627508743e+00 4.244837844583144459e+01 7.050579173123881944e-04 -1.670759991882029026e-05 2.034462004647283979e-04 2.370467661405008537e-05 -4.564183314321863897e-05 5.091837897476868366e-05 5.203878173152506931e-08 -3.412094064893266172e-03 1.085615607622429212e-03 -2.034121851920786962e-04
-9.488106684483704040e-07 6.590726755507454921e-06 1.467857824007511459e-04 -3.608795346694642324e-05 6.717440722487345536e-05 2.765873534860278579e-02 -1.860000945891256488e-02 7.050579173123881944e-04 2.353520322687669124e-03 2.011578774676202300e-06 3.769720208300072138e-06 1.948201681451232607e-07 -1.140230388291267120e-06 1.387122985634472965e-07 1.062310444071545848e-09 -6.535868207386934248e-05 4.634909533781946640e-05 -2.648099050997033850e-06
-3.438561231382981784e-06 2.172068038000580876e-06 6.127731222431266416e-05 5.776033555213658249e-05 -1.000224324482592756e-04 6.609465454229500499e-03 2.327050063381370243e-03 -1.670759991882029026e-05 2.011578774676202300e-06 1.484125197154405524e-04 -3.315465900712391163e-07 -2.329863532358610119e-07 -1.598205200338410224e-07 -7.229329816683973941e-07 -6.822175070801549382e-12 3.862861443026301116e-06 1.909160347994251548e-05 1.222903129815880763e-06
1.369618121920108350e-06 7.962544479838266882e-07 1.160762201810250928e-05 -3.743341358158569851e-05 6.612091649215248463e-05 4.531426592977147276e-03 -6.262741099050206026e-03 2.034462004647283979e-04 3.769720208300072138e-06 -3.315465900712391163e-07 1.893225798496452560e-04 1.646521032844651237e-07 -2.402993512934767224e-07 3.817335536713065808e-07 2.978186610333927463e-10 -1.995819387724083127e-05 3.787410299077027195e-06 -1.314987598555387030e-06
5.098091512450265421e-07 -1.428218573701053991e-07 -5.200229960354115715e-06 -1.011987996867803934e-05 1.766443248986670976e-05 -2.071600880635615855e-04 -9.205835089273537017e-04 2.370467661405008537e-05 1.948201681451232607e-07 -2.329863532358610119e-07 1.646521032844651237e-07 4.582837207410140507e-06 -9.092061264698428852e-09 1.172997563573882936e-07 3.284357512052192982e-11 -2.559606496608239831e-06 -1.601749310593736418e-06 -2.706137926752864329e-07
1.147621953268705155e-07 -4.625324069145206075e-07 -1.050016232568088774e-05 1.459135868885635225e-06 -2.831530018436264912e-06 -1.902449928556923476e-03 1.174998018264553296e-03 -4.564183314321863897e-05 -1.140230388291267120e-06 -1.598205200338410224e-07 -2.402993512934767224e-07 -9.092061264698428852e-09 1.291525402264872317e-05 2.111542940564483142e-09 -6.905135433383776798e-11 4.195321746590019636e-06 -3.311566558839436552e-06 1.535442812131877392e-07
1.495976070873657275e-06 -5.764648698242975724e-07 -1.867085450894286200e-05 -2.832909808186644322e-05 4.934489179889014701e-05 -1.286472828746734525e-03 -2.195929394934619840e-03 5.091837897476868366e-05 1.387122985634472965e-07 -7.229329816683973941e-07 3.817335536713065808e-07 1.172997563573882936e-07 2.111542940564483142e-09 1.578183303557581833e-04 6.842341495546685281e-11 -5.766151113220441980e-06 -5.779191216361038457e-06 -7.156663021766839073e-07
2.098054139228608837e-10 2.982019107015988201e-10 5.598263079094275828e-09 -7.264512917579472609e-09 1.291638328176940193e-08 1.454044420226777145e-06 -1.525337731998744807e-06 5.203878173152506931e-08 1.062310444071545848e-09 -6.822175070801549382e-12 2.978186610333927463e-10 3.284357512052192982e-11 -6.905135433383776798e-11 6.842341495546685281e-11 3.017838752218854719e-11 -5.011080339669939522e-09 1.788513833467109506e-09 -2.892518679646182043e-10
-1.991135057239188944e-05 -1.541227415984163288e-05 -2.519137162237662609e-04 5.775160278988213059e-04 -1.021944120060089799e-03 -8.242007684013701041e-02 1.033681751786108133e-01 -3.412094064893266172e-03 -6.535868207386934248e-05 3.862861443026301116e-06 -1.995819387724083127e-05 -2.559606496608239831e-06 4.195321746590019636e-06 -5.766151113220441980e-06 -5.011080339669939522e-09 1.919328314712388447e-02 -8.136609946441868233e-05 2.102884605760245540e-05
-3.028241364272860259e-05 2.953632247929334988e-05 7.652597579489651058e-04 4.183050800837928422e-04 -7.162382852811923417e-04 1.030852168021365450e-01 -1.293156043393293292e-02 1.085615607622429212e-03 4.634909533781946640e-05 1.909160347994251548e-05 3.787410299077027195e-06 -1.601749310593736418e-06 -3.311566558839436552e-06 -5.779191216361038457e-06 1.788513833467109506e-09 -8.136609946441868233e-05 2.224364893155414066e-02 5.583617722881851839e-06
-2.975702853820906451e-06 2.844468793182482682e-07 1.844822131511582769e-05 6.383754591280038984e-05 -1.117927257766306650e-04 -1.158944557714354810e-03 7.137144389352516154e-03 -2.034121851920786962e-04 -2.648099050997033850e-06 1.222903129815880763e-06 -1.314987598555387030e-06 -2.706137926752864329e-07 1.535442812131877392e-07 -7.156663021766839073e-07 -2.892518679646182043e-10 2.102884605760245540e-05 5.583617722881851839e-06 4.130445453725778253e-04
1.843097770673679579e-04 -1.054554132122844643e-06 -4.236624305386223286e-04 -1.653372189342073174e-05 9.022661002422761064e-05 3.361214194100440103e-03 -4.742095914519867811e-03 1.055786461314619444e-04 8.616373690018951998e-07 -6.643301806452558669e-07 9.115169620787326554e-07 1.729006741192346868e-07 6.549602213767143802e-09 7.989615708996292791e-07 4.820240035693987933e-10 -3.311224417924326089e-06 -1.335363758650338332e-05 -1.488859702515495130e-06
-1.054554132122844643e-06 1.065674112947127497e-04 3.744172112454515817e-05 1.201801963643269878e-05 -2.152114998797766474e-05 4.223644957846290487e-03 -1.029149317343845465e-03 5.902589463737779537e-05 2.087397115534602232e-06 6.869663391562738970e-07 2.460147416417772862e-07 -4.588424172616467742e-08 -1.474501207800918527e-07 -1.904148597167006423e-07 8.772137404283033951e-11 -4.988750646588503564e-06 9.519639427105438094e-06 1.009867564082243042e-07
-4.236624305386223286e-04 3.744172112454515817e-05 1.196898841292801841e+01 -5.230000710732389882e-03 -5.911537558163511633e-03 -1.367892403269812318e+00 5.077784433999343872e-01 -1.188273013921489589e-02 -2.376267411111508601e-04 -8.688065568003955472e-05 -1.118678188060003969e-04 -4.048247804177260098e-06 4.009612337430892307e-06 -8.419121121477781235e-05 -9.953890991423342076e-08 -8.280755474882998696e-04 1.139586051590937626e-03 1.369692119930018164e-04
-1.653372189342073174e-05 1.201801963643269878e-05 -5.230000710732389882e-03 1.448120378820886844e-01 -1.050094684360400495e-03 1.088689021200738016e-01 3.675386035862218681e-02 -9.244359482230137069e-04 5.269062230013201515e-06 2.477587809123985227e-05 -5.148814809114987668e-06 -3.097478220585491800e-06 3.144224184061360083e-08 -4.443413663497236082e-06 3.663073377200347256e-09 2.289735154037382341e-04 8.098868578297701399e-05 1.268319942949786766e-05
9.022661002422761064e-05 -2.152114998797766474e-05 -5.911537558163511633e-03 -1.050094684360400495e-03 1.528604304859764840e+00 4.368381646996138956e-02 -1.470457643036543749e-01 3.699717394324742933e-03 3.684222695179067080e-05 -2.626494009309808848e-05 2.739124688559722444e-05 5.781180460640270164e-06 -1.303484747358379571e-06 2.000804353632928498e-05 9.597289432015934070e-09 -2.867165880484365617e-04 -2.774414064916474868e-04 -4.284114542759375339e-05
3.361214194100440103e-03 4.223644957846290487e-03 -1.367892403269812318e+00 1.088689021200738016e-01 4.368381646996138956e-02 1.264955015403203470e+04 -1.469568072060808994e+01 5.001094320259626969e-01 1.322417176230501930e-02 3.751435039556661778e-03 3.226191213863750275e-03 -2.965399123824123662e-05 -7.220324698702775077e-04 7.902701497798005764e-04 2.022422114905515350e-06 -1.488827368497807647e-02 1.923850765766334237e-02 -2.384929873930879962e-03
-4.742095914519867811e-03 -1.029149317343845465e-03 5.077784433999343872e-01 3.675386035862218681e-02 -1.470457643036543749e-01 -1.469568072060808994e+01 2.824714587295651654e+03 -4.051073056331920830e-01 -7.496489399003916990e-03 1.667485521589756158e-04 -2.631330688293356205e-03 -3.075254016573488814e-04 4.159938085049343613e-04 -1.127170858011592586e-03 -1.038017931988655995e-06 2.902140706989575145e-02 7.173653914503942079e-04 2.995167298206183239e-03
1.055786461314619444e-04 5.902589463737779537e-05 -1.188273013921489589e-02 -9.244359482230137069e-04 3.699717394324742933e-03 5.001094320259626969e-01 -4.051073056331920830e-01 1.358523535096461288e+01 2.641206084459309122e-04 9.060063950826889413e-06 8.073941460823146901e-05 7.908041272699152145e-06 -1.560239703913208871e-05 2.687546290645916251e-05 3.036096136978072380e-08 -9.907489996070781638e-04 2.263564529877386679e-04 -8.282322952069188409e-05
8.616373690018951998e-07 2.087397115534602232e-06 -2.376267411111508601e-04 5.269062230013201515e-06 3.684222695179067080e-05 1.322417176230501930e-02 -7.496489399003916990e-03 2.641206084459309122e-04 7.539715431402632152e-04 9.598976110409070612e-07 1.549501745636629356e-06 6.942163545599074801e-08 -3.867560144721752311e-07 2.766314834194151293e-07 6.408133211142033788e-10 -1.869538194750413159e-05 1.217512420987338388e-05 -1.236557247391296792e-06
-6.643301806452558669e-07 6.869663391562738970e-07 -8.688065568003955472e-05 2.477587809123985227e-05 -2.626494009309808848e-05 3.751435039556661778e-03 1.667485521589756158e-04 9.060063950826889413e-06 9.598976110409070612e-07 4.761031745395057107e-05 2.231852796348318670e-08 -7.190678354269857891e-08 -5.933036215004279967e-08 -1.444389328988121031e-07 1.103962847796990771e-10 2.066557243477977994e-06 5.115286174178568944e-06 2.457131629322062692e-07
9.115169620787326554e-07 2.460147416417772862e-07 -1.118678188060003969e-04 -5.148814809114987668e-06 2.739124688559722444e-05 3.226191213863750275e-03 -2.631330688293356205e-03 8.073941460823146901e-05 1.549501745636629356e-06 2.231852796348318670e-08 6.072260388979309678e-05 5.556370115484367219e-08 -8.578272348444920049e-08 2.164744989970664274e-07 2.174942231476406547e-10 -5.485271136295379163e-06 1.330668904050040468e-07 -5.788456411900210837e-07
1.729006741192346868e-07 -4.588424172616467742e-08 -4.048247804177260098e-06 -3.097478220585491800e-06 5.781180460640270164e-06 -2.965399123824123662e-05 -3.075254016573488814e-04 7.908041272699152145e-06 6.942163545599074801e-08 -7.190678354269857891e-08 5.556370115484367219e-08 1.466567211043132430e-06 -3.092774867090819686e-09 3.948150389490985621e-08 1.303046597004939271e-11 -8.004814538300432218e-07 -5.348148911466348134e-07 -8.985658361056336259e-08
6.549602213767143802e-09 -1.474501207800918527e-07 4.009612337430892307e-06 3.144224184061360083e-08 -1.303484747358379571e-06 -7.220324698702775077e-04 4.159938085049343613e-04 -1.560239703913208871e-05 -3.867560144721752311e-07 -5.933036215004279967e-08 -8.578272348444920049e-08 -3.092774867090819686e-09 4.133447928700191633e-06 -5.338248127557273189e-09 -2.988755884996285853e-11 1.285031737209140496e-06 -9.909090515855712628e-07 5.921160388362476753e-08
7.989615708996292791e-07 -1.904148597167006423e-07 -8.419121121477781235e-05 -4.443413663497236082e-06 2.000804353632928498e-05 7.902701497798005764e-04 -1.127170858011592586e-03 2.687546290645916251e-05 2.766314834194151293e-07 -1.444389328988121031e-07 2.164744989970664274e-07 3.948150389490985621e-08 -5.338248127557273189e-09 5.056569354823797909e-05 1.045851290817300555e-10 -1.235208416255585077e-06 -2.579454692275195929e-06 -3.359681550492482303e-07
4.820240035693987933e-10 8.772137404283033951e-11 -9.953890991423342076e-08 3.663073377200347256e-09 9.597289432015934070e-09 2.022422114905515350e-06 -1.038017931988655995e-06 3.036096136978072380e-08 6.408133211142033788e-10 1.103962847796990771e-10 2.174942231476406547e-10 1.303046597004939271e-11 -2.988755884996285853e-11 1.045851290817300555e-10 9.764209307770987496e-12 -8.133361383803274992e-10 -3.735453586753620422e-10 -2.311218545455267221e-10
-3.311224417924326089e-06 -4.988750646588503564e-06 -8.280755474882998696e-04 2.289735154037382341e-04 -2.867165880484365617e-04 -1.488827368497807647e-02 2.902140706989575145e-02 -9.907489996070781638e-04 -1.869538194750413159e-05 2.066557243477977994e-06 -5.485271136295379163e-06 -8.004814538300432218e-07 1.285031737209140496e-06 -1.235208416255585077e-06 -8.133361383803274992e-10 6.147679586425386193e-03 -3.301435844556342529e-05 5.707133899402805883e-06
-1.335363758650338332e-05 9.519639427105438094e-06 1.139586051590937626e-03 8.098868578297701399e-05 -2.774414064916474868e-04 1.923850765766334237e-02 7.173653914503942079e-04 2.263564529877386679e-04 1.217512420987338388e-05 5.115286174178568944e-06 1.330668904050040468e-07 -5.348148911466348134e-07 -9.909090515855712628e-07 -2.579454692275195929e-06 -3.735453586753620422e-10 -3.301435844556342529e-05 7.126319276672048869e-03 3.010193268782222360e-06
-1.488859702515495130e-06 1.009867564082243042e-07 1.369692119930018164e-04 1.268319942949786766e-05 -4.284114542759375339e-05 -2.384929873930879962e-03 2.995167298206183239e-03 -8.282322952069188409e-05 -1.236557247391296792e-06 2.457131629322062692e-07 -5.788456411900210837e-07 -8.985658361056336259e-08 5.921160388362476753e-08 -3.359681550492482303e-07 -2.311218545455267221e-10 5.707133899402805883e-06 3.010193268782222360e-06 1.323534766242264534e-04
5.902401589321717854e-05 -2.893313932503037761e-07 -1.804068847604947744e-04 -4.373481186899233760e-06 1.534982800939014617e-05 5.101000038052510210e-04 -1.725726598459055875e-03 3.569695657702693151e-05 2.708972432180663311e-07 -2.186272927757109632e-07 3.006773642317814438e-07 6.333167962426788903e-08 6.511018722571085179e-09 2.317280095945655940e-07 1.503075794360669755e-10 -1.833968207019267364e-06 -4.527611878381653311e-06 -4.384679462000625070e-07
-2.893313932503037761e-07 3.415316991875414621e-05 -3.608847827536008917e-05 4.829261714642650995e-06 -2.138514226274812726e-05 7.452767969064722463e-04 -5.526097388570732011e-04 2.093801529490024599e-05 6.627921056411348884e-07 2.133516783448166707e-07 8.836543864886225527e-08 -6.102028618469897355e-09 -4.245033162704960618e-08 -8.659974164855391864e-08 2.384645231077535322e-11 -2.426649299292820970e-06 2.773477879619709328e-06 7.302232186513470648e-08
-1.804068847604947744e-04 -3.608847827536008917e-05 3.874858935448234121e+00 -2.589840746029974713e-03 1.161523189614867453e-02 1.271037839912254885e-01 3.705022455294534334e-01 -5.712034902077097430e-03 -7.121946875425773740e-05 -2.176721753184143735e-05 -4.477915655933473670e-05 -9.289573632374089588e-06 -3.126923367329471923e-06 -3.029400795842260532e-06 -2.791694241008738083e-08 5.084895339888135515e-04 6.188187794738262337e-04 5.907247232762245139e-06
-4.373481186899233760e-06 4.829261714642650995e-06 -2.589840746029974713e-03 4.635859815032396247e-02 -6.123782333116127704e-04 2.328179605286814779e-02 7.505343823941055398e-03 -2.567504072923343871e-04 1.587461775915274562e-06 7.804814897054827114e-06 -1.463862658591556945e-06 -8.276352491060987009e-07 1.002888858714360710e-07 -1.911120928556419656e-06 1.091664057935842564e-09 5.744646637921391961e-05 2.071651518534691771e-05 4.834515894096398593e-06
1.534982800939014617e-05 -2.138514226274812726e-05 1.161523189614867453e-02 -6.123782333116127704e-04 4.932272101864657032e-01 1.843373917387452765e-01 1.568434304593643164e-02 6.079654791692865219e-04 1.324360442014267600e-05 -6.584683291243332540e-06 6.056296308845476619e-06 -5.611386192022249080e-07 -1.747218052158999333e-06 1.361462442700640594e-05 4.258124128573064814e-09 1.415386303549595538e-04 -1.212651851746187436e-05 -2.514711872599581960e-05
5.101000038052510210e-04 7.452767969064722463e-04 1.271037839912254885e-01 2.328179605286814779e-02 1.843373917387452765e-01 4.054980063740120386e+03 -2.079013669275245224e+00 1.359503244936647870e-01 4.292541831091960421e-03 1.276571621497561530e-03 9.191009355781011624e-04 -1.103167717496540565e-04 -2.866723205524659957e-04 5.544782715814430569e-04 6.968124073026576308e-07 4.991332316213441950e-03 9.361851903898746677e-03 -1.241487141902644468e-03
-1.725726598459055875e-03 -5.526097388570732011e-04 3.705022455294534334e-01 7.505343823941055398e-03 1.568434304593643164e-02 -2.079013669275245224e+00 9.048748786074992267e+02 -1.385041545616175485e-01 -2.376482892617146504e-03 8.138991674755811814e-05 -8.837442284471333899e-04 -1.355404836297421228e-04 1.126337919496634039e-04 -2.496256180477570254e-04 -3.138854964065313261e-07 1.287959704717138443e-02 1.410076767338254477e-03 7.823035543715124891e-04
3.569695657702693151e-05 2.093801529490024599e-05 -5.712034902077097430e-03 -2.567504072923343871e-04 6.079654791692865219e-04 1.359503244936647870e-01 -1.385041545616175485e-01 4.347356737252060732e+00 8.431302033393466759e-05 2.641901494640753511e-06 2.621958778196144688e-05 2.871448333985495347e-06 -4.804721791779062668e-06 7.580533871466781472e-06 9.547694965700478701e-09 -3.500211057028043671e-04 6.159688940695036213e-05 -2.488637611338040539e-05
2.708972432180663311e-07 6.627921056411348884e-07 -7.121946875425773740e-05 1.587461775915274562e-06 1.324360442014267600e-05 4.292541831091960421e-03 -2.376482892617146504e-03 8.431302033393466759e-05 2.412714128205486206e-04 3.078168913087297031e-07 4.948736575207383475e-07 2.135431250494265482e-08 -1.242366843812304924e-07 9.109630500841110850e-08 2.054839410891550947e-10 -5.899253687618196649e-06 3.923400472633398120e-06 -3.997809199840193463e-07
-2.186272927757109632e-07 2.133516783448166707e-07 -2.176721753184143735e-05 7.804814897054827114e-06 -6.584683291243332540e-06 1.276571621497561530e-03 8.138991674755811814e-05 2.641901494640753511e-06 3.078168913087297031e-07 1.523611476424074656e-05 5.931651655973833443e-09 -2.408740373785061407e-08 -1.957997620586576568e-08 -4.299827525638249072e-08 3.585713245630655758e-11 7.655261645421084528e-07 1.671139199745262759e-06 7.351799026385478687e-08
3.006773642317814438e-07 8.836543864886225527e-08 -4.477915655933473670e-05 -1.463862658591556945e-06 6.056296308845476619e-06 9.191009355781011624e-04 -8.837442284471333899e-04 2.621958778196144688e-05 4.948736575207383475e-07 5.931651655973833443e-09 1.943303453469156876e-05 1.938366074671802554e-08 -2.656601706014040789e-08 6.447617309476498073e-08 6.880885916288691981e-11 -1.910412018498191884e-06 -8.390303450045113740e-09 -1.776249172919751892e-07
6.333167962426788903e-08 -6.102028618469897355e-09 -9.289573632374089588e-06 -8.276352491060987009e-07 -5.611386192022249080e-07 -1.103167717496540565e-04 -1.355404836297421228e-04 2.871448333985495347e-06 2.135431250494265482e-08 -2.408740373785061407e-08 1.938366074671802554e-08 4.707285377187434222e-07 -2.024604885822741356e-10 8.365596367431271156e-09 3.467222787768746292e-12 -3.942265924069021632e-07 -2.165092165902785330e-07 -2.198450274376663571e-08
6.511018722571085179e-09 -4.245033162704960618e-08 -3.126923367329471923e-06 1.002888858714360710e-07 -1.747218052158999333e-06 -2.866723205524659957e-04 1.126337919496634039e-04 -4.804721791779062668e-06 -1.242366843812304924e-07 -1.957997620586576568e-08 -2.656601706014040789e-08 -2.024604885822741356e-10 1.323137614674691973e-06 -4.062967831015101709e-09 -9.951570563296922378e-12 3.350418398875779412e-07 -3.421186019884688177e-07 2.268219502714421652e-08
2.317280095945655940e-07 -8.659974164855391864e-08 -3.029400795842260532e-06 -1.911120928556419656e-06 1.361462442700640594e-05 5.544782715814430569e-04 -2.496256180477570254e-04 7.580533871466781472e-06 9.109630500841110850e-08 -4.299827525638249072e-08 6.447617309476498073e-08 8.365596367431271156e-09 -4.062967831015101709e-09 1.619378968439760417e-05 3.556861450548810225e-11 1.773122421419267603e-08 -6.897209096244743786e-07 -1.277588223310578401e-07
1.503075794360669755e-10 2.384645231077535322e-11 -2.791694241008738083e-08 1.091664057935842564e-09 4.258124128573064814e-09 6.968124073026576308e-07 -3.138854964065313261e-07 9.547694965700478701e-09 2.054839410891550947e-10 3.585713245630655758e-11 6.880885916288691981e-11 3.467222787768746292e-12 -9.951570563296922378e-12 3.556861450548810225e-11 3.124892831881563550e-12 -1.922945208220307032e-10 -9.719964640473594553e-11 -7.729166648576484323e-11
-1.833968207019267364e-06 -2.426649299292820970e-06 5.084895339888135515e-04 5.744646637921391961e-05 1.415386303549595538e-04 4.991332316213441950e-03 1.287959704717138443e-02 -3.500211057028043671e-04 -5.899253687618196649e-06 7.655261645421084528e-07 -1.910412018498191884e-06 -3.942265924069021632e-07 3.350418398875779412e-07 1.773122421419267603e-08 -1.922945208220307032e-10 1.980616696468102955e-03 -6.174963138771786002e-06 1.171288760253018062e-06
-4.527611878381653311e-06 2.773477879619709328e-06 6.188187794738262337e-04 2.071651518534691771e-05 -1.212651851746187436e-05 9.361851903898746677e-03 1.410076767338254477e-03 6.159688940695036213e-05 3.923400472633398120e-06 1.671139199745262759e-06 -8.390303450045113740e-09 -2.165092165902785330e-07 -3.421186019884688177e-07 -6.897209096244743786e-07 -9.719964640473594553e-11 -6.174963138771786002e-06 2.281864532127833318e-03 7.480411351961539920e-07
-4.384679462000625070e-07 7.302232186513470648e-08 5.907247232762245139e-06 4.834515894096398593e-06 -2.514711872599581960e-05 -1.241487141902644468e-03 7.823035543715124891e-04 -2.488637611338040539e-05 -3.997809199840193463e-07 7.351799026385478687e-08 -1.776249172919751892e-07 -2.198450274376663571e-08 2.268219502714421652e-08 -1.277588223310578401e-07 -7.729166648576484323e-11 1.171288760253018062e-06 7.480411351961539920e-07 4.238522644345054681e-05
5.902401589321717854e-05 -2.893313932503037761e-07 -1.804068847604947744e-04 -4.373481186899233760e-06 1.534982800939014617e-05 5.101000038052510210e-04 -1.725726598459055875e-03 3.569695657702693151e-05 2.708972432180663311e-07 -2.186272927757109632e-07 3.006773642317814438e-07 6.333167962426788903e-08 6.511018722571085179e-09 2.317280095945655940e-07 1.503075794360669755e-10 -1.833968207019267364e-06 -4.527611878381653311e-06 -4.384679462000625070e-07
-2.893313932503037761e-07 3.415316991875414621e-05 -3.608847827536008917e-05 4.829261714642650995e-06 -2.138514226274812726e-05 7.452767969064722463e-04 -5.526097388570732011e-04 2.093801529490024599e-05 6.627921056411348884e-07 2.133516783448166707e-07 8.836543864886225527e-08 -6.102028618469897355e-09 -4.245033162704960618e-08 -8.659974164855391864e-08 2.384645231077535322e-11 -2.426649299292820970e-06 2.773477879619709328e-06 7.302232186513470648e-08
-1.804068847604947744e-04 -3.608847827536008917e-05 3.874858935448234121e+00 -2.589840746029974713e-03 1.161523189614867453e-02 1.271037839912254885e-01 3.705022455294534334e-01 -5.712034902077097430e-03 -7.121946875425773740e-05 -2.176721753184143735e-05 -4.477915655933473670e-05 -9.289573632374089588e-06 -3.126923367329471923e-06 -3.029400795842260532e-06 -2.791694241008738083e-08 5.084895339888135515e-04 6.188187794738262337e-04 5.907247232762245139e-06
-4.373481186899233760e-06 4.829261714642650995e-06 -2.589840746029974713e-03 4.635859815032396247e-02 -6.123782333116127704e-04 2.328179605286814779e-02 7.505343823941055398e-03 -2.567504072923343871e-04 1.587461775915274562e-06 7.804814897054827114e-06 -1.463862658591556945e-06 -8.276352491060987009e-07 1.002888858714360710e-07 -1.911120928556419656e-06 1.091664057935842564e-09 5.744646637921391961e-05 2.071651518534691771e-05 4.834515894096398593e-06
1.534982800939014617e-05 -2.138514226274812726e-05 1.161523189614867453e-02 -6.123782333116127704e-04 4.932272101864657032e-01 1.843373917387452765e-01 1.568434304593643164e-02 6.079654791692865219e-04 1.324360442014267600e-05 -6.584683291243332540e-06 6.056296308845476619e-06 -5.611386192022249080e-07 -1.747218052158999333e-06 1.361462442700640594e-05 4.258124128573064814e-09 1.415386303549595538e-04 -1.212651851746187436e-05 -2.514711872599581960e-05
5.101000038052510210e-04 7.452767969064722463e-04 1.271037839912254885e-01 2.328179605286814779e-02 1.843373917387452765e-01 4.054980063740120386e+03 -2.079013669275245224e+00 1.359503244936647870e-01 4.292541831091960421e-03 1.276571621497561530e-03 9.191009355781011624e-04 -1.103167717496540565e-04 -2.866723205524659957e-04 5.544782715814430569e-04 6.968124073026576308e-07 4.991332316213441950e-03 9.361851903898746677e-03 -1.241487141902644468e-03
-1.725726598459055875e-03 -5.526097388570732011e-04 3.705022455294534334e-01 7.505343823941055398e-03 1.568434304593643164e-02 -2.079013669275245224e+00 9.048748786074992267e+02 -1.385041545616175485e-01 -2.376482892617146504e-03 8.138991674755811814e-05 -8.837442284471333899e-04 -1.355404836297421228e-04 1.126337919496634039e-04 -2.496256180477570254e-04 -3.138854964065313261e-07 1.287959704717138443e-02 1.410076767338254477e-03 7.823035543715124891e-04
3.569695657702693151e-05 2.093801529490024599e-05 -5.712034902077097430e-03 -2.567504072923343871e-04 6.079654791692865219e-04 1.359503244936647870e-01 -1.385041545616175485e-01 4.347356737252060732e+00 8.431302033393466759e-05 2.641901494640753511e-06 2.621958778196144688e-05 2.871448333985495347e-06 -4.804721791779062668e-06 7.580533871466781472e-06 9.547694965700478701e-09 -3.500211057028043671e-04 6.159688940695036213e-05 -2.488637611338040539e-05
2.708972432180663311e-07 6.627921056411348884e-07 -7.121946875425773740e-05 1.587461775915274562e-06 1.324360442014267600e-05 4.292541831091960421e-03 -2.376482892617146504e-03 8.431302033393466759e-05 2.412714128205486206e-04 3.078168913087297031e-07 4.948736575207383475e-07 2.135431250494265482e-08 -1.242366843812304924e-07 9.109630500841110850e-08 2.054839410891550947e-10 -5.899253687618196649e-06 3.923400472633398120e-06 -3.997809199840193463e-07
-2.186272927757109632e-07 2.133516783448166707e-07 -2.176721753184143735e-05 7.804814897054827114e-06 -6.584683291243332540e-06 1.276571621497561530e-03 8.138991674755811814e-05 2.641901494640753511e-06 3.078168913087297031e-07 1.523611476424074656e-05 5.931651655973833443e-09 -2.408740373785061407e-08 -1.957997620586576568e-08 -4.299827525638249072e-08 3.585713245630655758e-11 7.655261645421084528e-07 1.671139199745262759e-06 7.351799026385478687e-08
3.006773642317814438e-07 8.836543864886225527e-08 -4.477915655933473670e-05 -1.463862658591556945e-06 6.056296308845476619e-06 9.191009355781011624e-04 -8.837442284471333899e-04 2.621958778196144688e-05 4.948736575207383475e-07 5.931651655973833443e-09 1.943303453469156876e-05 1.938366074671802554e-08 -2.656601706014040789e-08 6.447617309476498073e-08 6.880885916288691981e-11 -1.910412018498191884e-06 -8.390303450045113740e-09 -1.776249172919751892e-07
6.333167962426788903e-08 -6.102028618469897355e-09 -9.289573632374089588e-06 -8.276352491060987009e-07 -5.611386192022249080e-07 -1.103167717496540565e-04 -1.355404836297421228e-04 2.871448333985495347e-06 2.135431250494265482e-08 -2.408740373785061407e-08 1.938366074671802554e-08 4.707285377187434222e-07 -2.024604885822741356e-10 8.365596367431271156e-09 3.467222787768746292e-12 -3.942265924069021632e-07 -2.165092165902785330e-07 -2.198450274376663571e-08
6.511018722571085179e-09 -4.245033162704960618e-08 -3.126923367329471923e-06 1.002888858714360710e-07 -1.747218052158999333e-06 -2.866723205524659957e-04 1.126337919496634039e-04 -4.804721791779062668e-06 -1.242366843812304924e-07 -1.957997620586576568e-08 -2.656601706014040789e-08 -2.024604885822741356e-10 1.323137614674691973e-06 -4.062967831015101709e-09 -9.951570563296922378e-12 3.350418398875779412e-07 -3.421186019884688177e-07 2.268219502714421652e-08
2.317280095945655940e-07 -8.659974164855391864e-08 -3.029400795842260532e-06 -1.911120928556419656e-06 1.361462442700640594e-05 5.544782715814430569e-04 -2.496256180477570254e-04 7.580533871466781472e-06 9.109630500841110850e-08 -4.299827525638249072e-08 6.447617309476498073e-08 8.365596367431271156e-09 -4.062967831015101709e-09 1.619378968439760417e-05 3.556861450548810225e-11 1.773122421419267603e-08 -6.897209096244743786e-07 -1.277588223310578401e-07
1.503075794360669755e-10 2.384645231077535322e-11 -2.791694241008738083e-08 1.091664057935842564e-09 4.258124128573064814e-09 6.968124073026576308e-07 -3.138854964065313261e-07 9.547694965700478701e-09 2.054839410891550947e-10 3.585713245630655758e-11 6.880885916288691981e-11 3.467222787768746292e-12 -9.951570563296922378e-12 3.556861450548810225e-11 3.124892831881563550e-12 -1.922945208220307032e-10 -9.719964640473594553e-11 -7.729166648576484323e-11
