{
    "R": [
        [
            0.007190499209202947,
            -0.0001625808217535297,
            3.9424168985704465e-05,
            4.601706694480414e-05,
            -8.559128470989833e-05,
            0.0032497947382362988,
            0.05269898140678689,
            -0.06359754893122126,
            5.492602753306478e-06,
            1.0782841891662157e-06,
            2.577204662475924e-08,
            -2.7540940720735035e-06,
            2.4047620246212293e-06,
            -9.36158944570978e-06,
            -5.603904576437531e-06,
            0.00010157110853540565,
            0.00042670075067414585,
            5.691824072256242e-05
        ],
        [
            0.0,
            0.07420036276853373,
            -0.0005359782923676368,
            0.002077664133587685,
            0.0003166812984605504,
            0.010874894633513493,
            -0.039289784543175735,
            0.031546801246615096,
            -9.11652591094863e-08,
            2.441104073927774e-06,
            -2.5670442728375854e-06,
            1.8423310859702948e-06,
            6.223842353429935e-06,
            1.137358767420946e-05,
            1.3537529803713412e-05,
            -0.0003012034502193036,
            -0.0012484037346589553,
            0.00016541374303453884
        ],
        [
            0.0,
            0.0,
            0.16318967462840483,
            -0.0042299112462464445,
            -0.0009849701644453171,
            -0.009039473856340186,
            -0.01730502657972671,
            -0.07249230814930026,
            -1.0567333513268164e-05,
            -1.2413199375583327e-05,
            6.991275786135671e-06,
            -6.03491390391779e-06,
            -1.5373337784046285e-05,
            5.951387050982484e-07,
            -7.3274048057300085e-06,
            -4.699367306102208e-06,
            0.0001194129829544808,
            -0.0003568130389647808
        ],
        [
            0.0,
            0.0,
            0.0,
            0.94875287109085,
            0.0002953130208640915,
            0.017696890811024057,
            0.00161975385964157,
            -0.02559092152989865,
            7.567656594856375e-06,
            8.115164113171286e-06,
            -3.6201429519783763e-06,
            2.3434872193447128e-06,
            9.625432105564178e-06,
            1.272693598690943e-08,
            6.892310985186638e-06,
            -8.985283469008955e-05,
            -0.000504796073227215,
            0.00017161707013418323
        ],
        [
            0.0,
            0.0,
            0.0,
            0.0,
            0.2421617699095544,
            -0.032750093301049166,
            0.05260381694350866,
            0.16196721652843588,
            -3.114215886481789e-06,
            -5.941796191040007e-06,
            -1.226982964389782e-06,
            -1.1883735929825238e-06,
            1.2661443349132963e-06,
            5.382546548104512e-07,
            -3.7202202756215023e-06,
            6.889948207355155e-05,
            0.0005924800033585301,
            0.00027138387883759985
        ],
        [
            0.0,
            0.0,
            0.0,
            0.0,
            0.0,
            58.41596556359165,
            -0.016046081865354722,
            -0.04701460560231345,
            2.7373246957576603e-06,
            3.953426800644362e-06,
            -6.674556359023966e-07,
            1.2504432479005008e-06,
            2.07729679818792e-06,
            -4.078984369521175e-08,
            2.776942217151803e-06,
            -3.436765128541892e-05,
            -0.0002686223799697187,
            -3.513982445659478e-05
        ],
        [
            0.0,
            0.0,
            0.0,
            0.0,
            0.0,
            0.0,
            32.72771595821913,
            0.0640733199090615,
            -8.961622598266195e-07,
            -8.663446489455978e-06,
            9.052340287193242e-07,
            -6.1015244724485e-06,
            -4.597761346024024e-07,
            -6.9997395548439e-06,
            -9.380603219632509e-06,
            0.00010508847108229861,
            0.0007901681217038572,
            0.00022821922821304516
        ],
        [
            0.0,
            0.0,
            0.0,
            0.0,
            0.0,
            0.0,
            0.0,
            33.19191792917,
            -1.7894885677472932e-05,
            -2.108048713482105e-05,
            2.103657602273717e-06,
            -3.305320101949812e-06,
            -1.0702546013840131e-05,
            6.254538314070903e-06,
            -1.1934314972250324e-05,
            0.00017970227417524176,
            0.0014545859044859156,
            0.0002507168421364674
        ],
        [
            0.0,
            0.0,
            0.0,
            0.0,
            0.0,
            0.0,
            0.0,
            0.0,
            0.011272553332390483,
            4.984447245041559e-06,
            -1.2042194357591407e-06,
            1.0819069747113453e-06,
            3.7595088352456414e-06,
            -2.0636016889338684e-06,
            2.0637436540243594e-06,
            -1.1424493307615442e-05,
            -0.00017647018508553937,
            8.934196289777619e-06
        ],
        [
            0.0,
            0.0,
            0.0,
            0.0,
            0.0,
            0.0,
            0.0,
            0.0,
            0.0,
            0.0026156595264098326,
            -6.837482908062996e-06,
            1.2563420213054216e-05,
            1.727194906366907e-05,
            -2.4748790985265856e-06,
            1.7601517314210576e-05,
            -9.197869769906426e-05,
            -0.0013353791595092205,
            -0.00018992931831009148
        ],
        [
            0.0,
            0.0,
            0.0,
            0.0,
            0.0,
            0.0,
            0.0,
            0.0,
            0.0,
            0.0,
            0.0010124002729393576,
            -6.930702616369364e-06,
            -1.468440289802e-05,
            4.788794581504444e-07,
            -1.1275186238012548e-05,
            7.631650841572505e-05,
            0.0007110800675668815,
            -0.00013846712167589717
        ],
        [
            0.0,
            0.0,
            0.0,
            0.0,
            0.0,
            0.0,
            0.0,
            0.0,
            0.0,
            0.0,
            0.0,
            0.00482797289556395,
            2.1069247047106847e-06,
            1.7613918784906097e-06,
            4.066402684339315e-06,
            1.7646663450885239e-06,
            -0.0002114521119992556,
            -8.269089674077049e-05
        ],
        [
            0.0,
            0.0,
            0.0,
            0.0,
            0.0,
            0.0,
            0.0,
            0.0,
            0.0,
            0.0,
            0.0,
            0.0,
            0.0037913632464794474,
            -2.2815176936033215e-06,
            7.835674533721885e-06,
            -9.617763002530601e-05,
            -0.0006507843802939921,
            0.00012757631007535476
        ],
        [
            0.0,
            0.0,
            0.0,
            0.0,
            0.0,
            0.0,
            0.0,
            0.0,
            0.0,
            0.0,
            0.0,
            0.0,
            0.0,
            0.00424277966356173,
            7.04299853377019e-06,
            -0.00015620463115945482,
            -0.0006412076971266411,
            -4.614998216043578e-05
        ],
        [
            0.0,
            0.0,
            0.0,
            0.0,
            0.0,
            0.0,
            0.0,
            0.0,
            0.0,
            0.0,
            0.0,
            0.0,
            0.0,
            0.0,
            0.004550147011176733,
            -0.0002207520737526885,
            -0.0012154381143153624,
            -3.977244220460698e-05
        ],
        [
            0.0,
            0.0,
            0.0,
            0.0,
            0.0,
            0.0,
            0.0,
            0.0,
            0.0,
            0.0,
            0.0,
            0.0,
            0.0,
            0.0,
            0.0,
            0.46354426603961124,
            0.00024419162614273233,
            -6.490295223221305e-06
        ],
        [
            0.0,
            0.0,
            0.0,
            0.0,
            0.0,
            0.0,
            0.0,
            0.0,
            0.0,
            0.0,
            0.0,
            0.0,
            0.0,
            0.0,
            0.0,
            0.0,
            0.3061774185439318,
            5.926264510895142e-05
        ],
        [
            0.0,
            0.0,
            0.0,
            0.0,
            0.0,
            0.0,
            0.0,
            0.0,
            0.0,
            0.0,
            0.0,
            0.0,
            0.0,
            0.0,
            0.0,
            0.0,
            0.0,
            0.11657487566071996
        ]
    ],
    "RDR": [
        [
            [
                0.007190499209202947,
                -0.0001625808217535297,
                3.9424168985704465e-05,
                4.601706694480414e-05,
                -8.559128470989833e-05,
                0.0032497947382362988,
                0.05269898140678689,
                -0.06359754893122126,
                5.492602753306478e-06,
                1.0782841891662157e-06,
                2.577204662475924e-08,
                -2.7540940720735035e-06,
                2.4047620246212293e-06,
                -9.36158944570978e-06,
                -5.603904576437531e-06,
                0.00010157110853540565,
                0.00042670075067414585,
                5.691824072256242e-05
            ],
            [
                0.0,
                0.07420036276853373,
                -0.0005359782923676368,
                0.002077664133587685,
                0.0003166812984605504,
                0.010874894633513493,
                -0.039289784543175735,
                0.031546801246615096,
                -9.11652591094863e-08,
                2.441104073927774e-06,
                -2.5670442728375854e-06,
                1.8423310859702948e-06,
                6.223842353429935e-06,
                1.137358767420946e-05,
                1.3537529803713412e-05,
                -0.0003012034502193036,
                -0.0012484037346589553,
                0.00016541374303453884
            ],
            [
                0.0,
                0.0,
                0.16318967462840483,
                -0.0042299112462464445,
                -0.0009849701644453171,
                -0.009039473856340186,
                -0.01730502657972671,
                -0.07249230814930026,
                -1.0567333513268164e-05,
                -1.2413199375583327e-05,
                6.991275786135671e-06,
                -6.03491390391779e-06,
                -1.5373337784046285e-05,
                5.951387050982484e-07,
                -7.3274048057300085e-06,
                -4.699367306102208e-06,
                0.0001194129829544808,
                -0.0003568130389647808
            ],
            [
                0.0,
                0.0,
                0.0,
                0.94875287109085,
                0.0002953130208640915,
                0.017696890811024057,
                0.00161975385964157,
                -0.02559092152989865,
                7.567656594856375e-06,
                8.115164113171286e-06,
                -3.6201429519783763e-06,
                2.3434872193447128e-06,
                9.625432105564178e-06,
                1.272693598690943e-08,
                6.892310985186638e-06,
                -8.985283469008955e-05,
                -0.000504796073227215,
                0.00017161707013418323
            ],
            [
                0.0,
                0.0,
                0.0,
                0.0,
                0.2421617699095544,
                -0.032750093301049166,
                0.05260381694350866,
                0.16196721652843588,
                -3.114215886481789e-06,
                -5.941796191040007e-06,
                -1.226982964389782e-06,
                -1.1883735929825238e-06,
                1.2661443349132963e-06,
                5.382546548104512e-07,
                -3.7202202756215023e-06,
                6.889948207355155e-05,
                0.0005924800033585301,
                0.00027138387883759985
            ],
            [
                0.0,
                0.0,
                0.0,
                0.0,
                0.0,
                58.41596556359165,
                -0.016046081865354722,
                -0.04701460560231345,
                2.7373246957576603e-06,
                3.953426800644362e-06,
                -6.674556359023966e-07,
                1.2504432479005008e-06,
                2.07729679818792e-06,
                -4.078984369521175e-08,
                2.776942217151803e-06,
                -3.436765128541892e-05,
                -0.0002686223799697187,
                -3.513982445659478e-05
            ],
            [
                0.0,
                0.0,
                0.0,
                0.0,
                0.0,
                0.0,
                32.72771595821913,
                0.0640733199090615,
                -8.961622598266195e-07,
                -8.663446489455978e-06,
                9.052340287193242e-07,
                -6.1015244724485e-06,
                -4.597761346024024e-07,
                -6.9997395548439e-06,
                -9.380603219632509e-06,
                0.00010508847108229861,
                0.0007901681217038572,
                0.00022821922821304516
            ],
            [
                0.0,
                0.0,
                0.0,
                0.0,
                0.0,
                0.0,
                0.0,
                33.19191792917,
                -1.7894885677472932e-05,
                -2.108048713482105e-05,
                2.103657602273717e-06,
                -3.305320101949812e-06,
                -1.0702546013840131e-05,
                6.254538314070903e-06,
                -1.1934314972250324e-05,
                0.00017970227417524176,
                0.0014545859044859156,
                0.0002507168421364674
            ],
            [
                0.0,
                0.0,
                0.0,
                0.0,
                0.0,
                0.0,
                0.0,
                0.0,
                0.011272553332390483,
                4.984447245041559e-06,
                -1.2042194357591407e-06,
                1.0819069747113453e-06,
                3.7595088352456414e-06,
                -2.0636016889338684e-06,
                2.0637436540243594e-06,
                -1.1424493307615442e-05,
                -0.00017647018508553937,
                8.934196289777619e-06
            ],
            [
                0.0,
                0.0,
                0.0,
                0.0,
                0.0,
                0.0,
                0.0,
                0.0,
                0.0,
                0.0026156595264098326,
                -6.837482908062996e-06,
                1.2563420213054216e-05,
                1.727194906366907e-05,
                -2.4748790985265856e-06,
                1.7601517314210576e-05,
                -9.197869769906426e-05,
                -0.0013353791595092205,
                -0.00018992931831009148
            ],
            [
                0.0,
                0.0,
                0.0,
                0.0,
                0.0,
                0.0,
                0.0,
                0.0,
                0.0,
                0.0,
                0.0010124002729393576,
                -6.930702616369364e-06,
                -1.468440289802e-05,
                4.788794581504444e-07,
                -1.1275186238012548e-05,
                7.631650841572505e-05,
                0.0007110800675668815,
                -0.00013846712167589717
            ],
            [
                0.0,
                0.0,
                0.0,
                0.0,
                0.0,
                0.0,
                0.0,
                0.0,
                0.0,
                0.0,
                0.0,
                0.00482797289556395,
                2.1069247047106847e-06,
                1.7613918784906097e-06,
                4.066402684339315e-06,
                1.7646663450885239e-06,
                -0.0002114521119992556,
                -8.269089674077049e-05
            ],
            [
                0.0,
                0.0,
                0.0,
                0.0,
                0.0,
                0.0,
                0.0,
                0.0,
                0.0,
                0.0,
                0.0,
                0.0,
                0.0037913632464794474,
                -2.2815176936033215e-06,
                7.835674533721885e-06,
                -9.617763002530601e-05,
                -0.0006507843802939921,
                0.00012757631007535476
            ],
            [
                0.0,
                0.0,
                0.0,
                0.0,
                0.0,
                0.0,
                0.0,
                0.0,
                0.0,
                0.0,
                0.0,
                0.0,
                0.0,
                0.00424277966356173,
                7.04299853377019e-06,
                -0.00015620463115945482,
                -0.0006412076971266411,
                -4.614998216043578e-05
            ],
            [
                0.0,
                0.0,
                0.0,
                0.0,
                0.0,
                0.0,
                0.0,
                0.0,
                0.0,
                0.0,
                0.0,
                0.0,
                0.0,
                0.0,
                0.004550147011176733,
                -0.0002207520737526885,
                -0.0012154381143153624,
                -3.977244220460698e-05
            ],
            [
                0.0,
                0.0,
                0.0,
                0.0,
                0.0,
                0.0,
                0.0,
                0.0,
                0.0,
                0.0,
                0.0,
                0.0,
                0.0,
                0.0,
                0.0,
                0.46354426603961124,
                0.00024419162614273233,
                -6.490295223221305e-06
            ],
            [
                0.0,
                0.0,
                0.0,
                0.0,
                0.0,
                0.0,
                0.0,
                0.0,
                0.0,
                0.0,
                0.0,
                0.0,
                0.0,
                0.0,
                0.0,
                0.0,
                0.3061774185439318,
                5.926264510895142e-05
            ],
            [
                0.0,
                0.0,
                0.0,
                0.0,
                0.0,
                0.0,
                0.0,
                0.0,
                0.0,
                0.0,
                0.0,
                0.0,
                0.0,
                0.0,
                0.0,
                0.0,
                0.0,
                0.11657487566071996
            ]
        ],
        [
            [
                0.0014380998418405894,
                -3.251616435070594e-05,
                7.884833797140894e-06,
                9.203413388960829e-06,
                -1.7118256941979667e-05,
                0.0006499589476472598,
                0.010539796281357379,
                -0.012719509786244252,
                1.0985205506612957e-06,
                2.1565683783324315e-07,
                5.154409324951848e-09,
                -5.508188144147007e-07,
                4.809524049242459e-07,
                -1.8723178891419562e-06,
                -1.1207809152875063e-06,
                2.031422170708113e-05,
                8.534015013482918e-05,
                1.1383648144512484e-05
            ],
            [
                0.0,
                0.014840072553706746,
                -0.00010719565847352736,
                0.000415532826717537,
                6.333625969211008e-05,
                0.0021749789267026987,
                -0.007857956908635147,
                0.00630936024932302,
                -1.823305182189726e-08,
                4.882208147855548e-07,
                -5.134088545675171e-07,
                3.6846621719405896e-07,
                1.2447684706859871e-06,
                2.2747175348418918e-06,
                2.7075059607426827e-06,
                -6.024069004386073e-05,
                -0.00024968074693179106,
                3.308274860690777e-05
            ],
            [
                0.0,
                0.0,
                0.03263793492568097,
                -0.000845982249249289,
                -0.00019699403288906344,
                -0.0018078947712680373,
                -0.003461005315945342,
                -0.014498461629860052,
                -2.1134667026536328e-06,
                -2.4826398751166657e-06,
                1.3982551572271343e-06,
                -1.206982780783558e-06,
                -3.074667556809257e-06,
                1.190277410196497e-07,
                -1.4654809611460019e-06,
                -9.398734612204417e-07,
                2.3882596590896164e-05,
                -7.136260779295617e-05
            ],
            [
                0.0,
                0.0,
                0.0,
                0.18975057421817002,
                5.90626041728183e-05,
                0.0035393781622048114,
                0.000323950771928314,
                -0.00511818430597973,
                1.5135313189712752e-06,
                1.6230328226342572e-06,
                -7.240285903956753e-07,
                4.6869744386894256e-07,
                1.9250864211128356e-06,
                2.545387197381886e-09,
                1.3784621970373277e-06,
                -1.797056693801791e-05,
                -0.00010095921464544301,
                3.432341402683665e-05
            ],
            [
                0.0,
                0.0,
                0.0,
                0.0,
                0.04843235398191088,
                -0.006550018660209833,
                0.010520763388701733,
                0.03239344330568718,
                -6.228431772963578e-07,
                -1.1883592382080015e-06,
                -2.453965928779564e-07,
                -2.3767471859650477e-07,
                2.5322886698265924e-07,
                1.0765093096209025e-07,
                -7.440440551243005e-07,
                1.377989641471031e-05,
                0.00011849600067170602,
                5.427677576751997e-05
            ],
            [
                0.0,
                0.0,
                0.0,
                0.0,
                0.0,
                11.68319311271833,
                -0.0032092163730709448,
                -0.00940292112046269,
                5.474649391515321e-07,
                7.906853601288724e-07,
                -1.3349112718047932e-07,
                2.5008864958010016e-07,
                4.15459359637584e-07,
                -8.15796873904235e-09,
                5.553884434303606e-07,
                -6.873530257083784e-06,
                -5.3724475993943746e-05,
                -7.027964891318956e-06
            ],
            [
                0.0,
                0.0,
                0.0,
                0.0,
                0.0,
                0.0,
                6.5455431916438265,
                0.0128146639818123,
                -1.7923245196532393e-07,
                -1.7326892978911955e-06,
                1.8104680574386486e-07,
                -1.2203048944897002e-06,
                -9.195522692048048e-08,
                -1.39994791096878e-06,
                -1.8761206439265017e-06,
                2.1017694216459724e-05,
                0.00015803362434077146,
                4.5643845642609035e-05
            ],
            [
                0.0,
                0.0,
                0.0,
                0.0,
                0.0,
                0.0,
                0.0,
                6.638383585834001,
                -3.5789771354945865e-06,
                -4.21609742696421e-06,
                4.2073152045474345e-07,
                -6.610640203899624e-07,
                -2.140509202768026e-06,
                1.2509076628141808e-06,
                -2.3868629944500652e-06,
                3.594045483504835e-05,
                0.00029091718089718316,
                5.014336842729348e-05
            ],
            [
                0.0,
                0.0,
                0.0,
                0.0,
                0.0,
                0.0,
                0.0,
                0.0,
                0.0022545106664780966,
                9.968894490083118e-07,
                -2.4084388715182816e-07,
                2.1638139494226908e-07,
                7.519017670491283e-07,
                -4.127203377867737e-07,
                4.127487308048719e-07,
                -2.2848986615230886e-06,
                -3.5294037017107876e-05,
                1.7868392579555239e-06
            ],
            [
                0.0,
                0.0,
                0.0,
                0.0,
                0.0,
                0.0,
                0.0,
                0.0,
                0.0,
                0.0005231319052819665,
                -1.3674965816125992e-06,
                2.5126840426108433e-06,
                3.4543898127338137e-06,
                -4.949758197053171e-07,
                3.520303462842115e-06,
                -1.8395739539812855e-05,
                -0.0002670758319018441,
                -3.7985863662018296e-05
            ],
            [
                0.0,
                0.0,
                0.0,
                0.0,
                0.0,
                0.0,
                0.0,
                0.0,
                0.0,
                0.0,
                0.00020248005458787155,
                -1.3861405232738727e-06,
                -2.9368805796040003e-06,
                9.577589163008888e-08,
                -2.25503724760251e-06,
                1.526330168314501e-05,
                0.00014221601351337629,
                -2.7693424335179435e-05
            ],
            [
                0.0,
                0.0,
                0.0,
                0.0,
                0.0,
                0.0,
                0.0,
                0.0,
                0.0,
                0.0,
                0.0,
                0.00096559457911279,
                4.2138494094213696e-07,
                3.5227837569812197e-07,
                8.132805368678631e-07,
                3.529332690177048e-07,
                -4.229042239985112e-05,
                -1.65381793481541e-05
            ],
            [
                0.0,
                0.0,
                0.0,
                0.0,
                0.0,
                0.0,
                0.0,
                0.0,
                0.0,
                0.0,
                0.0,
                0.0,
                0.0007582726492958896,
                -4.563035387206643e-07,
                1.567134906744377e-06,
                -1.9235526005061205e-05,
                -0.00013015687605879843,
                2.551526201507095e-05
            ],
            [
                0.0,
                0.0,
                0.0,
                0.0,
                0.0,
                0.0,
                0.0,
                0.0,
                0.0,
                0.0,
                0.0,
                0.0,
                0.0,
                0.0008485559327123461,
                1.408599706754038e-06,
                -3.124092623189096e-05,
                -0.00012824153942532824,
                -9.229996432087157e-06
            ],
            [
                0.0,
                0.0,
                0.0,
                0.0,
                0.0,
                0.0,
                0.0,
                0.0,
                0.0,
                0.0,
                0.0,
                0.0,
                0.0,
                0.0,
                0.0009100294022353467,
                -4.41504147505377e-05,
                -0.0002430876228630725,
                -7.954488440921397e-06
            ],
            [
                0.0,
                0.0,
                0.0,
                0.0,
                0.0,
                0.0,
                0.0,
                0.0,
                0.0,
                0.0,
                0.0,
                0.0,
                0.0,
                0.0,
                0.0,
                0.09270885320792226,
                4.883832522854647e-05,
                -1.298059044644261e-06
            ],
            [
                0.0,
                0.0,
                0.0,
                0.0,
                0.0,
                0.0,
                0.0,
                0.0,
                0.0,
                0.0,
                0.0,
                0.0,
                0.0,
                0.0,
                0.0,
                0.0,
                0.06123548370878637,
                1.1852529021790285e-05
            ],
            [
                0.0,
                0.0,
                0.0,
                0.0,
                0.0,
                0.0,
                0.0,
                0.0,
                0.0,
                0.0,
                0.0,
                0.0,
                0.0,
                0.0,
                0.0,
                0.0,
                0.0,
                0.023314975132143992
            ]
        ]
    ],
    "allnames": [
        "m1_flow_nominal",
        "m2_flow_nominal",
        "tau1",
        "tau2",
        "tau_m",
        "nominalUa.hasValue",
        "workingPressure.hasValue",
        "flowCoefficient.hasValue",
        "waterFlowRateMax",
        "c1",
        "c2",
        "c3",
        "c4",
        "eps_motor",
        "f_motorToAir",
        "kp",
        "Ti",
        "Td"
    ],
    "alpha_count": 1350,
    "cov": [
        [
            0.007900963907739414,
            -0.05570495599416714,
            0.06964137448903727,
            0.03659634280972235,
            0.09380821897759697,
            -43.2869936120386,
            14.192186398947902,
            -17.97381589025501,
            -0.007419261961964516,
            -0.005180992595512936,
            -0.000381165890085544,
            -0.0055929592677450455,
            -0.0022815428349652303,
            -0.0018649605018416684,
            -0.0006712155900306217,
            -0.39361273346494396,
            -0.06280516143429743,
            0.06176029045770995
        ],
        [
            -0.05570495599416714,
            3.4569345052556315,
            -1.106371701898558,
            6.498019863399596,
            -5.395456778985379,
            2223.089868155859,
            -688.7491781242143,
            138.47070871236764,
            0.10577519260238381,
            0.18995989348590134,
            0.040650590891965266,
            0.43367652255681005,
            0.03214097500806209,
            0.002824801471438155,
            -0.031223560294625544,
            7.98892743905549,
            0.5718474669860566,
            -2.784468014668685
        ],
        [
            0.06964137448903727,
            -1.106371701898558,
            2.0372521063643405,
            -1.0162788968709369,
            2.0452560800211104,
            -703.5776995726237,
            181.4940846727965,
            -98.1026103574477,
            -0.10128131747244076,
            -0.08578188998767729,
            -0.007058687110149051,
            -0.11216946480075449,
            -0.020334798198897334,
            -0.0247585105679496,
            0.016737071563547944,
            -6.010794930618759,
            -1.712916196690337,
            0.8634497111570577
        ],
        [
            0.03659634280972235,
            6.498019863399596,
            -1.0162788968709369,
            41.23173279547545,
            -14.181445112734282,
            4643.929122982549,
            -2313.1050365270976,
            -678.2952246558006,
            0.09104306514393083,
            0.3870796657288298,
            0.126644933763242,
            1.1373409885304486,
            4.775627788940945e-05,
            0.009325503819574385,
            -0.17989403659670214,
            18.43919612353441,
            1.4049874633535788,
            -7.609687024548616
        ],
        [
            0.09380821897759697,
            -5.395456778985379,
            2.0452560800211104,
            -14.181445112734282,
            10.502627953410293,
            -3654.2190356824863,
            1353.130063169523,
            -154.45795392691633,
            -0.21100617228723384,
            -0.3326035979344375,
            -0.07368814267160576,
            -0.7591669696882699,
            -0.050495696087661954,
            -0.024248285171006356,
            0.07291329417035328,
            -17.136437317956396,
            -1.4698772762785588,
            5.16644231780794
        ],
        [
            -43.2869936120386,
            2223.089868155859,
            -703.5776995726237,
            4643.929122982549,
            -3654.2190356824863,
            1504299.9241370698,
            -488290.6627820794,
            98419.2817195602,
            76.55177630841696,
            128.24883056380045,
            27.959937225715812,
            293.44346738238954,
            23.10701577839684,
            5.122471815924885,
            -19.73648696628181,
            6007.970703976397,
            300.2264001480453,
            -1926.1530745861164
        ],
        [
            14.192186398947902,
            -688.7491781242143,
            181.4940846727965,
            -2313.1050365270976,
            1353.130063169523,
            -488290.6627820794,
            226277.46264485546,
            -487.1739048030205,
            -24.137211925021585,
            -43.337181145578576,
            -11.34805783955529,
            -104.92763641946704,
            -7.229325972800036,
            -3.759641136651454,
            9.95301605124425,
            -2304.4873596454686,
            -176.91103449257594,
            728.4115640521919
        ],
        [
            -17.97381589025501,
            138.47070871236764,
            -98.1026103574477,
            -678.2952246558006,
            -154.45795392691633,
            98419.2817195602,
            -487.1739048030205,
            136924.02921826427,
            21.16155022556899,
            12.14463658781099,
            -0.3277657649991168,
            6.062893069221511,
            11.327491694557137,
            1.322884165866256,
            8.065831901075123,
            1020.7709337356488,
            75.10315299520799,
            -84.61523623055515
        ],
        [
            -0.007419261961964516,
            0.10577519260238381,
            -0.10128131747244076,
            0.09104306514393083,
            -0.21100617228723384,
            76.55177630841696,
            -24.137211925021585,
            21.16155022556899,
            0.011096555288147751,
            0.008482006802153183,
            0.0010806156840061376,
            0.012554198901042328,
            0.0026222934619252146,
            0.002006163617674053,
            -0.00033952566850855816,
            0.5969201151879615,
            0.0796185220971784,
            -0.10822486187511811
        ],
        [
            -0.005180992595512936,
            0.18995989348590134,
            -0.08578188998767729,
            0.3870796657288298,
            -0.3326035979344375,
            128.24883056380045,
            -43.337181145578576,
            12.14463658781099,
            0.008482006802153183,
            0.011856684977308308,
            0.002361632003257259,
            0.025192396475850823,
            0.00241126688511459,
            0.001006860163616412,
            -0.0016929091446224785,
            0.6232114307061383,
            0.04803558949004169,
            -0.17241868650185224
        ],
        [
            -0.000381165890085544,
            0.040650590891965266,
            -0.007058687110149051,
            0.126644933763242,
            -0.07368814267160576,
            27.959937225715812,
            -11.34805783955529,
            -0.3277657649991168,
            0.0010806156840061376,
            0.002361632003257259,
            0.0006495382260210803,
            0.0061567684963853425,
            0.0002804506539813072,
            2.95231225993474e-05,
            -0.0005704405155327062,
            0.10965350711405243,
            -0.0015109965679638297,
            -0.039511638133319926
        ],
        [
            -0.0055929592677450455,
            0.43367652255681005,
            -0.11216946480075449,
            1.1373409885304486,
            -0.7591669696882699,
            293.44346738238954,
            -104.92763641946704,
            6.062893069221511,
            0.012554198901042328,
            0.025192396475850823,
            0.0061567684963853425,
            0.06396477144015199,
            0.0032525404459980444,
            0.0002834565172364582,
            -0.0054654475583252714,
            1.1975156516354901,
            -0.04098874427545353,
            -0.39379480108281073
        ],
        [
            -0.0022815428349652303,
            0.03214097500806209,
            -0.020334798198897334,
            4.775627788940945e-05,
            -0.050495696087661954,
            23.10701577839684,
            -7.229325972800036,
            11.327491694557137,
            0.0026222934619252146,
            0.00241126688511459,
            0.0002804506539813072,
            0.0032525404459980444,
            0.001414109010141565,
            0.0003179660981277508,
            0.0005582943250728597,
            0.16659478118237483,
            0.026028645084230237,
            -0.027771613548788012
        ],
        [
            -0.0018649605018416684,
            0.002824801471438155,
            -0.0247585105679496,
            0.009325503819574385,
            -0.024248285171006356,
            5.122471815924885,
            -3.759641136651454,
            1.322884165866256,
            0.002006163617674053,
            0.001006860163616412,
            2.95231225993474e-05,
            0.0002834565172364582,
            0.0003179660981277508,
            0.0010702745932150398,
            -0.00023743133463049497,
            0.1039890125955582,
            0.038251345364219085,
            -0.01869025475198251
        ],
        [
            -0.0006712155900306217,
            -0.031223560294625544,
            0.016737071563547944,
            -0.17989403659670214,
            0.07291329417035328,
            -19.73648696628181,
            9.95301605124425,
            8.065831901075123,
            -0.00033952566850855816,
            -0.0016929091446224785,
            -0.0005704405155327062,
            -0.0054654475583252714,
            0.0005582943250728597,
            -0.00023743133463049497,
            0.0019458682840391935,
            -0.06218955099406009,
            -0.017047216719538006,
            0.03620421761911942
        ],
        [
            -0.39361273346494396,
            7.98892743905549,
            -6.010794930618759,
            18.43919612353441,
            -17.136437317956396,
            6007.970703976397,
            -2304.4873596454686,
            1020.7709337356488,
            0.5969201151879615,
            0.6232114307061383,
