1.574785429088942533e-03 3.077981073384475308e-06 -1.101067712581522624e-05 7.795585466328546420e-05 -1.973466810258196652e-05 2.412451935645688883e-03 -1.691694304815338215e-03 -8.965768768668865366e-03 6.020785952459164162e-07 7.146749866969027243e-07 -1.460967382980725257e-07 1.567744843550111027e-07 4.957691871982545338e-07 -1.127498239009752018e-07 4.833557878085585126e-07 -6.811807621269319374e-06 -4.877718044509881529e-05 -1.810805212735971412e-06
3.077981073384475308e-06 1.671714989968098031e-01 -1.236963564210037572e-04 8.757731312387178561e-04 -2.217035802224974234e-04 2.710201298887649629e-02 -1.900486403267655916e-02 -1.007234084266598467e-01 6.763882698583994775e-06 8.028815200871753792e-06 -1.641282730023424796e-06 1.761238865957639806e-06 5.569579543700056655e-06 -1.266656196008274248e-06 5.430124698393220987e-06 -7.652533752137010922e-05 -5.479735195760575186e-04 -2.034298203862880777e-05
-1.101067712581522624e-05 -1.236963564210037572e-04 8.049375946699397488e-01 -3.132850707535596042e-03 7.930869233003469063e-04 -9.695040592047671213e-02 6.798496049676057418e-02 3.603118091879952689e-01 -2.419603198830111394e-05 -2.872099917834475104e-05 5.871262292263982075e-06 -6.300374184293819860e-06 -1.992372292750821657e-05 4.531133256230496355e-06 -1.942485947165996168e-05 2.737495011512014269e-04 1.960232812904921015e-03 7.277172980056893380e-05
7.795585466328546420e-05 8.757731312387178561e-04 -3.132850707535596042e-03 2.742481258974495617e+01 -5.615074188598235400e-03 6.864111686431487724e-01 -4.813351294580145989e-01 -2.551016137297292818e+00 1.713084791748039010e-04 2.033453539820887434e-04 -4.156867599656106145e-05 4.460679834881274412e-05 1.410604299027979117e-04 -3.208053070183285957e-05 1.375284648277570569e-04 -1.938152947547259032e-03 -1.387849471225914219e-02 -5.152255694273669270e-04
-1.973466810258196652e-05 -2.217035802224974234e-04 7.930869233003469063e-04 -5.615074188598235400e-03 1.785009386659336617e+00 -1.737662508298777886e-01 1.218508740234611198e-01 6.457944308524498078e-01 -4.336705683332121842e-05 -5.147725066156615825e-05 1.052318684464699047e-05 -1.129229311043923324e-05 -3.570970748205151262e-05 8.121245398307845649e-06 -3.481558402196109988e-05 4.906469862602887881e-04 3.513366482772519415e-03 1.304303012843700208e-04
2.412451935645688883e-03 2.710201298887649629e-02 -9.695040592047671213e-02 6.864111686431487724e-01 -1.737662508298777886e-01 1.041364638126586797e+05 -1.489558250333877432e+01 -7.894472897344373052e+01 5.301378247507207257e-03 6.292803727667744228e-03 -1.286400274915615706e-03 1.380419180629311772e-03 4.365310452074206045e-03 -9.927764723055101416e-04 4.256008899051426549e-03 -5.997882840337681598e-02 -4.294892484605972172e-01 -1.594436912567893938e-02
-1.691694304815338215e-03 -1.900486403267655916e-02 6.798496049676057418e-02 -4.813351294580145989e-01 1.218508740234611198e-01 -1.489558250333877432e+01 3.260449955658119870e+04 5.535876028295695761e+01 -3.717508836742692939e-03 -4.412730496355775182e-03 9.020681351751688119e-04 -9.679974268600038956e-04 -3.061105890405349441e-03 6.961690217900177698e-04 -2.984459880582724864e-03 4.205921822534957472e-02 3.011726388678282462e-01 1.118074024408088375e-02
-8.965768768668865366e-03 -1.007234084266598467e-01 3.603118091879952689e-01 -2.551016137297292818e+00 6.457944308524498078e-01 -7.894472897344373052e+01 5.535876028295695761e+01 3.354813612469790678e+04 -1.970233305795542067e-02 -2.338692112172001750e-02 4.780848579169113578e-03 -5.130265600108293959e-03 -1.622347933173448262e-02 3.689608965114430685e-03 -1.581726504162620991e-02 2.229086095082823404e-01 1.596177413290703395e+00 5.925652844348962278e-02
6.020785952459164162e-07 6.763882698583994775e-06 -2.419603198830111394e-05 1.713084791748039010e-04 -4.336705683332121842e-05 5.301378247507207257e-03 -3.717508836742692939e-03 -1.970233305795542067e-02 3.877612252023150078e-03 1.570502762161106621e-06 -3.210484980036949005e-07 3.445129118816482497e-07 1.089455895872058219e-06 -2.477684446297235425e-07 1.062177372917967135e-06 -1.496898993759047808e-05 -1.071881597165046205e-04 -3.979255803370763302e-06
7.146749866969027243e-07 8.028815200871753792e-06 -2.872099917834475104e-05 2.033453539820887434e-04 -5.147725066156615825e-05 6.292803727667744228e-03 -4.412730496355775182e-03 -2.338692112172001750e-02 1.570502762161106621e-06 2.081012577187002542e-04 -3.810886699038607805e-07 4.089412290356589943e-07 1.293198070878448075e-06 -2.941043100815347932e-07 1.260818115531649363e-06 -1.776838234905860645e-05 -1.272337153726077019e-04 -4.723427490685007342e-06
-1.460967382980725257e-07 -1.641282730023424796e-06 5.871262292263982075e-06 -4.156867599656106145e-05 1.052318684464699047e-05 -1.286400274915615706e-03 9.020681351751688119e-04 4.780848579169113578e-03 -3.210484980036949005e-07 -3.810886699038607805e-07 3.117033727430528069e-05 -8.359741257189535407e-08 -2.643607564914370370e-07 6.012198722793689015e-08 -2.577415156470518237e-07 3.632284261169254457e-06 2.600962838142081900e-05 9.655820657246451247e-07
1.567744843550111027e-07 1.761238865957639806e-06 -6.300374184293819860e-06 4.460679834881274412e-05 -1.129229311043923324e-05 1.380419180629311772e-03 -9.679974268600038956e-04 -5.130265600108293959e-03 3.445129118816482497e-07 4.089412290356589943e-07 -8.359741257189535407e-08 7.107992175560884016e-04 2.836820435928411218e-07 -6.451611210393960100e-08 2.765790234824063949e-07 -3.897756368207333645e-06 -2.791058941674202945e-05 -1.036153388637457970e-06
4.957691871982545338e-07 5.569579543700056655e-06 -1.992372292750821657e-05 1.410604299027979117e-04 -3.570970748205151262e-05 4.365310452074206045e-03 -3.061105890405349441e-03 -1.622347933173448262e-02 1.089455895872058219e-06 1.293198070878448075e-06 -2.643607564914370370e-07 2.836820435928411218e-07 4.382542546550162671e-04 -2.040198096683405922e-07 8.746280252943259231e-07 -1.232590567599723090e-05 -8.826187683723106547e-05 -3.276636025376855782e-06
-1.127498239009752018e-07 -1.266656196008274248e-06 4.531133256230496355e-06 -3.208053070183285957e-05 8.121245398307845649e-06 -9.927764723055101416e-04 6.961690217900177698e-04 3.689608965114430685e-03 -2.477684446297235425e-07 -2.941043100815347932e-07 6.012198722793689015e-08 -6.451611210393960100e-08 -2.040198096683405922e-07 5.480683506110773599e-04 -1.989114256738950519e-07 2.803207077556779165e-06 2.007287126254546789e-05 7.451857525407186890e-07
4.833557878085585126e-07 5.430124698393220987e-06 -1.942485947165996168e-05 1.375284648277570569e-04 -3.481558402196109988e-05 4.256008899051426549e-03 -2.984459880582724864e-03 -1.581726504162620991e-02 1.062177372917967135e-06 1.260818115531649363e-06 -2.577415156470518237e-07 2.765790234824063949e-07 8.746280252943259231e-07 -1.989114256738950519e-07 6.308730895004911136e-04 -1.201728143321086631e-05 -8.605191712945569271e-05 -3.194593428362041113e-06
-6.811807621269319374e-06 -7.652533752137010922e-05 2.737495011512014269e-04 -1.938152947547259032e-03 4.906469862602887881e-04 -5.997882840337681598e-02 4.205921822534957472e-02 2.229086095082823404e-01 -1.496898993759047808e-05 -1.776838234905860645e-05 3.632284261169254457e-06 -3.897756368207333645e-06 -1.232590567599723090e-05 2.803207077556779165e-06 -1.201728143321086631e-05 6.556797651195470422e+00 1.212707325973770046e-03 4.502057575607689479e-05
-4.877718044509881529e-05 -5.479735195760575186e-04 1.960232812904921015e-03 -1.387849471225914219e-02 3.513366482772519415e-03 -4.294892484605972172e-01 3.011726388678282462e-01 1.596177413290703395e+00 -1.071881597165046205e-04 -1.272337153726077019e-04 2.600962838142081900e-05 -2.791058941674202945e-05 -8.826187683723106547e-05 2.007287126254546789e-05 -8.605191712945569271e-05 1.212707325973770046e-03 2.851892984271926501e+00 3.223779750531479706e-04
-1.810805212735971412e-06 -2.034298203862880777e-05 7.277172980056893380e-05 -5.152255694273669270e-04 1.304303012843700208e-04 -1.594436912567893938e-02 1.118074024408088375e-02 5.925652844348962278e-02 -3.979255803370763302e-06 -4.723427490685007342e-06 9.655820657246451247e-07 -1.036153388637457970e-06 -3.276636025376855782e-06 7.451857525407186890e-07 -3.194593428362041113e-06 4.502057575607689479e-05 3.223779750531479706e-04 4.136930232152847831e-01
5.041137754957587987e-04 1.124540338592936396e-06 -2.134288510906778499e-05 6.576848074446172039e-05 8.325605759414994255e-06 4.935036778290161769e-04 9.289443016082634449e-04 -1.409863467127111646e-03 3.046886341171099600e-07 2.594323881554828712e-07 -1.061555432489057909e-07 3.980762514756685514e-08 3.052343897489293534e-07 -1.728432377131124002e-07 7.256529872116912935e-08 3.523383124377273655e-07 -2.519855399839655607e-06 5.562967893664154547e-06
1.124540338592936396e-06 5.349498647877794916e-02 -5.321679631668865546e-05 3.114814362177472620e-04 -5.974331066800846310e-05 8.459573903345368739e-03 -4.956616627570646985e-03 -3.111504663718987415e-02 2.250153434919696018e-06 2.592737773096692500e-06 -5.706618797756023306e-07 5.556696737110461788e-07 1.894422484617454252e-06 -5.099697814658860736e-07 1.674817327009598474e-06 -2.255074470291710257e-05 -1.653370422035650440e-04 -1.810085536636790142e-06
-2.134288510906778499e-05 -5.321679631668865546e-05 2.593205291438236415e-01 -4.989819773637130425e-03 -1.176227946659500747e-03 -3.823780998395546506e-03 -1.218535816418951645e-01 -2.722442373945666363e-02 -1.868451254374953085e-05 -1.219286628502540100e-05 7.681087863987424156e-06 -1.004196550072172115e-06 -2.069345279362760093e-05 1.480818131820300007e-05 1.803916226959717543e-06 -1.597221439996004922e-04 -6.511651530417440900e-04 -5.766683518484526242e-04
6.576848074446172039e-05 3.114814362177472620e-04 -4.989819773637130425e-03 8.785074548675842365e+00 1.479198328126423529e-03 1.573383144795785782e-01 1.749659829402281652e-01 -4.898165717641880246e-01 7.988523445931087824e-05 7.194812861562315280e-05 -2.659442435153480029e-05 1.195596137477508282e-05 7.794011595792052786e-05 -4.086810326605285642e-05 2.563639151809284479e-05 -5.361918925984420891e-05 -1.512341837088600855e-03 1.209564990162839519e-03
8.325605759414994255e-06 -5.974331066800846310e-05 -1.176227946659500747e-03 1.479198328126423529e-03 5.723779226805483233e-01 -7.795334928559503884e-02 1.569830518819144982e-01 3.237538967263740575e-01 -4.887552120157189378e-06 -1.400611882030649857e-05 -1.399809719510023656e-06 -4.444942624276634217e-06 3.366287955717615203e-07 -8.376482074927644393e-06 -1.773021405749803986e-05 3.602098909669305027e-04 2.174659385072193109e-03 5.346685268677447153e-04
4.935036778290161769e-04 8.459573903345368739e-03 -3.823780998395546506e-03 1.573383144795785782e-01 -7.795334928559503884e-02 3.332409350449155318e+04 -7.010890453680229228e+00 -2.748966782578563084e+01 1.525443915932233295e-03 1.966779934868757591e-03 -3.209705518438169653e-04 4.575483762325352022e-04 1.173141180619496080e-03 -1.089275123239454431e-04 1.487256625645643100e-03 -2.305834931289276607e-02 -1.574158916512024831e-01 -1.447824202497803407e-02
9.289443016082634449e-04 -4.956616627570646985e-03 -1.218535816418951645e-01 1.749659829402281652e-01 1.569830518819144982e-01 -7.010890453680229228e+00 1.044528903487535717e+04 2.947449236256107952e+01 -2.867950560907054388e-04 -1.164366286777777752e-03 -1.900853403654113318e-04 -3.932530803849855982e-04 2.018145826206023462e-04 -8.794141395512674805e-04 -1.616747701998094830e-03 3.386551645139108946e-02 2.018594536875877032e-01 5.308022114535090874e-02
-1.409863467127111646e-03 -3.111504663718987415e-02 -2.722442373945666363e-02 -4.898165717641880246e-01 3.237538967263740575e-01 -2.748966782578563084e+01 2.947449236256107952e+01 1.074707443710957887e+04 -5.408757017984681600e-03 -7.237978030467873830e-03 1.054740009812182725e-03 -1.724548330736320502e-03 -4.019066883898332089e-03 8.681062028739838061e-05 -5.718247888426073247e-03 9.158320659610551251e-02 6.154643405904389741e-01 6.809062002322026352e-02
3.046886341171099600e-07 2.250153434919696018e-06 -1.868451254374953085e-05 7.988523445931087824e-05 -4.887552120157189378e-06 1.525443915932233295e-03 -2.867950560907054388e-04 -5.408757017984681600e-03 1.240904707018684622e-03 5.214341132495801327e-07 -1.392120316402405166e-07 1.038825974360391395e-07 4.386362438933529365e-07 -1.632633900102468581e-07 2.894792106717379585e-07 -3.235267758651050175e-06 -2.626320012088302589e-05 2.498304149966036828e-06
2.594323881554828712e-07 2.592737773096692500e-06 -1.219286628502540100e-05 7.194812861562315280e-05 -1.400611882030649857e-05 1.966779934868757591e-03 -1.164366286777777752e-03 -7.237978030467873830e-03 5.214341132495801327e-07 6.659758080371195482e-05 -1.319566008484830146e-07 1.291157501908138079e-07 4.385199335351669639e-07 -1.171546642567858644e-07 3.896285049690285633e-07 -5.259282333065362099e-06 -3.850963768183744912e-05 -4.766476504286684674e-07
-1.061555432489057909e-07 -5.706618797756023306e-07 7.681087863987424156e-06 -2.659442435153480029e-05 -1.399809719510023656e-06 -3.209705518438169653e-04 -1.900853403654113318e-04 1.054740009812182725e-03 -1.392120316402405166e-07 -1.319566008484830146e-07 9.993850944764160165e-06 -2.337773362073047997e-08 -1.323267562784271208e-07 6.377119839577435724e-08 -5.574151891394143203e-08 3.378360918838570373e-07 4.061159358844803058e-06 -1.691078851647413580e-06
3.980762514756685514e-08 5.556696737110461788e-07 -1.004196550072172115e-06 1.195596137477508282e-05 -4.444942624276634217e-06 4.575483762325352022e-04 -3.932530803849855982e-04 -1.724548330736320502e-03 1.038825974360391395e-07 1.291157501908138079e-07 -2.337773362073047997e-08 2.274563379484378554e-04 8.245387267920013567e-08 -1.287870934834374937e-08 9.316802756758225552e-08 -1.391074635671090129e-06 -9.674671340070978501e-06 -6.803821192118507940e-07
3.052343897489293534e-07 1.894422484617454252e-06 -2.069345279362760093e-05 7.794011595792052786e-05 3.366287955717615203e-07 1.173141180619496080e-03 2.018145826206023462e-04 -4.019066883898332089e-03 4.386362438933529365e-07 4.385199335351669639e-07 -1.323267562784271208e-07 8.245387267920013567e-08 1.403591444785238194e-04 -1.751750209376702620e-07 2.139071206487769412e-07 -1.909745577153869630e-06 -1.772697557485692415e-05 3.886887343040686741e-06
-1.728432377131124002e-07 -5.099697814658860736e-07 1.480818131820300007e-05 -4.086810326605285642e-05 -8.376482074927644393e-06 -1.089275123239454431e-04 -8.794141395512674805e-04 8.681062028739838061e-05 -1.632633900102468581e-07 -1.171546642567858644e-07 6.377119839577435724e-08 -1.287870934834374937e-08 -1.751750209376702620e-07 1.754843956796933041e-04 -2.099651138342841658e-09 -1.001154335346533133e-06 -3.388624741288889809e-06 -4.366159612997296848e-06
7.256529872116912935e-08 1.674817327009598474e-06 1.803916226959717543e-06 2.563639151809284479e-05 -1.773021405749803986e-05 1.487256625645643100e-03 -1.616747701998094830e-03 -5.718247888426073247e-03 2.894792106717379585e-07 3.896285049690285633e-07 -5.574151891394143203e-08 9.316802756758225552e-08 2.139071206487769412e-07 -2.099651138342841658e-09 2.019163426059777499e-04 -4.985140391901868602e-06 -3.342740819967472200e-05 -3.786744180533960102e-06
3.523383124377273655e-07 -2.255074470291710257e-05 -1.597221439996004922e-04 -5.361918925984420891e-05 3.602098909669305027e-04 -2.305834931289276607e-02 3.386551645139108946e-02 9.158320659610551251e-02 -3.235267758651050175e-06 -5.259282333065362099e-06 3.378360918838570373e-07 -1.391074635671090129e-06 -1.909745577153869630e-06 -1.001154335346533133e-06 -4.985140391901868602e-06 2.098210392424140203e+00 5.697304873348835565e-04 9.965923276125864753e-05
-2.519855399839655607e-06 -1.653370422035650440e-04 -6.511651530417440900e-04 -1.512341837088600855e-03 2.174659385072193109e-03 -1.574158916512024831e-01 2.018594536875877032e-01 6.154643405904389741e-01 -2.626320012088302589e-05 -3.850963768183744912e-05 4.061159358844803058e-06 -9.674671340070978501e-06 -1.772697557485692415e-05 -3.388624741288889809e-06 -3.342740819967472200e-05 5.697304873348835565e-04 9.135448006591894154e-01 5.438430316286759327e-04
5.562967893664154547e-06 -1.810085536636790142e-06 -5.766683518484526242e-04 1.209564990162839519e-03 5.346685268677447153e-04 -1.447824202497803407e-02 5.308022114535090874e-02 6.809062002322026352e-02 2.498304149966036828e-06 -4.766476504286684674e-07 -1.691078851647413580e-06 -6.803821192118507940e-07 3.886887343040686741e-06 -4.366159612997296848e-06 -3.786744180533960102e-06 9.965923276125864753e-05 5.438430316286759327e-04 1.325885738675017245e-01
1.614395157662211109e-04 -2.810611281225562314e-06 -3.820139861164119971e-06 7.895670279472430012e-06 -6.081494806052232214e-07 1.951864380686043926e-04 3.972022689336436748e-04 -1.023458054588052488e-03 1.273549246590982071e-07 1.157532625615274975e-07 -2.397801416087052480e-08 2.412283804508326740e-08 6.886638049372379679e-08 -1.492206917334019428e-07 -6.235582914109765754e-08 2.632460524596522262e-06 7.997147312597329907e-06 -5.916470585266387935e-08
-2.810611281225562314e-06 1.720004654251844692e-02 -9.453698381219236100e-05 4.383401835391506282e-04 6.515676445081162332e-05 1.747348986771090533e-03 -4.159934571846816975e-03 4.782015796537906517e-03 -4.881336805460317816e-08 -1.336541926570006144e-08 -4.399355922798749375e-07 -1.153749465894314098e-07 1.348141004992944685e-06 2.255352364049950415e-06 2.739850357110499297e-06 -7.210790227395938304e-05 -2.796297055579748808e-04 4.678974237909366656e-05
-3.820139861164119971e-06 -9.453698381219236100e-05 8.305614391870434765e-02 -1.918223307931936610e-03 -4.563911676846166819e-04 -3.125946490143249445e-04 -3.654993366737234461e-02 -2.270274475785621568e-02 -5.249196408191399125e-06 -3.101454678627883922e-06 2.702214367727067526e-06 -4.303113602409168199e-08 -7.326182705837699166e-06 2.442800928281269269e-06 -1.514821318431850349e-06 1.048774024262504811e-05 6.844316590212502028e-06 -2.294991695539773911e-04
7.895670279472430012e-06 4.383401835391506282e-04 -1.918223307931936610e-03 2.812628552727456377e+00 8.228922261205425187e-04 4.636761906128052807e-02 4.531360404686288895e-02 -9.560854695287344940e-02 2.237423768018011256e-05 1.952668885249615502e-05 -9.577526545589439469e-06 2.609836518194124385e-06 2.801814835168088663e-05 -3.046320180851405220e-06 1.734487380384976092e-05 -2.863115310765774395e-04 -1.424331425422997646e-03 5.835347048050023655e-04
-6.081494806052232214e-07 6.515676445081162332e-05 -4.563911676846166819e-04 8.228922261205425187e-04 1.832479179474587050e-01 -2.593562573445994113e-02 4.757805276406444628e-02 1.188136926455810316e-01 -2.357585635857139081e-06 -5.352089675431298055e-06 -7.135316980551344626e-07 -1.724992173061737993e-06 8.734879369068765122e-07 -1.842145478102616158e-07 -3.398939670975906351e-06 4.829028391778659963e-05 4.618837113814655711e-04 2.199850444224293465e-04
1.951864380686043926e-04 1.747348986771090533e-03 -3.125946490143249445e-04 4.636761906128052807e-02 -2.593562573445994113e-02 1.066372120180994716e+04 -2.213232601574031122e+00 -8.969932177609672763e+00 4.971791716168483819e-04 6.392785893339813152e-04 -9.968602318316482729e-05 1.498615920760776126e-04 3.666846695643934465e-04 -6.328406876732119591e-05 4.500176366465055721e-04 -6.615942835550527729e-03 -4.770822349018435937e-02 -5.189806716860831046e-03
3.972022689336436748e-04 -4.159934571846816975e-03 -3.654993366737234461e-02 4.531360404686288895e-02 4.757805276406444628e-02 -2.213232601574031122e+00 3.342573623612196570e+03 8.967236785825722478e+00 -6.753816059434171503e-05 -3.460226658820911945e-04 -5.271588992854201751e-05 -1.165990078274136842e-04 4.119351251495407065e-05 -3.576503768814230893e-04 -5.868313788885490137e-04 1.288249503753361933e-02 7.174180290490189682e-02 1.549249534120536280e-02
-1.023458054588052488e-03 4.782015796537906517e-03 -2.270274475785621568e-02 -9.560854695287344940e-02 1.188136926455810316e-01 -8.969932177609672763e+00 8.967236785825722478e+00 3.441724332039146702e+03 -1.869589913879370459e-03 -2.468330725626590415e-03 2.910671838730870004e-04 -6.047791719277148537e-04 -1.152176081391102173e-03 4.643514969916607703e-04 -1.432010872683523806e-03 1.759300617632714864e-02 1.560229377828959985e-01 3.033958987648687280e-02
1.273549246590982071e-07 -4.881336805460317816e-08 -5.249196408191399125e-06 2.237423768018011256e-05 -2.357585635857139081e-06 4.971791716168483819e-04 -6.753816059434171503e-05 -1.869589913879370459e-03 3.970967462116831506e-04 1.747973861945137816e-07 -4.212476992613368565e-08 3.600323710862406198e-08 1.333772804042316779e-07 -7.501840489072273484e-08 7.188031953624362665e-08 -4.242356684360658503e-07 -6.269305892455801175e-06 3.534091320458472075e-07
1.157532625615274975e-07 -1.336541926570006144e-08 -3.101454678627883922e-06 1.952668885249615502e-05 -5.352089675431298055e-06 6.392785893339813152e-04 -3.460226658820911945e-04 -2.468330725626590415e-03 1.747973861945137816e-07 2.131993022234592608e-05 -3.956925585236744864e-08 4.434420563260467637e-08 1.326660285364798056e-07 -6.246083572123579908e-08 1.019258634831171015e-07 -1.012966871730749382e-06 -9.982191262275535342e-06 -6.416097032930320744e-07
-2.397801416087052480e-08 -4.399355922798749375e-07 2.702214367727067526e-06 -9.577526545589439469e-06 -7.135316980551344626e-07 -9.968602318316482729e-05 -5.271588992854201751e-05 2.910671838730870004e-04 -4.212476992613368565e-08 -3.956925585236744864e-08 3.198843261642499789e-06 -6.556884997806932590e-09 -4.468275097730294537e-08 1.278471431079566810e-08 -2.478293372150755422e-08 3.126144836449976968e-07 2.014087899669792739e-06 -6.904291649991980824e-07
2.412283804508326740e-08 -1.153749465894314098e-07 -4.303113602409168199e-08 2.609836518194124385e-06 -1.724992173061737993e-06 1.498615920760776126e-04 -1.165990078274136842e-04 -6.047791719277148537e-04 3.600323710862406198e-08 4.434420563260467637e-08 -6.556884997806932590e-09 7.278708091773822806e-05 2.372115658682068821e-08 -1.280561014162090487e-08 2.190004591801413156e-08 -2.121330417228693266e-07 -2.281789497789919449e-06 -3.878132087330145503e-07
6.886638049372379679e-08 1.348141004992944685e-06 -7.326182705837699166e-06 2.801814835168088663e-05 8.734879369068765122e-07 3.666846695643934465e-04 4.119351251495407065e-05 -1.152176081391102173e-03 1.333772804042316779e-07 1.326660285364798056e-07 -4.468275097730294537e-08 2.372115658682068821e-08 4.492166778912173522e-05 -3.407976489976919438e-08 8.847623601011209115e-08 -1.200760810842136184e-06 -7.732754692536388135e-06 1.674225101984082766e-06
-1.492206917334019428e-07 2.255352364049950415e-06 2.442800928281269269e-06 -3.046320180851405220e-06 -1.842145478102616158e-07 -6.328406876732119591e-05 -3.576503768814230893e-04 4.643514969916607703e-04 -7.501840489072273484e-08 -6.246083572123579908e-08 1.278471431079566810e-08 -1.280561014162090487e-08 -3.407976489976919438e-08 5.622664515378128909e-05 6.460907682292226438e-08 -2.242495399302391247e-06 -7.799983198588790497e-06 5.923302230426834517e-09
-6.235582914109765754e-08 2.739850357110499297e-06 -1.514821318431850349e-06 1.734487380384976092e-05 -3.398939670975906351e-06 4.500176366465055721e-04 -5.868313788885490137e-04 -1.432010872683523806e-03 7.188031953624362665e-08 1.019258634831171015e-07 -2.478293372150755422e-08 2.190004591801413156e-08 8.847623601011209115e-08 6.460907682292226438e-08 6.467271723146998251e-05 -3.346791617886562979e-06 -1.681641505565482987e-05 6.681845001297855747e-08
2.632460524596522262e-06 -7.210790227395938304e-05 1.048774024262504811e-05 -2.863115310765774395e-04 4.829028391778659963e-05 -6.615942835550527729e-03 1.288249503753361933e-02 1.759300617632714864e-02 -4.242356684360658503e-07 -1.012966871730749382e-06 3.126144836449976968e-07 -2.121330417228693266e-07 -1.200760810842136184e-06 -2.242495399302391247e-06 -3.346791617886562979e-06 6.714788979360473142e-01 3.624999359874447901e-04 -5.755322814160557364e-06
7.997147312597329907e-06 -2.796297055579748808e-04 6.844316590212502028e-06 -1.424331425422997646e-03 4.618837113814655711e-04 -4.770822349018435937e-02 7.174180290490189682e-02 1.560229377828959985e-01 -6.269305892455801175e-06 -9.982191262275535342e-06 2.014087899669792739e-06 -2.281789497789919449e-06 -7.732754692536388135e-06 -7.799983198588790497e-06 -1.681641505565482987e-05 3.624999359874447901e-04 2.929638800067748128e-01 4.249925926977476514e-05
-5.916470585266387935e-08 4.678974237909366656e-05 -2.294991695539773911e-04 5.835347048050023655e-04 2.199850444224293465e-04 -5.189806716860831046e-03 1.549249534120536280e-02 3.033958987648687280e-02 3.534091320458472075e-07 -6.416097032930320744e-07 -6.904291649991980824e-07 -3.878132087330145503e-07 1.674225101984082766e-06 5.923302230426834517e-09 6.681845001297855747e-08 -5.755322814160557364e-06 4.249925926977476514e-05 4.245582429168579669e-02
5.170327887754820698e-05 -1.169037270250320512e-06 2.834794559151912827e-07 3.308856834764532574e-07 -6.154440650211882506e-07 2.336764649536000456e-05 3.789319841313019445e-04 -4.572981252971921890e-04 3.949455575411616367e-08 7.753401609495714780e-09 1.853138808748727916e-10 -1.980331124731505064e-08 1.729143943636022621e-08 -6.731450150625882819e-08 -4.029487142532284392e-08 7.303469756017010347e-07 3.068191410288749806e-06 4.092705649048080513e-07
-1.169037270250320512e-06 5.505720267505608348e-03 -3.977619334352853130e-05 1.541559509308189824e-04 2.351178272918621708e-05 8.063927725772090894e-04 -2.923884109903858008e-03 2.351123838452420442e-03 -7.657487167009524331e-09 1.809554995116279163e-07 -1.904798063279542232e-07 1.371493977961668092e-07 4.614203922525812588e-07 8.454463463110683733e-07 1.005400709836437909e-06 -2.236591878769842280e-05 -9.270138335197426163e-05 1.226450592571436245e-05
2.834794559151912827e-07 -3.977619334352853130e-05 2.663115873231962707e-02 -6.913896086717980123e-04 -1.609100693213634580e-04 -1.480849384426546162e-03 -2.800865571806199650e-03 -1.184941186112433223e-02 -1.724214313821051357e-06 -2.026971835533908409e-06 1.142280916824234284e-06 -9.859316637303147044e-07 -2.512011029583203287e-06 9.065542265975450094e-08 -1.203233557505761514e-06 -6.014453541914346974e-07 2.017290545913776823e-05 -5.831461795302009168e-05
3.308856834764532574e-07 1.541559509308189824e-04 -6.913896086717980123e-04 9.001542213581047447e-01 2.849994315068344686e-04 1.685095606302406193e-02 1.530738927735179932e-03 -2.391020716103208626e-02 7.224598147349720834e-06 7.756913397241841043e-06 -3.469525765383186862e-06 2.252618387798547229e-06 9.210225914155041878e-06 3.275703544868512593e-08 6.597962672518889300e-06 -8.584938258218805462e-05 -4.820059582559828954e-04 1.646777689159296617e-04
-6.154440650211882506e-07 2.351178272918621708e-05 -1.609100693213634580e-04 2.849994315068344686e-04 5.864348779464591960e-02 -7.913525102502549230e-03 1.273920377081269595e-02 3.930154692808369293e-02 -7.419996844513665650e-07 -1.423571977125992028e-06 -3.058987804934707288e-07 -2.803232219096280427e-07 3.263616953877903442e-07 1.341653374130478500e-07 -8.868757341954084839e-07 1.655883544794040489e-05 1.427774471894260519e-04 6.616844311089231938e-05
2.336764649536000456e-05 8.063927725772090894e-04 -1.480849384426546162e-03 1.685095606302406193e-02 -7.913525102502549230e-03 3.412426629011867590e+03 -9.391410640420738698e-01 -2.751369221563669587e+00 1.602517615710091444e-04 2.314237111405848381e-04 -3.910497694689485897e-05 7.319187885454148047e-05 1.216906376019518494e-04 -2.312297184937794885e-06 1.626568145200746611e-04 -2.014369104983837824e-03 -1.573344179405753579e-02 -2.053368302404986762e-03
3.789319841313019445e-04 -2.923884109903858008e-03 -2.800865571806199650e-03 1.530738927735179932e-03 1.273920377081269595e-02 -9.391410640420738698e-01 1.071111039437529598e+03 2.102869945756125070e+00 -2.904892470859511019e-05 -2.837219447565349564e-04 2.954777705133831354e-05 -1.998808300738263695e-04 -1.485032925339782264e-05 -2.300070094798872344e-04 -3.079352164274788153e-04 3.460604169776841828e-03 2.596452701115433553e-02 7.486886861064535534e-03
-4.572981252971921890e-04 2.351123838452420442e-03 -1.184941186112433223e-02 -2.391020716103208626e-02 3.930154692808369293e-02 -2.751369221563669587e+00 2.102869945756125070e+00 1.101746914838355679e+03 -5.944358969229010048e-04 -7.007045199165989413e-04 6.921828898437050492e-05 -1.097413390162393622e-04 -3.542485473145380787e-04 2.081514289605952142e-04 -3.963186998017400979e-04 5.970850148139318289e-03 4.837745757728926371e-02 8.405075763399633137e-03
3.949455575411616367e-08 -7.657487167009524331e-09 -1.724214313821051357e-06 7.224598147349720834e-06 -7.419996844513665650e-07 1.602517615710091444e-04 -2.904892470859511019e-05 -5.944358969229010048e-04 1.270709959678750821e-04 5.680005724802008856e-08 -1.371198927605117130e-08 1.233380662871884665e-08 4.282087806596364789e-08 -2.342814842137410953e-08 2.360239270954412865e-08 -1.324467479363526809e-07 -2.021212248966771834e-06 1.004456471118988111e-07
7.753401609495714780e-09 1.809554995116279163e-07 -2.026971835533908409e-06 7.756913397241841043e-06 -1.423571977125992028e-06 2.314237111405848381e-04 -2.837219447565349564e-04 -7.007045199165989413e-04 5.680005724802008856e-08 6.842497044674423724e-06 -1.806046728830576981e-08 3.309702306971063873e-08 4.571329491222282785e-08 -6.547907945942837658e-09 4.658968850824478437e-08 -2.471823809113020732e-07 -3.544034338209836443e-06 -4.994726691279362854e-07
1.853138808748727916e-10 -1.904798063279542232e-07 1.142280916824234284e-06 -3.469525765383186862e-06 -3.058987804934707288e-07 -3.910497694689485897e-05 2.954777705133831354e-05 6.921828898437050492e-05 -1.371198927605117130e-08 -1.806046728830576981e-08 1.025078283525436173e-06 -7.171179145725053027e-09 -1.517322775792793912e-08 4.850894027590952011e-10 -1.167979801258195594e-08 7.938532224776544449e-08 7.383463515628190776e-07 -1.420108011513650322e-07
-1.980331124731505064e-08 1.371493977961668092e-07 -9.859316637303147044e-07 2.252618387798547229e-06 -2.803232219096280427e-07 7.319187885454148047e-05 -1.998808300738263695e-04 -1.097413390162393622e-04 1.233380662871884665e-08 3.309702306971063873e-08 -7.171179145725053027e-09 2.330963334590719995e-05 1.065446163928722663e-08 8.531827710222540773e-09 2.013931766593653320e-08 4.446018890501847309e-09 -1.058829067802607356e-06 -4.005303529429975519e-07
1.729143943636022621e-08 4.614203922525812588e-07 -2.512011029583203287e-06 9.210225914155041878e-06 3.263616953877903442e-07 1.216906376019518494e-04 -1.485032925339782264e-05 -3.542485473145380787e-04 4.282087806596364789e-08 4.571329491222282785e-08 -1.517322775792793912e-08 1.065446163928722663e-08 1.437546197342711198e-05 -8.727763522701476780e-09 3.057666285827557707e-08 -3.717716378117527103e-07 -2.531152649714971277e-06 4.880864120650939323e-07
-6.731450150625882819e-08 8.454463463110683733e-07 9.065542265975450094e-08 3.275703544868512593e-08 1.341653374130478500e-07 -2.312297184937794885e-06 -2.300070094798872344e-04 2.081514289605952142e-04 -2.342814842137410953e-08 -6.547907945942837658e-09 4.850894027590952011e-10 8.531827710222540773e-09 -8.727763522701476780e-09 1.800150395335217235e-05 3.000901750496320762e-08 -6.661852560794881740e-07 -2.729613193056016814e-06 -1.945991347123705548e-07
-4.029487142532284392e-08 1.005400709836437909e-06 -1.203233557505761514e-06 6.597962672518889300e-06 -8.868757341954084839e-07 1.626568145200746611e-04 -3.079352164274788153e-04 -3.963186998017400979e-04 2.360239270954412865e-08 4.658968850824478437e-08 -1.167979801258195594e-08 2.013931766593653320e-08 3.057666285827557707e-08 3.000901750496320762e-08 2.070497440115861684e-05 -1.017517783079149749e-06 -5.624151297592256573e-06 -1.829179410104041006e-07
7.303469756017010347e-07 -2.236591878769842280e-05 -6.014453541914346974e-07 -8.584938258218805462e-05 1.655883544794040489e-05 -2.014369104983837824e-03 3.460604169776841828e-03 5.970850148139318289e-03 -1.324467479363526809e-07 -2.471823809113020732e-07 7.938532224776544449e-08 4.446018890501847309e-09 -3.717716378117527103e-07 -6.661852560794881740e-07 -1.017517783079149749e-06 2.148735417782192958e-01 1.146620692463317938e-04 -2.967008246768617370e-06
3.068191410288749806e-06 -9.270138335197426163e-05 2.017290545913776823e-05 -4.820059582559828954e-04 1.427774471894260519e-04 -1.573344179405753579e-02 2.596452701115433553e-02 4.837745757728926371e-02 -2.021212248966771834e-06 -3.544034338209836443e-06 7.383463515628190776e-07 -1.058829067802607356e-06 -2.531152649714971277e-06 -2.729613193056016814e-06 -5.624151297592256573e-06 1.146620692463317938e-04 9.375452097959340036e-02 1.871307560178307215e-05
4.092705649048080513e-07 1.226450592571436245e-05 -5.831461795302009168e-05 1.646777689159296617e-04 6.616844311089231938e-05 -2.053368302404986762e-03 7.486886861064535534e-03 8.405075763399633137e-03 1.004456471118988111e-07 -4.994726691279362854e-07 -1.420108011513650322e-07 -4.005303529429975519e-07 4.880864120650939323e-07 -1.945991347123705548e-07 -1.829179410104041006e-07 -2.967008246768617370e-06 1.871307560178307215e-05 1.359016453709832768e-02
5.170327887754820698e-05 -1.169037270250320512e-06 2.834794559151912827e-07 3.308856834764532574e-07 -6.154440650211882506e-07 2.336764649536000456e-05 3.789319841313019445e-04 -4.572981252971921890e-04 3.949455575411616367e-08 7.753401609495714780e-09 1.853138808748727916e-10 -1.980331124731505064e-08 1.729143943636022621e-08 -6.731450150625882819e-08 -4.029487142532284392e-08 7.303469756017010347e-07 3.068191410288749806e-06 4.092705649048080513e-07
-1.169037270250320512e-06 5.505720267505608348e-03 -3.977619334352853130e-05 1.541559509308189824e-04 2.351178272918621708e-05 8.063927725772090894e-04 -2.923884109903858008e-03 2.351123838452420442e-03 -7.657487167009524331e-09 1.809554995116279163e-07 -1.904798063279542232e-07 1.371493977961668092e-07 4.614203922525812588e-07 8.454463463110683733e-07 1.005400709836437909e-06 -2.236591878769842280e-05 -9.270138335197426163e-05 1.226450592571436245e-05
2.834794559151912827e-07 -3.977619334352853130e-05 2.663115873231962707e-02 -6.913896086717980123e-04 -1.609100693213634580e-04 -1.480849384426546162e-03 -2.800865571806199650e-03 -1.184941186112433223e-02 -1.724214313821051357e-06 -2.026971835533908409e-06 1.142280916824234284e-06 -9.859316637303147044e-07 -2.512011029583203287e-06 9.065542265975450094e-08 -1.203233557505761514e-06 -6.014453541914346974e-07 2.017290545913776823e-05 -5.831461795302009168e-05
3.308856834764532574e-07 1.541559509308189824e-04 -6.913896086717980123e-04 9.001542213581047447e-01 2.849994315068344686e-04 1.685095606302406193e-02 1.530738927735179932e-03 -2.391020716103208626e-02 7.224598147349720834e-06 7.756913397241841043e-06 -3.469525765383186862e-06 2.252618387798547229e-06 9.210225914155041878e-06 3.275703544868512593e-08 6.597962672518889300e-06 -8.584938258218805462e-05 -4.820059582559828954e-04 1.646777689159296617e-04
-6.154440650211882506e-07 2.351178272918621708e-05 -1.609100693213634580e-04 2.849994315068344686e-04 5.864348779464591960e-02 -7.913525102502549230e-03 1.273920377081269595e-02 3.930154692808369293e-02 -7.419996844513665650e-07 -1.423571977125992028e-06 -3.058987804934707288e-07 -2.803232219096280427e-07 3.263616953877903442e-07 1.341653374130478500e-07 -8.868757341954084839e-07 1.655883544794040489e-05 1.427774471894260519e-04 6.616844311089231938e-05
2.336764649536000456e-05 8.063927725772090894e-04 -1.480849384426546162e-03 1.685095606302406193e-02 -7.913525102502549230e-03 3.412426629011867590e+03 -9.391410640420738698e-01 -2.751369221563669587e+00 1.602517615710091444e-04 2.314237111405848381e-04 -3.910497694689485897e-05 7.319187885454148047e-05 1.216906376019518494e-04 -2.312297184937794885e-06 1.626568145200746611e-04 -2.014369104983837824e-03 -1.573344179405753579e-02 -2.053368302404986762e-03
3.789319841313019445e-04 -2.923884109903858008e-03 -2.800865571806199650e-03 1.530738927735179932e-03 1.273920377081269595e-02 -9.391410640420738698e-01 1.071111039437529598e+03 2.102869945756125070e+00 -2.904892470859511019e-05 -2.837219447565349564e-04 2.954777705133831354e-05 -1.998808300738263695e-04 -1.485032925339782264e-05 -2.300070094798872344e-04 -3.079352164274788153e-04 3.460604169776841828e-03 2.596452701115433553e-02 7.486886861064535534e-03
-4.572981252971921890e-04 2.351123838452420442e-03 -1.184941186112433223e-02 -2.391020716103208626e-02 3.930154692808369293e-02 -2.751369221563669587e+00 2.102869945756125070e+00 1.101746914838355679e+03 -5.944358969229010048e-04 -7.007045199165989413e-04 6.921828898437050492e-05 -1.097413390162393622e-04 -3.542485473145380787e-04 2.081514289605952142e-04 -3.963186998017400979e-04 5.970850148139318289e-03 4.837745757728926371e-02 8.405075763399633137e-03
3.949455575411616367e-08 -7.657487167009524331e-09 -1.724214313821051357e-06 7.224598147349720834e-06 -7.419996844513665650e-07 1.602517615710091444e-04 -2.904892470859511019e-05 -5.944358969229010048e-04 1.270709959678750821e-04 5.680005724802008856e-08 -1.371198927605117130e-08 1.233380662871884665e-08 4.282087806596364789e-08 -2.342814842137410953e-08 2.360239270954412865e-08 -1.324467479363526809e-07 -2.021212248966771834e-06 1.004456471118988111e-07
7.753401609495714780e-09 1.809554995116279163e-07 -2.026971835533908409e-06 7.756913397241841043e-06 -1.423571977125992028e-06 2.314237111405848381e-04 -2.837219447565349564e-04 -7.007045199165989413e-04 5.680005724802008856e-08 6.842497044674423724e-06 -1.806046728830576981e-08 3.309702306971063873e-08 4.571329491222282785e-08 -6.547907945942837658e-09 4.658968850824478437e-08 -2.471823809113020732e-07 -3.544034338209836443e-06 -4.994726691279362854e-07
1.853138808748727916e-10 -1.904798063279542232e-07 1.142280916824234284e-06 -3.469525765383186862e-06 -3.058987804934707288e-07 -3.910497694689485897e-05 2.954777705133831354e-05 6.921828898437050492e-05 -1.371198927605117130e-08 -1.806046728830576981e-08 1.025078283525436173e-06 -7.171179145725053027e-09 -1.517322775792793912e-08 4.850894027590952011e-10 -1.167979801258195594e-08 7.938532224776544449e-08 7.383463515628190776e-07 -1.420108011513650322e-07
-1.980331124731505064e-08 1.371493977961668092e-07 -9.859316637303147044e-07 2.252618387798547229e-06 -2.803232219096280427e-07 7.319187885454148047e-05 -1.998808300738263695e-04 -1.097413390162393622e-04 1.233380662871884665e-08 3.309702306971063873e-08 -7.171179145725053027e-09 2.330963334590719995e-05 1.065446163928722663e-08 8.531827710222540773e-09 2.013931766593653320e-08 4.446018890501847309e-09 -1.058829067802607356e-06 -4.005303529429975519e-07
1.729143943636022621e-08 4.614203922525812588e-07 -2.512011029583203287e-06 9.210225914155041878e-06 3.263616953877903442e-07 1.216906376019518494e-04 -1.485032925339782264e-05 -3.542485473145380787e-04 4.282087806596364789e-08 4.571329491222282785e-08 -1.517322775792793912e-08 1.065446163928722663e-08 1.437546197342711198e-05 -8.727763522701476780e-09 3.057666285827557707e-08 -3.717716378117527103e-07 -2.531152649714971277e-06 4.880864120650939323e-07
-6.731450150625882819e-08 8.454463463110683733e-07 9.065542265975450094e-08 3.275703544868512593e-08 1.341653374130478500e-07 -2.312297184937794885e-06 -2.300070094798872344e-04 2.081514289605952142e-04 -2.342814842137410953e-08 -6.547907945942837658e-09 4.850894027590952011e-10 8.531827710222540773e-09 -8.727763522701476780e-09 1.800150395335217235e-05 3.000901750496320762e-08 -6.661852560794881740e-07 -2.729613193056016814e-06 -1.945991347123705548e-07
-4.029487142532284392e-08 1.005400709836437909e-06 -1.203233557505761514e-06 6.597962672518889300e-06 -8.868757341954084839e-07 1.626568145200746611e-04 -3.079352164274788153e-04 -3.963186998017400979e-04 2.360239270954412865e-08 4.658968850824478437e-08 -1.167979801258195594e-08 2.013931766593653320e-08 3.057666285827557707e-08 3.000901750496320762e-08 2.070497440115861684e-05 -1.017517783079149749e-06 -5.624151297592256573e-06 -1.829179410104041006e-07
