{
    "R": [
        [
            0.006160754003307262,
            -6.042769668334333e-06,
            -0.0015906195119902062,
            0.0011962309097012494,
            -0.00028759226886605684,
            -0.1884663318484673,
            -0.00105647046723001,
            -0.02916939870430163,
            9.420144320021889e-06,
            1.71693059869953e-05,
            1.3006820584621164e-06,
            8.540528649380674e-06,
            3.2813590609699025e-06,
            6.281650595872437e-06,
            -1.0613306999437058e-05,
            -0.00031262228408135195,
            0.00015871286283280527,
            -0.00013302264930942443
        ],
        [
            0.0,
            0.006909541622049915,
            0.0021720733512259212,
            -0.0005187050838611778,
            0.00020939107931658047,
            -0.028796267087641454,
            -0.0016442161878538984,
            0.01716556068172596,
            -2.574964013512816e-06,
            5.076386554359197e-06,
            1.313816178677612e-08,
            -6.825837302464063e-07,
            3.4762791316418796e-07,
            -2.920719947735011e-06,
            -7.081801572323683e-08,
            -1.1298322207153513e-05,
            0.00025620556487375955,
            -0.00012009533768437542
        ],
        [
            0.0,
            0.0,
            0.8322276403063871,
            -0.0011901860080447255,
            0.00032407442441254324,
            -0.12302345853986671,
            -0.0056943301187614365,
            0.029084574051582393,
            -5.783290186165474e-06,
            1.4176405778593657e-05,
            -3.942475302359536e-07,
            -9.02508855478653e-07,
            2.5341824643682547e-07,
            -6.364978053030419e-06,
            5.864107615077738e-07,
            6.691777144997912e-05,
            0.0008008587164272914,
            -0.0003728958218498656
        ],
        [
            0.0,
            0.0,
            0.0,
            0.7644981712462556,
            -0.00022453120280903596,
            -0.03430275562256668,
            8.89702597751089e-05,
            -0.016630376182133314,
            2.433373165242604e-06,
            4.2617622573874046e-07,
            -9.891469187067585e-08,
            1.377774976391092e-06,
            -3.626457316607094e-08,
            2.0537461447678904e-06,
            -1.1022452632679989e-06,
            2.3692352712973133e-05,
            -1.3273981664483339e-05,
            1.78391011472548e-05
        ],
        [
            0.0,
            0.0,
            0.0,
            0.0,
            0.4474028480046153,
            0.16043097574375273,
            0.005550339049832016,
            0.053305773797876745,
            -2.7354553149754235e-06,
            -3.1433008736435893e-06,
            1.4740459941418678e-06,
            -3.1960962159773885e-06,
            2.455468061341565e-06,
            -4.576869368042571e-06,
            -3.7230458845997643e-06,
            -0.0003304435137103632,
            -0.00047639899368662035,
            0.00024696407846576797
        ],
        [
            0.0,
            0.0,
            0.0,
            0.0,
            0.0,
            64.56469208612903,
            0.012056502768413404,
            0.0721930003761467,
            -2.852024335508716e-06,
            -2.0457615829956976e-05,
            2.582902524610932e-06,
            -5.538044957078589e-06,
            2.684823530100541e-06,
            -2.5757095825835536e-06,
            -1.5287033026908337e-06,
            -0.0005607888899253387,
            -0.0014393634880427843,
            0.0006207739505303022
        ],
        [
            0.0,
            0.0,
            0.0,
            0.0,
            0.0,
            0.0,
            2.2840875224518955,
            0.08709994298409011,
            -3.928472743757353e-06,
            -1.3851052233728254e-05,
            2.1677163522967237e-06,
            -8.360550586610539e-06,
            3.8774741317198095e-06,
            -8.893740584679884e-06,
            -7.499772599104786e-06,
            -0.0004693988299026675,
            -0.0011355449562147622,
            0.0007192728191621459
        ],
        [
            0.0,
            0.0,
            0.0,
            0.0,
            0.0,
            0.0,
            0.0,
            25.810947297474076,
            -5.950421107890401e-06,
            -3.0272534365951146e-06,
            1.2314762213907992e-06,
            -7.135093655417582e-06,
            2.913975302361027e-06,
            -1.045458807629315e-05,
            -5.577953838167243e-06,
            -0.00027344130079693546,
            -0.00039815507620290805,
            0.000362060139873721
        ],
        [
            0.0,
            0.0,
            0.0,
            0.0,
            0.0,
            0.0,
            0.0,
            0.0,
            0.003905191772010378,
            1.919295260035906e-06,
            6.231494356375871e-07,
            6.703593815233344e-06,
            8.627142682943634e-08,
            9.181152888578009e-06,
            1.2834429064748585e-07,
            -0.00014523004197400757,
            -0.00014765224770138232,
            -0.0001340608851924603
        ],
        [
            0.0,
            0.0,
            0.0,
            0.0,
            0.0,
            0.0,
            0.0,
            0.0,
            0.0,
            0.0044275603359683075,
            -5.388990583023667e-07,
            4.539891739222851e-06,
            8.905899961580861e-07,
            -8.952205401622492e-07,
            -4.731774941400513e-06,
            9.395781883066463e-05,
            0.0010100900712380829,
            -0.0004426312778769372
        ],
        [
            0.0,
            0.0,
            0.0,
            0.0,
            0.0,
            0.0,
            0.0,
            0.0,
            0.0,
            0.0,
            0.0007789113800616606,
            2.8197809189774503e-06,
            4.09372252293968e-06,
            3.5935401379594975e-06,
            -5.717161292869279e-06,
            -0.0007193838234236217,
            -0.0009651149295970979,
            0.0002396941173035523
        ],
        [
            0.0,
            0.0,
            0.0,
            0.0,
            0.0,
            0.0,
            0.0,
            0.0,
            0.0,
            0.0,
            0.0,
            0.0026888221539689075,
            -3.262314895000247e-07,
            1.5527749315045436e-05,
            2.038185984812321e-06,
            -0.00019904444192931007,
            3.097535344540484e-05,
            -0.00041345739379149865
        ],
        [
            0.0,
            0.0,
            0.0,
            0.0,
            0.0,
            0.0,
            0.0,
            0.0,
            0.0,
            0.0,
            0.0,
            0.0,
            0.0007808692021272678,
            -5.705651269374076e-06,
            -1.5257599820944878e-05,
            -0.0009263091075506176,
            -0.0009127259036748459,
            0.00043916024814749
        ],
        [
            0.0,
            0.0,
            0.0,
            0.0,
            0.0,
            0.0,
            0.0,
            0.0,
            0.0,
            0.0,
            0.0,
            0.0,
            0.0,
            0.004681709114908507,
            3.815477955094637e-06,
            -0.00013880548588363545,
            -0.0002246804123372224,
            -0.00023031242501850315
        ],
        [
            0.0,
            0.0,
            0.0,
            0.0,
            0.0,
            0.0,
            0.0,
            0.0,
            0.0,
            0.0,
            0.0,
            0.0,
            0.0,
            0.0,
            0.003912200892863228,
            0.000257034825242605,
            0.0001321876152995269,
            -0.00017430113062242848
        ],
        [
            0.0,
            0.0,
            0.0,
            0.0,
            0.0,
            0.0,
            0.0,
            0.0,
            0.0,
            0.0,
            0.0,
            0.0,
            0.0,
            0.0,
            0.0,
            0.18176600148575828,
            0.0009001048271392535,
            -0.0002130474139495284
        ],
        [
            0.0,
            0.0,
            0.0,
            0.0,
            0.0,
            0.0,
            0.0,
            0.0,
            0.0,
            0.0,
            0.0,
            0.0,
            0.0,
            0.0,
            0.0,
            0.0,
            0.4594889024745418,
            -0.0002784291574555417
        ],
        [
            0.0,
            0.0,
            0.0,
            0.0,
            0.0,
            0.0,
            0.0,
            0.0,
            0.0,
            0.0,
            0.0,
            0.0,
            0.0,
            0.0,
            0.0,
            0.0,
            0.0,
            0.13362078731674643
        ]
    ],
    "RDR": [
        [
            [
                0.006160754003307262,
                -6.042769668334333e-06,
                -0.0015906195119902062,
                0.0011962309097012494,
                -0.00028759226886605684,
                -0.1884663318484673,
                -0.00105647046723001,
                -0.02916939870430163,
                9.420144320021889e-06,
                1.71693059869953e-05,
                1.3006820584621164e-06,
                8.540528649380674e-06,
                3.2813590609699025e-06,
                6.281650595872437e-06,
                -1.0613306999437058e-05,
                -0.00031262228408135195,
                0.00015871286283280527,
                -0.00013302264930942443
            ],
            [
                0.0,
                0.006909541622049915,
                0.0021720733512259212,
                -0.0005187050838611778,
                0.00020939107931658047,
                -0.028796267087641454,
                -0.0016442161878538984,
                0.01716556068172596,
                -2.574964013512816e-06,
                5.076386554359197e-06,
                1.313816178677612e-08,
                -6.825837302464063e-07,
                3.4762791316418796e-07,
                -2.920719947735011e-06,
                -7.081801572323683e-08,
                -1.1298322207153513e-05,
                0.00025620556487375955,
                -0.00012009533768437542
            ],
            [
                0.0,
                0.0,
                0.8322276403063871,
                -0.0011901860080447255,
                0.00032407442441254324,
                -0.12302345853986671,
                -0.0056943301187614365,
                0.029084574051582393,
                -5.783290186165474e-06,
                1.4176405778593657e-05,
                -3.942475302359536e-07,
                -9.02508855478653e-07,
                2.5341824643682547e-07,
                -6.364978053030419e-06,
                5.864107615077738e-07,
                6.691777144997912e-05,
                0.0008008587164272914,
                -0.0003728958218498656
            ],
            [
                0.0,
                0.0,
                0.0,
                0.7644981712462556,
                -0.00022453120280903596,
                -0.03430275562256668,
                8.89702597751089e-05,
                -0.016630376182133314,
                2.433373165242604e-06,
                4.2617622573874046e-07,
                -9.891469187067585e-08,
                1.377774976391092e-06,
                -3.626457316607094e-08,
                2.0537461447678904e-06,
                -1.1022452632679989e-06,
                2.3692352712973133e-05,
                -1.3273981664483339e-05,
                1.78391011472548e-05
            ],
            [
                0.0,
                0.0,
                0.0,
                0.0,
                0.4474028480046153,
                0.16043097574375273,
                0.005550339049832016,
                0.053305773797876745,
                -2.7354553149754235e-06,
                -3.1433008736435893e-06,
                1.4740459941418678e-06,
                -3.1960962159773885e-06,
                2.455468061341565e-06,
                -4.576869368042571e-06,
                -3.7230458845997643e-06,
                -0.0003304435137103632,
                -0.00047639899368662035,
                0.00024696407846576797
            ],
            [
                0.0,
                0.0,
                0.0,
                0.0,
                0.0,
                64.56469208612903,
                0.012056502768413404,
                0.0721930003761467,
                -2.852024335508716e-06,
                -2.0457615829956976e-05,
                2.582902524610932e-06,
                -5.538044957078589e-06,
                2.684823530100541e-06,
                -2.5757095825835536e-06,
                -1.5287033026908337e-06,
                -0.0005607888899253387,
                -0.0014393634880427843,
                0.0006207739505303022
            ],
            [
                0.0,
                0.0,
                0.0,
                0.0,
                0.0,
                0.0,
                2.2840875224518955,
                0.08709994298409011,
                -3.928472743757353e-06,
                -1.3851052233728254e-05,
                2.1677163522967237e-06,
                -8.360550586610539e-06,
                3.8774741317198095e-06,
                -8.893740584679884e-06,
                -7.499772599104786e-06,
                -0.0004693988299026675,
                -0.0011355449562147622,
                0.0007192728191621459
            ],
            [
                0.0,
                0.0,
                0.0,
                0.0,
                0.0,
                0.0,
                0.0,
                25.810947297474076,
                -5.950421107890401e-06,
                -3.0272534365951146e-06,
                1.2314762213907992e-06,
                -7.135093655417582e-06,
                2.913975302361027e-06,
                -1.045458807629315e-05,
                -5.577953838167243e-06,
                -0.00027344130079693546,
                -0.00039815507620290805,
                0.000362060139873721
            ],
            [
                0.0,
                0.0,
                0.0,
                0.0,
                0.0,
                0.0,
                0.0,
                0.0,
                0.003905191772010378,
                1.919295260035906e-06,
                6.231494356375871e-07,
                6.703593815233344e-06,
                8.627142682943634e-08,
                9.181152888578009e-06,
                1.2834429064748585e-07,
                -0.00014523004197400757,
                -0.00014765224770138232,
                -0.0001340608851924603
            ],
            [
                0.0,
                0.0,
                0.0,
                0.0,
                0.0,
                0.0,
                0.0,
                0.0,
                0.0,
                0.0044275603359683075,
                -5.388990583023667e-07,
                4.539891739222851e-06,
                8.905899961580861e-07,
                -8.952205401622492e-07,
                -4.731774941400513e-06,
                9.395781883066463e-05,
                0.0010100900712380829,
                -0.0004426312778769372
            ],
            [
                0.0,
                0.0,
                0.0,
                0.0,
                0.0,
                0.0,
                0.0,
                0.0,
                0.0,
                0.0,
                0.0007789113800616606,
                2.8197809189774503e-06,
                4.09372252293968e-06,
                3.5935401379594975e-06,
                -5.717161292869279e-06,
                -0.0007193838234236217,
                -0.0009651149295970979,
                0.0002396941173035523
            ],
            [
                0.0,
                0.0,
                0.0,
                0.0,
                0.0,
                0.0,
                0.0,
                0.0,
                0.0,
                0.0,
                0.0,
                0.0026888221539689075,
                -3.262314895000247e-07,
                1.5527749315045436e-05,
                2.038185984812321e-06,
                -0.00019904444192931007,
                3.097535344540484e-05,
                -0.00041345739379149865
            ],
            [
                0.0,
                0.0,
                0.0,
                0.0,
                0.0,
                0.0,
                0.0,
                0.0,
                0.0,
                0.0,
                0.0,
                0.0,
                0.0007808692021272678,
                -5.705651269374076e-06,
                -1.5257599820944878e-05,
                -0.0009263091075506176,
                -0.0009127259036748459,
                0.00043916024814749
            ],
            [
                0.0,
                0.0,
                0.0,
                0.0,
                0.0,
                0.0,
                0.0,
                0.0,
                0.0,
                0.0,
                0.0,
                0.0,
                0.0,
                0.004681709114908507,
                3.815477955094637e-06,
                -0.00013880548588363545,
                -0.0002246804123372224,
                -0.00023031242501850315
            ],
            [
                0.0,
                0.0,
                0.0,
                0.0,
                0.0,
                0.0,
                0.0,
                0.0,
                0.0,
                0.0,
                0.0,
                0.0,
                0.0,
                0.0,
                0.003912200892863228,
                0.000257034825242605,
                0.0001321876152995269,
                -0.00017430113062242848
            ],
            [
                0.0,
                0.0,
                0.0,
                0.0,
                0.0,
                0.0,
                0.0,
                0.0,
                0.0,
                0.0,
                0.0,
                0.0,
                0.0,
                0.0,
                0.0,
                0.18176600148575828,
                0.0009001048271392535,
                -0.0002130474139495284
            ],
            [
                0.0,
                0.0,
                0.0,
                0.0,
                0.0,
                0.0,
                0.0,
                0.0,
                0.0,
                0.0,
                0.0,
                0.0,
                0.0,
                0.0,
                0.0,
                0.0,
                0.4594889024745418,
                -0.0002784291574555417
            ],
            [
                0.0,
                0.0,
                0.0,
                0.0,
                0.0,
                0.0,
                0.0,
                0.0,
                0.0,
                0.0,
                0.0,
                0.0,
                0.0,
                0.0,
                0.0,
                0.0,
                0.0,
                0.13362078731674643
            ]
        ],
        [
            [
                0.0012321508006614525,
                -1.2085539336668667e-06,
                -0.0003181239023980413,
                0.0002392461819402499,
                -5.751845377321137e-05,
                -0.037693266369693466,
                -0.00021129409344600202,
                -0.005833879740860326,
                1.8840288640043779e-06,
                3.4338611973990605e-06,
                2.601364116924233e-07,
                1.708105729876135e-06,
                6.562718121939805e-07,
                1.2563301191744876e-06,
                -2.1226613998874117e-06,
                -6.25244568162704e-05,
                3.174257256656105e-05,
                -2.6604529861884886e-05
            ],
            [
                0.0,
                0.001381908324409983,
                0.00043441467024518427,
                -0.00010374101677223557,
                4.1878215863316094e-05,
                -0.005759253417528291,
                -0.0003288432375707797,
                0.0034331121363451924,
                -5.149928027025632e-07,
                1.0152773108718395e-06,
                2.627632357355224e-09,
                -1.3651674604928126e-07,
                6.95255826328376e-08,
                -5.841439895470023e-07,
                -1.4163603144647366e-08,
                -2.259664441430703e-06,
                5.1241112974751915e-05,
                -2.4019067536875088e-05
            ],
            [
                0.0,
                0.0,
                0.16644552806127744,
                -0.0002380372016089451,
                6.481488488250865e-05,
                -0.024604691707973345,
                -0.0011388660237522873,
                0.005816914810316479,
                -1.1566580372330948e-06,
                2.8352811557187313e-06,
                -7.884950604719072e-08,
                -1.805017710957306e-07,
                5.0683649287365096e-08,
                -1.2729956106060837e-06,
                1.1728215230155477e-07,
                1.3383554289995823e-05,
                0.0001601717432854583,
                -7.457916436997312e-05
            ],
            [
                0.0,
                0.0,
                0.0,
                0.15289963424925113,
                -4.4906240561807196e-05,
                -0.006860551124513337,
                1.7794051955021783e-05,
                -0.003326075236426663,
                4.866746330485208e-07,
                8.52352451477481e-08,
                -1.978293837413517e-08,
                2.755549952782184e-07,
                -7.252914633214188e-09,
                4.107492289535781e-07,
                -2.2044905265359979e-07,
                4.738470542594627e-06,
                -2.654796332896668e-06,
                3.5678202294509603e-06
            ],
            [
                0.0,
                0.0,
                0.0,
                0.0,
                0.08948056960092306,
                0.032086195148750545,
                0.0011100678099664031,
                0.01066115475957535,
                -5.470910629950847e-07,
                -6.286601747287179e-07,
                2.948091988283736e-07,
                -6.392192431954777e-07,
                4.91093612268313e-07,
                -9.153738736085142e-07,
                -7.446091769199529e-07,
                -6.608870274207264e-05,
                -9.527979873732408e-05,
                4.93928156931536e-05
            ],
            [
                0.0,
                0.0,
                0.0,
                0.0,
                0.0,
                12.912938417225806,
                0.002411300553682681,
                0.014438600075229341,
                -5.704048671017432e-07,
                -4.091523165991395e-06,
                5.165805049221864e-07,
                -1.107608991415718e-06,
                5.369647060201082e-07,
                -5.151419165167107e-07,
                -3.0574066053816677e-07,
                -0.00011215777798506774,
                -0.00028787269760855686,
                0.00012415479010606043
            ],
            [
                0.0,
                0.0,
                0.0,
                0.0,
                0.0,
                0.0,
                0.4568175044903791,
                0.017419988596818023,
                -7.856945487514707e-07,
                -2.770210446745651e-06,
                4.3354327045934476e-07,
                -1.6721101173221078e-06,
                7.75494826343962e-07,
                -1.778748116935977e-06,
                -1.4999545198209572e-06,
                -9.38797659805335e-05,
                -0.00022710899124295245,
                0.0001438545638324292
            ],
            [
                0.0,
                0.0,
                0.0,
                0.0,
                0.0,
                0.0,
                0.0,
                5.162189459494815,
                -1.1900842215780804e-06,
                -6.05450687319023e-07,
                2.4629524427815983e-07,
                -1.4270187310835165e-06,
                5.827950604722054e-07,
                -2.0909176152586303e-06,
                -1.1155907676334485e-06,
                -5.468826015938709e-05,
                -7.963101524058162e-05,
                7.24120279747442e-05
            ],
            [
                0.0,
                0.0,
                0.0,
                0.0,
                0.0,
                0.0,
                0.0,
                0.0,
                0.0007810383544020757,
                3.838590520071812e-07,
                1.2462988712751743e-07,
                1.3407187630466689e-06,
                1.725428536588727e-08,
                1.836230577715602e-06,
                2.566885812949717e-08,
                -2.9046008394801516e-05,
                -2.9530449540276464e-05,
                -2.681217703849206e-05
            ],
            [
                0.0,
                0.0,
                0.0,
                0.0,
                0.0,
                0.0,
                0.0,
                0.0,
                0.0,
                0.0008855120671936615,
                -1.0777981166047335e-07,
                9.079783478445702e-07,
                1.7811799923161725e-07,
                -1.7904410803244985e-07,
                -9.463549882801027e-07,
                1.879156376613293e-05,
                0.00020201801424761658,
                -8.852625557538744e-05
            ],
            [
                0.0,
                0.0,
                0.0,
                0.0,
                0.0,
                0.0,
                0.0,
                0.0,
                0.0,
                0.0,
                0.00015578227601233214,
                5.6395618379549e-07,
                8.187445045879361e-07,
                7.187080275918995e-07,
                -1.143432258573856e-06,
                -0.00014387676468472434,
                -0.0001930229859194196,
                4.793882346071046e-05
            ],
            [
                0.0,
                0.0,
                0.0,
                0.0,
                0.0,
                0.0,
                0.0,
                0.0,
                0.0,
                0.0,
                0.0,
                0.0005377644307937815,
                -6.524629790000494e-08,
                3.1055498630090873e-06,
                4.076371969624642e-07,
                -3.9808888385862015e-05,
                6.195070689080969e-06,
                -8.269147875829974e-05
            ],
            [
                0.0,
                0.0,
                0.0,
                0.0,
                0.0,
                0.0,
                0.0,
                0.0,
                0.0,
                0.0,
                0.0,
                0.0,
                0.00015617384042545358,
                -1.1411302538748151e-06,
                -3.051519964188976e-06,
                -0.00018526182151012353,
                -0.0001825451807349692,
                8.7832049629498e-05
            ],
            [
                0.0,
                0.0,
                0.0,
                0.0,
                0.0,
                0.0,
                0.0,
                0.0,
                0.0,
                0.0,
                0.0,
                0.0,
                0.0,
                0.0009363418229817015,
                7.630955910189275e-07,
                -2.776109717672709e-05,
                -4.493608246744448e-05,
                -4.606248500370063e-05
            ],
            [
                0.0,
                0.0,
                0.0,
                0.0,
                0.0,
                0.0,
                0.0,
                0.0,
                0.0,
                0.0,
                0.0,
                0.0,
                0.0,
                0.0,
                0.0007824401785726456,
                5.1406965048521004e-05,
                2.6437523059905384e-05,
                -3.4860226124485695e-05
            ],
            [
                0.0,
                0.0,
                0.0,
                0.0,
                0.0,
                0.0,
                0.0,
                0.0,
                0.0,
                0.0,
                0.0,
                0.0,
                0.0,
                0.0,
                0.0,
                0.03635320029715166,
                0.0001800209654278507,
                -4.260948278990568e-05
            ],
            [
                0.0,
                0.0,
                0.0,
                0.0,
                0.0,
                0.0,
                0.0,
                0.0,
                0.0,
                0.0,
                0.0,
                0.0,
                0.0,
                0.0,
                0.0,
                0.0,
                0.09189778049490838,
                -5.568583149110834e-05
            ],
            [
                0.0,
                0.0,
                0.0,
                0.0,
                0.0,
                0.0,
                0.0,
                0.0,
                0.0,
                0.0,
                0.0,
                0.0,
                0.0,
                0.0,
                0.0,
                0.0,
                0.0,
                0.026724157463349288
            ]
        ]
    ],
    "allnames": [
        "m1_flow_nominal",
        "m2_flow_nominal",
        "tau1",
        "tau2",
        "tau_m",
        "nominalUa.hasValue",
        "workingPressure.hasValue",
        "flowCoefficient.hasValue",
        "waterFlowRateMax",
        "c1",
        "c2",
        "c3",
        "c4",
        "eps_motor",
        "f_motorToAir",
        "kp",
        "Ti",
        "Td"
    ],
    "alpha_count": 1305,
    "cov": [
        [
            0.006320601016856801,
            0.0037704608291326065,
            -0.6970791758339041,
            0.4245518946589271,
            -0.1932958113120861,
            20.224495737888276,
            -3.4409019657784565,
            -12.589396073882693,
            -0.004359875618888022,
            0.010054571589478832,
            -0.0005193781794999846,
            -0.0029749990095757385,
            -0.00047329060179532274,
            -0.0015135506605783182,
            -0.001495715583432081,
            -0.08598394079442703,
            -0.14157082511410035,
            -0.010989346528206418
        ],
        [
            0.0037704608291326065,
            0.005698308264862042,
            -0.3249837942797472,
            0.2831855116516272,
            -0.15167238134839148,
            25.75424646975331,
            -2.47183762797455,
            -18.757978719504894,
            -0.0021240897468993436,
            0.006152690104576893,
            -0.000564755284866995,
            -0.0015265263127628933,
            -0.0004973729451045141,
            -0.002015296125940978,
            0.00028617878695496105,
            -0.04335144738619691,
            -0.10295750021300996,
            0.03498654768122473
        ],
        [
            -0.6970791758339041,
            -0.3249837942797472,
            162.78297953866615,
            -99.14035746095047,
            5.210539568113703,
            -2201.2267552356375,
            598.4093103545104,
            1923.119951499049,
            0.9125698844508657,
            -1.9589089659925534,
            0.07542253064584419,
            0.2154632855619034,
            0.05612711676070613,
            0.12919069925465468,
            0.32967655558662406,
            19.40011548848399,
            41.501472283047875,
            7.575282004971381
        ],
        [
            0.4245518946589271,
            0.2831855116516272,
            -99.14035746095047,
            78.52647619443238,
            1.9011878243826998,
            1759.889225400002,
            -370.4198469038745,
            -1380.9394517467936,
            -0.5633276396327991,
            1.2709685162682363,
            -0.05745926678621584,
            -0.05115209500964523,
            -0.04202948096088302,
            -0.08949645774170213,
            -0.16695495507876712,
            -13.795614767634193,
            -30.16057138592947,
            -4.13925320768633
        ],
        [
            -0.1932958113120861,
            -0.15167238134839148,
            5.210539568113703,
            1.9011878243826998,
            19.181421657205554,
            -362.4946101630264,
            80.96952958539715,
            115.9470008800815,
            0.05925984917576066,
            -0.16408885260126532,
            0.004877754466473834,
            0.12245550971601998,
            0.013329196813031132,
            0.07290770338558573,
            0.04070432271472602,
            0.5512169672470224,
            -1.766774682619059,
            -0.6231303871001664
        ],
        [
            20.224495737888276,
            25.75424646975331,
            -2201.2267552356375,
            1759.889225400002,
            -362.4946101630264,
            195077.74245476327,
            -13927.868024649217,
            -114243.06987468079,
            -14.017486739890854,
            34.5581544068289,
            -3.602874822514578,
            -10.56041711654113,
            -2.2833063676196406,
            -11.988146879863239,
            3.3201443128280212,
            -236.47726046275722,
            -499.07558932736225,
            171.0658046087983
        ],
        [
            -3.4409019657784565,
            -2.47183762797455,
            598.4093103545104,
            -370.4198469038745,
            80.96952958539715,
            -13927.868024649217,
            2775.9310307749192,
            11962.530748218256,
            3.6391941216154184,
            -8.198546514969982,
            0.4104209117615071,
            1.4573128526708914,
            0.31523480012599725,
            1.0044011833307258,
            1.0095902224254758,
            69.54900346676365,
            151.25971866155976,
            14.792457910363831
        ],
        [
            -12.589396073882693,
            -18.757978719504894,
            1923.119951499049,
            -1380.9394517467936,
            115.9470008800815,
            -114243.06987468079,
            11962.530748218256,
            104618.3795921842,
            12.206366250248555,
            -30.144553638063524,
            2.8012034075336785,
            7.992977568872409,
            1.8016250870578219,
            6.99801984709769,
            -1.716600345435056,
            154.52850070152004,
            481.085129097978,
            -102.3729803654813
        ],
        [
            -0.004359875618888022,
            -0.0021240897468993436,
            0.9125698844508657,
            -0.5633276396327991,
            0.05925984917576066,
            -14.017486739890854,
            3.6391941216154184,
            12.206366250248555,
            0.005466818006320846,
            -0.011651587423116559,
            0.0004771239881899748,
            0.0015551497153853055,
            0.00034696014788315613,
            0.0009197080356889119,
            0.0017959566166563569,
            0.10795129355362668,
            0.23842735013614563,
            0.04087028020642963
        ],
        [
            0.010054571589478832,
            0.006152690104576893,
            -1.9589089659925534,
            1.2709685162682363,
            -0.16408885260126532,
            34.5581544068289,
            -8.198546514969982,
            -30.144553638063524,
            -0.011651587423116559,
            0.026096594722261453,
            -0.0011240709839161773,
            -0.0032744920002605923,
            -0.0009051271560311794,
            -0.0021546043346951874,
            -0.0038215611654126313,
            -0.24553319018520828,
            -0.5273396014844262,
            -0.07423007223261673
        ],
        [
            -0.0005193781794999846,
            -0.000564755284866995,
            0.07542253064584419,
            -0.05745926678621584,
            0.004877754466473834,
            -3.602874822514578,
            0.4104209117615071,
            2.8012034075336785,
            0.0004771239881899748,
            -0.0011240709839161773,
            9.812011920603911e-05,
            0.00024467823718503384,
            5.729322851954904e-05,
            0.00023810533221084088,
            -2.334661926117028e-06,
            0.008165675836033488,
            0.02003016293414738,
            -0.0018122128717205724
        ],
        [
            -0.0029749990095757385,
            -0.0015265263127628933,
            0.2154632855619034,
            -0.05115209500964523,
            0.12245550971601998,
            -10.56041711654113,
            1.4573128526708914,
            7.992977568872409,
            0.0015551497153853055,
            -0.0032744920002605923,
            0.00024467823718503384,
            0.0028119551874902548,
            0.00017042401619180004,
            0.0009256884637349957,
            0.000303583945686027,
            0.000616313366629442,
            -0.01816181004441707,
            -0.0032618201265563643
        ],
        [
            -0.00047329060179532274,
            -0.0004973729451045141,
            0.05612711676070613,
            -0.04202948096088302,
            0.013329196813031132,
            -2.2833063676196406,
            0.31523480012599725,
            1.8016250870578219,
            0.00034696014788315613,
            -0.0009051271560311794,
            5.729322851954904e-05,
            0.00017042401619180004,
            5.8480105719317045e-05,
            0.00014339266485858783,
            6.653448064491662e-05,
            0.007836049288446858,
            0.01685995412261356,
            -0.0011903884260612131
        ],
        [
            -0.0015135506605783182,
            -0.002015296125940978,
            0.12919069925465468,
            -0.08949645774170213,
            0.07290770338558573,
            -11.988146879863239,
            1.0044011833307258,
            6.99801984709769,
            0.0009197080356889119,
            -0.0021546043346951874,
            0.00023810533221084088,
            0.0009256884637349957,
            0.00014339266485858783,
            0.0013750882894425973,
            -0.00035515973666297185,
            0.008090102665296818,
            0.014529830481921548,
            -0.012802243395919375
        ],
        [
            -0.001495715583432081,
            0.00028617878695496105,
            0.32967655558662406,
            -0.16695495507876712,
            0.04070432271472602,
            3.3201443128280212,
            1.0095902224254758,
            -1.716600345435056,
            0.0017959566166563569,
            -0.0038215611654126313,
            -2.334661926117028e-06,
            0.000303583945686027,
            6.653448064491662e-05,
            -0.00035515973666297185,
            0.0014418465102356845,
            0.04888438673117283,
            0.0786621381660464,
            0.029649204139078233
        ],
        [
            -0.08598394079442703,
            -0.04335144738619691,
            19.40011548848399,
            -13.795614767634193,
            0.5512169672470224,
            -236.47726046275722,
