1.150204722064705276e-03 3.820934290864140366e-07 1.640040887776616379e-04 1.891341358778615361e-05 -8.521419373566784948e-05 -3.213185785979522785e-02 -1.097528076236046948e-03 -6.652569921765627038e-03 4.167719616799040415e-07 1.652601759346097652e-06 -1.489037478815073502e-07 7.479693312427340219e-07 -2.025625557297713066e-07 6.276043011552978457e-07 2.476173593955372201e-07 3.146671084362377056e-05 1.022632306040094867e-04 -5.887320980169856010e-05
3.820934290864140366e-07 1.455492503294042147e-03 4.449490953216424233e-05 5.131278328516737164e-06 -2.311892264018539415e-05 -8.717490638359519373e-03 -2.977633839808552924e-04 -1.804866567849106518e-03 1.130717585683496221e-07 4.483569057506058385e-07 -4.039813178054307202e-08 2.029268170965983099e-07 -5.495596273833737186e-08 1.702713439038704495e-07 6.717949587119379894e-08 8.537033818467298151e-06 2.774438874119102583e-05 -1.597251729221217710e-05
1.640040887776616379e-04 4.449490953216424233e-05 2.102003641257262601e+01 2.202473433121053710e-03 -9.923221789473251828e-03 -3.741765756062263026e+00 -1.278075170721890974e-01 -7.746940258384135136e-01 4.853323642552352489e-05 1.924460359096361115e-04 -1.733989199141513937e-05 8.710128254770919292e-05 -2.358847838171478379e-05 7.308473393188497287e-05 2.883512556403073146e-05 3.664309160221551447e-03 1.190858792068674905e-02 -6.855805267989216294e-03
1.891341358778615361e-05 5.131278328516737164e-06 2.202473433121053710e-03 1.782593883763986398e+01 -1.144373894739155774e-03 -4.315109691500578215e-01 -1.473912295742469888e-02 -8.933989770543272757e-02 5.596989563559963624e-06 2.219341906422430671e-05 -1.999685198371986780e-06 1.004476530511857591e-05 -2.720289785852526938e-06 8.428337428105166001e-06 3.325347920975378272e-06 4.225784562892143711e-04 1.373331910619662128e-03 -7.906307792520380706e-04
-8.521419373566784948e-05 -2.311892264018539415e-05 -9.923221789473251828e-03 -1.144373894739155774e-03 6.103867862318186788e+00 1.944168309625746272e+00 6.640696949591917697e-02 4.025200060295732740e-01 -2.521717990208329117e-05 -9.999222525419551881e-05 9.009561447673271456e-06 -4.525658854583748089e-05 1.225623813241685573e-05 -3.797378908543196205e-05 -1.498232144405111333e-05 -1.903922963224512687e-03 -6.187533041126554688e-03 3.562178983918225586e-03
-3.213185785979522785e-02 -8.717490638359519373e-03 -3.741765756062263026e+00 -4.315109691500578215e-01 1.944168309625746272e+00 1.271213119009296497e+05 2.504018651354678227e+01 1.517788886155070145e+02 -9.508683996378304928e-03 -3.770423480058825161e-02 3.397250330311531695e-03 -1.706497716665498696e-02 4.621480111496758733e-03 -1.431883985285213427e-02 -5.649408883024030492e-03 -7.179154005739738498e-01 -2.333143382157552903e+00 1.343196758247344746e+00
-1.097528076236046948e-03 -2.977633839808552924e-04 -1.278075170721890974e-01 -1.473912295742469888e-02 6.640696949591917697e-02 2.504018651354678227e+01 1.590938499590144772e+02 5.184312477737452518e+00 -3.247881806155877610e-04 -1.287863791356431541e-03 1.160399014519620858e-04 -5.828885351869370242e-04 1.578559259867991867e-04 -4.890887052409297183e-04 -1.929668956681893370e-04 -2.452184096949087955e-02 -7.969319355810700056e-02 4.587958033793870100e-02
-6.652569921765627038e-03 -1.804866567849106518e-03 -7.746940258384135136e-01 -8.933989770543272757e-02 4.025200060295732740e-01 1.517788886155070145e+02 5.184312477737452518e+00 2.030069828762811449e+04 -1.968674996195305619e-03 -7.806273121587273094e-03 7.033656585546361291e-04 -3.533127599090830819e-03 9.568298141344171864e-04 -2.964568178264377109e-03 -1.169651869336406531e-03 -1.486369826814979422e-01 -4.830532848437906202e-01 2.780950417470297031e-01
4.167719616799040415e-07 1.130717585683496221e-07 4.853323642552352489e-05 5.596989563559963624e-06 -2.521717990208329117e-05 -9.508683996378304928e-03 -3.247881806155877610e-04 -1.968674996195305619e-03 4.647679125289190093e-04 4.890494651771440964e-07 -4.406463798824552685e-08 2.213443131985425877e-07 -5.994372750986142371e-08 1.857250520804961421e-07 7.327665996729899517e-08 9.311849041626992272e-06 3.026245007385594372e-05 -1.742217179907570157e-05
1.652601759346097652e-06 4.483569057506058385e-07 1.924460359096361115e-04 2.219341906422430671e-05 -9.999222525419551881e-05 -3.770423480058825161e-02 -1.287863791356431541e-03 -7.806273121587273094e-03 4.890494651771440964e-07 5.971172123550852126e-04 -1.747269609279831058e-07 8.776838056445561735e-07 -2.376913963819959653e-07 7.364448092566424828e-07 2.905597024637926853e-07 3.692373653671353524e-05 1.199979433179544126e-04 -6.908313037837156712e-05
-1.489037478815073502e-07 -4.039813178054307202e-08 -1.733989199141513937e-05 -1.999685198371986780e-06 9.009561447673271456e-06 3.397250330311531695e-03 1.160399014519620858e-04 7.033656585546361291e-04 -4.406463798824552685e-08 -1.747269609279831058e-07 1.845527635404174742e-05 -7.908161017999309286e-08 2.141661750043914486e-08 -6.635560659791743622e-08 -2.618019037890511890e-08 -3.326925392044527741e-06 -1.081212905472530324e-05 6.224571025990313557e-06
7.479693312427340219e-07 2.029268170965983099e-07 8.710128254770919292e-05 1.004476530511857591e-05 -4.525658854583748089e-05 -1.706497716665498696e-02 -5.828885351869370242e-04 -3.533127599090830819e-03 2.213443131985425877e-07 8.776838056445561735e-07 -7.908161017999309286e-08 2.200246263096200040e-04 -1.075793812928890831e-07 3.333157116417628526e-07 1.315076334082591678e-07 1.671172281413784824e-05 5.431119802846396337e-05 -3.126709900739232229e-05
-2.025625557297713066e-07 -5.495596273833737186e-08 -2.358847838171478379e-05 -2.720289785852526938e-06 1.225623813241685573e-05 4.621480111496758733e-03 1.578559259867991867e-04 9.568298141344171864e-04 -5.994372750986142371e-08 -2.376913963819959653e-07 2.141661750043914486e-08 -1.075793812928890831e-07 1.845766777829662767e-05 -9.026744760091234777e-08 -3.561445798438224528e-08 -4.525812947778095049e-06 -1.470837722599237654e-05 8.467651306865945092e-06
6.276043011552978457e-07 1.702713439038704495e-07 7.308473393188497287e-05 8.428337428105166001e-06 -3.797378908543196205e-05 -1.431883985285213427e-02 -4.890887052409297183e-04 -2.964568178264377109e-03 1.857250520804961421e-07 7.364448092566424828e-07 -6.635560659791743622e-08 3.333157116417628526e-07 -9.026744760091234777e-08 6.672555983832675853e-04 1.103451076324853953e-07 1.402243204335915136e-05 4.557130895584728261e-05 -2.623552196864032966e-05
2.476173593955372201e-07 6.717949587119379894e-08 2.883512556403073146e-05 3.325347920975378272e-06 -1.498232144405111333e-05 -5.649408883024030492e-03 -1.929668956681893370e-04 -1.169651869336406531e-03 7.327665996729899517e-08 2.905597024637926853e-07 -2.618019037890511890e-08 1.315076334082591678e-07 -3.561445798438224528e-08 1.103451076324853953e-07 4.661876309153710138e-04 5.532463032022434214e-06 1.797987548376100967e-05 -1.035106142561445721e-05
3.146671084362377056e-05 8.537033818467298151e-06 3.664309160221551447e-03 4.225784562892143711e-04 -1.903922963224512687e-03 -7.179154005739738498e-01 -2.452184096949087955e-02 -1.486369826814979422e-01 9.311849041626992272e-06 3.692373653671353524e-05 -3.326925392044527741e-06 1.671172281413784824e-05 -4.525812947778095049e-06 1.402243204335915136e-05 5.532463032022434214e-06 1.005140790550237861e+00 2.284846039199239873e-03 -1.315391851360921171e-03
1.022632306040094867e-04 2.774438874119102583e-05 1.190858792068674905e-02 1.373331910619662128e-03 -6.187533041126554688e-03 -2.333143382157552903e+00 -7.969319355810700056e-02 -4.830532848437906202e-01 3.026245007385594372e-05 1.199979433179544126e-04 -1.081212905472530324e-05 5.431119802846396337e-05 -1.470837722599237654e-05 4.557130895584728261e-05 1.797987548376100967e-05 2.284846039199239873e-03 6.439212895254049940e+00 -4.274873878583799677e-03
-5.887320980169856010e-05 -1.597251729221217710e-05 -6.855805267989216294e-03 -7.906307792520380706e-04 3.562178983918225586e-03 1.343196758247344746e+00 4.587958033793870100e-02 2.780950417470297031e-01 -1.742217179907570157e-05 -6.908313037837156712e-05 6.224571025990313557e-06 -3.126709900739232229e-05 8.467651306865945092e-06 -2.623552196864032966e-05 -1.035106142561445721e-05 -1.315391851360921171e-03 -4.274873878583799677e-03 5.446877627113045905e-01
3.704868989936347464e-04 -1.539421909187757287e-07 -3.494369919313840565e-05 5.874697061840792266e-05 -9.040252695840633301e-06 -1.241311628231821229e-02 -4.706949030514325996e-05 -6.361877960987577432e-04 3.975512105816449301e-07 1.196984520869650739e-06 6.157974343664918378e-08 3.608969705389305651e-07 2.148659156117592982e-07 9.565171557692130074e-08 -7.094487672981181335e-07 -1.518454582588208884e-05 2.182045229246423152e-05 -7.600727370020170286e-06
-1.539421909187757287e-07 4.657891090651169455e-04 2.421109932921250760e-05 -4.368967914452391280e-06 -9.477389078054762026e-06 -2.546518915400215483e-03 -1.299780234481966125e-04 -7.478248199316873393e-04 6.046996576597035591e-09 6.725691106351131066e-08 -2.538734465311573704e-08 5.107152056151125139e-08 -4.949018688839166837e-08 6.648509177987849634e-08 1.114643097765010371e-07 5.612607972893577373e-06 1.012201841679700689e-05 -6.393224283682385983e-06
-3.494369919313840565e-05 2.421109932921250760e-05 6.729568160672791954e+00 -1.197767189217196354e-03 -3.833569352241985358e-03 -1.120427410773186860e+00 -5.187946191478352148e-02 -3.017941505974053862e-01 5.992178856504605002e-06 3.745888532728964843e-05 -9.492512335953215010e-06 2.348392378823455618e-05 -1.764646568508412253e-05 2.718473331055700789e-05 3.770301921010866386e-05 2.084379053566087249e-03 4.204432751461144313e-03 -2.599634636720472760e-03
5.874697061840792266e-05 -4.368967914452391280e-06 -1.197767189217196354e-03 5.705447179079667919e+00 3.048765314371656223e-05 -1.844570116285115802e-01 1.902218846063732536e-03 3.894214019032987435e-03 7.540260206784811074e-06 2.164233678522348224e-05 1.737160569934616444e-06 5.859447812100157807e-06 5.216082690502049573e-06 4.080858192655325709e-07 -1.609942179637597023e-05 -4.143546470704403311e-04 2.021761636939406828e-04 -8.423250318389323321e-06
-9.040252695840633301e-06 -9.477389078054762026e-06 -3.833569352241985358e-03 3.048765314371656223e-05 1.953374939112988873e+00 6.060922087858986451e-01 2.353980251677152344e-02 1.400430049339261018e-01 -6.080710209250079010e-06 -2.696764180790810368e-05 3.705338795572823111e-06 -1.356710007765946793e-05 6.027481258497689331e-06 -1.294342356572613283e-05 -1.073159986006763707e-05 -7.993675011326404223e-04 -2.062094604782736904e-03 1.224502582375712250e-03
-1.241311628231821229e-02 -2.546518915400215483e-03 -1.120427410773186860e+00 -1.844570116285115802e-01 6.060922087858986451e-01 4.068069510779662960e+04 7.745204320481937188e+00 4.725566404572741419e+01 -3.275271912325000440e-03 -1.265335655944977052e-02 9.909941076447273661e-04 -5.567758902827816755e-03 1.232738418992423372e-03 -4.489464530780490174e-03 -1.113734181482586242e-03 -2.075084551042390701e-01 -7.370101025193481759e-01 4.199324409091780286e-01
-4.706949030514325996e-05 -1.299780234481966125e-04 -5.187946191478352148e-02 1.902218846063732536e-03 2.353980251677152344e-02 7.745204320481937188e+00 5.094823356153015936e+01 1.846463014288855398e+00 -7.074924755740069550e-05 -3.281928933051481601e-04 5.085251776166969993e-05 -1.712573940392424958e-04 8.564397074352368461e-05 -1.697197743464068799e-04 -1.608126982903421121e-04 -1.101901546188367373e-02 -2.687139619979890884e-02 1.609310752510832374e-02
-6.361877960987577432e-04 -7.478248199316873393e-04 -3.017941505974053862e-01 3.894214019032987435e-03 1.400430049339261018e-01 4.725566404572741419e+01 1.846463014288855398e+00 6.497143568126375612e+03 -4.671229337531431023e-04 -2.086133406019548275e-03 2.924098386406369550e-04 -1.055674822915084318e-03 4.785944675708666738e-04 -1.013499748144703477e-03 -8.604645060384804537e-04 -6.313128396575647117e-02 -1.612985521070433026e-01 9.591837052976043276e-02
3.975512105816449301e-07 6.046996576597035591e-09 5.992178856504605002e-06 7.540260206784811074e-06 -6.080710209250079010e-06 -3.275271912325000440e-03 -7.074924755740069550e-05 -4.671229337531431023e-04 1.487545556774964677e-04 2.293941763735927214e-07 -2.183321145871518628e-09 8.409147450631859689e-08 1.133298531141912570e-08 4.795623010184845582e-08 -6.260065107690164196e-08 2.244797198596277139e-07 8.494333011282639362e-06 -4.348902892365763961e-06
1.196984520869650739e-06 6.725691106351131066e-08 3.745888532728964843e-05 2.164233678522348224e-05 -2.696764180790810368e-05 -1.265335655944977052e-02 -3.281928933051481601e-04 -2.086133406019548275e-03 2.293941763735927214e-07 1.912618761966280263e-04 -2.577225594855670759e-08 3.143981449668118236e-07 1.114616422514353197e-09 2.066387646575180794e-07 -1.246491006031706650e-07 4.847097162365495790e-06 3.539057864004925162e-05 -1.900542195929978858e-05
6.157974343664918378e-08 -2.538734465311573704e-08 -9.492512335953215010e-06 1.737160569934616444e-06 3.705338795572823111e-06 9.909941076447273661e-04 5.085251776166969993e-05 2.924098386406369550e-04 -2.183321145871518628e-09 -2.577225594855670759e-08 5.910615756905546599e-06 -1.982313312548451085e-08 1.946996543226329358e-08 -2.597854461155789788e-08 -4.395534427469918651e-08 -2.203820640242516851e-06 -3.951751480397638109e-06 2.498841092578914083e-06
3.608969705389305651e-07 5.107152056151125139e-08 2.348392378823455618e-05 5.859447812100157807e-06 -1.356710007765946793e-05 -5.567758902827816755e-03 -1.712573940392424958e-04 -1.055674822915084318e-03 8.409147450631859689e-08 3.143981449668118236e-07 -1.982313312548451085e-08 7.041398172181945658e-05 -2.038596395863684651e-08 1.013812076320154827e-07 2.492633398150549212e-09 4.080077713192546742e-06 1.683224456282236993e-05 -9.441320932100156398e-06
2.148659156117592982e-07 -4.949018688839166837e-08 -1.764646568508412253e-05 5.216082690502049573e-06 6.027481258497689331e-06 1.232738418992423372e-03 8.564397074352368461e-05 4.785944675708666738e-04 1.133298531141912570e-08 1.114616422514353197e-09 1.946996543226329358e-08 -2.038596395863684651e-08 5.938759219409381381e-06 -4.103474387693386937e-08 -1.024949868175337753e-07 -4.365247802937205233e-06 -5.966137846660729534e-06 4.007790773729980903e-06
9.565171557692130074e-08 6.648509177987849634e-08 2.718473331055700789e-05 4.080858192655325709e-07 -1.294342356572613283e-05 -4.489464530780490174e-03 -1.697197743464068799e-04 -1.013499748144703477e-03 4.795623010184845582e-08 2.066387646575180794e-07 -2.597854461155789788e-08 1.013812076320154827e-07 -4.103474387693386937e-08 2.135263604249520791e-04 6.956985074509604468e-08 5.584171594849822141e-06 1.505646368402727165e-05 -8.883560223016935764e-06
-7.094487672981181335e-07 1.114643097765010371e-07 3.770301921010866386e-05 -1.609942179637597023e-05 -1.073159986006763707e-05 -1.113734181482586242e-03 -1.608126982903421121e-04 -8.604645060384804537e-04 -6.260065107690164196e-08 -1.246491006031706650e-07 -4.395534427469918651e-08 2.492633398150549212e-09 -1.024949868175337753e-07 6.956985074509604468e-08 1.494369301455326145e-04 9.996001239723085381e-06 9.305103141429402850e-06 -6.972971092326612245e-06
-1.518454582588208884e-05 5.612607972893577373e-06 2.084379053566087249e-03 -4.143546470704403311e-04 -7.993675011326404223e-04 -2.075084551042390701e-01 -1.101901546188367373e-02 -6.313128396575647117e-02 2.244797198596277139e-07 4.847097162365495790e-06 -2.203820640242516851e-06 4.080077713192546742e-06 -4.365247802937205233e-06 5.584171594849822141e-06 9.996001239723085381e-06 3.219084387466603081e-01 8.448718471153306500e-04 -5.381395409112642173e-04
2.182045229246423152e-05 1.012201841679700689e-05 4.204432751461144313e-03 2.021761636939406828e-04 -2.062094604782736904e-03 -7.370101025193481759e-01 -2.687139619979890884e-02 -1.612985521070433026e-01 8.494333011282639362e-06 3.539057864004925162e-05 -3.951751480397638109e-06 1.683224456282236993e-05 -5.966137846660729534e-06 1.505646368402727165e-05 9.305103141429402850e-06 8.448718471153306500e-04 2.060597227432614087e+00 -1.418568766987810979e-03
-7.600727370020170286e-06 -6.393224283682385983e-06 -2.599634636720472760e-03 -8.423250318389323321e-06 1.224502582375712250e-03 4.199324409091780286e-01 1.609310752510832374e-02 9.591837052976043276e-02 -4.348902892365763961e-06 -1.900542195929978858e-05 2.498841092578914083e-06 -9.441320932100156398e-06 4.007790773729980903e-06 -8.883560223016935764e-06 -6.972971092326612245e-06 -5.381395409112642173e-04 -1.418568766987810979e-03 1.743522476927535092e-01
1.185952767082881581e-04 -1.229203978080592961e-07 -3.186016066522442757e-05 2.385250975508901197e-05 -6.656378654822138847e-06 -3.985901019342182397e-03 -1.874529819566911307e-05 -5.370083640165822366e-04 1.628799758601738713e-07 3.348936710912443796e-07 1.721948247883804002e-08 1.387997582176314783e-07 5.768895472472144907e-08 8.506424050621420309e-08 -2.066137734050029243e-07 -4.228282489979215969e-06 5.204397806494236497e-06 -2.226179457482376246e-06
-1.229203978080592961e-07 1.491899804787968778e-04 4.633810457303113841e-05 -1.082910201847623805e-05 3.990845978300654874e-06 -7.893113822702527843e-04 -3.471947125817793190e-05 3.829550349789326009e-04 -6.462196941894338371e-08 1.113658328007330863e-07 -3.484398093598456164e-09 -2.716438440207343841e-08 4.819002450488238353e-09 -8.035245502624925978e-08 -2.421176420699058488e-09 6.188588757530200386e-07 6.557504435847953245e-06 -2.430377798014492087e-06
-3.186016066522442757e-05 4.633810457303113841e-05 2.164295292687951289e+00 -3.030848291700068229e-03 7.449878588230968548e-04 -3.513572237184671709e-01 -1.467183915769827707e-02 7.811191517881618807e-02 -1.676697477136740542e-05 3.720853924019606150e-05 -1.735147823103245971e-06 -4.698890275223219866e-06 1.518273129776601652e-07 -1.983070769748033121e-05 1.372073104410940801e-06 3.365341305755081835e-04 2.277005510893451157e-03 -9.398362454338726529e-04
2.385250975508901197e-05 -1.082910201847623805e-05 -3.030848291700068229e-03 1.826390127429667665e+00 -4.721092893158142147e-04 -6.078083238436707281e-02 1.371435050120569917e-04 -4.144486254901976613e-02 6.979126711735830048e-06 7.616912963468138579e-07 2.375879409197287728e-07 4.859904921795047364e-06 2.520200304130099356e-07 7.102907274153193663e-06 -2.538610129839627693e-06 -5.183158312088142756e-05 -1.629714563055647126e-04 2.368691722781127469e-05
-6.656378654822138847e-06 3.990845978300654874e-06 7.449878588230968548e-04 -4.721092893158142147e-04 6.254388420213644606e-01 1.952562086608158609e-01 7.883928434584132686e-03 7.660720937542211950e-02 -5.346464054258743810e-06 -4.039211835041292071e-06 1.422759812620751559e-06 -6.564414881544893198e-06 2.984176250605012956e-06 -9.334419226664863279e-06 -5.380254475784865916e-06 -3.159437368596260576e-04 -4.903182987509493301e-04 3.721929876191358089e-04
-3.985901019342182397e-03 -7.893113822702527843e-04 -3.513572237184671709e-01 -6.078083238436707281e-02 1.952562086608158609e-01 1.301782719251353592e+04 2.479744156523305154e+00 1.523758015549743483e+01 -1.060469555945988112e-03 -4.032359216225280853e-03 3.179812761276469557e-04 -1.789777123435990153e-03 3.983191970221571128e-04 -1.455535889005333964e-03 -3.634813153920584154e-04 -6.662171231601886345e-02 -2.352258529095282158e-01 1.343068385408286713e-01
-1.874529819566911307e-05 -3.471947125817793190e-05 -1.467183915769827707e-02 1.371435050120569917e-04 7.883928434584132686e-03 2.479744156523305154e+00 1.630377842536962163e+01 6.219820972959766436e-01 -2.596771486804287483e-05 -1.005294027425856590e-04 1.650479062911527073e-05 -5.697779843113282759e-05 2.843889640971712662e-05 -5.939187269450243192e-05 -5.336461145420458985e-05 -3.584945592817702885e-03 -8.432918609986428740e-03 5.130566498665884226e-03
-5.370083640165822366e-04 3.829550349789326009e-04 7.811191517881618807e-02 -4.144486254901976613e-02 7.660720937542211950e-02 1.523758015549743483e+01 6.219820972959766436e-01 2.081902692296449004e+03 -4.507598233417274905e-04 -2.608717879752049185e-04 1.145727914480068496e-04 -5.347582640983032090e-04 2.466521514410524975e-04 -7.843531866577637931e-04 -4.477677499565910885e-04 -2.553067672797883561e-02 -3.659402620092006009e-02 2.895317212354139511e-02
1.628799758601738713e-07 -6.462196941894338371e-08 -1.676697477136740542e-05 6.979126711735830048e-06 -5.346464054258743810e-06 -1.060469555945988112e-03 -2.596771486804287483e-05 -4.507598233417274905e-04 4.763368286850071449e-05 2.990635462652382473e-08 -2.945004859513884775e-09 4.797428200563828858e-08 -6.374438523137289461e-09 6.455129096324202942e-08 -1.590208429018276684e-09 6.417892214522731477e-07 1.111481262465668508e-06 -1.205462437889180190e-06
3.348936710912443796e-07 1.113658328007330863e-07 3.720853924019606150e-05 7.616912963468138579e-07 -4.039211835041292071e-06 -4.032359216225280853e-03 -1.005294027425856590e-04 -2.608717879752049185e-04 2.990635462652382473e-08 6.126251963759549635e-05 -5.214841557805377831e-09 7.217228223552424413e-08 1.385676573387993917e-08 -2.965809989845655206e-10 -6.478210119031739747e-08 7.817023007070908724e-07 1.349383599193856342e-05 -6.333063455088931338e-06
1.721948247883804002e-08 -3.484398093598456164e-09 -1.735147823103245971e-06 2.375879409197287728e-07 1.422759812620751559e-06 3.179812761276469557e-04 1.650479062911527073e-05 1.145727914480068496e-04 -2.945004859513884775e-09 -5.214841557805377831e-09 1.891553630098127450e-06 -7.811801144689069718e-09 6.927537653621126979e-09 -1.174313437645742680e-08 -1.535126406149371291e-08 -7.449530455526120155e-07 -1.152560350899339288e-06 7.866504724074458611e-07
1.387997582176314783e-07 -2.716438440207343841e-08 -4.698890275223219866e-06 4.859904921795047364e-06 -6.564414881544893198e-06 -1.789777123435990153e-03 -5.697779843113282759e-05 -5.347582640983032090e-04 4.797428200563828858e-08 7.217228223552424413e-08 -7.811801144689069718e-09 2.254624401727441170e-05 -1.306100105087278784e-08 6.460671647786665326e-08 1.285288837804683847e-08 1.678195964713750040e-06 4.336040240018266198e-06 -2.899515515570258575e-06
5.768895472472144907e-08 4.819002450488238353e-09 1.518273129776601652e-07 2.520200304130099356e-07 2.984176250605012956e-06 3.983191970221571128e-04 2.843889640971712662e-05 2.466521514410524975e-04 -6.374438523137289461e-09 1.385676573387993917e-08 6.927537653621126979e-09 -1.306100105087278784e-08 1.903506742824552868e-06 -2.840190423533015556e-08 -3.852184128426477794e-08 -1.573764150335522930e-06 -1.410525662172225732e-06 1.224710365651559462e-06
8.506424050621420309e-08 -8.035245502624925978e-08 -1.983070769748033121e-05 7.102907274153193663e-06 -9.334419226664863279e-06 -1.455535889005333964e-03 -5.939187269450243192e-05 -7.843531866577637931e-04 6.455129096324202942e-08 -2.965809989845655206e-10 -1.174313437645742680e-08 6.460671647786665326e-08 -2.840190423533015556e-08 6.840356822662513813e-05 5.042193744605943783e-08 2.657215600335468663e-06 2.364746882401399611e-06 -2.558446120514674527e-06
-2.066137734050029243e-07 -2.421176420699058488e-09 1.372073104410940801e-06 -2.538610129839627693e-06 -5.380254475784865916e-06 -3.634813153920584154e-04 -5.336461145420458985e-05 -4.477677499565910885e-04 -1.590208429018276684e-09 -6.478210119031739747e-08 -1.535126406149371291e-08 1.285288837804683847e-08 -3.852184128426477794e-08 5.042193744605943783e-08 4.783037177582470613e-05 3.524899025474969571e-06 2.058135364035922876e-06 -2.124798517398436240e-06
-4.228282489979215969e-06 6.188588757530200386e-07 3.365341305755081835e-04 -5.183158312088142756e-05 -3.159437368596260576e-04 -6.662171231601886345e-02 -3.584945592817702885e-03 -2.553067672797883561e-02 6.417892214522731477e-07 7.817023007070908724e-07 -7.449530455526120155e-07 1.678195964713750040e-06 -1.573764150335522930e-06 2.657215600335468663e-06 3.524899025474969571e-06 1.030207810503331045e-01 2.419416320945131445e-04 -1.689116234028628020e-04
5.204397806494236497e-06 6.557504435847953245e-06 2.277005510893451157e-03 -1.629714563055647126e-04 -4.903182987509493301e-04 -2.352258529095282158e-01 -8.432918609986428740e-03 -3.659402620092006009e-02 1.111481262465668508e-06 1.349383599193856342e-05 -1.152560350899339288e-06 4.336040240018266198e-06 -1.410525662172225732e-06 2.364746882401399611e-06 2.058135364035922876e-06 2.419416320945131445e-04 6.594712213209645846e-01 -4.632250570043402647e-04
-2.226179457482376246e-06 -2.430377798014492087e-06 -9.398362454338726529e-04 2.368691722781127469e-05 3.721929876191358089e-04 1.343068385408286713e-01 5.130566498665884226e-03 2.895317212354139511e-02 -1.205462437889180190e-06 -6.333063455088931338e-06 7.866504724074458611e-07 -2.899515515570258575e-06 1.224710365651559462e-06 -2.558446120514674527e-06 -2.124798517398436240e-06 -1.689116234028628020e-04 -4.632250570043402647e-04 5.579379499023263272e-02
3.795488988926645183e-05 -3.722801742525443604e-08 -9.799415526232305913e-06 7.369684365821859834e-06 -1.771785221736778044e-06 -1.161094708424079917e-03 -6.508654660363177554e-06 -1.797054898415919048e-04 5.803519183130701417e-08 1.057758705933886386e-07 8.013182198700413758e-09 5.261609606703235139e-08 2.021564597115888233e-08 3.869970405589856364e-08 -6.538597358511083385e-08 -1.925988988177248988e-06 9.777909050735613406e-07 -8.195198192635744723e-07
-3.722801742525443604e-08 4.774180194190543521e-05 1.501764297378186132e-05 -3.591242914365166542e-06 1.448534231663019020e-06 -1.978301473681285728e-04 -1.135439617792988386e-05 1.187824199539429471e-04 -1.784874478901585997e-08 3.497175402551486055e-08 8.291895361193374748e-11 -4.767949142145654144e-09 2.382121037989767189e-09 -2.021879461291432221e-08 -4.251862576137714380e-10 -7.617712309376587622e-08 1.769303949022550743e-06 -8.289999091138831687e-07
-9.799415526232305913e-06 1.501764297378186132e-05 6.926100932630122609e-01 -9.935351067163573566e-04 2.706159561702253368e-04 -1.021462919825283644e-01 -4.740869833488693848e-03 2.428866870391250404e-02 -4.833590820914885292e-06 1.178171317998982899e-05 -3.301440449948729353e-07 -7.661601685934823168e-07 2.064373488208033571e-07 -5.313446399645616232e-06 5.047551555751937922e-07 5.616354134874126296e-05 6.668008052945590628e-04 -3.103834773592870403e-04
7.369684365821859834e-06 -3.591242914365166542e-06 -9.935351067163573566e-04 5.844605704049562478e-01 -1.724920417594964697e-04 -2.628848562460458713e-02 7.438399359343217615e-05 -1.279230543140476295e-02 1.879796840581745361e-06 3.268436924102238064e-07 -7.360177189961069371e-08 1.064951107258387992e-06 -2.428086794886946010e-08 1.586689976591479343e-06 -8.560216581386367849e-07 1.766500778420835796e-05 -1.104414344309202928e-05 1.398494385078795088e-05
-1.771785221736778044e-06 1.448534231663019020e-06 2.706159561702253368e-04 -1.724920417594964697e-04 2.001695903950716782e-01 7.179328051691376278e-02 2.481331683467436107e-03 2.387429782605529280e-02 -1.229519418323365383e-06 -1.405698051925184619e-06 6.590155046717803255e-07 -1.433143499991164518e-06 1.097802769415799033e-06 -2.052646373747742077e-06 -1.662226326457646967e-06 -1.477374604887594001e-04 -2.128717457438600313e-04 1.103806900198972557e-04
-1.161094708424079917e-03 -1.978301473681285728e-04 -1.021462919825283644e-01 -2.628848562460458713e-02 7.179328051691376278e-02 4.168677862508263388e+03 7.802587758500062476e-01 4.671666265708905641e+00 -1.856521465481395265e-04 -1.326484616293989102e-03 1.668071704618392958e-04 -3.596010982081627679e-04 1.730803691572480269e-04 -1.674213490739210903e-04 -9.732959180993000330e-05 -3.620997642271232136e-02 -9.314384843079773213e-02 4.019349125070068030e-02
-6.508654660363177554e-06 -1.135439617792988386e-05 -4.740869833488693848e-03 7.438399359343217615e-05 2.481331683467436107e-03 7.802587758500062476e-01 5.217268228630939753e+00 1.999456491436478189e-01 -8.995113565480681501e-06 -3.200828202641942577e-05 4.991416539936460293e-06 -1.918337688441418599e-05 8.897004037476761640e-06 -2.033594619864492883e-05 -1.716134019537668119e-05 -1.080773327647867104e-03 -2.618832399178580139e-03 1.654200144966555671e-03
-1.797054898415919048e-04 1.187824199539429471e-04 2.428866870391250404e-02 -1.279230543140476295e-02 2.387429782605529280e-02 4.671666265708905641e+00 1.999456491436478189e-01 6.662229081200296150e+02 -1.548075402110735165e-04 -8.099560957820663013e-05 3.219188234177387413e-05 -1.857719092650811637e-04 7.579313243488587702e-05 -2.715000329306833395e-04 -1.445905694172410568e-04 -7.146285870726299706e-03 -1.048169063551922589e-02 9.456420455463614844e-03
5.803519183130701417e-08 -1.784874478901585997e-08 -4.833590820914885292e-06 1.879796840581745361e-06 -1.229519418323365383e-06 -1.856521465481395265e-04 -8.995113565480681501e-06 -1.548075402110735165e-04 1.525072397065462674e-05 7.702303553699143490e-09 2.420533878198420097e-09 2.636944058676523683e-08 3.184224394790949876e-10 3.607967939494027171e-08 4.725369315398312216e-10 -5.644219633575310136e-07 -5.682004481502344781e-07 -5.297034188254759549e-07
1.057758705933886386e-07 3.497175402551486055e-08 1.178171317998982899e-05 3.268436924102238064e-07 -1.405698051925184619e-06 -1.326484616293989102e-03 -3.200828202641942577e-05 -8.099560957820663013e-05 7.702303553699143490e-09 1.960444532950676486e-05 -2.459271293969381354e-09 2.050521715187037403e-08 3.879815177435814529e-09 -3.720438280817661228e-09 -2.096096998732997390e-08 4.310995917583318036e-07 4.535201795656821593e-06 -1.992740839209940519e-06
8.013182198700413758e-09 8.291895361193374748e-11 -3.301440449948729353e-07 -7.360177189961069371e-08 6.590155046717803255e-07 1.668071704618392958e-04 4.991416539936460293e-06 3.219188234177387413e-05 2.420533878198420097e-09 -2.459271293969381354e-09 6.067205336035470768e-07 2.163483895060546456e-09 3.214944997153282744e-09 2.770138254198703826e-09 -4.497022626798533694e-09 -5.642026887752087285e-07 -7.598517977640019852e-07 1.907986029371750659e-07
5.261609606703235139e-08 -4.767949142145654144e-09 -7.661601685934823168e-07 1.064951107258387992e-06 -1.433143499991164518e-06 -3.596010982081627679e-04 -1.918337688441418599e-05 -1.857719092650811637e-04 2.636944058676523683e-08 2.050521715187037403e-08 2.163483895060546456e-09 7.230075888302300361e-06 -9.094308564930872845e-10 4.206103171621661824e-08 5.473801001181650839e-09 -5.304233481208294909e-07 1.064297736775093659e-07 -1.127462736428528511e-06
2.021564597115888233e-08 2.382121037989767189e-09 2.064373488208033571e-07 -2.428086794886946010e-08 1.097802769415799033e-06 1.730803691572480269e-04 8.897004037476761640e-06 7.579313243488587702e-05 3.184224394790949876e-10 3.879815177435814529e-09 3.214944997153282744e-09 -9.094308564930872845e-10 6.098220937721287246e-07 -4.510921037452212215e-09 -1.203570461253647426e-08 -7.320826785456442266e-07 -7.255779161240594368e-07 3.491807558649042239e-07
3.869970405589856364e-08 -2.021879461291432221e-08 -5.313446399645616232e-06 1.586689976591479343e-06 -2.052646373747742077e-06 -1.674213490739210903e-04 -2.033594619864492883e-05 -2.715000329306833395e-04 3.607967939494027171e-08 -3.720438280817661228e-09 2.770138254198703826e-09 4.206103171621661824e-08 -4.510921037452212215e-09 2.191908061019606069e-05 1.804006554881204121e-08 -6.439728538454858299e-07 -1.036654159255186259e-06 -1.098140965388395700e-06
-6.538597358511083385e-08 -4.251862576137714380e-10 5.047551555751937922e-07 -8.560216581386367849e-07 -1.662226326457646967e-06 -9.732959180993000330e-05 -1.716134019537668119e-05 -1.445905694172410568e-04 4.725369315398312216e-10 -2.096096998732997390e-08 -4.497022626798533694e-09 5.473801001181650839e-09 -1.203570461253647426e-08 1.804006554881204121e-08 1.530584018893123199e-05 1.032884480817965020e-06 5.444885177232589816e-07 -6.977165626780211275e-07
-1.925988988177248988e-06 -7.617712309376587622e-08 5.616354134874126296e-05 1.766500778420835796e-05 -1.477374604887594001e-04 -3.620997642271232136e-02 -1.080773327647867104e-03 -7.146285870726299706e-03 -5.644219633575310136e-07 4.310995917583318036e-07 -5.642026887752087285e-07 -5.304233481208294909e-07 -7.320826785456442266e-07 -6.439728538454858299e-07 1.032884480817965020e-06 3.304123141232140348e-02 1.669308202007522082e-04 -4.010460902098327631e-05
9.777909050735613406e-07 1.769303949022550743e-06 6.668008052945590628e-04 -1.104414344309202928e-05 -2.128717457438600313e-04 -9.314384843079773213e-02 -2.618832399178580139e-03 -1.048169063551922589e-02 -5.682004481502344781e-07 4.535201795656821593e-06 -7.598517977640019852e-07 1.064297736775093659e-07 -7.255779161240594368e-07 -1.036654159255186259e-06 5.444885177232589816e-07 1.669308202007522082e-04 2.111382162938362783e-01 -1.314932927705982611e-04
-8.195198192635744723e-07 -8.289999091138831687e-07 -3.103834773592870403e-04 1.398494385078795088e-05 1.103806900198972557e-04 4.019349125070068030e-02 1.654200144966555671e-03 9.456420455463614844e-03 -5.297034188254759549e-07 -1.992740839209940519e-06 1.907986029371750659e-07 -1.127462736428528511e-06 3.491807558649042239e-07 -1.098140965388395700e-06 -6.977165626780211275e-07 -4.010460902098327631e-05 -1.314932927705982611e-04 1.785662257654957105e-02
3.795488988926645183e-05 -3.722801742525443604e-08 -9.799415526232305913e-06 7.369684365821859834e-06 -1.771785221736778044e-06 -1.161094708424079917e-03 -6.508654660363177554e-06 -1.797054898415919048e-04 5.803519183130701417e-08 1.057758705933886386e-07 8.013182198700413758e-09 5.261609606703235139e-08 2.021564597115888233e-08 3.869970405589856364e-08 -6.538597358511083385e-08 -1.925988988177248988e-06 9.777909050735613406e-07 -8.195198192635744723e-07
-3.722801742525443604e-08 4.774180194190543521e-05 1.501764297378186132e-05 -3.591242914365166542e-06 1.448534231663019020e-06 -1.978301473681285728e-04 -1.135439617792988386e-05 1.187824199539429471e-04 -1.784874478901585997e-08 3.497175402551486055e-08 8.291895361193374748e-11 -4.767949142145654144e-09 2.382121037989767189e-09 -2.021879461291432221e-08 -4.251862576137714380e-10 -7.617712309376587622e-08 1.769303949022550743e-06 -8.289999091138831687e-07
-9.799415526232305913e-06 1.501764297378186132e-05 6.926100932630122609e-01 -9.935351067163573566e-04 2.706159561702253368e-04 -1.021462919825283644e-01 -4.740869833488693848e-03 2.428866870391250404e-02 -4.833590820914885292e-06 1.178171317998982899e-05 -3.301440449948729353e-07 -7.661601685934823168e-07 2.064373488208033571e-07 -5.313446399645616232e-06 5.047551555751937922e-07 5.616354134874126296e-05 6.668008052945590628e-04 -3.103834773592870403e-04
7.369684365821859834e-06 -3.591242914365166542e-06 -9.935351067163573566e-04 5.844605704049562478e-01 -1.724920417594964697e-04 -2.628848562460458713e-02 7.438399359343217615e-05 -1.279230543140476295e-02 1.879796840581745361e-06 3.268436924102238064e-07 -7.360177189961069371e-08 1.064951107258387992e-06 -2.428086794886946010e-08 1.586689976591479343e-06 -8.560216581386367849e-07 1.766500778420835796e-05 -1.104414344309202928e-05 1.398494385078795088e-05
-1.771785221736778044e-06 1.448534231663019020e-06 2.706159561702253368e-04 -1.724920417594964697e-04 2.001695903950716782e-01 7.179328051691376278e-02 2.481331683467436107e-03 2.387429782605529280e-02 -1.229519418323365383e-06 -1.405698051925184619e-06 6.590155046717803255e-07 -1.433143499991164518e-06 1.097802769415799033e-06 -2.052646373747742077e-06 -1.662226326457646967e-06 -1.477374604887594001e-04 -2.128717457438600313e-04 1.103806900198972557e-04
-1.161094708424079917e-03 -1.978301473681285728e-04 -1.021462919825283644e-01 -2.628848562460458713e-02 7.179328051691376278e-02 4.168677862508263388e+03 7.802587758500062476e-01 4.671666265708905641e+00 -1.856521465481395265e-04 -1.326484616293989102e-03 1.668071704618392958e-04 -3.596010982081627679e-04 1.730803691572480269e-04 -1.674213490739210903e-04 -9.732959180993000330e-05 -3.620997642271232136e-02 -9.314384843079773213e-02 4.019349125070068030e-02
-6.508654660363177554e-06 -1.135439617792988386e-05 -4.740869833488693848e-03 7.438399359343217615e-05 2.481331683467436107e-03 7.802587758500062476e-01 5.217268228630939753e+00 1.999456491436478189e-01 -8.995113565480681501e-06 -3.200828202641942577e-05 4.991416539936460293e-06 -1.918337688441418599e-05 8.897004037476761640e-06 -2.033594619864492883e-05 -1.716134019537668119e-05 -1.080773327647867104e-03 -2.618832399178580139e-03 1.654200144966555671e-03
-1.797054898415919048e-04 1.187824199539429471e-04 2.428866870391250404e-02 -1.279230543140476295e-02 2.387429782605529280e-02 4.671666265708905641e+00 1.999456491436478189e-01 6.662229081200296150e+02 -1.548075402110735165e-04 -8.099560957820663013e-05 3.219188234177387413e-05 -1.857719092650811637e-04 7.579313243488587702e-05 -2.715000329306833395e-04 -1.445905694172410568e-04 -7.146285870726299706e-03 -1.048169063551922589e-02 9.456420455463614844e-03
5.803519183130701417e-08 -1.784874478901585997e-08 -4.833590820914885292e-06 1.879796840581745361e-06 -1.229519418323365383e-06 -1.856521465481395265e-04 -8.995113565480681501e-06 -1.548075402110735165e-04 1.525072397065462674e-05 7.702303553699143490e-09 2.420533878198420097e-09 2.636944058676523683e-08 3.184224394790949876e-10 3.607967939494027171e-08 4.725369315398312216e-10 -5.644219633575310136e-07 -5.682004481502344781e-07 -5.297034188254759549e-07
1.057758705933886386e-07 3.497175402551486055e-08 1.178171317998982899e-05 3.268436924102238064e-07 -1.405698051925184619e-06 -1.326484616293989102e-03 -3.200828202641942577e-05 -8.099560957820663013e-05 7.702303553699143490e-09 1.960444532950676486e-05 -2.459271293969381354e-09 2.050521715187037403e-08 3.879815177435814529e-09 -3.720438280817661228e-09 -2.096096998732997390e-08 4.310995917583318036e-07 4.535201795656821593e-06 -1.992740839209940519e-06
8.013182198700413758e-09 8.291895361193374748e-11 -3.301440449948729353e-07 -7.360177189961069371e-08 6.590155046717803255e-07 1.668071704618392958e-04 4.991416539936460293e-06 3.219188234177387413e-05 2.420533878198420097e-09 -2.459271293969381354e-09 6.067205336035470768e-07 2.163483895060546456e-09 3.214944997153282744e-09 2.770138254198703826e-09 -4.497022626798533694e-09 -5.642026887752087285e-07 -7.598517977640019852e-07 1.907986029371750659e-07
5.261609606703235139e-08 -4.767949142145654144e-09 -7.661601685934823168e-07 1.064951107258387992e-06 -1.433143499991164518e-06 -3.596010982081627679e-04 -1.918337688441418599e-05 -1.857719092650811637e-04 2.636944058676523683e-08 2.050521715187037403e-08 2.163483895060546456e-09 7.230075888302300361e-06 -9.094308564930872845e-10 4.206103171621661824e-08 5.473801001181650839e-09 -5.304233481208294909e-07 1.064297736775093659e-07 -1.127462736428528511e-06
2.021564597115888233e-08 2.382121037989767189e-09 2.064373488208033571e-07 -2.428086794886946010e-08 1.097802769415799033e-06 1.730803691572480269e-04 8.897004037476761640e-06 7.579313243488587702e-05 3.184224394790949876e-10 3.879815177435814529e-09 3.214944997153282744e-09 -9.094308564930872845e-10 6.098220937721287246e-07 -4.510921037452212215e-09 -1.203570461253647426e-08 -7.320826785456442266e-07 -7.255779161240594368e-07 3.491807558649042239e-07
3.869970405589856364e-08 -2.021879461291432221e-08 -5.313446399645616232e-06 1.586689976591479343e-06 -2.052646373747742077e-06 -1.674213490739210903e-04 -2.033594619864492883e-05 -2.715000329306833395e-04 3.607967939494027171e-08 -3.720438280817661228e-09 2.770138254198703826e-09 4.206103171621661824e-08 -4.510921037452212215e-09 2.191908061019606069e-05 1.804006554881204121e-08 -6.439728538454858299e-07 -1.036654159255186259e-06 -1.098140965388395700e-06
-6.538597358511083385e-08 -4.251862576137714380e-10 5.047551555751937922e-07 -8.560216581386367849e-07 -1.662226326457646967e-06 -9.732959180993000330e-05 -1.716134019537668119e-05 -1.445905694172410568e-04 4.725369315398312216e-10 -2.096096998732997390e-08 -4.497022626798533694e-09 5.473801001181650839e-09 -1.203570461253647426e-08 1.804006554881204121e-08 1.530584018893123199e-05 1.032884480817965020e-06 5.444885177232589816e-07 -6.977165626780211275e-07
