{
    "R": [
        [
            0.011429032046030048,
            -2.6380511548959162e-05,
            0.0006486974319824824,
            -0.0007396076210227451,
            -0.00018927878141001186,
            -0.04432569036540831,
            0.005390728289940418,
            0.0024728737960945336,
            -8.393643931696808e-07,
            -1.2760592943118127e-07,
            -6.135113153498155e-06,
            1.1702752771790414e-06,
            3.7579318555514355e-06,
            5.207041411361578e-07,
            -5.808826537570373e-07,
            -7.977993689177432e-06,
            -2.2700856583259975e-06,
            1.2639873172455409e-05
        ],
        [
            0.0,
            0.0719616690624456,
            -0.0007497356752034152,
            -0.0004200060592123664,
            0.0007769134830614263,
            0.021719489033997157,
            0.005754985056461876,
            0.003482994391910898,
            1.0577233026047105e-05,
            1.783717276272346e-06,
            1.3099520502467497e-06,
            -1.9347503652146207e-07,
            -2.836262563246425e-06,
            -2.7661201650874293e-06,
            5.659883277997323e-07,
            -5.266639115796412e-05,
            1.6757330096695244e-06,
            -7.153203715295068e-06
        ],
        [
            0.0,
            0.0,
            1.9086094700751566,
            0.00015998457924683721,
            8.632961226174423e-05,
            -0.023214970540501555,
            -7.34824621619781e-05,
            -0.0013272167114393235,
            5.970482525215186e-07,
            -8.912683207191722e-07,
            7.028482954885071e-07,
            7.71057548466406e-07,
            4.021127879110462e-06,
            5.936937322164345e-07,
            -2.6363524078503666e-06,
            3.569418678932295e-05,
            7.550763964345906e-07,
            4.093479832050143e-06
        ],
        [
            0.0,
            0.0,
            0.0,
            1.0244420959769545,
            -0.0006969041774653964,
            0.015425814297333168,
            -0.010456632949553967,
            -0.005597536285361444,
            -8.827336292061391e-06,
            -1.1338313959266038e-06,
            4.2241652245505056e-06,
            -1.0667551149081251e-06,
            -3.060084327652908e-08,
            2.8499671432977128e-06,
            -7.799551399367471e-07,
            7.759193705306143e-05,
            9.266240074360999e-07,
            -6.59362765076739e-06
        ],
        [
            0.0,
            0.0,
            0.0,
            0.0,
            0.9328409413910169,
            0.02553491662247374,
            0.00867859622458317,
            0.0037161525175064486,
            1.59460627825674e-05,
            1.8668545110982902e-07,
            4.027498206661418e-06,
            1.1583289609689257e-06,
            -2.356838944129934e-06,
            -6.113113922788919e-06,
            3.854734300341527e-07,
            -0.00010876306801445368,
            2.2613957175003213e-06,
            -1.1192864194603378e-06
        ],
        [
            0.0,
            0.0,
            0.0,
            0.0,
            0.0,
            26.196985731868764,
            -0.005713412311487839,
            -0.0023621817239834727,
            3.123049007480501e-06,
            -5.991612699672212e-07,
            9.576294735808228e-06,
            -1.1842085711763092e-06,
            -8.363006492823939e-06,
            -3.6971094561570362e-06,
            3.319917299252202e-06,
            -6.576171762715339e-05,
            2.428043992384039e-06,
            -1.4727732712021197e-05
        ],
        [
            0.0,
            0.0,
            0.0,
            0.0,
            0.0,
            0.0,
            9.537294134857351,
            0.006446374796978886,
            1.3640638943483737e-05,
            2.2128849303916144e-06,
            -3.394768841163475e-06,
            8.554437713154935e-07,
            5.680187571660067e-07,
            -2.8737321709301346e-06,
            -5.84529840708062e-07,
            -6.230146767509574e-05,
            6.021307423300273e-07,
            1.5983744613124593e-06
        ],
        [
            0.0,
            0.0,
            0.0,
            0.0,
            0.0,
            0.0,
            0.0,
            6.86643332121364,
            9.606538908143631e-06,
            2.007981052917177e-06,
            -3.019915815004936e-06,
            3.703033158505481e-07,
            -2.1576151066124412e-07,
            -1.8558692684538172e-06,
            -3.4914964569556396e-08,
            -4.5628425247727776e-05,
            2.7265004907718213e-07,
            -1.236796205119139e-07
        ],
        [
            0.0,
            0.0,
            0.0,
            0.0,
            0.0,
            0.0,
            0.0,
            0.0,
            0.007984687205624313,
            3.665266755936725e-06,
            1.3424753569043593e-06,
            6.792220411979729e-07,
            -1.1304362859352587e-06,
            -5.675256360442663e-06,
            -1.8167745738538296e-06,
            -8.796546202239177e-05,
            4.150447750995333e-06,
            -9.251186228799141e-06
        ],
        [
            0.0,
            0.0,
            0.0,
            0.0,
            0.0,
            0.0,
            0.0,
            0.0,
            0.0,
            0.0037803106563470065,
            -1.9677297893058943e-06,
            -5.37625280973028e-07,
            -2.2296018958685715e-07,
            5.9313306647079664e-08,
            -9.056292363276198e-07,
            4.2912369962933475e-06,
            1.237284589574343e-06,
            -7.086250352768647e-06
        ],
        [
            0.0,
            0.0,
            0.0,
            0.0,
            0.0,
            0.0,
            0.0,
            0.0,
            0.0,
            0.0,
            0.006495295356329203,
            -3.3172581281418487e-07,
            -2.3672506806753377e-06,
            -1.5983167090615341e-06,
            -1.0373632552481221e-08,
            -5.1792768276030345e-06,
            2.350344061359679e-06,
            -7.579643851691513e-06
        ],
        [
            0.0,
            0.0,
            0.0,
            0.0,
            0.0,
            0.0,
            0.0,
            0.0,
            0.0,
            0.0,
            0.0,
            0.0016241939778518786,
            2.0362953570642194e-06,
            -2.286268346958325e-06,
            -1.8214585047288164e-07,
            -4.993633647645834e-05,
            -8.995397705629769e-07,
            1.1210102181075627e-05
        ],
        [
            0.0,
            0.0,
            0.0,
            0.0,
            0.0,
            0.0,
            0.0,
            0.0,
            0.0,
            0.0,
            0.0,
            0.0,
            0.0063548600995545325,
            1.785132923967474e-06,
            -2.2537263056594983e-06,
            4.509374093802696e-05,
            -3.025792883151589e-07,
            5.1252510402901166e-06
        ],
        [
            0.0,
            0.0,
            0.0,
            0.0,
            0.0,
            0.0,
            0.0,
            0.0,
            0.0,
            0.0,
            0.0,
            0.0,
            0.0,
            0.0036986976523411905,
            -1.4673130923913614e-06,
            0.00011223810387994577,
            -1.1301839053830882e-06,
            -6.737011818725223e-07
        ],
        [
            0.0,
            0.0,
            0.0,
            0.0,
            0.0,
            0.0,
            0.0,
            0.0,
            0.0,
            0.0,
            0.0,
            0.0,
            0.0,
            0.0,
            0.00288016914261963,
            -7.613137592403908e-05,
            -2.323526500295944e-06,
            3.5095614546703567e-06
        ],
        [
            0.0,
            0.0,
            0.0,
            0.0,
            0.0,
            0.0,
            0.0,
            0.0,
            0.0,
            0.0,
            0.0,
            0.0,
            0.0,
            0.0,
            0.0,
            0.04398911458506566,
            8.171289300527859e-07,
            -7.883748309509783e-06
        ],
        [
            0.0,
            0.0,
            0.0,
            0.0,
            0.0,
            0.0,
            0.0,
            0.0,
            0.0,
            0.0,
            0.0,
            0.0,
            0.0,
            0.0,
            0.0,
            0.0,
            0.019420551294786884,
            -1.99631854796811e-06
        ],
        [
            0.0,
            0.0,
            0.0,
            0.0,
            0.0,
            0.0,
            0.0,
            0.0,
            0.0,
            0.0,
            0.0,
            0.0,
            0.0,
            0.0,
            0.0,
            0.0,
            0.0,
            0.022845119713110196
        ]
    ],
    "RDR": [
        [
            [
                0.011429032046030048,
                -2.6380511548959162e-05,
                0.0006486974319824824,
                -0.0007396076210227451,
                -0.00018927878141001186,
                -0.04432569036540831,
                0.005390728289940418,
                0.0024728737960945336,
                -8.393643931696808e-07,
                -1.2760592943118127e-07,
                -6.135113153498155e-06,
                1.1702752771790414e-06,
                3.7579318555514355e-06,
                5.207041411361578e-07,
                -5.808826537570373e-07,
                -7.977993689177432e-06,
                -2.2700856583259975e-06,
                1.2639873172455409e-05
            ],
            [
                0.0,
                0.0719616690624456,
                -0.0007497356752034152,
                -0.0004200060592123664,
                0.0007769134830614263,
                0.021719489033997157,
                0.005754985056461876,
                0.003482994391910898,
                1.0577233026047105e-05,
                1.783717276272346e-06,
                1.3099520502467497e-06,
                -1.9347503652146207e-07,
                -2.836262563246425e-06,
                -2.7661201650874293e-06,
                5.659883277997323e-07,
                -5.266639115796412e-05,
                1.6757330096695244e-06,
                -7.153203715295068e-06
            ],
            [
                0.0,
                0.0,
                1.9086094700751566,
                0.00015998457924683721,
                8.632961226174423e-05,
                -0.023214970540501555,
                -7.34824621619781e-05,
                -0.0013272167114393235,
                5.970482525215186e-07,
                -8.912683207191722e-07,
                7.028482954885071e-07,
                7.71057548466406e-07,
                4.021127879110462e-06,
                5.936937322164345e-07,
                -2.6363524078503666e-06,
                3.569418678932295e-05,
                7.550763964345906e-07,
                4.093479832050143e-06
            ],
            [
                0.0,
                0.0,
                0.0,
                1.0244420959769545,
                -0.0006969041774653964,
                0.015425814297333168,
                -0.010456632949553967,
                -0.005597536285361444,
                -8.827336292061391e-06,
                -1.1338313959266038e-06,
                4.2241652245505056e-06,
                -1.0667551149081251e-06,
                -3.060084327652908e-08,
                2.8499671432977128e-06,
                -7.799551399367471e-07,
                7.759193705306143e-05,
                9.266240074360999e-07,
                -6.59362765076739e-06
            ],
            [
                0.0,
                0.0,
                0.0,
                0.0,
                0.9328409413910169,
                0.02553491662247374,
                0.00867859622458317,
                0.0037161525175064486,
                1.59460627825674e-05,
                1.8668545110982902e-07,
                4.027498206661418e-06,
                1.1583289609689257e-06,
                -2.356838944129934e-06,
                -6.113113922788919e-06,
                3.854734300341527e-07,
                -0.00010876306801445368,
                2.2613957175003213e-06,
                -1.1192864194603378e-06
            ],
            [
                0.0,
                0.0,
                0.0,
                0.0,
                0.0,
                26.196985731868764,
                -0.005713412311487839,
                -0.0023621817239834727,
                3.123049007480501e-06,
                -5.991612699672212e-07,
                9.576294735808228e-06,
                -1.1842085711763092e-06,
                -8.363006492823939e-06,
                -3.6971094561570362e-06,
                3.319917299252202e-06,
                -6.576171762715339e-05,
                2.428043992384039e-06,
                -1.4727732712021197e-05
            ],
            [
                0.0,
                0.0,
                0.0,
                0.0,
                0.0,
                0.0,
                9.537294134857351,
                0.006446374796978886,
                1.3640638943483737e-05,
                2.2128849303916144e-06,
                -3.394768841163475e-06,
                8.554437713154935e-07,
                5.680187571660067e-07,
                -2.8737321709301346e-06,
                -5.84529840708062e-07,
                -6.230146767509574e-05,
                6.021307423300273e-07,
                1.5983744613124593e-06
            ],
            [
                0.0,
                0.0,
                0.0,
                0.0,
                0.0,
                0.0,
                0.0,
                6.86643332121364,
                9.606538908143631e-06,
                2.007981052917177e-06,
                -3.019915815004936e-06,
                3.703033158505481e-07,
                -2.1576151066124412e-07,
                -1.8558692684538172e-06,
                -3.4914964569556396e-08,
                -4.5628425247727776e-05,
                2.7265004907718213e-07,
                -1.236796205119139e-07
            ],
            [
                0.0,
                0.0,
                0.0,
                0.0,
                0.0,
                0.0,
                0.0,
                0.0,
                0.007984687205624313,
                3.665266755936725e-06,
                1.3424753569043593e-06,
                6.792220411979729e-07,
                -1.1304362859352587e-06,
                -5.675256360442663e-06,
                -1.8167745738538296e-06,
                -8.796546202239177e-05,
                4.150447750995333e-06,
                -9.251186228799141e-06
            ],
            [
                0.0,
                0.0,
                0.0,
                0.0,
                0.0,
                0.0,
                0.0,
                0.0,
                0.0,
                0.0037803106563470065,
                -1.9677297893058943e-06,
                -5.37625280973028e-07,
                -2.2296018958685715e-07,
                5.9313306647079664e-08,
                -9.056292363276198e-07,
                4.2912369962933475e-06,
                1.237284589574343e-06,
                -7.086250352768647e-06
            ],
            [
                0.0,
                0.0,
                0.0,
                0.0,
                0.0,
                0.0,
                0.0,
                0.0,
                0.0,
                0.0,
                0.006495295356329203,
                -3.3172581281418487e-07,
                -2.3672506806753377e-06,
                -1.5983167090615341e-06,
                -1.0373632552481221e-08,
                -5.1792768276030345e-06,
                2.350344061359679e-06,
                -7.579643851691513e-06
            ],
            [
                0.0,
                0.0,
                0.0,
                0.0,
                0.0,
                0.0,
                0.0,
                0.0,
                0.0,
                0.0,
                0.0,
                0.0016241939778518786,
                2.0362953570642194e-06,
                -2.286268346958325e-06,
                -1.8214585047288164e-07,
                -4.993633647645834e-05,
                -8.995397705629769e-07,
                1.1210102181075627e-05
            ],
            [
                0.0,
                0.0,
                0.0,
                0.0,
                0.0,
                0.0,
                0.0,
                0.0,
                0.0,
                0.0,
                0.0,
                0.0,
                0.0063548600995545325,
                1.785132923967474e-06,
                -2.2537263056594983e-06,
                4.509374093802696e-05,
                -3.025792883151589e-07,
                5.1252510402901166e-06
            ],
            [
                0.0,
                0.0,
                0.0,
                0.0,
                0.0,
                0.0,
                0.0,
                0.0,
                0.0,
                0.0,
                0.0,
                0.0,
                0.0,
                0.0036986976523411905,
                -1.4673130923913614e-06,
                0.00011223810387994577,
                -1.1301839053830882e-06,
                -6.737011818725223e-07
            ],
            [
                0.0,
                0.0,
                0.0,
                0.0,
                0.0,
                0.0,
                0.0,
                0.0,
                0.0,
                0.0,
                0.0,
                0.0,
                0.0,
                0.0,
                0.00288016914261963,
                -7.613137592403908e-05,
                -2.323526500295944e-06,
                3.5095614546703567e-06
            ],
            [
                0.0,
                0.0,
                0.0,
                0.0,
                0.0,
                0.0,
                0.0,
                0.0,
                0.0,
                0.0,
                0.0,
                0.0,
                0.0,
                0.0,
                0.0,
                0.04398911458506566,
                8.171289300527859e-07,
                -7.883748309509783e-06
            ],
            [
                0.0,
                0.0,
                0.0,
                0.0,
                0.0,
                0.0,
                0.0,
                0.0,
                0.0,
                0.0,
                0.0,
                0.0,
                0.0,
                0.0,
                0.0,
                0.0,
                0.019420551294786884,
                -1.99631854796811e-06
            ],
            [
                0.0,
                0.0,
                0.0,
                0.0,
                0.0,
                0.0,
                0.0,
                0.0,
                0.0,
                0.0,
                0.0,
                0.0,
                0.0,
                0.0,
                0.0,
                0.0,
                0.0,
                0.022845119713110196
            ]
        ],
        [
            [
                0.00228580640920601,
                -5.276102309791833e-06,
                0.00012973948639649648,
                -0.00014792152420454904,
                -3.785575628200238e-05,
                -0.008865138073081662,
                0.0010781456579880837,
                0.0004945747592189067,
                -1.6787287863393618e-07,
                -2.5521185886236256e-08,
                -1.227022630699631e-06,
                2.340550554358083e-07,
                7.515863711102871e-07,
                1.0414082822723157e-07,
                -1.1617653075140746e-07,
                -1.5955987378354866e-06,
                -4.5401713166519954e-07,
                2.527974634491082e-06
            ],
            [
                0.0,
                0.01439233381248912,
                -0.00014994713504068306,
                -8.400121184247329e-05,
                0.00015538269661228527,
                0.004343897806799431,
                0.0011509970112923752,
                0.0006965988783821796,
                2.115446605209421e-06,
                3.5674345525446923e-07,
                2.619904100493499e-07,
                -3.869500730429242e-08,
                -5.67252512649285e-07,
                -5.532240330174859e-07,
                1.1319766555994646e-07,
                -1.0533278231592824e-05,
                3.351466019339049e-07,
                -1.4306407430590136e-06
            ],
            [
                0.0,
                0.0,
                0.3817218940150313,
                3.1996915849367444e-05,
                1.7265922452348845e-05,
                -0.004642994108100311,
                -1.4696492432395622e-05,
                -0.0002654433422878647,
                1.1940965050430373e-07,
                -1.7825366414383445e-07,
                1.4056965909770144e-07,
                1.542115096932812e-07,
                8.042255758220925e-07,
                1.1873874644328692e-07,
                -5.272704815700734e-07,
                7.13883735786459e-06,
                1.5101527928691813e-07,
                8.186959664100286e-07
            ],
            [
                0.0,
                0.0,
                0.0,
                0.20488841919539091,
                -0.00013938083549307927,
                0.003085162859466634,
                -0.0020913265899107935,
                -0.0011195072570722889,
                -1.7654672584122784e-06,
                -2.2676627918532076e-07,
                8.448330449101012e-07,
                -2.1335102298162504e-07,
                -6.120168655305817e-09,
                5.699934286595426e-07,
                -1.5599102798734944e-07,
                1.5518387410612287e-05,
                1.8532480148722e-07,
                -1.318725530153478e-06
            ],
            [
                0.0,
                0.0,
                0.0,
                0.0,
                0.1865681882782034,
                0.005106983324494749,
                0.001735719244916634,
                0.0007432305035012898,
                3.18921255651348e-06,
                3.7337090221965805e-08,
                8.054996413322836e-07,
                2.3166579219378514e-07,
                -4.713677888259868e-07,
                -1.222622784557784e-06,
                7.709468600683054e-08,
                -2.1752613602890738e-05,
                4.5227914350006426e-07,
                -2.2385728389206758e-07
            ],
            [
                0.0,
                0.0,
                0.0,
                0.0,
                0.0,
                5.239397146373753,
                -0.001142682462297568,
                -0.0004724363447966946,
                6.246098014961002e-07,
                -1.1983225399344426e-07,
                1.9152589471616456e-06,
                -2.3684171423526183e-07,
                -1.672601298564788e-06,
                -7.394218912314072e-07,
                6.639834598504404e-07,
                -1.3152343525430679e-05,
                4.856087984768079e-07,
                -2.9455465424042393e-06
            ],
            [
                0.0,
                0.0,
                0.0,
                0.0,
                0.0,
                0.0,
                1.9074588269714703,
                0.0012892749593957772,
                2.7281277886967475e-06,
                4.425769860783229e-07,
                -6.78953768232695e-07,
                1.7108875426309872e-07,
                1.1360375143320134e-07,
                -5.747464341860269e-07,
                -1.169059681416124e-07,
                -1.2460293535019148e-05,
                1.2042614846600545e-07,
                3.1967489226249187e-07
            ],
            [
                0.0,
                0.0,
                0.0,
                0.0,
                0.0,
                0.0,
                0.0,
                1.3732866642427282,
                1.921307781628726e-06,
                4.015962105834354e-07,
                -6.039831630009873e-07,
                7.406066317010963e-08,
                -4.315230213224883e-08,
                -3.711738536907635e-07,
                -6.982992913911279e-09,
                -9.125685049545556e-06,
                5.453000981543643e-08,
                -2.473592410238278e-08
            ],
            [
                0.0,
                0.0,
                0.0,
                0.0,
                0.0,
                0.0,
                0.0,
                0.0,
                0.0015969374411248629,
                7.33053351187345e-07,
                2.684950713808719e-07,
                1.3584440823959458e-07,
                -2.2608725718705175e-07,
                -1.1350512720885325e-06,
                -3.6335491477076596e-07,
                -1.7593092404478355e-05,
                8.300895501990666e-07,
                -1.8502372457598284e-06
            ],
            [
                0.0,
                0.0,
                0.0,
                0.0,
                0.0,
                0.0,
                0.0,
                0.0,
                0.0,
                0.0007560621312694013,
                -3.935459578611789e-07,
                -1.075250561946056e-07,
                -4.459203791737143e-08,
                1.1862661329415934e-08,
                -1.8112584726552398e-07,
                8.582473992586696e-07,
                2.4745691791486865e-07,
                -1.4172500705537295e-06
            ],
            [
                0.0,
                0.0,
                0.0,
                0.0,
                0.0,
                0.0,
                0.0,
                0.0,
                0.0,
                0.0,
                0.0012990590712658406,
                -6.634516256283698e-08,
                -4.7345013613506757e-07,
                -3.1966334181230686e-07,
                -2.074726510496244e-09,
                -1.0358553655206069e-06,
                4.700688122719358e-07,
                -1.5159287703383026e-06
            ],
            [
                0.0,
                0.0,
                0.0,
                0.0,
                0.0,
                0.0,
                0.0,
                0.0,
                0.0,
                0.0,
                0.0,
                0.00032483879557037573,
                4.072590714128439e-07,
                -4.57253669391665e-07,
                -3.6429170094576333e-08,
                -9.987267295291669e-06,
                -1.799079541125954e-07,
                2.2420204362151255e-06
            ],
            [
                0.0,
                0.0,
                0.0,
                0.0,
                0.0,
                0.0,
                0.0,
                0.0,
                0.0,
                0.0,
                0.0,
                0.0,
                0.0012709720199109067,
                3.570265847934948e-07,
                -4.507452611318997e-07,
                9.018748187605392e-06,
                -6.051585766303178e-08,
                1.0250502080580234e-06
            ],
            [
                0.0,
                0.0,
                0.0,
                0.0,
                0.0,
                0.0,
                0.0,
                0.0,
                0.0,
                0.0,
                0.0,
                0.0,
                0.0,
                0.0007397395304682381,
                -2.934626184782723e-07,
                2.2447620775989156e-05,
                -2.2603678107661765e-07,
                -1.3474023637450448e-07
            ],
            [
                0.0,
                0.0,
                0.0,
                0.0,
                0.0,
                0.0,
                0.0,
                0.0,
                0.0,
                0.0,
                0.0,
                0.0,
                0.0,
                0.0,
                0.0005760338285239261,
                -1.5226275184807817e-05,
                -4.647053000591888e-07,
                7.019122909340714e-07
            ],
            [
                0.0,
                0.0,
                0.0,
                0.0,
                0.0,
                0.0,
                0.0,
                0.0,
                0.0,
                0.0,
                0.0,
                0.0,
                0.0,
                0.0,
                0.0,
                0.008797822917013132,
                1.634257860105572e-07,
                -1.5767496619019566e-06
            ],
            [
                0.0,
                0.0,
                0.0,
                0.0,
                0.0,
                0.0,
                0.0,
                0.0,
                0.0,
                0.0,
                0.0,
                0.0,
                0.0,
                0.0,
                0.0,
                0.0,
                0.003884110258957377,
                -3.9926370959362197e-07
            ],
            [
                0.0,
                0.0,
                0.0,
                0.0,
                0.0,
                0.0,
                0.0,
                0.0,
                0.0,
                0.0,
                0.0,
                0.0,
                0.0,
                0.0,
                0.0,
                0.0,
                0.0,
                0.00456902394262204
            ]
        ]
    ],
    "allnames": [
        "m1_flow_nominal",
        "m2_flow_nominal",
        "tau1",
        "tau2",
        "tau_m",
        "nominalUa.hasValue",
        "workingPressure.hasValue",
        "flowCoefficient.hasValue",
        "waterFlowRateMax",
        "c1",
        "c2",
        "c3",
        "c4",
        "eps_motor",
        "f_motorToAir",
        "kp",
        "Ti",
        "Td"
    ],
    "alpha_count": 1407,
    "cov": [
        [
            0.009913443058587844,
            -0.005758850543772203,
            1.106602288498252,
            0.18628721203603352,
            0.34814208335388613,
            -23.375169187778678,
            -3.950562004015055,
            -7.3219473759245615,
            0.0029751219457012706,
            0.010456742914646856,
            0.016640679233136873,
            0.0003412426962373699,
            0.005753263864428967,
            -0.0015385928793577067,
            -0.0028964280582838933,
            0.01848375835665942,
            -0.002704779820962024,
            -0.010139408776827556
        ],
        [
            -0.005758850543772203,
            0.14562448024970076,
            -3.0888923236360997,
            -0.45214198257412763,
            0.07532846025947018,
            -68.74340356071744,
            -11.042776414495288,
            -16.336846149910194,
            -0.006985429686930794,
            0.03019633309354566,
            0.030149712626576185,
            -0.0012377256364864042,
            0.030357142800280366,
            -0.002758018720205649,
            -0.010297388886524615,
            0.11156281242716025,
            -0.053835215751888994,
            -0.024104642955914145
        ],
        [
            1.106602288498252,
            -3.0888923236360997,
            649.7520301924249,
            51.15732356307271,
            51.73953145570119,
            2223.0926679959352,
            -99.94475045101578,
            -987.3869546800025,
            1.7302009703158279,
            0.3244468584817238,
            2.2832423332499374,
            0.276528603492295,
            -0.7360561234802573,
            -0.1903232781738343,
            -0.0313888643066361,
            -3.0448086858628134,
            0.38960263666634726,
            0.26577448758894806
        ],
        [
            0.18628721203603352,
            -0.45214198257412763,
            51.15732356307271,
            23.672114644698116,
            10.259904635331422,
            -201.02767398214354,
            43.450550652213636,
            -139.99407880326632,
            0.1588036255372534,
            0.1977395586105096,
            0.3914362982250792,
            0.02616028986473769,
            0.020709701700323487,
            -0.06040231055029415,
            -0.027463878165025546,
            -0.15102933027160972,
            0.36856656655085046,
            -0.3547831476036315
        ],
        [
            0.34814208335388613,
            0.07532846025947018,
            51.73953145570119,
            10.259904635331422,
            37.63016442461279,
            -1797.5870255304762,
            -271.78185511211024,
            -607.9671206488514,
            0.19187041601891844,
            0.8959226943224432,
            1.3125857476241325,
            0.0060063080381114594,
            0.5505190479251366,
            -0.09531377552199588,
            -0.2324164158619213,
            2.4488884025430924,
            -0.6710023578565182,
            -0.9516395998605007
        ],
        [
            -23.375169187778678,
            -68.74340356071744,
            2223.0926679959352,
            -201.02767398214354,
            -1797.5870255304762,
            207394.65207599744,
            29077.668624238213,
            45922.9886647406,
            1.6714564819560374,
            -81.0693644909754,
            -95.06791631857845,
            2.3495399019113155,
            -58.718701423300445,
            5.911164702432849,
            23.02778786154103,
            -233.54908181750153,
            71.24153304027293,
            84.31296953394386
        ],
        [
            -3.950562004015055,
            -11.042776414495288,
            -99.94475045101578,
            43.450550652213636,
            -271.78185511211024,
            29077.668624238213,
            5458.790174514103,
            7549.271403034704,
            -0.9596142145675302,
            -12.093963781319104,
            -15.570459971022931,
            0.18627621069772907,
            -8.416635284946477,
            0.8144539482012076,
            3.6120808693146698,
            -34.68863335966868,
            12.32009741915901,
            10.813457592883017
        ],
        [
            -7.3219473759245615,
            -16.336846149910194,
            -987.3869546800025,
            -139.99407880326632,
            -607.9671206488514,
            45922.9886647406,
            7549.271403034704,
            15871.866120530669,
            -4.359021675934582,
            -22.825098132457097,
            -31.682682266567795,
            -0.1635070061293235,
            -13.989506365013403,
            2.0413374908285626,
            6.28257870012286,
            -55.60446992654891,
            23.228370678736095,
            22.118146221804043
        ],
        [
            0.0029751219457012706,
            -0.006985429686930794,
            1.7302009703158279,
            0.1588036255372534,
            0.19187041601891844,
            1.6714564819560374,
            -0.9596142145675302,
            -4.359021675934582,
            0.005692598834151595,
            0.003614938321521961,
            0.009906507901955285,
            0.000801784655755088,
            -0.0006645926240458475,
            -0.0007244185735924719,
            -0.0008193627551515027,
            -0.0003277909857463403,
            -0.0006013368205370195,
            -0.0023645102593924383
        ],
        [
            0.010456742914646856,
            0.03019633309354566,
            0.3244468584817238,
            0.1977395586105096,
            0.8959226943224432,
            -81.0693644909754,
            -12.093963781319104,
            -22.825098132457097,
            0.003614938321521961,
            0.036650686498636856,
            0.047320609545817155,
            -0.0003087158185836154,
            0.02431370019060569,
            -0.0031503736495292972,
            -0.010310519397120068,
            0.09827251792023785,
            -0.033220103780866504,
            -0.037304019651863876
        ],
        [
            0.016640679233136873,
            0.030149712626576185,
            2.2832423332499374,
            0.3914362982250792,
            1.3125857476241325,
            -95.06791631857845,
            -15.570459971022931,
            -31.682682266567795,
            0.009906507901955285,
            0.047320609545817155,
            0.06749627689970188,
            0.0005205708300532211,
            0.028923725328594545,
            -0.004670733447077899,
            -0.013291354812037488,
            0.11872167057939412,
            -0.039501710396809275,
            -0.0465722794183611
        ],
        [
            0.0003412426962373699,
            -0.0012377256364864042,
            0.276528603492295,
            0.02616028986473769,
            0.0060063080381114594,
            2.3495399019113155,
            0.18627621069772907,
            -0.1635070061293235,
            0.000801784655755088,
            -0.0003087158185836154,
            0.0005205708300532211,
            0.0001694904757784292,
            -0.0006681665414967235,
            -8.717000789223136e-05,
            0.00011064618682189693,
            -0.002723711589339146,
            0.0009018667424132771,
            0.0004923135409316899
        ],
        [
            0.005753263864428967,
            0.030357142800280366,
            -0.7360561234802573,
            0.020709701700323487,
            0.5505190479251366,
            -58.718701423300445,
            -8.416635284946477,
            -13.989506365013403,
            -0.0006645926240458475,
            0.02431370019060569,
            0.028923725328594545,
            -0.0006681665414967235,
            0.01883828376061625,
            -0.001896383059709127,
            -0.007178913422135577,
            0.07213137833149327,
            -0.024204978392956288,
            -0.024749286325318382
        ],
        [
            -0.0015385928793577067,
            -0.002758018720205649,
            -0.1903232781738343,
            -0.06040231055029415,
            -0.09531377552199588,
            5.911164702432849,
            0.8144539482012076,
            2.0413374908285626,
            -0.0007244185735924719,
            -0.0031503736495292972,
            -0.004670733447077899,
            -8.717000789223136e-05,
            -0.001896383059709127,
            0.0005685932948320969,
            0.0008504526217337086,
            -0.007955143104049763,
            0.0013252895493399226,
            0.0034409560336497113
        ],
        [
            -0.0028964280582838933,
            -0.010297388886524615,
            -0.0313888643066361,
            -0.027463878165025546,
            -0.2324164158619213,
            23.02778786154103,
            3.6120808693146698,
            6.28257870012286,
            -0.0008193627551515027,
            -0.010310519397120068,
            -0.013291354812037488,
            0.00011064618682189693,
            -0.007178913422135577,
            0.0008504526217337086,
            0.0031237871553235434,
            -0.028165259705008907,
            0.009339315076614393,
            0.010283209367573555
        ],
        [
            0.01848375835665942,
            0.11156281242716025,
            -3.0448086858628134,
            -0.15102933027160972,
            2.4488884025430924,
