{
    "R": [
        [
            0.004671686158718785,
            -2.999224408289834e-05,
            -0.002902108436234435,
            0.0023863837660769295,
            -0.0003759633308730756,
            0.0739181937150946,
            0.11181130660310552,
            -0.061218389674438954,
            -7.103548871042964e-05,
            -2.6702275531392604e-06,
            -1.2159736841646335e-06,
            4.2707344972032165e-06,
            -5.953833840030301e-06,
            5.575071981531001e-06,
            1.3831913661845432e-06,
            -0.0006796978718312507,
            0.0007703473077907951,
            -0.0010538195005806654
        ],
        [
            0.0,
            0.00836868613986228,
            0.001029989247006968,
            -0.0005434545155277612,
            0.000634862482909724,
            -0.06393203347512136,
            -0.06737709385736293,
            -0.1318360895045825,
            3.387720026281058e-05,
            1.8634117011582408e-06,
            4.4964497268300473e-07,
            -1.0543751820079849e-05,
            5.063504530829621e-06,
            -8.469039309137262e-06,
            5.346048247412987e-06,
            0.001077847910207284,
            -0.00037917387410097797,
            0.0002940708652338291
        ],
        [
            0.0,
            0.0,
            0.6747951291250169,
            -0.0021201659643926953,
            6.193273971309514e-05,
            -0.008102580286364139,
            -0.07248397494671081,
            -0.006015545266485791,
            9.847139756413725e-06,
            1.6891693247224172e-06,
            1.04566243519169e-06,
            -2.770364435145829e-06,
            3.7660798544491937e-06,
            3.3269136982071358e-06,
            -1.5147424220235634e-06,
            0.00029702552705853573,
            -0.0003059110944182073,
            0.001372439533776608
        ],
        [
            0.0,
            0.0,
            0.0,
            0.7480320645726561,
            2.019605346891757e-05,
            0.006491755383118396,
            0.03800961461453257,
            -0.05497949282820517,
            -6.128671341818379e-05,
            -6.981311690035185e-08,
            -1.2652974751353707e-06,
            -6.009232626152801e-06,
            -4.536999222896911e-06,
            -1.2465753441847486e-07,
            -2.7187185706921794e-06,
            -0.0003536699998775575,
            0.0011395889818489318,
            -0.0012544415062977264
        ],
        [
            0.0,
            0.0,
            0.0,
            0.0,
            0.23635475324981384,
            -0.03828721802767855,
            -0.033722957025833424,
            -0.04167362818976202,
            1.8129306388519385e-05,
            1.030348455949104e-06,
            9.616072720503621e-08,
            -5.331415658037665e-06,
            1.9772401782177643e-06,
            -4.921701630665339e-06,
            1.472542182408866e-06,
            0.00045426939262176765,
            -9.959800133723688e-05,
            -4.661347275846328e-05
        ],
        [
            0.0,
            0.0,
            0.0,
            0.0,
            0.0,
            17.678941669717858,
            0.09356504099207791,
            -0.08991998704192646,
            -7.21166669494651e-05,
            -2.6930092580618633e-06,
            -3.6622665010349386e-07,
            6.753488566598574e-06,
            -3.572352812335084e-06,
            1.1289503775872426e-05,
            2.9455259940435054e-06,
            -0.0005611848007211631,
            0.0003532507290706069,
            0.00016441378461402097
        ],
        [
            0.0,
            0.0,
            0.0,
            0.0,
            0.0,
            0.0,
            28.414591856053438,
            -0.05215168681372302,
            -4.191323597028377e-05,
            -2.0944781486255334e-06,
            -6.108574860745988e-07,
            4.414235036843121e-06,
            -3.2866271634138048e-06,
            4.438413904762924e-06,
            2.475896614990154e-06,
            -0.0003832604425376212,
            0.0003004437132438746,
            -0.000462619307659107
        ],
        [
            0.0,
            0.0,
            0.0,
            0.0,
            0.0,
            0.0,
            0.0,
            47.03276889145878,
            5.466351678640297e-05,
            6.162635254590157e-07,
            3.292772368227207e-07,
            7.167599084434615e-06,
            -4.3552091386298147e-07,
            -1.5103063474019722e-06,
            -7.830776804654712e-06,
            -0.0005137346520374601,
            -0.00033568604462737,
            -1.2290574726899644e-05
        ],
        [
            0.0,
            0.0,
            0.0,
            0.0,
            0.0,
            0.0,
            0.0,
            0.0,
            0.024892403675706994,
            7.502461746070432e-07,
            7.503248950603381e-07,
            2.795121362379724e-06,
            3.5247058849601763e-06,
            -6.024017075289247e-06,
            3.880805275634844e-07,
            0.00035349934025020595,
            -0.0008893071061216969,
            0.00037730821831156926
        ],
        [
            0.0,
            0.0,
            0.0,
            0.0,
            0.0,
            0.0,
            0.0,
            0.0,
            0.0,
            0.0009317104364983692,
            2.367838324374006e-07,
            -5.92209590922424e-06,
            1.8260431178202781e-06,
            -3.802843733589648e-06,
            -3.1732222492292652e-06,
            0.00025443131743036607,
            5.256091148881839e-05,
            0.00012733692410846946
        ],
        [
            0.0,
            0.0,
            0.0,
            0.0,
            0.0,
            0.0,
            0.0,
            0.0,
            0.0,
            0.0,
            0.00018951704903898692,
            5.3223339474964395e-06,
            7.920609328673854e-06,
            -1.419090243155625e-06,
            2.8421907535730893e-06,
            0.0007042221591392475,
            -0.0016641488052297898,
            0.002014480561875192
        ],
        [
            0.0,
            0.0,
            0.0,
            0.0,
            0.0,
            0.0,
            0.0,
            0.0,
            0.0,
            0.0,
            0.0,
            0.0037914119512641063,
            -6.442851125349994e-07,
            3.1775458472579775e-06,
            1.786571605433127e-07,
            -0.00035540216913556774,
            -0.0004583232831514759,
            0.00024262390846703524
        ],
        [
            0.0,
            0.0,
            0.0,
            0.0,
            0.0,
            0.0,
            0.0,
            0.0,
            0.0,
            0.0,
            0.0,
            0.0,
            0.0010791585920773507,
            -6.346010530098639e-06,
            4.911431232678599e-06,
            0.001006134129207308,
            -0.0012121236325363892,
            0.0012103094545705068
        ],
        [
            0.0,
            0.0,
            0.0,
            0.0,
            0.0,
            0.0,
            0.0,
            0.0,
            0.0,
            0.0,
            0.0,
            0.0,
            0.0,
            0.004259753781016013,
            -5.585168003821742e-07,
            -0.00033960755681561967,
            0.00022666046726965093,
            0.00024033105046290888
        ],
        [
            0.0,
            0.0,
            0.0,
            0.0,
            0.0,
            0.0,
            0.0,
            0.0,
            0.0,
            0.0,
            0.0,
            0.0,
            0.0,
            0.0,
            0.0031578433476624345,
            0.00043452584212905654,
            -0.0003882206657666337,
            0.00021773969106550582
        ],
        [
            0.0,
            0.0,
            0.0,
            0.0,
            0.0,
            0.0,
            0.0,
            0.0,
            0.0,
            0.0,
            0.0,
            0.0,
            0.0,
            0.0,
            0.0,
            0.37043112882408197,
            -0.00036265997345174135,
            0.00027749491946858133
        ],
        [
            0.0,
            0.0,
            0.0,
            0.0,
            0.0,
            0.0,
            0.0,
            0.0,
            0.0,
            0.0,
            0.0,
            0.0,
            0.0,
            0.0,
            0.0,
            0.0,
            0.31840852062008235,
            -0.0007781112183168452
        ],
        [
            0.0,
            0.0,
            0.0,
            0.0,
            0.0,
            0.0,
            0.0,
            0.0,
            0.0,
            0.0,
            0.0,
            0.0,
            0.0,
            0.0,
            0.0,
            0.0,
            0.0,
            0.4196013260934572
        ]
    ],
    "RDR": [
        [
            [
                0.004671686158718785,
                -2.999224408289834e-05,
                -0.002902108436234435,
                0.0023863837660769295,
                -0.0003759633308730756,
                0.0739181937150946,
                0.11181130660310552,
                -0.061218389674438954,
                -7.103548871042964e-05,
                -2.6702275531392604e-06,
                -1.2159736841646335e-06,
                4.2707344972032165e-06,
                -5.953833840030301e-06,
                5.575071981531001e-06,
                1.3831913661845432e-06,
                -0.0006796978718312507,
                0.0007703473077907951,
                -0.0010538195005806654
            ],
            [
                0.0,
                0.00836868613986228,
                0.001029989247006968,
                -0.0005434545155277612,
                0.000634862482909724,
                -0.06393203347512136,
                -0.06737709385736293,
                -0.1318360895045825,
                3.387720026281058e-05,
                1.8634117011582408e-06,
                4.4964497268300473e-07,
                -1.0543751820079849e-05,
                5.063504530829621e-06,
                -8.469039309137262e-06,
                5.346048247412987e-06,
                0.001077847910207284,
                -0.00037917387410097797,
                0.0002940708652338291
            ],
            [
                0.0,
                0.0,
                0.6747951291250169,
                -0.0021201659643926953,
                6.193273971309514e-05,
                -0.008102580286364139,
                -0.07248397494671081,
                -0.006015545266485791,
                9.847139756413725e-06,
                1.6891693247224172e-06,
                1.04566243519169e-06,
                -2.770364435145829e-06,
                3.7660798544491937e-06,
                3.3269136982071358e-06,
                -1.5147424220235634e-06,
                0.00029702552705853573,
                -0.0003059110944182073,
                0.001372439533776608
            ],
            [
                0.0,
                0.0,
                0.0,
                0.7480320645726561,
                2.019605346891757e-05,
                0.006491755383118396,
                0.03800961461453257,
                -0.05497949282820517,
                -6.128671341818379e-05,
                -6.981311690035185e-08,
                -1.2652974751353707e-06,
                -6.009232626152801e-06,
                -4.536999222896911e-06,
                -1.2465753441847486e-07,
                -2.7187185706921794e-06,
                -0.0003536699998775575,
                0.0011395889818489318,
                -0.0012544415062977264
            ],
            [
                0.0,
                0.0,
                0.0,
                0.0,
                0.23635475324981384,
                -0.03828721802767855,
                -0.033722957025833424,
                -0.04167362818976202,
                1.8129306388519385e-05,
                1.030348455949104e-06,
                9.616072720503621e-08,
                -5.331415658037665e-06,
                1.9772401782177643e-06,
                -4.921701630665339e-06,
                1.472542182408866e-06,
                0.00045426939262176765,
                -9.959800133723688e-05,
                -4.661347275846328e-05
            ],
            [
                0.0,
                0.0,
                0.0,
                0.0,
                0.0,
                17.678941669717858,
                0.09356504099207791,
                -0.08991998704192646,
                -7.21166669494651e-05,
                -2.6930092580618633e-06,
                -3.6622665010349386e-07,
                6.753488566598574e-06,
                -3.572352812335084e-06,
                1.1289503775872426e-05,
                2.9455259940435054e-06,
                -0.0005611848007211631,
                0.0003532507290706069,
                0.00016441378461402097
            ],
            [
                0.0,
                0.0,
                0.0,
                0.0,
                0.0,
                0.0,
                28.414591856053438,
                -0.05215168681372302,
                -4.191323597028377e-05,
                -2.0944781486255334e-06,
                -6.108574860745988e-07,
                4.414235036843121e-06,
                -3.2866271634138048e-06,
                4.438413904762924e-06,
                2.475896614990154e-06,
                -0.0003832604425376212,
                0.0003004437132438746,
                -0.000462619307659107
            ],
            [
                0.0,
                0.0,
                0.0,
                0.0,
                0.0,
                0.0,
                0.0,
                47.03276889145878,
                5.466351678640297e-05,
                6.162635254590157e-07,
                3.292772368227207e-07,
                7.167599084434615e-06,
                -4.3552091386298147e-07,
                -1.5103063474019722e-06,
                -7.830776804654712e-06,
                -0.0005137346520374601,
                -0.00033568604462737,
                -1.2290574726899644e-05
            ],
            [
                0.0,
                0.0,
                0.0,
                0.0,
                0.0,
                0.0,
                0.0,
                0.0,
                0.024892403675706994,
                7.502461746070432e-07,
                7.503248950603381e-07,
                2.795121362379724e-06,
                3.5247058849601763e-06,
                -6.024017075289247e-06,
                3.880805275634844e-07,
                0.00035349934025020595,
                -0.0008893071061216969,
                0.00037730821831156926
            ],
            [
                0.0,
                0.0,
                0.0,
                0.0,
                0.0,
                0.0,
                0.0,
                0.0,
                0.0,
                0.0009317104364983692,
                2.367838324374006e-07,
                -5.92209590922424e-06,
                1.8260431178202781e-06,
                -3.802843733589648e-06,
                -3.1732222492292652e-06,
                0.00025443131743036607,
                5.256091148881839e-05,
                0.00012733692410846946
            ],
            [
                0.0,
                0.0,
                0.0,
                0.0,
                0.0,
                0.0,
                0.0,
                0.0,
                0.0,
                0.0,
                0.00018951704903898692,
                5.3223339474964395e-06,
                7.920609328673854e-06,
                -1.419090243155625e-06,
                2.8421907535730893e-06,
                0.0007042221591392475,
                -0.0016641488052297898,
                0.002014480561875192
            ],
            [
                0.0,
                0.0,
                0.0,
                0.0,
                0.0,
                0.0,
                0.0,
                0.0,
                0.0,
                0.0,
                0.0,
                0.0037914119512641063,
                -6.442851125349994e-07,
                3.1775458472579775e-06,
                1.786571605433127e-07,
                -0.00035540216913556774,
                -0.0004583232831514759,
                0.00024262390846703524
            ],
            [
                0.0,
                0.0,
                0.0,
                0.0,
                0.0,
                0.0,
                0.0,
                0.0,
                0.0,
                0.0,
                0.0,
                0.0,
                0.0010791585920773507,
                -6.346010530098639e-06,
                4.911431232678599e-06,
                0.001006134129207308,
                -0.0012121236325363892,
                0.0012103094545705068
            ],
            [
                0.0,
                0.0,
                0.0,
                0.0,
                0.0,
                0.0,
                0.0,
                0.0,
                0.0,
                0.0,
                0.0,
                0.0,
                0.0,
                0.004259753781016013,
                -5.585168003821742e-07,
                -0.00033960755681561967,
                0.00022666046726965093,
                0.00024033105046290888
            ],
            [
                0.0,
                0.0,
                0.0,
                0.0,
                0.0,
                0.0,
                0.0,
                0.0,
                0.0,
                0.0,
                0.0,
                0.0,
                0.0,
                0.0,
                0.0031578433476624345,
                0.00043452584212905654,
                -0.0003882206657666337,
                0.00021773969106550582
            ],
            [
                0.0,
                0.0,
                0.0,
                0.0,
                0.0,
                0.0,
                0.0,
                0.0,
                0.0,
                0.0,
                0.0,
                0.0,
                0.0,
                0.0,
                0.0,
                0.37043112882408197,
                -0.00036265997345174135,
                0.00027749491946858133
            ],
            [
                0.0,
                0.0,
                0.0,
                0.0,
                0.0,
                0.0,
                0.0,
                0.0,
                0.0,
                0.0,
                0.0,
                0.0,
                0.0,
                0.0,
                0.0,
                0.0,
                0.31840852062008235,
                -0.0007781112183168452
            ],
            [
                0.0,
                0.0,
                0.0,
                0.0,
                0.0,
                0.0,
                0.0,
                0.0,
                0.0,
                0.0,
                0.0,
                0.0,
                0.0,
                0.0,
                0.0,
                0.0,
                0.0,
                0.4196013260934572
            ]
        ],
        [
            [
                0.000934337231743757,
                -5.998448816579668e-06,
                -0.000580421687246887,
                0.0004772767532153859,
                -7.519266617461513e-05,
                0.01478363874301892,
                0.022362261320621107,
                -0.012243677934887792,
                -1.420709774208593e-05,
                -5.340455106278521e-07,
                -2.431947368329267e-07,
                8.541468994406434e-07,
                -1.1907667680060604e-06,
                1.1150143963062001e-06,
                2.7663827323690866e-07,
                -0.00013593957436625013,
                0.00015406946155815905,
                -0.0002107639001161331
            ],
            [
                0.0,
                0.001673737227972456,
                0.00020599784940139362,
                -0.00010869090310555225,
                0.0001269724965819448,
                -0.012786406695024273,
                -0.013475418771472587,
                -0.026367217900916503,
                6.775440052562117e-06,
                3.726823402316482e-07,
                8.992899453660095e-08,
                -2.10875036401597e-06,
                1.0127009061659244e-06,
                -1.6938078618274525e-06,
                1.0692096494825975e-06,
                0.0002155695820414568,
                -7.58347748201956e-05,
                5.8814173046765824e-05
            ],
            [
                0.0,
                0.0,
                0.13495902582500338,
                -0.0004240331928785391,
                1.2386547942619029e-05,
                -0.0016205160572728278,
                -0.014496794989342164,
                -0.0012031090532971583,
                1.969427951282745e-06,
                3.3783386494448344e-07,
                2.09132487038338e-07,
                -5.540728870291658e-07,
                7.532159708898388e-07,
                6.653827396414272e-07,
                -3.029484844047127e-07,
                5.9405105411707146e-05,
                -6.118221888364146e-05,
                0.0002744879067553216
            ],
            [
                0.0,
                0.0,
                0.0,
                0.14960641291453122,
                4.039210693783515e-06,
                0.0012983510766236793,
                0.007601922922906514,
                -0.010995898565641034,
                -1.2257342683636758e-05,
                -1.396262338007037e-08,
                -2.530594950270742e-07,
                -1.2018465252305602e-06,
                -9.073998445793822e-07,
                -2.4931506883694974e-08,
                -5.437437141384359e-07,
                -7.073399997551151e-05,
                0.00022791779636978637,
                -0.0002508883012595453
            ],
            [
                0.0,
                0.0,
                0.0,
                0.0,
                0.04727095064996277,
                -0.007657443605535711,
                -0.006744591405166685,
                -0.008334725637952406,
                3.625861277703877e-06,
                2.060696911898208e-07,
                1.9232145441007244e-08,
                -1.066283131607533e-06,
                3.954480356435529e-07,
                -9.843403261330678e-07,
                2.9450843648177323e-07,
                9.085387852435353e-05,
                -1.9919600267447378e-05,
                -9.322694551692657e-06
            ],
            [
                0.0,
                0.0,
                0.0,
                0.0,
                0.0,
                3.5357883339435716,
                0.018713008198415582,
                -0.017983997408385292,
                -1.442333338989302e-05,
                -5.386018516123727e-07,
                -7.324533002069878e-08,
                1.3506977133197148e-06,
                -7.144705624670168e-07,
                2.2579007551744853e-06,
                5.891051988087011e-07,
                -0.00011223696014423263,
                7.065014581412138e-05,
                3.2882756922804194e-05
            ],
            [
                0.0,
                0.0,
                0.0,
                0.0,
                0.0,
                0.0,
                5.682918371210688,
                -0.010430337362744605,
                -8.382647194056754e-06,
                -4.188956297251067e-07,
                -1.2217149721491978e-07,
                8.828470073686243e-07,
                -6.57325432682761e-07,
                8.876827809525848e-07,
                4.951793229980309e-07,
                -7.665208850752425e-05,
                6.0088742648774926e-05,
                -9.252386153182141e-05
            ],
            [
                0.0,
                0.0,
                0.0,
                0.0,
                0.0,
                0.0,
                0.0,
                9.406553778291757,
                1.0932703357280595e-05,
                1.2325270509180314e-07,
                6.585544736454414e-08,
                1.4335198168869231e-06,
                -8.71041827725963e-08,
                -3.0206126948039446e-07,
                -1.5661553609309426e-06,
                -0.00010274693040749203,
                -6.713720892547401e-05,
                -2.458114945379929e-06
            ],
            [
                0.0,
                0.0,
                0.0,
                0.0,
                0.0,
                0.0,
                0.0,
                0.0,
                0.0049784807351413995,
                1.5004923492140866e-07,
                1.5006497901206764e-07,
                5.590242724759448e-07,
                7.049411769920353e-07,
                -1.2048034150578495e-06,
                7.761610551269689e-08,
                7.06998680500412e-05,
                -0.0001778614212243394,
                7.546164366231385e-05
            ],
            [
                0.0,
                0.0,
                0.0,
                0.0,
                0.0,
                0.0,
                0.0,
                0.0,
                0.0,
                0.00018634208729967385,
                4.7356766487480124e-08,
                -1.184419181844848e-06,
                3.6520862356405566e-07,
                -7.605687467179297e-07,
                -6.34644449845853e-07,
                5.088626348607322e-05,
                1.0512182297763679e-05,
                2.5467384821693895e-05
            ],
            [
                0.0,
                0.0,
                0.0,
                0.0,
                0.0,
                0.0,
                0.0,
                0.0,
                0.0,
                0.0,
                3.790340980779739e-05,
                1.0644667894992879e-06,
                1.5841218657347708e-06,
                -2.83818048631125e-07,
                5.684381507146179e-07,
                0.0001408444318278495,
                -0.000332829761045958,
                0.00040289611237503845
            ],
            [
                0.0,
                0.0,
                0.0,
                0.0,
                0.0,
                0.0,
                0.0,
                0.0,
                0.0,
                0.0,
                0.0,
                0.0007582823902528213,
                -1.2885702250699988e-07,
                6.355091694515955e-07,
                3.573143210866254e-08,
                -7.108043382711355e-05,
                -9.166465663029519e-05,
                4.852478169340705e-05
            ],
            [
                0.0,
                0.0,
                0.0,
                0.0,
                0.0,
                0.0,
                0.0,
                0.0,
                0.0,
                0.0,
                0.0,
                0.0,
                0.00021583171841547014,
                -1.269202106019728e-06,
                9.822862465357197e-07,
                0.0002012268258414616,
                -0.00024242472650727785,
                0.00024206189091410138
            ],
            [
                0.0,
                0.0,
                0.0,
                0.0,
                0.0,
                0.0,
                0.0,
                0.0,
                0.0,
                0.0,
                0.0,
                0.0,
                0.0,
                0.0008519507562032027,
                -1.1170336007643484e-07,
                -6.792151136312394e-05,
                4.533209345393019e-05,
                4.8066210092581777e-05
            ],
            [
                0.0,
                0.0,
                0.0,
                0.0,
                0.0,
                0.0,
                0.0,
                0.0,
                0.0,
                0.0,
                0.0,
                0.0,
                0.0,
                0.0,
                0.000631568669532487,
                8.690516842581131e-05,
                -7.764413315332675e-05,
                4.3547938213101164e-05
            ],
            [
                0.0,
                0.0,
                0.0,
                0.0,
                0.0,
                0.0,
                0.0,
                0.0,
                0.0,
                0.0,
                0.0,
                0.0,
                0.0,
                0.0,
                0.0,
                0.0740862257648164,
                -7.253199469034828e-05,
                5.549898389371627e-05
            ],
            [
                0.0,
                0.0,
                0.0,
                0.0,
                0.0,
                0.0,
                0.0,
                0.0,
                0.0,
                0.0,
                0.0,
                0.0,
                0.0,
                0.0,
                0.0,
                0.0,
                0.06368170412401647,
                -0.00015562224366336906
            ],
            [
                0.0,
                0.0,
                0.0,
                0.0,
                0.0,
                0.0,
                0.0,
                0.0,
                0.0,
                0.0,
                0.0,
                0.0,
                0.0,
                0.0,
                0.0,
                0.0,
                0.0,
                0.08392026521869145
            ]
        ]
    ],
    "allnames": [
        "m1_flow_nominal",
        "m2_flow_nominal",
        "tau1",
        "tau2",
        "tau_m",
        "nominalUa.hasValue",
        "workingPressure.hasValue",
        "flowCoefficient.hasValue",
        "waterFlowRateMax",
        "c1",
        "c2",
        "c3",
        "c4",
        "eps_motor",
        "f_motorToAir",
        "kp",
        "Ti",
        "Td"
    ],
    "alpha_count": 1413,
    "cov": [
        [
            0.00034803364670311275,
            0.0028604853086396332,
            0.030651541076996257,
            0.05129488134245134,
            0.018407046727652556,
            0.7433759062361464,
            4.157703356440567,
            -6.989012566967109,
            -0.003079602794031168,
            -0.000215353688416364,
            -3.428771930102635e-05,
            -0.0002528314397827904,
            5.555848807684878e-05,
            0.00016789748631044387,
            -0.0002867080693704597,
            0.03714669823938509,
            0.024354224502089444,
            -0.02037469057106204
        ],
        [
            0.0028604853086396332,
            0.07079942834284801,
            1.1834775175827315,
            1.5443237993149213,
            0.5038446691811218,
            16.207406180185064,
            106.68397017180979,
            -164.9450267855737,
            -0.08181206256845941,
            -0.005223662995864617,
            -0.0007954084793815135,
            -0.006500226823072192,
            0.0012294191708636043,
            0.00507691569970066,
            -0.008701993501880684,
            0.8369988763194213,
            0.7126730985813593,
            -0.5138939445136456
        ],
        [
            0.030651541076996257,
            1.1834775175827315,
            60.04652344794673,
            52.25670400108241,
            17.753617252043195,
            340.99971348336095,
            1471.0633952702221,
            -2777.936304932904,
            -1.738355245119195,
            -0.06886365359665991,
            -0.013084247341006786,
            -0.06702003079695688,
            -1.2522798374381057e-05,
            0.21731464965375674,
            -0.19664385403214035,
            16.99821636095427,
            10.657037437830516,
            5.02162862005743
        ],
        [
            0.05129488134245134,
            1.5443237993149213,
            52.25670400108241,
            58.792692413888055,
            17.445579230934403,
            490.8182449371611,
            1894.2796014727037,
            -3187.287304431256,
            -1.713082730585564,
            -0.09652782219201203,
            -0.015478895431278497,
            -0.1078433468050304,
            0.01183692726072821,
            0.19183560680462924,
            -0.22091105960773658,
            17.595481755301062,
            17.504279030703255,
            -2.1315281596661695
        ],
        [
            0.018407046727652556,
            0.5038446691811218,
            17.753617252043195,
            17.445579230934403,
            6.913952094132561,
            140.36999749154023,
            691.1068468056059,
            -1197.0373504859326,
            -0.6716451927791859,
            -0.03285909180251471,
            -0.005303145107176156,
            -0.031014283216137604,
            0.0024080786470201307,
            0.06623469321497637,
            -0.06990865073277307,
            6.4964777713118815,
            5.126205559653454,
            -0.27131780258463184
        ],
        [
            0.7433759062361464,
            16.207406180185064,
            340.99971348336095,
            490.8182449371611,
            140.36999749154023,
            12203.166766016142,
            10395.699791233337,
            -25125.04433974452,
            0.2928272676245309,
            -0.8944691205869054,
            -0.11693663900037407,
            -0.9426467643900287,
            0.1121389226498641,
            1.0859502039354034,
            -2.300181135664391,
            118.62775489463687,
            34.22065155862209,
            -0.9869076107081127
        ],
        [
            4.157703356440567,
            106.68397017180979,
            1471.0633952702221,
            1894.2796014727037,
            691.1068468056059,
            10395.699791233337,
            207894.86732781937,
            -268690.9926038389,
            -178.262137377503,
            -8.576290605000722,
            -1.3312722283656029,
            -11.08180772306158,
            2.43119489010181,
            7.298390300945796,
            -12.210732476243082,
            1393.8905861780759,
            1415.1503111800796,
            -1222.057787133462
        ],
        [
            -6.989012566967109,
            -164.9450267855737,
            -2777.936304932904,
            -3187.287304431256,
            -1197.0373504859326,
            -25125.04433974452,
            -268690.9926038389,
            458580.7616264791,
            221.55667163780194,
            12.813237672621193,
            2.0711812856913157,
            15.28136078897278,
            -2.5806482128289754,
            -11.887981176315954,
            19.943087902880404,
            -2251.42889180877,
            -1234.2729533748332,
            1133.7009466625182
        ],
        [
            -0.003079602794031168,
            -0.08181206256845941,
            -1.738355245119195,
            -1.713082730585564,
            -0.6716451927791859,
            0.2928272676245309,
            -178.262137377503,
            221.55667163780194,
            0.1973686732549289,
            0.006731775337140323,
            0.0011473395263582528,
            0.00840002210162082,
            -0.0018268062932856057,
            -0.009028730007938057,
            0.009260396162654215,
            -1.3506382023192236,
            -1.3573605171814402,
            1.0048285942532056
        ],
        [
            -0.000215353688416364,
            -0.005223662995864617,
            -0.06886365359665991,
            -0.09652782219201203,
            -0.03285909180251471,
            -0.8944691205869054,
            -8.576290605000722,
            12.813237672621193,
            0.006731775337140323,
            0.00041258069623160385,
            6.183395561438335e-05,
            0.0004959491756574953,
            -0.00010317534884941276,
            -0.00032378295474099855,
            0.0006086090833819425,
            -0.06471992008885749,
            -0.05512470682073158,
            0.04764971872078657
        ],
        [
            -3.428771930102635e-05,
            -0.0007954084793815135,
            -0.013084247341006786,
            -0.015478895431278497,
            -0.005303145107176156,
            -0.11693663900037407,
            -1.3312722283656029,
            2.0711812856913157,
            0.0011473395263582528,
            6.183395561438335e-05,
            1.0198950468553361e-05,
            7.819289132110633e-05,
            -1.456083002361422e-05,
            -5.881278648447637e-05,
            9.547997561330295e-05,
            -0.010976555217831373,
            -0.007769058449142748,
            0.006861555211462891
        ],
        [
            -0.0002528314397827904,
            -0.006500226823072192,
            -0.06702003079695688,
            -0.1078433468050304,
            -0.031014283216137604,
            -0.9426467643900287,
            -11.08180772306158,
            15.28136078897278,
            0.00840002210162082,
            0.0004959491756574953,
            7.819289132110633e-05,
            0.0008448589257015422,
            -0.00016717636293680162,
            -0.0003473343429673637,
            0.0008221792720817557,
            -0.0737554635121553,
            -0.08841668125461945,
            0.07715554347100177
        ],
        [
            5.555848807684878e-05,
            0.0012294191708636043,
            -1.2522798374381057e-05,
            0.01183692726072821,
            0.0024080786470201307,
            0.1121389226498641,
            2.43119489010181,
            -2.5806482128289754,
            -0.0018268062932856057,
            -0.00010317534884941276,
            -1.456083002361422e-05,
            -0.00016717636293680162,
            5.0983026041591846e-05,
            4.708581622118447e-05,
            -0.00014061549111811565,
            0.012936443088038655,
            0.02182145311839255,
            -0.021162138692545615
        ],
        [
            0.00016789748631044387,
            0.00507691569970066,
            0.21731464965375674,
            0.19183560680462924,
            0.06623469321497637,
            1.0859502039354034,
            7.298390300945796,
            -11.887981176315954,
            -0.009028730007938057,
            -0.00032378295474099855,
            -5.881278648447637e-05,
            -0.0003473343429673637,
            4.708581622118447e-05,
            0.0010050528135561437,
            -0.0007441508427823935,
            0.07747973672137694,
            0.06152339963698991,
            0.0065741488385482015
        ],
        [
            -0.0002867080693704597,
            -0.008701993501880684,
            -0.19664385403214035,
            -0.22091105960773658,
            -0.06990865073277307,
            -2.300181135664391,
            -12.210732476243082,
            19.943087902880404,
            0.009260396162654215,
            0.0006086090833819425,
            9.547997561330295e-05,
            0.0008221792720817557,
            -0.00014061549111811565,
            -0.0007441508427823935,
            0.001312784325533721,
            -0.10083529527328905,
            -0.07891504534183416,
            0.044996049669147706
        ],
        [
            0.03714669823938509,
            0.8369988763194213,
            16.99821636095427,
            17.595481755301062,
            6.4964777713118815,
            118.62775489463687,
            1393.8905861780759,
