6.636001086619091986e-04 -2.524468624256514860e-06 -2.218525957124803513e-04 2.852931205250577558e-04 -1.958428589390413929e-05 7.041874000414410526e-04 4.129264796734658828e-03 7.280900650489014955e-03 -4.187645818565370263e-06 -3.395736905725097619e-08 -1.172530127099164465e-07 -3.019495823329889999e-08 -5.519488280546951933e-07 8.287507218341457126e-08 -6.331439377053179341e-07 -7.501963058257979931e-05 9.897701055762900117e-05 -1.281988103610949808e-04
-2.524468624256514860e-06 2.128634710492937829e-03 3.552789516591942066e-04 -4.568738105146306189e-04 3.136264662144223826e-05 -1.127699049248774782e-03 -6.612682909549464326e-03 -1.165977230031104567e-02 6.706175384434404995e-06 5.437997441959073355e-08 1.877711969097228522e-07 4.835477841522547749e-08 8.839013146140149468e-07 -1.327177113679685772e-07 1.013928702140785218e-06 1.201378583002065613e-04 -1.585036606686736555e-04 2.053000047295974132e-04
-2.218525957124803513e-04 3.552789516591942066e-04 1.384838528699610372e+01 -4.015048545337892433e-02 2.756177872255943101e-03 -9.910321675398862939e-02 -5.811285804905442776e-01 -1.024671380497870654e+00 5.893447841040538220e-04 4.778961546142239234e-06 1.650150333982856068e-05 4.249461848502475425e-06 7.767805038913701981e-05 -1.166335302451029993e-05 8.910497531082121989e-05 1.055782411044564433e-02 -1.392944567082182034e-02 1.804195089271889985e-02
2.852931205250577558e-04 -4.568738105146306189e-04 -4.015048545337892433e-02 1.705317254206727995e+01 -3.544328987329391657e-03 1.274425745212323657e-01 7.473069477596289145e-01 1.317684360266924593e+00 -7.578726405352286281e-04 -6.145543837292486783e-06 -2.122024025031282857e-05 -5.464629464523553922e-06 -9.989071040908680281e-05 1.499858214172216777e-05 -1.145852559402907994e-04 -1.357691838921444051e-02 1.791268211151905362e-02 -2.320119110625339445e-02
-1.958428589390413929e-05 3.136264662144223826e-05 2.756177872255943101e-03 -3.544328987329391657e-03 1.702803968472947016e+00 -8.748447245715416237e-03 -5.129977508216853471e-02 -9.045401158604896019e-02 5.202506964098466071e-05 4.218681728516678500e-07 1.456688654232575862e-06 3.751259951187002080e-07 6.857116733822252564e-06 -1.029595526615205461e-06 7.865841305359245678e-06 9.320037258635061701e-04 -1.229637388216656092e-03 1.592673384018959172e-03
7.041874000414410526e-04 -1.127699049248774782e-03 -9.910321675398862939e-02 1.274425745212323657e-01 -8.748447245715416237e-03 9.481984518658231536e+03 1.844573523564993378e+00 3.252432873333644281e+00 -1.870652763441486453e-03 -1.516901118631634020e-05 -5.237779930557440237e-05 -1.348831408107755755e-05 -2.465596770150267581e-04 3.702091569277662382e-05 -2.828301408571447695e-04 -3.351183107212715034e-02 4.421377220966511007e-02 -5.726736912866495915e-02
4.129264796734658828e-03 -6.612682909549464326e-03 -5.811285804905442776e-01 7.473069477596289145e-01 -5.129977508216853471e-02 1.844573523564993378e+00 2.458250572481234485e+04 1.907185014501653342e+01 -1.096926841141825960e-02 -8.894914036979950211e-05 -3.071367121737954764e-04 -7.909374762885023648e-05 -1.445794392987580007e-03 2.170859119377425506e-04 -1.658479751310778160e-03 -1.965090887910090622e-01 2.592639020599786792e-01 -3.358085238825474494e-01
7.280900650489014955e-03 -1.165977230031104567e-02 -1.024671380497870654e+00 1.317684360266924593e+00 -9.045401158604896019e-02 3.252432873333644281e+00 1.907185014501653342e+01 6.717859446807311906e+04 -1.934149478019438553e-02 -1.568390224068567592e-04 -5.415569108630700857e-04 -1.394615620233168951e-04 -2.549288034204282450e-03 3.827753935008970350e-04 -2.924304178722167673e-03 -3.464934371699485705e-01 4.571454740925201543e-01 -5.921123057813209023e-01
-4.187645818565370263e-06 6.706175384434404995e-06 5.893447841040538220e-04 -7.578726405352286281e-04 5.202506964098466071e-05 -1.870652763441486453e-03 -1.096926841141825960e-02 -1.934149478019438553e-02 1.886273060591053471e-02 9.020673511399189403e-08 3.114791208061047036e-07 8.021200330735360910e-08 1.466235550959932735e-06 -2.201551501648476363e-07 1.681927930910118302e-06 1.992874045366384316e-04 -2.629294677892698474e-04 3.405563048384283140e-04
-3.395736905725097619e-08 5.437997441959073355e-08 4.778961546142239234e-06 -6.145543837292486783e-06 4.218681728516678500e-07 -1.516901118631634020e-05 -8.894914036979950211e-05 -1.568390224068567592e-04 9.020673511399189403e-08 2.643651573184650996e-05 2.525765529632230741e-09 6.504343292485932175e-10 1.188961623928962922e-08 -1.785224923000621620e-09 1.363865282598799560e-08 1.616009623906225871e-06 -2.132079301970567696e-06 2.761550672911010356e-06
-1.172530127099164465e-07 1.877711969097228522e-07 1.650150333982856068e-05 -2.122024025031282857e-05 1.456688654232575862e-06 -5.237779930557440237e-05 -3.071367121737954764e-04 -5.415569108630700857e-04 3.114791208061047036e-07 2.525765529632230741e-09 1.092994486328882422e-06 2.245915593336174544e-09 4.105422071041671268e-08 -6.164287940969160317e-09 4.709355222589703071e-08 5.579996396415862678e-06 -7.361957902893638348e-06 9.535489501674790854e-06
-3.019495823329889999e-08 4.835477841522547749e-08 4.249461848502475425e-06 -5.464629464523553922e-06 3.751259951187002080e-07 -1.348831408107755755e-05 -7.909374762885023648e-05 -1.394615620233168951e-04 8.021200330735360910e-08 6.504343292485932175e-10 2.245915593336174544e-09 4.375682258970931817e-04 1.057226975240720255e-08 -1.587425453843798875e-09 1.212751646762914455e-08 1.436958882656376093e-06 -1.895849038379361841e-06 2.455576198706746604e-06
-5.519488280546951933e-07 8.839013146140149468e-07 7.767805038913701981e-05 -9.989071040908680281e-05 6.857116733822252564e-06 -2.465596770150267581e-04 -1.445794392987580007e-03 -2.549288034204282450e-03 1.466235550959932735e-06 1.188961623928962922e-08 4.105422071041671268e-08 1.057226975240720255e-08 3.549409364914284587e-05 -2.901734826402348777e-08 2.216849730277174831e-07 2.626689413235591258e-05 -3.465517808692082663e-05 4.488671236446731104e-05
8.287507218341457126e-08 -1.327177113679685772e-07 -1.166335302451029993e-05 1.499858214172216777e-05 -1.029595526615205461e-06 3.702091569277662382e-05 2.170859119377425506e-04 3.827753935008970350e-04 -2.201551501648476363e-07 -1.785224923000621620e-09 -6.164287940969160317e-09 -1.587425453843798875e-09 -2.901734826402348777e-08 5.529439589548776042e-04 -3.328598088776052606e-08 -3.943972043432601085e-06 5.203472205213280459e-06 -6.739736254884783130e-06
-6.331439377053179341e-07 1.013928702140785218e-06 8.910497531082121989e-05 -1.145852559402907994e-04 7.865841305359245678e-06 -2.828301408571447695e-04 -1.658479751310778160e-03 -2.924304178722167673e-03 1.681927930910118302e-06 1.363865282598799560e-08 4.709355222589703071e-08 1.212751646762914455e-08 2.216849730277174831e-07 -3.328598088776052606e-08 3.038958658003810317e-04 3.013091782595563313e-05 -3.975317058496914121e-05 5.148982726758968517e-05
-7.501963058257979931e-05 1.201378583002065613e-04 1.055782411044564433e-02 -1.357691838921444051e-02 9.320037258635061701e-04 -3.351183107212715034e-02 -1.965090887910090622e-01 -3.464934371699485705e-01 1.992874045366384316e-04 1.616009623906225871e-06 5.579996396415862678e-06 1.436958882656376093e-06 2.626689413235591258e-05 -3.943972043432601085e-06 3.013091782595563313e-05 4.184789633787888263e+00 -4.710253062801479478e-03 6.100899953926825457e-03
9.897701055762900117e-05 -1.585036606686736555e-04 -1.392944567082182034e-02 1.791268211151905362e-02 -1.229637388216656092e-03 4.421377220966511007e-02 2.592639020599786792e-01 4.571454740925201543e-01 -2.629294677892698474e-04 -2.132079301970567696e-06 -7.361957902893638348e-06 -1.895849038379361841e-06 -3.465517808692082663e-05 5.203472205213280459e-06 -3.975317058496914121e-05 -4.710253062801479478e-03 3.089295833816580572e+00 -8.049211045982843094e-03
-1.281988103610949808e-04 2.053000047295974132e-04 1.804195089271889985e-02 -2.320119110625339445e-02 1.592673384018959172e-03 -5.726736912866495915e-02 -3.358085238825474494e-01 -5.921123057813209023e-01 3.405563048384283140e-04 2.761550672911010356e-06 9.535489501674790854e-06 2.455576198706746604e-06 4.488671236446731104e-05 -6.739736254884783130e-06 5.148982726758968517e-05 6.100899953926825457e-03 -8.049211045982843094e-03 5.369740150540342150e+00
2.130707437817309122e-04 -9.666986918030759709e-07 -1.426535243041189647e-04 1.228342338724944737e-04 -1.103391465925391110e-05 2.662491341934635023e-03 4.710350873739384096e-03 -3.790446372173877487e-03 -3.058369043495026229e-06 -1.060804689348751323e-07 -5.906096963208873032e-08 8.158161689497366764e-08 -2.519291848230597026e-07 1.493013715575880684e-07 9.212923224077215777e-08 -2.343760203329911437e-05 3.654249377516602897e-05 -5.516910671252836035e-05
-9.666986918030759709e-07 6.811982248721609777e-04 1.295296719619993349e-04 -1.531715494444244345e-04 1.108976714107329823e-05 -8.995895823461256494e-04 -2.865184983266460660e-03 -2.378243311042155944e-03 2.525806755760846569e-06 3.844842001905036270e-08 6.484814445923775120e-08 -4.695717357384947303e-09 2.994945161659972957e-07 -6.961016104845612216e-08 2.593067252777382807e-07 3.831840949574448436e-05 -5.179763900667089970e-05 6.882282421339805205e-05
-1.426535243041189647e-04 1.295296719619993349e-04 4.438628401956011160e+00 -1.599297395952636522e-02 1.357277005515077593e-03 -2.747153510775125484e-01 -5.238685522483749191e-01 2.823485467370847046e-01 3.599199958010275684e-04 1.102283064740314750e-05 7.428181625249009084e-06 -7.737885603568342628e-06 3.236550681179404236e-05 -1.597449684372649655e-05 -8.737332380471142713e-07 3.321802066933960112e-03 -4.942983325203001432e-03 7.183835766899731613e-03
1.228342338724944737e-04 -1.531715494444244345e-04 -1.599297395952636522e-02 5.458399360655269206e+00 -1.343381850190824688e-03 1.477356402503769706e-01 3.878633631974897078e-01 1.530690455167950936e-01 -3.179275606589757551e-04 -6.145030762806045050e-06 -7.735756739683233288e-06 2.255547752461734861e-06 -3.526980034139315216e-05 1.018778703955479239e-05 -2.373286854217720421e-05 -4.319657460300585158e-03 5.945770917743388624e-03 -8.045153711373579167e-03
-1.103391465925391110e-05 1.108976714107329823e-05 1.357277005515077593e-03 -1.343381850190824688e-03 5.449288873627773366e-01 -1.896426791721482832e-02 -3.889387684199321210e-02 1.164873521075082859e-02 2.804504810927476978e-05 7.665194038558680989e-07 6.090076230846897739e-07 -4.851489497052683507e-07 2.693752551954859692e-06 -1.143835913537609801e-06 5.621940593817217905e-07 2.944693402061669511e-04 -4.257839629531251155e-04 6.034775077222176171e-04
2.662491341934635023e-03 -8.995895823461256494e-04 -2.747153510775125484e-01 1.477356402503769706e-01 -1.896426791721482832e-02 3.042499457209987213e+03 1.208235853447340169e+01 -1.971335371684932980e+01 -6.425461887731455553e-03 -3.277263418081005674e-04 -8.980332801702090126e-05 3.050933134593076515e-04 -3.342612057993293233e-04 4.281998038889660665e-04 9.089454716827418887e-04 -8.795385682998120916e-03 3.066213160665220636e-02 -6.629308540759391855e-02
4.710350873739384096e-03 -2.865184983266460660e-03 -5.238685522483749191e-01 3.878633631974897078e-01 -3.889387684199321210e-02 1.208235853447340169e+01 7.882382189623443992e+03 -2.275671163223892179e+01 -1.161270899696181802e-02 -4.774344451792263784e-04 -1.998530607625350578e-04 4.049401561638553480e-04 -8.177485415267802095e-04 6.484282148459115077e-04 8.590754017319751027e-04 -6.020136724117159527e-02 1.059276441453487483e-01 -1.741600769409930027e-01
-3.790446372173877487e-03 -2.378243311042155944e-03 2.823485467370847046e-01 1.530690455167950936e-01 1.164873521075082859e-02 -1.971335371684932980e+01 -2.275671163223892179e+01 2.154926936959960949e+04 8.443497587746226149e-03 7.606295310334084065e-04 1.013074113169206961e-05 -8.216373412214698696e-04 -1.744900725544925159e-04 -9.230851484098321963e-04 -3.445664616533791226e-03 -1.157206252674535391e-01 1.048162022737070126e-01 -6.901673325344574728e-02
-3.058369043495026229e-06 2.525806755760846569e-06 3.599199958010275684e-04 -3.179275606589757551e-04 2.804504810927476978e-05 -6.425461887731455553e-03 -1.161270899696181802e-02 8.443497587746226149e-03 6.040182037653722864e-03 2.565084074303748502e-07 1.511721494088248293e-07 -1.924824969553931992e-07 6.492393539838936633e-07 -3.640009131437650031e-07 -1.664496829717852264e-07 6.241234388108809973e-05 -9.578049081468058637e-05 1.427976959671411041e-04
-1.060804689348751323e-07 3.844842001905036270e-08 1.102283064740314750e-05 -6.145030762806045050e-06 7.665194038558680989e-07 -3.277263418081005674e-04 -4.774344451792263784e-04 7.606295310334084065e-04 2.565084074303748502e-07 8.472298938813291742e-06 3.661851156367704267e-09 -1.187980835539892725e-08 1.378110969258691953e-08 -1.683726664005609818e-08 -3.468197447217539048e-08 4.417847489802346957e-07 -1.327420048453646362e-06 2.757681355719488102e-06
-5.906096963208873032e-08 6.484814445923775120e-08 7.428181625249009084e-06 -7.735756739683233288e-06 6.090076230846897739e-07 -8.980332801702090126e-05 -1.998530607625350578e-04 1.013074113169206961e-05 1.511721494088248293e-07 3.661851156367704267e-09 3.504037984793776354e-07 -2.015927442972501921e-09 1.539428932679813389e-08 -5.652379813713215484e-09 6.236598394787087160e-09 1.768555280015974492e-06 -2.501777954604402678e-06 3.475302734217546823e-06
8.158161689497366764e-08 -4.695717357384947303e-09 -7.737885603568342628e-06 2.255547752461734861e-06 -4.851489497052683507e-07 3.050933134593076515e-04 4.049401561638553480e-04 -8.216373412214698696e-04 -1.924824969553931992e-07 -1.187980835539892725e-08 -2.015927442972501921e-09 1.400334162077737502e-04 -6.177322586241402225e-09 1.507978139993246881e-08 4.129904781332843080e-08 5.320238188136384101e-07 1.158220554716432817e-08 -1.010061896568206353e-06
-2.519291848230597026e-07 2.994945161659972957e-07 3.236550681179404236e-05 -3.526980034139315216e-05 2.693752551954859692e-06 -3.342612057993293233e-04 -8.177485415267802095e-04 -1.744900725544925159e-04 6.492393539838936633e-07 1.378110969258691953e-08 1.539428932679813389e-08 -6.177322586241402225e-09 1.136600040358414439e-05 -2.215044955578194287e-08 4.005714329790578414e-08 8.345820467254356812e-06 -1.159991469354497881e-05 1.584589696688938585e-05
1.493013715575880684e-07 -6.961016104845612216e-08 -1.597449684372649655e-05 1.018778703955479239e-05 -1.143835913537609801e-06 4.281998038889660665e-04 6.484282148459115077e-04 -9.230851484098321963e-04 -3.640009131437650031e-07 -1.683726664005609818e-08 -5.652379813713215484e-09 1.507978139993246881e-08 -2.215044955578194287e-08 1.769630423359129664e-04 3.969987468671768585e-08 -1.164920098551552614e-06 2.497056705695639525e-06 -4.573273614941436578e-06
9.212923224077215777e-08 2.593067252777382807e-07 -8.737332380471142713e-07 -2.373286854217720421e-05 5.621940593817217905e-07 9.089454716827418887e-04 8.590754017319751027e-04 -3.445664616533791226e-03 -1.664496829717852264e-07 -3.468197447217539048e-08 6.236598394787087160e-09 4.129904781332843080e-08 4.005714329790578414e-08 3.969987468671768585e-08 9.736754501705183933e-05 9.875103516556738828e-06 -1.072393821781593834e-05 1.067582348320520991e-05
-2.343760203329911437e-05 3.831840949574448436e-05 3.321802066933960112e-03 -4.319657460300585158e-03 2.944693402061669511e-04 -8.795385682998120916e-03 -6.020136724117159527e-02 -1.157206252674535391e-01 6.241234388108809973e-05 4.417847489802346957e-07 1.768555280015974492e-06 5.320238188136384101e-07 8.345820467254356812e-06 -1.164920098551552614e-06 9.875103516556738828e-06 1.339133132780967017e+00 -1.503427702506868104e-03 1.941095343770619713e-03
3.654249377516602897e-05 -5.179763900667089970e-05 -4.942983325203001432e-03 5.945770917743388624e-03 -4.257839629531251155e-04 3.066213160665220636e-02 1.059276441453487483e-01 1.048162022737070126e-01 -9.578049081468058637e-05 -1.327420048453646362e-06 -2.501777954604402678e-06 1.158220554716432817e-08 -1.159991469354497881e-05 2.497056705695639525e-06 -1.072393821781593834e-05 -1.503427702506868104e-03 9.886076641019287958e-01 -2.671594959000606149e-03
-5.516910671252836035e-05 6.882282421339805205e-05 7.183835766899731613e-03 -8.045153711373579167e-03 6.034775077222176171e-04 -6.629308540759391855e-02 -1.741600769409930027e-01 -6.901673325344574728e-02 1.427976959671411041e-04 2.757681355719488102e-06 3.475302734217546823e-06 -1.010061896568206353e-06 1.584589696688938585e-05 -4.573273614941436578e-06 1.067582348320520991e-05 1.941095343770619713e-03 -2.671594959000606149e-03 1.718595256834741125e+00
6.819215032181921514e-05 -3.838153927707700367e-07 -4.721362508965024475e-05 3.500900008268184355e-05 -4.541171527216086131e-06 9.152195331973558357e-04 1.580214541057106811e-03 -8.167323603851709508e-04 -8.793176040085142749e-07 -3.781638703861042879e-08 -1.779664306133242404e-08 5.849554177153578803e-08 -8.175447167639395792e-08 5.453881457906061762e-08 2.697189636402342863e-08 -8.661932579350086915e-06 9.940402912038156421e-06 -1.688027069889837012e-05
-3.838153927707700367e-07 2.185664711705263222e-04 5.369793188203121474e-05 -1.536624265905498450e-05 1.145850351475256622e-05 -7.828355732931121559e-04 -1.487610412297181526e-03 -3.862966505367925688e-03 3.036568681666223143e-08 4.260668013520682972e-08 1.211706763927576165e-08 -2.550791719702103732e-07 1.047408466130131049e-07 -7.521783625946099458e-08 1.026246781861564979e-07 2.135839621977396818e-05 -2.849494199696271054e-06 1.596488961951339256e-05
-4.721362508965024475e-05 5.369793188203121474e-05 1.420618402718062168e+00 -4.410863698941951301e-03 6.004965680830524465e-04 -9.830713391497648834e-02 -1.796282284730286172e-01 2.518648876418683180e-02 9.883250145138969419e-05 4.163912487482041517e-06 2.195628688812014573e-06 -7.803237258847871025e-06 1.054398725362157861e-05 -6.224052187957711073e-06 1.331378689244794279e-07 1.254075248134459055e-03 -1.293405300396745098e-03 2.171552810293384244e-03
3.500900008268184355e-05 -1.536624265905498450e-05 -4.410863698941951301e-03 1.748629743459643837e+00 2.661090873900602926e-05 1.870962499379175484e-02 9.117679395757194438e-02 -1.300379766296577144e-01 -1.466309424424862718e-04 -2.175370987668251302e-07 -2.973751462028492196e-06 -1.391276208603277670e-05 -1.077254468282759340e-05 2.046426890350506452e-07 -6.460667706028289410e-06 -8.573082903225045202e-04 2.694794119785540350e-03 -2.924095440824182098e-03
-4.541171527216086131e-06 1.145850351475256622e-05 6.004965680830524465e-04 2.661090873900602926e-05 1.744845516418338238e-01 -1.278351438384305039e-02 -2.018911404524515937e-02 -3.835459503989115809e-02 -1.578831604017510611e-06 6.563931605441018226e-07 7.774503195103937405e-08 -3.595383635359733571e-06 9.827776012647000155e-07 -1.084270940229324194e-06 4.464359057078483223e-07 2.176375608176918906e-04 4.995897142437584742e-05 1.109215706805056633e-04
9.152195331973558357e-04 -7.828355732931121559e-04 -9.830713391497648834e-02 1.870962499379175484e-02 -1.278351438384305039e-02 9.740200248704541082e+02 4.350889834836136671e+00 -3.674913378812042719e+00 -1.395761633219076486e-03 -1.305980989676511033e-04 -2.140700588808233960e-05 3.129018255729721591e-04 -1.145213847345276533e-04 1.819691602970684846e-04 2.741837751995316284e-04 -1.053693547110659719e-02 -1.840493968849739705e-03 -1.607054062680699641e-02
1.580214541057106811e-03 -1.487610412297181526e-03 -1.796282284730286172e-01 9.117679395757194438e-02 -2.018911404524515937e-02 4.350889834836136671e+00 2.522921022882163925e+03 -4.245594576392592856e+00 -2.954569078165978670e-03 -1.824435455535931198e-04 -5.550061609368032501e-05 3.778130743465706303e-04 -2.703945056479496452e-04 2.593238083295044028e-04 2.556716679019582533e-04 -2.816922694931865354e-02 2.046037644618088625e-02 -4.980049616714670585e-02
-8.167323603851709508e-04 -3.862966505367925688e-03 2.518648876418683180e-02 -1.300379766296577144e-01 -3.835459503989115809e-02 -3.674913378812042719e+00 -4.245594576392592856e+00 6.912269310129772748e+03 6.840520722353211208e-03 8.218018379689666375e-05 4.917888852623072276e-05 1.086172861803474552e-03 -1.032011065919553720e-04 -1.371816431643232895e-05 -1.207137588989828317e-03 -8.542650458900113986e-02 -3.948357441663798151e-02 1.014707152475423195e-02
-8.793176040085142749e-07 3.036568681666223143e-08 9.883250145138969419e-05 -1.466309424424862718e-04 -1.578831604017510611e-06 -1.395761633219076486e-03 -2.954569078165978670e-03 6.840520722353211208e-03 1.933896118269567803e-03 4.165209894287537985e-08 5.989504544396683917e-08 2.767281019655428197e-07 1.958787186269062228e-07 -4.584415409123883507e-08 -7.947634620759131204e-08 7.835368503917313989e-06 -4.896268979215209142e-05 5.377841504116374227e-05
-3.781638703861042879e-08 4.260668013520682972e-08 4.163912487482041517e-06 -2.175370987668251302e-07 6.563931605441018226e-07 -1.305980989676511033e-04 -1.824435455535931198e-04 8.218018379689666375e-05 4.165209894287537985e-08 2.712710654086756701e-06 7.230267283124576097e-10 -1.698105886836938322e-08 4.872663577514803501e-09 -8.139590987100004942e-09 -1.007711298080029703e-08 6.141576502938243875e-07 2.886149276516049437e-07 5.675748407833958653e-07
-1.779664306133242404e-08 1.211706763927576165e-08 2.195628688812014573e-06 -2.973751462028492196e-06 7.774503195103937405e-08 -2.140700588808233960e-05 -5.550061609368032501e-05 4.917888852623072276e-05 5.989504544396683917e-08 7.230267283124576097e-10 1.122570830759670968e-07 3.110166470138142901e-09 4.794332266401863914e-09 -1.024724732488754782e-09 1.704762344201003517e-09 4.312258140432134900e-07 -1.003836192314098900e-06 1.201817082212328926e-06
5.849554177153578803e-08 -2.550791719702103732e-07 -7.803237258847871025e-06 -1.391276208603277670e-05 -3.595383635359733571e-06 3.129018255729721591e-04 3.778130743465706303e-04 1.086172861803474552e-03 2.767281019655428197e-07 -1.698105886836938322e-08 3.110166470138142901e-09 4.492097918715870757e-05 -5.848679878442979729e-09 2.785142147613921364e-08 4.670990140605323762e-09 -3.786022019302252889e-06 -5.965923575753379472e-06 2.311717393148880145e-06
-8.175447167639395792e-08 1.047408466130131049e-07 1.054398725362157861e-05 -1.077254468282759340e-05 9.827776012647000155e-07 -1.145213847345276533e-04 -2.703945056479496452e-04 -1.032011065919553720e-04 1.958787186269062228e-07 4.872663577514803501e-09 4.794332266401863914e-09 -5.848679878442979729e-09 3.637256065651441677e-06 -7.896540140212242461e-09 1.311827458351870117e-08 2.809559828701450567e-06 -3.502390084107800346e-06 4.978179278144500903e-06
5.453881457906061762e-08 -7.521783625946099458e-08 -6.224052187957711073e-06 2.046426890350506452e-07 -1.084270940229324194e-06 1.819691602970684846e-04 2.593238083295044028e-04 -1.371816431643232895e-05 -4.584415409123883507e-08 -8.139590987100004942e-09 -1.024724732488754782e-09 2.785142147613921364e-08 -7.896540140212242461e-09 5.663298097248567231e-05 1.091996689887249050e-08 -1.198778046386022611e-06 -4.473017609828895348e-07 -9.133162842788732052e-07
2.697189636402342863e-08 1.026246781861564979e-07 1.331378689244794279e-07 -6.460667706028289410e-06 4.464359057078483223e-07 2.741837751995316284e-04 2.556716679019582533e-04 -1.207137588989828317e-03 -7.947634620759131204e-08 -1.007711298080029703e-08 1.704762344201003517e-09 4.670990140605323762e-09 1.311827458351870117e-08 1.091996689887249050e-08 3.115827642951966430e-05 3.466555779229827330e-06 -2.969147064480089512e-06 3.212114653014499747e-06
-8.661932579350086915e-06 2.135839621977396818e-05 1.254075248134459055e-03 -8.573082903225045202e-04 2.176375608176918906e-04 -1.053693547110659719e-02 -2.816922694931865354e-02 -8.542650458900113986e-02 7.835368503917313989e-06 6.141576502938243875e-07 4.312258140432134900e-07 -3.786022019302252889e-06 2.809559828701450567e-06 -1.198778046386022611e-06 3.466555779229827330e-06 4.286645250311167388e-01 -2.669494179230859983e-04 5.266278871177604336e-04
9.940402912038156421e-06 -2.849494199696271054e-06 -1.293405300396745098e-03 2.694794119785540350e-03 4.995897142437584742e-05 -1.840493968849739705e-03 2.046037644618088625e-02 -3.948357441663798151e-02 -4.896268979215209142e-05 2.886149276516049437e-07 -1.003836192314098900e-06 -5.965923575753379472e-06 -3.502390084107800346e-06 -4.473017609828895348e-07 -2.969147064480089512e-06 -2.669494179230859983e-04 3.166775803865593542e-01 -9.975359218498010532e-04
-1.688027069889837012e-05 1.596488961951339256e-05 2.171552810293384244e-03 -2.924095440824182098e-03 1.109215706805056633e-04 -1.607054062680699641e-02 -4.980049616714670585e-02 1.014707152475423195e-02 5.377841504116374227e-05 5.675748407833958653e-07 1.201817082212328926e-06 2.311717393148880145e-06 4.978179278144500903e-06 -9.133162842788732052e-07 3.212114653014499747e-06 5.266278871177604336e-04 -9.975359218498010532e-04 5.500134357261515783e-01
2.182465156556467873e-05 -1.401143515509915532e-07 -1.355773981265742697e-05 1.114843600937279903e-05 -1.756382689025558182e-06 3.453226024563013294e-04 5.223473334459903744e-04 -2.859931037011294547e-04 -3.318555093863386850e-07 -1.247446510063021146e-08 -5.680647429678205391e-09 1.995153123814709662e-08 -2.781444314178107215e-08 2.604498660997928722e-08 6.461835960263657084e-09 -3.175335139944668740e-06 3.598820855212537202e-06 -4.923113974650636929e-06
-1.401143515509915532e-07 7.003580724222815696e-05 8.706697480208980996e-06 -4.619573276130390384e-06 5.324240845430925077e-06 -5.372440949445295415e-04 -5.672112235071812697e-04 -1.101458778085164913e-03 2.856381700126728713e-07 1.567439379287079671e-08 3.799407430284862124e-09 -8.836543863030328694e-08 4.255344902404291586e-08 -7.104194080397563132e-08 4.469791485809213367e-08 9.040556531505809397e-06 -3.196291589270604669e-06 2.492593185700387212e-06
-1.355773981265742697e-05 8.706697480208980996e-06 4.553579494020729146e-01 -1.438162962475690500e-03 4.353689897673080939e-05 -5.747949631173357096e-03 -4.930571945198714695e-02 -4.017387994285955520e-03 6.885847786489257788e-06 1.149511816513652265e-06 7.095999349502435150e-07 -1.892682512348627523e-06 2.563826368312184008e-06 2.220082675718365758e-06 -1.020648607384446285e-06 2.035141075702453172e-04 -2.090534928925495890e-04 9.294767007030165949e-04
1.114843600937279903e-05 -4.619573276130390384e-06 -1.438162962475690500e-03 5.595624549028364036e-01 1.373377621324069512e-05 5.084361326659974159e-03 2.888952962320713233e-02 -4.118811322826225474e-02 -4.605323299416506623e-05 -6.318863646741960808e-08 -9.518462019800740036e-07 -4.473303394443506707e-06 -3.418765526818143489e-06 -8.239464309883061941e-08 -2.030081668737541068e-06 -2.673940248798751325e-04 8.551420892108265847e-04 -9.439469013173785658e-04
-1.756382689025558182e-06 5.324240845430925077e-06 4.353689897673080939e-05 1.373377621324069512e-05 5.586411802612357286e-02 -9.118115256541573996e-03 -8.059114813996893362e-03 -9.911924953219063486e-03 4.332533951069745160e-06 2.458178778262024368e-07 2.350987591517151010e-08 -1.268697843397106339e-06 4.729247808633776166e-07 -1.170536745150916545e-06 3.507676008702558242e-07 1.083198097448425528e-04 -2.406673734934557183e-05 -1.037475963002991006e-05
3.453226024563013294e-04 -5.372440949445295415e-04 -5.747949631173357096e-03 5.084361326659974159e-03 -9.118115256541573996e-03 3.125561034713123831e+02 1.668828561019628065e+00 -1.584499414046983468e+00 -1.283534768029053787e-03 -4.797965270180424186e-05 -6.613497173117099012e-06 1.205718606158918596e-04 -6.405490485653625020e-05 2.007006933208632584e-04 5.177248602974859106e-05 -1.006239972910016010e-02 6.339973004864455676e-03 2.792485596786589263e-03
5.223473334459903744e-04 -5.672112235071812697e-04 -4.930571945198714695e-02 2.888952962320713233e-02 -8.059114813996893362e-03 1.668828561019628065e+00 8.074226620993129018e+02 -1.488492798980709519e+00 -1.211574828480710669e-03 -6.034966383635148368e-05 -1.768491760173118645e-05 1.274006906346232006e-04 -9.524139534506441645e-05 1.282860860333075647e-04 7.037844392242390880e-05 -1.114160825357878373e-02 8.750566308455392725e-03 -1.341298677179213021e-02
-2.859931037011294547e-04 -1.101458778085164913e-03 -4.017387994285955520e-03 -4.118811322826225474e-02 -9.911924953219063486e-03 -1.584499414046983468e+00 -1.488492798980709519e+00 2.212118079068312909e+03 2.582084330677235709e-03 2.920450667099843450e-05 1.562603685795698307e-05 3.379723766059001882e-04 -2.014980581611153021e-05 -7.131333853057089873e-05 -3.693893587869138853e-04 -2.419367622366694337e-02 -1.588951091747755479e-02 -4.803183506947294188e-04
-3.318555093863386850e-07 2.856381700126728713e-07 6.885847786489257788e-06 -4.605323299416506623e-05 4.332533951069745160e-06 -1.283534768029053787e-03 -1.211574828480710669e-03 2.582084330677235709e-03 6.196520817919270140e-04 1.928351467099910561e-08 1.893859971971963987e-08 6.888082606739896480e-08 8.905543371197983842e-08 -1.517667750225762498e-07 9.177260081706505608e-09 8.945533049378637361e-06 -2.233563609249837145e-05 9.573340544287391505e-06
-1.247446510063021146e-08 1.567439379287079671e-08 1.149511816513652265e-06 -6.318863646741960808e-08 2.458178778262024368e-07 -4.797965270180424186e-05 -6.034966383635148368e-05 2.920450667099843450e-05 1.928351467099910561e-08 8.681114414707892720e-07 2.296840116905392133e-10 -5.579401622335456122e-09 1.754272599539783781e-09 -3.618408998705805011e-09 -2.968760162746227518e-09 2.441368312821968681e-07 4.305442500717754816e-08 1.251625632149573448e-07
-5.680647429678205391e-09 3.799407430284862124e-09 7.095999349502435150e-07 -9.518462019800740036e-07 2.350987591517151010e-08 -6.613497173117099012e-06 -1.768491760173118645e-05 1.562603685795698307e-05 1.893859971971963987e-08 2.296840116905392133e-10 3.592233102991990886e-08 1.000818249797648383e-09 1.526725422481245736e-09 -2.891292007368177137e-10 5.357333551680459023e-10 1.361709799475858287e-07 -3.193414182094788263e-07 3.867415132753873154e-07
1.995153123814709662e-08 -8.836543863030328694e-08 -1.892682512348627523e-06 -4.473303394443506707e-06 -1.268697843397106339e-06 1.205718606158918596e-04 1.274006906346232006e-04 3.379723766059001882e-04 6.888082606739896480e-08 -5.579401622335456122e-09 1.000818249797648383e-09 1.437519388457011699e-05 -2.515838195353655894e-09 1.226140291249642344e-08 6.492836412905910122e-10 -1.368797472619967412e-06 -1.746222387755037022e-06 9.262730030715723084e-07
-2.781444314178107215e-08 4.255344902404291586e-08 2.563826368312184008e-06 -3.418765526818143489e-06 4.729247808633776166e-07 -6.405490485653625020e-05 -9.524139534506441645e-05 -2.014980581611153021e-05 8.905543371197983842e-08 1.754272599539783781e-09 1.526725422481245736e-09 -2.515838195353655894e-09 1.164785693709719943e-06 -7.016788334754414883e-09 5.331310280241788071e-09 1.109909767504735623e-06 -1.339126963910050183e-06 1.342947577031661870e-06
2.604498660997928722e-08 -7.104194080397563132e-08 2.220082675718365758e-06 -8.239464309883061941e-08 -1.170536745150916545e-06 2.007006933208632584e-04 1.282860860333075647e-04 -7.131333853057089873e-05 -1.517667750225762498e-07 -3.618408998705805011e-09 -2.891292007368177137e-10 1.226140291249642344e-08 -7.016788334754414883e-09 1.814589295428115548e-05 -2.397491186174516197e-09 -1.479637105135851604e-06 9.919373675187063586e-07 1.007633110064201851e-06
6.461835960263657084e-09 4.469791485809213367e-08 -1.020648607384446285e-06 -2.030081668737541068e-06 3.507676008702558242e-07 5.177248602974859106e-05 7.037844392242390880e-05 -3.693893587869138853e-04 9.177260081706505608e-09 -2.968760162746227518e-09 5.357333551680459023e-10 6.492836412905910122e-10 5.331310280241788071e-09 -2.397491186174516197e-09 9.972135847345024373e-06 1.385987294050119379e-06 -1.236673515954422657e-06 6.997217557923986688e-07
-3.175335139944668740e-06 9.040556531505809397e-06 2.035141075702453172e-04 -2.673940248798751325e-04 1.083198097448425528e-04 -1.006239972910016010e-02 -1.114160825357878373e-02 -2.419367622366694337e-02 8.945533049378637361e-06 2.441368312821968681e-07 1.361709799475858287e-07 -1.368797472619967412e-06 1.109909767504735623e-06 -1.479637105135851604e-06 1.385987294050119379e-06 1.372241187432679810e-01 -1.387281824622247630e-04 1.074764013141044241e-04
3.598820855212537202e-06 -3.196291589270604669e-06 -2.090534928925495890e-04 8.551420892108265847e-04 -2.406673734934557183e-05 6.339973004864455676e-03 8.750566308455392725e-03 -1.588951091747755479e-02 -2.233563609249837145e-05 4.305442500717754816e-08 -3.193414182094788263e-07 -1.746222387755037022e-06 -1.339126963910050183e-06 9.919373675187063586e-07 -1.236673515954422657e-06 -1.387281824622247630e-04 1.013920290507668021e-01 -2.559922725292721780e-04
-4.923113974650636929e-06 2.492593185700387212e-06 9.294767007030165949e-04 -9.439469013173785658e-04 -1.037475963002991006e-05 2.792485596786589263e-03 -1.341298677179213021e-02 -4.803183506947294188e-04 9.573340544287391505e-06 1.251625632149573448e-07 3.867415132753873154e-07 9.262730030715723084e-07 1.342947577031661870e-06 1.007633110064201851e-06 6.997217557923986688e-07 1.074764013141044241e-04 -2.559922725292721780e-04 1.760766985122985129e-01
2.182465156556467873e-05 -1.401143515509915532e-07 -1.355773981265742697e-05 1.114843600937279903e-05 -1.756382689025558182e-06 3.453226024563013294e-04 5.223473334459903744e-04 -2.859931037011294547e-04 -3.318555093863386850e-07 -1.247446510063021146e-08 -5.680647429678205391e-09 1.995153123814709662e-08 -2.781444314178107215e-08 2.604498660997928722e-08 6.461835960263657084e-09 -3.175335139944668740e-06 3.598820855212537202e-06 -4.923113974650636929e-06
-1.401143515509915532e-07 7.003580724222815696e-05 8.706697480208980996e-06 -4.619573276130390384e-06 5.324240845430925077e-06 -5.372440949445295415e-04 -5.672112235071812697e-04 -1.101458778085164913e-03 2.856381700126728713e-07 1.567439379287079671e-08 3.799407430284862124e-09 -8.836543863030328694e-08 4.255344902404291586e-08 -7.104194080397563132e-08 4.469791485809213367e-08 9.040556531505809397e-06 -3.196291589270604669e-06 2.492593185700387212e-06
-1.355773981265742697e-05 8.706697480208980996e-06 4.553579494020729146e-01 -1.438162962475690500e-03 4.353689897673080939e-05 -5.747949631173357096e-03 -4.930571945198714695e-02 -4.017387994285955520e-03 6.885847786489257788e-06 1.149511816513652265e-06 7.095999349502435150e-07 -1.892682512348627523e-06 2.563826368312184008e-06 2.220082675718365758e-06 -1.020648607384446285e-06 2.035141075702453172e-04 -2.090534928925495890e-04 9.294767007030165949e-04
1.114843600937279903e-05 -4.619573276130390384e-06 -1.438162962475690500e-03 5.595624549028364036e-01 1.373377621324069512e-05 5.084361326659974159e-03 2.888952962320713233e-02 -4.118811322826225474e-02 -4.605323299416506623e-05 -6.318863646741960808e-08 -9.518462019800740036e-07 -4.473303394443506707e-06 -3.418765526818143489e-06 -8.239464309883061941e-08 -2.030081668737541068e-06 -2.673940248798751325e-04 8.551420892108265847e-04 -9.439469013173785658e-04
-1.756382689025558182e-06 5.324240845430925077e-06 4.353689897673080939e-05 1.373377621324069512e-05 5.586411802612357286e-02 -9.118115256541573996e-03 -8.059114813996893362e-03 -9.911924953219063486e-03 4.332533951069745160e-06 2.458178778262024368e-07 2.350987591517151010e-08 -1.268697843397106339e-06 4.729247808633776166e-07 -1.170536745150916545e-06 3.507676008702558242e-07 1.083198097448425528e-04 -2.406673734934557183e-05 -1.037475963002991006e-05
3.453226024563013294e-04 -5.372440949445295415e-04 -5.747949631173357096e-03 5.084361326659974159e-03 -9.118115256541573996e-03 3.125561034713123831e+02 1.668828561019628065e+00 -1.584499414046983468e+00 -1.283534768029053787e-03 -4.797965270180424186e-05 -6.613497173117099012e-06 1.205718606158918596e-04 -6.405490485653625020e-05 2.007006933208632584e-04 5.177248602974859106e-05 -1.006239972910016010e-02 6.339973004864455676e-03 2.792485596786589263e-03
5.223473334459903744e-04 -5.672112235071812697e-04 -4.930571945198714695e-02 2.888952962320713233e-02 -8.059114813996893362e-03 1.668828561019628065e+00 8.074226620993129018e+02 -1.488492798980709519e+00 -1.211574828480710669e-03 -6.034966383635148368e-05 -1.768491760173118645e-05 1.274006906346232006e-04 -9.524139534506441645e-05 1.282860860333075647e-04 7.037844392242390880e-05 -1.114160825357878373e-02 8.750566308455392725e-03 -1.341298677179213021e-02
-2.859931037011294547e-04 -1.101458778085164913e-03 -4.017387994285955520e-03 -4.118811322826225474e-02 -9.911924953219063486e-03 -1.584499414046983468e+00 -1.488492798980709519e+00 2.212118079068312909e+03 2.582084330677235709e-03 2.920450667099843450e-05 1.562603685795698307e-05 3.379723766059001882e-04 -2.014980581611153021e-05 -7.131333853057089873e-05 -3.693893587869138853e-04 -2.419367622366694337e-02 -1.588951091747755479e-02 -4.803183506947294188e-04
-3.318555093863386850e-07 2.856381700126728713e-07 6.885847786489257788e-06 -4.605323299416506623e-05 4.332533951069745160e-06 -1.283534768029053787e-03 -1.211574828480710669e-03 2.582084330677235709e-03 6.196520817919270140e-04 1.928351467099910561e-08 1.893859971971963987e-08 6.888082606739896480e-08 8.905543371197983842e-08 -1.517667750225762498e-07 9.177260081706505608e-09 8.945533049378637361e-06 -2.233563609249837145e-05 9.573340544287391505e-06
-1.247446510063021146e-08 1.567439379287079671e-08 1.149511816513652265e-06 -6.318863646741960808e-08 2.458178778262024368e-07 -4.797965270180424186e-05 -6.034966383635148368e-05 2.920450667099843450e-05 1.928351467099910561e-08 8.681114414707892720e-07 2.296840116905392133e-10 -5.579401622335456122e-09 1.754272599539783781e-09 -3.618408998705805011e-09 -2.968760162746227518e-09 2.441368312821968681e-07 4.305442500717754816e-08 1.251625632149573448e-07
-5.680647429678205391e-09 3.799407430284862124e-09 7.095999349502435150e-07 -9.518462019800740036e-07 2.350987591517151010e-08 -6.613497173117099012e-06 -1.768491760173118645e-05 1.562603685795698307e-05 1.893859971971963987e-08 2.296840116905392133e-10 3.592233102991990886e-08 1.000818249797648383e-09 1.526725422481245736e-09 -2.891292007368177137e-10 5.357333551680459023e-10 1.361709799475858287e-07 -3.193414182094788263e-07 3.867415132753873154e-07
1.995153123814709662e-08 -8.836543863030328694e-08 -1.892682512348627523e-06 -4.473303394443506707e-06 -1.268697843397106339e-06 1.205718606158918596e-04 1.274006906346232006e-04 3.379723766059001882e-04 6.888082606739896480e-08 -5.579401622335456122e-09 1.000818249797648383e-09 1.437519388457011699e-05 -2.515838195353655894e-09 1.226140291249642344e-08 6.492836412905910122e-10 -1.368797472619967412e-06 -1.746222387755037022e-06 9.262730030715723084e-07
-2.781444314178107215e-08 4.255344902404291586e-08 2.563826368312184008e-06 -3.418765526818143489e-06 4.729247808633776166e-07 -6.405490485653625020e-05 -9.524139534506441645e-05 -2.014980581611153021e-05 8.905543371197983842e-08 1.754272599539783781e-09 1.526725422481245736e-09 -2.515838195353655894e-09 1.164785693709719943e-06 -7.016788334754414883e-09 5.331310280241788071e-09 1.109909767504735623e-06 -1.339126963910050183e-06 1.342947577031661870e-06
2.604498660997928722e-08 -7.104194080397563132e-08 2.220082675718365758e-06 -8.239464309883061941e-08 -1.170536745150916545e-06 2.007006933208632584e-04 1.282860860333075647e-04 -7.131333853057089873e-05 -1.517667750225762498e-07 -3.618408998705805011e-09 -2.891292007368177137e-10 1.226140291249642344e-08 -7.016788334754414883e-09 1.814589295428115548e-05 -2.397491186174516197e-09 -1.479637105135851604e-06 9.919373675187063586e-07 1.007633110064201851e-06
6.461835960263657084e-09 4.469791485809213367e-08 -1.020648607384446285e-06 -2.030081668737541068e-06 3.507676008702558242e-07 5.177248602974859106e-05 7.037844392242390880e-05 -3.693893587869138853e-04 9.177260081706505608e-09 -2.968760162746227518e-09 5.357333551680459023e-10 6.492836412905910122e-10 5.331310280241788071e-09 -2.397491186174516197e-09 9.972135847345024373e-06 1.385987294050119379e-06 -1.236673515954422657e-06 6.997217557923986688e-07
