{
    "R": [
        [
            0.005276634987154167,
            9.460028269493302e-05,
            -0.004703897740044179,
            -0.0005678709396165482,
            -0.0007763225217830939,
            -0.2006266125156155,
            -0.010629728737519837,
            -0.002989649768828438,
            -1.0887745793971714e-05,
            4.906644317177107e-06,
            1.7226312560058358e-06,
            2.2070347095633055e-05,
            -9.081428533406792e-07,
            -3.213166203622577e-06,
            1.230575630770919e-06,
            8.63136556768444e-06,
            -1.8517271334038048e-05,
            -8.749796765050242e-06
        ],
        [
            0.0,
            0.045178291440643226,
            -0.009999581376680276,
            -0.0007441453604171569,
            -0.0007298406079115208,
            -0.05970290610281067,
            -0.005593415613644522,
            0.0033717067933906894,
            -1.8881379218787514e-05,
            9.249909721250908e-06,
            5.162584166513752e-07,
            3.2735835207749686e-05,
            3.4537298207951745e-05,
            -2.4598670422270286e-06,
            7.845593175583309e-07,
            1.7117799985673946e-05,
            3.5429034448791166e-05,
            -5.488559806991728e-06
        ],
        [
            0.0,
            0.0,
            2.443659982037472,
            0.0007441779964643101,
            4.081451003196844e-05,
            0.0183672897751537,
            0.0040780936744223865,
            0.0021621128066659926,
            1.1288207683728294e-05,
            -8.297786705093399e-06,
            1.004716957354617e-06,
            -2.8427580905958794e-05,
            -3.063685919118636e-05,
            3.85748312591775e-06,
            1.7352651473577578e-07,
            -2.3649196191610785e-05,
            -3.227843515181471e-05,
            -6.797861844905943e-06
        ],
        [
            0.0,
            0.0,
            0.0,
            0.31564938984664254,
            0.00038083214260511164,
            0.26248823235888147,
            0.006398878641301319,
            0.0052532620584628395,
            6.969272486132482e-07,
            -5.239723555899019e-06,
            -1.222689386759736e-05,
            -3.0333688365134654e-05,
            -1.3629883845681677e-05,
            -8.658935122486713e-07,
            -5.375309607550795e-07,
            1.2720844098607057e-05,
            -4.6447445952906084e-05,
            3.967224537139457e-06
        ],
        [
            0.0,
            0.0,
            0.0,
            0.0,
            0.45519193926642737,
            0.10706145557066729,
            0.006155395778990393,
            -0.0046523886006720454,
            1.4260351573607794e-05,
            -3.886403385279368e-06,
            -1.019041258560997e-06,
            -1.549160284770085e-05,
            -7.158287103668581e-06,
            5.953173193790551e-07,
            -1.4478430530056382e-06,
            -1.741071731792855e-06,
            3.973707133047657e-06,
            1.5127319086904164e-05
        ],
        [
            0.0,
            0.0,
            0.0,
            0.0,
            0.0,
            60.3213510423054,
            0.013709952662300982,
            0.012177863306435147,
            -7.569757725786142e-06,
            -3.0699194370447065e-06,
            -2.2981747196726952e-05,
            -3.5547050329542715e-05,
            1.3005744337851783e-05,
            -2.6294663715616198e-06,
            -1.5025885269231652e-06,
            3.84833337241793e-05,
            -3.0139652838018512e-05,
            1.4006060067819363e-05
        ],
        [
            0.0,
            0.0,
            0.0,
            0.0,
            0.0,
            0.0,
            2.0587199940773266,
            0.00572510385317413,
            1.3829649199181301e-05,
            -6.636971700885754e-06,
            -6.86327216178589e-06,
            -3.502196560516035e-05,
            8.003890947815357e-06,
            3.5957642859576774e-06,
            -2.2077215309063566e-06,
            -1.869900839363864e-06,
            2.700616326118559e-05,
            1.76427281103781e-05
        ],
        [
            0.0,
            0.0,
            0.0,
            0.0,
            0.0,
            0.0,
            0.0,
            6.157061522000779,
            -9.8869227930131e-06,
            1.1460884848209592e-06,
            -5.194315649713677e-06,
            -2.055170123430063e-06,
            1.113588216051558e-05,
            -1.555772251535161e-07,
            3.440099055435455e-07,
            8.68248567285713e-06,
            -1.0983883197208543e-06,
            -5.166814102896373e-06
        ],
        [
            0.0,
            0.0,
            0.0,
            0.0,
            0.0,
            0.0,
            0.0,
            0.0,
            0.01219720350828733,
            -3.3347069423339898e-06,
            4.4005029744865235e-06,
            -7.745221046003758e-06,
            -1.152188937681019e-05,
            1.7721748397971362e-06,
            -6.510306826837244e-07,
            -1.3613168732270038e-05,
            6.1587843758531705e-06,
            6.109302800587326e-06
        ],
        [
            0.0,
            0.0,
            0.0,
            0.0,
            0.0,
            0.0,
            0.0,
            0.0,
            0.0,
            0.001855196881293024,
            1.4669086685349625e-06,
            3.846866157762129e-05,
            3.7629692545484564e-05,
            -2.646302026764493e-06,
            1.0819158503695824e-06,
            1.7377194854662055e-05,
            3.8579394211648945e-05,
            -8.315141236521214e-06
        ],
        [
            0.0,
            0.0,
            0.0,
            0.0,
            0.0,
            0.0,
            0.0,
            0.0,
            0.0,
            0.0,
            0.0036892741102588665,
            2.2643900719357088e-05,
            -5.343925490237761e-07,
            5.368179361167864e-06,
            3.0416364239470763e-07,
            -4.287112642923465e-05,
            6.485225862522462e-05,
            -4.898008101150178e-06
        ],
        [
            0.0,
            0.0,
            0.0,
            0.0,
            0.0,
            0.0,
            0.0,
            0.0,
            0.0,
            0.0,
            0.0,
            0.010074745994005267,
            2.1158901942050794e-05,
            -2.860286092530629e-07,
            8.917733546332959e-07,
            -2.6278794997057438e-06,
            4.042721598014275e-05,
            -7.479339586122701e-06
        ],
        [
            0.0,
            0.0,
            0.0,
            0.0,
            0.0,
            0.0,
            0.0,
            0.0,
            0.0,
            0.0,
            0.0,
            0.0,
            0.008562593996958917,
            -3.6510964531069445e-08,
            7.525022370000966e-08,
            1.3282483301373083e-05,
            6.6426869729381e-05,
            -1.3048280886040398e-06
        ],
        [
            0.0,
            0.0,
            0.0,
            0.0,
            0.0,
            0.0,
            0.0,
            0.0,
            0.0,
            0.0,
            0.0,
            0.0,
            0.0,
            0.004477005156215517,
            -8.371774241593906e-08,
            -1.260209641062218e-05,
            1.766406856016732e-05,
            -9.401469549406822e-07
        ],
        [
            0.0,
            0.0,
            0.0,
            0.0,
            0.0,
            0.0,
            0.0,
            0.0,
            0.0,
            0.0,
            0.0,
            0.0,
            0.0,
            0.0,
            0.0005882295061026917,
            -8.283796499194766e-07,
            -1.257938045701471e-05,
            -1.696257515535327e-05
        ],
        [
            0.0,
            0.0,
            0.0,
            0.0,
            0.0,
            0.0,
            0.0,
            0.0,
            0.0,
            0.0,
            0.0,
            0.0,
            0.0,
            0.0,
            0.0,
            0.013666587055009649,
            -2.7643303358650536e-05,
            2.938142130337688e-06
        ],
        [
            0.0,
            0.0,
            0.0,
            0.0,
            0.0,
            0.0,
            0.0,
            0.0,
            0.0,
            0.0,
            0.0,
            0.0,
            0.0,
            0.0,
            0.0,
            0.0,
            0.01994526092811994,
            1.5990806794178233e-06
        ],
        [
            0.0,
            0.0,
            0.0,
            0.0,
            0.0,
            0.0,
            0.0,
            0.0,
            0.0,
            0.0,
            0.0,
            0.0,
            0.0,
            0.0,
            0.0,
            0.0,
            0.0,
            0.004669024525266591
        ]
    ],
    "RDR": [
        [
            [
                0.005276634987154167,
                9.460028269493302e-05,
                -0.004703897740044179,
                -0.0005678709396165482,
                -0.0007763225217830939,
                -0.2006266125156155,
                -0.010629728737519837,
                -0.002989649768828438,
                -1.0887745793971714e-05,
                4.906644317177107e-06,
                1.7226312560058358e-06,
                2.2070347095633055e-05,
                -9.081428533406792e-07,
                -3.213166203622577e-06,
                1.230575630770919e-06,
                8.63136556768444e-06,
                -1.8517271334038048e-05,
                -8.749796765050242e-06
            ],
            [
                0.0,
                0.045178291440643226,
                -0.009999581376680276,
                -0.0007441453604171569,
                -0.0007298406079115208,
                -0.05970290610281067,
                -0.005593415613644522,
                0.0033717067933906894,
                -1.8881379218787514e-05,
                9.249909721250908e-06,
                5.162584166513752e-07,
                3.2735835207749686e-05,
                3.4537298207951745e-05,
                -2.4598670422270286e-06,
                7.845593175583309e-07,
                1.7117799985673946e-05,
                3.5429034448791166e-05,
                -5.488559806991728e-06
            ],
            [
                0.0,
                0.0,
                2.443659982037472,
                0.0007441779964643101,
                4.081451003196844e-05,
                0.0183672897751537,
                0.0040780936744223865,
                0.0021621128066659926,
                1.1288207683728294e-05,
                -8.297786705093399e-06,
                1.004716957354617e-06,
                -2.8427580905958794e-05,
                -3.063685919118636e-05,
                3.85748312591775e-06,
                1.7352651473577578e-07,
                -2.3649196191610785e-05,
                -3.227843515181471e-05,
                -6.797861844905943e-06
            ],
            [
                0.0,
                0.0,
                0.0,
                0.31564938984664254,
                0.00038083214260511164,
                0.26248823235888147,
                0.006398878641301319,
                0.0052532620584628395,
                6.969272486132482e-07,
                -5.239723555899019e-06,
                -1.222689386759736e-05,
                -3.0333688365134654e-05,
                -1.3629883845681677e-05,
                -8.658935122486713e-07,
                -5.375309607550795e-07,
                1.2720844098607057e-05,
                -4.6447445952906084e-05,
                3.967224537139457e-06
            ],
            [
                0.0,
                0.0,
                0.0,
                0.0,
                0.45519193926642737,
                0.10706145557066729,
                0.006155395778990393,
                -0.0046523886006720454,
                1.4260351573607794e-05,
                -3.886403385279368e-06,
                -1.019041258560997e-06,
                -1.549160284770085e-05,
                -7.158287103668581e-06,
                5.953173193790551e-07,
                -1.4478430530056382e-06,
                -1.741071731792855e-06,
                3.973707133047657e-06,
                1.5127319086904164e-05
            ],
            [
                0.0,
                0.0,
                0.0,
                0.0,
                0.0,
                60.3213510423054,
                0.013709952662300982,
                0.012177863306435147,
                -7.569757725786142e-06,
                -3.0699194370447065e-06,
                -2.2981747196726952e-05,
                -3.5547050329542715e-05,
                1.3005744337851783e-05,
                -2.6294663715616198e-06,
                -1.5025885269231652e-06,
                3.84833337241793e-05,
                -3.0139652838018512e-05,
                1.4006060067819363e-05
            ],
            [
                0.0,
                0.0,
                0.0,
                0.0,
                0.0,
                0.0,
                2.0587199940773266,
                0.00572510385317413,
                1.3829649199181301e-05,
                -6.636971700885754e-06,
                -6.86327216178589e-06,
                -3.502196560516035e-05,
                8.003890947815357e-06,
                3.5957642859576774e-06,
                -2.2077215309063566e-06,
                -1.869900839363864e-06,
                2.700616326118559e-05,
                1.76427281103781e-05
            ],
            [
                0.0,
                0.0,
                0.0,
                0.0,
                0.0,
                0.0,
                0.0,
                6.157061522000779,
                -9.8869227930131e-06,
                1.1460884848209592e-06,
                -5.194315649713677e-06,
                -2.055170123430063e-06,
                1.113588216051558e-05,
                -1.555772251535161e-07,
                3.440099055435455e-07,
                8.68248567285713e-06,
                -1.0983883197208543e-06,
                -5.166814102896373e-06
            ],
            [
                0.0,
                0.0,
                0.0,
                0.0,
                0.0,
                0.0,
                0.0,
                0.0,
                0.01219720350828733,
                -3.3347069423339898e-06,
                4.4005029744865235e-06,
                -7.745221046003758e-06,
                -1.152188937681019e-05,
                1.7721748397971362e-06,
                -6.510306826837244e-07,
                -1.3613168732270038e-05,
                6.1587843758531705e-06,
                6.109302800587326e-06
            ],
            [
                0.0,
                0.0,
                0.0,
                0.0,
                0.0,
                0.0,
                0.0,
                0.0,
                0.0,
                0.001855196881293024,
                1.4669086685349625e-06,
                3.846866157762129e-05,
                3.7629692545484564e-05,
                -2.646302026764493e-06,
                1.0819158503695824e-06,
                1.7377194854662055e-05,
                3.8579394211648945e-05,
                -8.315141236521214e-06
            ],
            [
                0.0,
                0.0,
                0.0,
                0.0,
                0.0,
                0.0,
                0.0,
                0.0,
                0.0,
                0.0,
                0.0036892741102588665,
                2.2643900719357088e-05,
                -5.343925490237761e-07,
                5.368179361167864e-06,
                3.0416364239470763e-07,
                -4.287112642923465e-05,
                6.485225862522462e-05,
                -4.898008101150178e-06
            ],
            [
                0.0,
                0.0,
                0.0,
                0.0,
                0.0,
                0.0,
                0.0,
                0.0,
                0.0,
                0.0,
                0.0,
                0.010074745994005267,
                2.1158901942050794e-05,
                -2.860286092530629e-07,
                8.917733546332959e-07,
                -2.6278794997057438e-06,
                4.042721598014275e-05,
                -7.479339586122701e-06
            ],
            [
                0.0,
                0.0,
                0.0,
                0.0,
                0.0,
                0.0,
                0.0,
                0.0,
                0.0,
                0.0,
                0.0,
                0.0,
                0.008562593996958917,
                -3.6510964531069445e-08,
                7.525022370000966e-08,
                1.3282483301373083e-05,
                6.6426869729381e-05,
                -1.3048280886040398e-06
            ],
            [
                0.0,
                0.0,
                0.0,
                0.0,
                0.0,
                0.0,
                0.0,
                0.0,
                0.0,
                0.0,
                0.0,
                0.0,
                0.0,
                0.004477005156215517,
                -8.371774241593906e-08,
                -1.260209641062218e-05,
                1.766406856016732e-05,
                -9.401469549406822e-07
            ],
            [
                0.0,
                0.0,
                0.0,
                0.0,
                0.0,
                0.0,
                0.0,
                0.0,
                0.0,
                0.0,
                0.0,
                0.0,
                0.0,
                0.0,
                0.0005882295061026917,
                -8.283796499194766e-07,
                -1.257938045701471e-05,
                -1.696257515535327e-05
            ],
            [
                0.0,
                0.0,
                0.0,
                0.0,
                0.0,
                0.0,
                0.0,
                0.0,
                0.0,
                0.0,
                0.0,
                0.0,
                0.0,
                0.0,
                0.0,
                0.013666587055009649,
                -2.7643303358650536e-05,
                2.938142130337688e-06
            ],
            [
                0.0,
                0.0,
                0.0,
                0.0,
                0.0,
                0.0,
                0.0,
                0.0,
                0.0,
                0.0,
                0.0,
                0.0,
                0.0,
                0.0,
                0.0,
                0.0,
                0.01994526092811994,
                1.5990806794178233e-06
            ],
            [
                0.0,
                0.0,
                0.0,
                0.0,
                0.0,
                0.0,
                0.0,
                0.0,
                0.0,
                0.0,
                0.0,
                0.0,
                0.0,
                0.0,
                0.0,
                0.0,
                0.0,
                0.004669024525266591
            ]
        ],
        [
            [
                0.0010553269974308336,
                1.8920056538986605e-05,
                -0.0009407795480088359,
                -0.00011357418792330965,
                -0.0001552645043566188,
                -0.040125322503123104,
                -0.0021259457475039673,
                -0.0005979299537656876,
                -2.177549158794343e-06,
                9.813288634354215e-07,
                3.445262512011672e-07,
                4.414069419126611e-06,
                -1.8162857066813585e-07,
                -6.426332407245154e-07,
                2.461151261541838e-07,
                1.726273113536888e-06,
                -3.7034542668076096e-06,
                -1.7499593530100486e-06
            ],
            [
                0.0,
                0.009035658288128646,
                -0.001999916275336055,
                -0.0001488290720834314,
                -0.00014596812158230416,
                -0.011940581220562135,
                -0.0011186831227289046,
                0.0006743413586781379,
                -3.7762758437575027e-06,
                1.8499819442501818e-06,
                1.0325168333027504e-07,
                6.547167041549938e-06,
                6.90745964159035e-06,
                -4.919734084454057e-07,
                1.569118635116662e-07,
                3.4235599971347894e-06,
                7.085806889758233e-06,
                -1.0977119613983456e-06
            ],
            [
                0.0,
                0.0,
                0.48873199640749443,
                0.00014883559929286202,
                8.162902006393689e-06,
                0.00367345795503074,
                0.0008156187348844773,
                0.0004324225613331985,
                2.257641536745659e-06,
                -1.65955734101868e-06,
                2.0094339147092342e-07,
                -5.685516181191759e-06,
                -6.127371838237272e-06,
                7.7149662518355e-07,
                3.4705302947155156e-08,
                -4.729839238322157e-06,
                -6.455687030362943e-06,
                -1.3595723689811888e-06
            ],
            [
                0.0,
                0.0,
                0.0,
                0.06312987796932851,
                7.616642852102234e-05,
                0.052497646471776294,
                0.0012797757282602639,
                0.0010506524116925678,
                1.3938544972264964e-07,
                -1.0479447111798037e-06,
                -2.445378773519472e-06,
                -6.066737673026931e-06,
                -2.7259767691363356e-06,
                -1.7317870244973428e-07,
                -1.0750619215101591e-07,
                2.5441688197214114e-06,
                -9.289489190581217e-06,
                7.934449074278913e-07
            ],
            [
                0.0,
                0.0,
                0.0,
                0.0,
                0.09103838785328548,
                0.02141229111413346,
                0.0012310791557980788,
                -0.0009304777201344091,
                2.852070314721559e-06,
                -7.772806770558736e-07,
                -2.0380825171219942e-07,
                -3.0983205695401703e-06,
                -1.4316574207337164e-06,
                1.1906346387581102e-07,
                -2.8956861060112764e-07,
                -3.48214346358571e-07,
                7.947414266095314e-07,
                3.0254638173808332e-06
            ],
            [
                0.0,
                0.0,
                0.0,
                0.0,
                0.0,
                12.064270208461082,
                0.0027419905324601967,
                0.0024355726612870295,
                -1.5139515451572285e-06,
                -6.139838874089413e-07,
                -4.596349439345391e-06,
                -7.109410065908543e-06,
                2.6011488675703567e-06,
                -5.25893274312324e-07,
                -3.005177053846331e-07,
                7.69666674483586e-06,
                -6.027930567603702e-06,
                2.801212013563873e-06
            ],
            [
                0.0,
                0.0,
                0.0,
                0.0,
                0.0,
                0.0,
                0.41174399881546536,
                0.001145020770634826,
                2.7659298398362604e-06,
                -1.3273943401771508e-06,
                -1.372654432357178e-06,
                -7.00439312103207e-06,
                1.6007781895630715e-06,
                7.191528571915356e-07,
                -4.415443061812713e-07,
                -3.7398016787277284e-07,
                5.401232652237118e-06,
                3.52854562207562e-06
            ],
            [
                0.0,
                0.0,
                0.0,
                0.0,
                0.0,
                0.0,
                0.0,
                1.231412304400156,
                -1.97738455860262e-06,
                2.2921769696419186e-07,
                -1.0388631299427355e-06,
                -4.1103402468601265e-07,
                2.227176432103116e-06,
                -3.111544503070322e-08,
                6.88019811087091e-08,
                1.736497134571426e-06,
                -2.1967766394417086e-07,
                -1.0333628205792748e-06
            ],
            [
                0.0,
                0.0,
                0.0,
                0.0,
                0.0,
                0.0,
                0.0,
                0.0,
                0.0024394407016574663,
                -6.66941388466798e-07,
                8.801005948973048e-07,
                -1.5490442092007515e-06,
                -2.304377875362038e-06,
                3.544349679594273e-07,
                -1.3020613653674489e-07,
                -2.7226337464540078e-06,
                1.231756875170634e-06,
                1.2218605601174652e-06
            ],
            [
                0.0,
                0.0,
                0.0,
                0.0,
                0.0,
                0.0,
                0.0,
                0.0,
                0.0,
                0.0003710393762586048,
                2.933817337069925e-07,
                7.693732315524258e-06,
                7.525938509096913e-06,
                -5.292604053528986e-07,
                2.1638317007391648e-07,
                3.4754389709324112e-06,
                7.71587884232979e-06,
                -1.6630282473042429e-06
            ],
            [
                0.0,
                0.0,
                0.0,
                0.0,
                0.0,
                0.0,
                0.0,
                0.0,
                0.0,
                0.0,
                0.0007378548220517734,
                4.5287801438714176e-06,
                -1.0687850980475522e-07,
                1.0736358722335728e-06,
                6.083272847894152e-08,
                -8.574225285846931e-06,
                1.2970451725044926e-05,
                -9.796016202300356e-07
            ],
            [
                0.0,
                0.0,
                0.0,
                0.0,
                0.0,
                0.0,
                0.0,
                0.0,
                0.0,
                0.0,
                0.0,
                0.0020149491988010536,
                4.231780388410159e-06,
                -5.7205721850612585e-08,
                1.7835467092665918e-07,
                -5.255758999411488e-07,
                8.08544319602855e-06,
                -1.4958679172245403e-06
            ],
            [
                0.0,
                0.0,
                0.0,
                0.0,
                0.0,
                0.0,
                0.0,
                0.0,
                0.0,
                0.0,
                0.0,
                0.0,
                0.0017125187993917834,
                -7.302192906213889e-09,
                1.5050044740001933e-08,
                2.6564966602746166e-06,
                1.32853739458762e-05,
                -2.6096561772080796e-07
            ],
            [
                0.0,
                0.0,
                0.0,
                0.0,
                0.0,
                0.0,
                0.0,
                0.0,
                0.0,
                0.0,
                0.0,
                0.0,
                0.0,
                0.0008954010312431035,
                -1.6743548483187813e-08,
                -2.5204192821244362e-06,
                3.5328137120334646e-06,
                -1.8802939098813644e-07
            ],
            [
                0.0,
                0.0,
                0.0,
                0.0,
                0.0,
                0.0,
                0.0,
                0.0,
                0.0,
                0.0,
                0.0,
                0.0,
                0.0,
                0.0,
                0.00011764590122053834,
                -1.6567592998389533e-07,
                -2.515876091402942e-06,
                -3.392515031070654e-06
            ],
            [
                0.0,
                0.0,
                0.0,
                0.0,
                0.0,
                0.0,
                0.0,
                0.0,
                0.0,
                0.0,
                0.0,
                0.0,
                0.0,
                0.0,
                0.0,
                0.00273331741100193,
                -5.528660671730108e-06,
                5.876284260675376e-07
            ],
            [
                0.0,
                0.0,
                0.0,
                0.0,
                0.0,
                0.0,
                0.0,
                0.0,
                0.0,
                0.0,
                0.0,
                0.0,
                0.0,
                0.0,
                0.0,
                0.0,
                0.003989052185623988,
                3.198161358835647e-07
            ],
            [
                0.0,
                0.0,
                0.0,
                0.0,
                0.0,
                0.0,
                0.0,
                0.0,
                0.0,
                0.0,
                0.0,
                0.0,
                0.0,
                0.0,
                0.0,
                0.0,
                0.0,
                0.0009338049050533183
            ]
        ]
    ],
    "allnames": [
        "m1_flow_nominal",
        "m2_flow_nominal",
        "tau1",
        "tau2",
        "tau_m",
        "nominalUa.hasValue",
        "workingPressure.hasValue",
        "flowCoefficient.hasValue",
        "waterFlowRateMax",
        "c1",
        "c2",
        "c3",
        "c4",
        "eps_motor",
        "f_motorToAir",
        "kp",
        "Ti",
        "Td"
    ],
    "alpha_count": 1083,
    "cov": [
        [
            0.0038782241096612055,
            -0.027947654831329563,
            0.04876796310962512,
            -0.07232882788055332,
            0.10627565232386083,
            -13.613047082980337,
            0.9187789175327559,
            -3.8155663880771966,
            0.0008114573297855536,
            -0.0016672423944941936,
            -0.002956934850429349,
            -0.01270999223986285,
            -0.0018598032286189449,
            0.00044782236031857934,
            -2.5592441794551814e-05,
            -3.739651281837247e-06,
            -0.011182916057319222,
            -0.00039938803341167493
        ],
        [
            -0.027947654831329563,
            1.1166688270136524,
            -9.371687813508277,
            5.368539367984547,
            -8.473686503450924,
            2233.270679823294,
            -81.04884356017301,
            80.39339235004557,
            -0.28583130120743017,
            0.0859306946967995,
            0.11956673159145054,
            0.7048542725431848,
            0.12392449932191811,
            -0.060501032708144775,
            -0.002092054869020222,
            -0.06624067694271263,
            0.3877599860601146,
            0.05102977655961476
        ],
        [
            0.04876796310962512,
            -9.371687813508277,
            318.12874372046144,
            -57.98473288109578,
            81.56688159297227,
            -11641.13373219047,
            623.3959673187222,
            -1516.4627864736228,
            2.1277299463697155,
            -0.7482545692411272,
            -1.2706644210004492,
            -6.71916824238205,
            -0.9623477767423306,
            0.7156438736861676,
            0.052479698780115845,
            0.5451127086220476,
            -0.6969035224105721,
            -0.7090440089437763
        ],
        [
            -0.07232882788055332,
            5.368539367984547,
            -57.98473288109578,
            32.86993015889123,
            -44.562991398301754,
            12081.960959910062,
            -423.0280092464503,
            354.0952428865384,
            -1.5109050050761317,
            0.4685589370643826,
            0.640379359852222,
            3.6635987232711607,
            0.7341420960274224,
            -0.32227519453850656,
            -0.00870493494565823,
            -0.4348083314745187,
            1.6503618434693768,
            0.3082129029134523
        ],
        [
            0.10627565232386083,
            -8.473686503450924,
            81.56688159297227,
            -44.562991398301754,
            87.52596556984561,
            -18431.6728988644,
            698.5501146878653,
            -786.056368694175,
            2.7423685777122166,
            -0.7561254635600618,
            -1.0704534741640923,
            -6.091793793771435,
            -0.951946236564196,
            0.5964259994716143,
            0.020822719670034576,
            0.5075162494172564,
            -2.9659409340103906,
            -0.45619052006128247
        ],
        [
            -13.613047082980337,
            2233.270679823294,
            -11641.13373219047,
            12081.960959910062,
            -18431.6728988644,
            6253463.829865423,
            -193924.68513260776,
            67277.04110319192,
            -745.9209652768803,
            201.4226128402639,
            237.80806470602425,
            1558.2050772010134,
            331.88339222479976,
            -128.94208159093787,
            -3.702896192771518,
            -163.94088180943518,
            875.6307874560531,
            109.36157931434242
        ],
        [
            0.9187789175327559,
            -81.04884356017301,
            623.3959673187222,
            -423.0280092464503,
            698.5501146878653,
            -193924.68513260776,
            6916.411731145152,
            -5314.4832118946315,
            25.50555309951065,
            -6.809725722493483,
            -9.035309262415854,
            -55.4030053971847,
            -9.62773027094624,
            5.600292695356723,
            0.15281962443144476,
            5.895777818853631,
            -31.122414067059665,
            -4.294032295974779
        ],
        [
            -3.8155663880771966,
            80.39339235004557,
            -1516.4627864736228,
            354.0952428865384,
            -786.056368694175,
            67277.04110319192,
            -5314.4832118946315,
            17679.08319328033,
            -19.55180123533873,
            5.8401793315342445,
            11.419903591634856,
            54.90880765312273,
            2.9509022861176923,
            -7.534893394866858,
            -0.2266166279612198,
            -4.182957855824797,
            25.308654745858373,
            4.258977919170567
        ],
        [
            0.0008114573297855536,
            -0.28583130120743017,
            2.1277299463697155,
            -1.5109050050761317,
            2.7423685777122166,
            -745.9209652768803,
            25.50555309951065,
            -19.55180123533873,
            0.10685142840455783,
            -0.025925576880330137,
            -0.033190414916375074,
            -0.20989654360257595,
            -0.03671382075577508,
            0.021182422843524583,
            0.0006351495496637386,
            0.019782260897040195,
            -0.11671789659993714,
            -0.01419739914067879
        ],
        [
            -0.0016672423944941936,
            0.0859306946967995,
            -0.7482545692411272,
            0.4685589370643826,
            -0.7561254635600618,
            201.4226128402639,
            -6.809725722493483,
            5.8401793315342445,
            -0.025925576880330137,
            0.008109367815263545,
            0.010321909724001831,
            0.061494648119261475,
            0.012329242437727969,
            -0.00478195493315326,
            -0.0001311172682916311,
            -0.0052674121724056696,
            0.028925335458974587,
            0.00441817106421072
        ],
        [
            -0.002956934850429349,
            0.11956673159145054,
            -1.2706644210004492,
            0.640379359852222,
            -1.0704534741640923,
            237.80806470602425,
            -9.035309262415854,
            11.419903591634856,
            -0.033190414916375074,
            0.010321909724001831,
            0.015247982983945958,
            0.082357727171689,
            0.013828081645511671,
            -0.007502062005136807,
            -0.0002533724020279091,
            -0.007773468291803087,
            0.038420507794471495,
            0.006193105739699044
        ],
        [
            -0.01270999223986285,
            0.7048542725431848,
            -6.71916824238205,
            3.6635987232711607,
            -6.091793793771435,
            1558.2050772010134,
            -55.4030053971847,
            54.90880765312273,
            -0.20989654360257595,
            0.061494648119261475,
            0.082357727171689,
            0.4913934003005516,
            0.08871568480981844,
            -0.04247418428181654,
            -0.001388951598782007,
            -0.043567153627827905,
            0.24116228197274853,
            0.03543300770066136
        ],
        [
            -0.0018598032286189449,
            0.12392449932191811,
            -0.9623477767423306,
            0.7341420960274224,
            -0.951946236564196,
            331.88339222479976,
            -9.62773027094624,
            2.9509022861176923,
            -0.03671382075577508,
            0.012329242437727969,
            0.013828081645511671,
            0.08871568480981844,
            0.023541120019375944,
            -0.004351715069427651,
            -0.00013453848180291282,
            -0.007549460536855279,
            0.037016116025509145,
            0.006024011369880407
        ],
        [
            0.00044782236031857934,
            -0.060501032708144775,
            0.7156438736861676,
            -0.32227519453850656,
            0.5964259994716143,
            -128.94208159093787,
            5.600292695356723,
            -7.534893394866858,
            0.021182422843524583,
            -0.00478195493315326,
            -0.007502062005136807,
            -0.04247418428181654,
            -0.004351715069427651,
            0.006871894798572342,
            0.00016424215839271045,
            0.005812313217988168,
            -0.025769379881637935,
            -0.0037269003620479134
        ],
        [
            -2.5592441794551814e-05,
            -0.002092054869020222,
            0.052479698780115845,
            -0.00870493494565823,
            0.020822719670034576,
            -3.702896192771518,
            0.15281962443144476,
            -0.2266166279612198,
            0.0006351495496637386,
            -0.0001311172682916311,
            -0.0002533724020279091,
            -0.001388951598782007,
            -0.00013453848180291282,
            0.00016424215839271045,
            2.878940191669705e-05,
            3.206541380984699e-05,
            -0.0002262182360290967,
            -0.0001124127975747634
        ],
        [
            -3.739651281837247e-06,
            -0.06624067694271263,
            0.5451127086220476,
            -0.4348083314745187,
            0.5075162494172564,
            -163.94088180943518,
            5.895777818853631,
            -4.182957855824797,
            0.019782260897040195,
