8.488296482041321348e-04 1.500807815906804851e-05 -8.649750526538684935e-04 -1.247116664936307449e-04 -6.831144073125768610e-05 -3.482987965387460139e-02 -1.198743172302272437e-03 -7.605114892875207205e-04 -5.932075391130511804e-07 7.509983066826918109e-07 1.153256079288481061e-06 3.970860484599079912e-06 1.072059998076288894e-06 -1.536189102921743918e-07 1.050868117408566353e-07 -4.435975515858911927e-07 2.874442834298287006e-06 -6.492302921929464270e-07
1.500807815906804851e-05 6.213776671076654684e-02 -6.908895462387920454e-03 -9.961210604873592476e-04 -5.456303062722287888e-04 -2.781999281457488982e-01 -9.574832520634348268e-03 -6.074503953971266759e-03 -4.738181595709556168e-06 5.998518428227240911e-06 9.211509243788400893e-06 3.171682223625964855e-05 8.562964253583836766e-06 -1.227014569955798414e-06 8.393696379631307090e-07 -3.543187866372561983e-06 2.295930384795021660e-05 -5.185657327358258580e-06
-8.649750526538684935e-04 -6.908895462387920454e-03 1.816512404594565737e+02 5.741040642329547916e-02 3.144683802250896471e-02 1.603376494616511749e+01 5.518355632152406320e-01 3.500977488085457723e-01 2.730801926665180285e-04 -3.457184016706407715e-04 -5.308958021619363541e-04 -1.827966225458786502e-03 -4.935175828386550089e-04 7.071771488698629928e-05 -4.837620041007981999e-05 2.042079657898360765e-04 -1.323235716411680710e-03 2.988699933619723241e-04
-1.247116664936307449e-04 -9.961210604873592476e-04 5.741040642329547916e-02 3.039139777693910638e+00 4.533989233226730885e-03 2.311740136861006878e+00 7.956337296419502270e-02 5.047691671063019025e-02 3.937256434084845469e-05 -4.984550465077183551e-05 -7.654428878491868510e-05 -2.635552477167939158e-04 -7.115511598962395777e-05 1.019604443748815401e-05 -6.974856157134897631e-06 2.944260143317197604e-05 -1.907834576861839346e-04 4.309092478766210748e-05
-6.831144073125768610e-05 -5.456303062722287888e-04 3.144683802250896471e-02 4.533989233226730885e-03 6.311532649112930216e+00 1.266267252978416691e+00 4.358123653892588545e-02 2.764898426203732038e-02 2.156651956491065309e-05 -2.730312513981785963e-05 -4.192751803949547654e-05 -1.443637086249440697e-04 -3.897557161501975456e-05 5.584934472191610915e-06 -3.820512437876068604e-06 1.612733258503036411e-05 -1.045025956966084653e-04 2.360327014664501108e-05
-3.482987965387460139e-02 -2.781999281457488982e-01 1.603376494616511749e+01 2.311740136861006878e+00 1.266267252978416691e+00 1.106482709676594823e+05 2.222071746062973219e+01 1.409735739855332959e+01 1.099609776865761827e-02 -1.392101458576609600e-02 -2.137753781604947306e-02 -7.360656639603049833e-02 -1.987243211766930723e-02 2.847584437670929239e-03 -1.947960502704867416e-03 8.222825445659078664e-03 -5.328262429641444226e-02 1.203457356257110408e-02
-1.198743172302272437e-03 -9.574832520634348268e-03 5.518355632152406320e-01 7.956337296419502270e-02 4.358123653892588545e-02 2.222071746062973219e+01 1.289955525557664657e+02 4.851900465048208377e-01 3.784537085151890674e-04 -4.791208396940600323e-04 -7.357526856907239260e-04 -2.533323967257515921e-03 -6.839513244039142383e-04 9.800557556139877420e-05 -6.704313582869924194e-05 2.830057398409837970e-04 -1.833832982267241804e-03 4.141950254512782523e-04
-7.605114892875207205e-04 -6.074503953971266759e-03 3.500977488085457723e-01 5.047691671063019025e-02 2.764898426203732038e-02 1.409735739855332959e+01 4.851900465048208377e-01 1.155803722780344515e+03 2.401001316541354644e-04 -3.039657799631966298e-04 -4.667791931338325599e-04 -1.607201632261701704e-03 -4.339151640994140112e-04 6.217709343489431371e-05 -4.253377725410959924e-05 1.795456455197323156e-04 -1.163427733874060344e-03 2.627752824288906897e-04
-5.932075391130511804e-07 -4.738181595709556168e-06 2.730801926665180285e-04 3.937256434084845469e-05 2.156651956491065309e-05 1.099609776865761827e-02 3.784537085151890674e-04 2.401001316541354644e-04 4.535486900213494925e-03 -2.370967366653114689e-07 -3.640930352380411111e-07 -1.253635400072171056e-06 -3.384587219325168826e-07 4.849883414683231742e-08 -3.317682597764674495e-08 1.400476285203865876e-07 -9.074867542025841415e-07 2.049676840193624631e-07
7.509983066826918109e-07 5.998518428227240911e-06 -3.457184016706407715e-04 -4.984550465077183551e-05 -2.730312513981785963e-05 -1.392101458576609600e-02 -4.791208396940600323e-04 -3.039657799631966298e-04 -2.370967366653114689e-07 1.047359288824691986e-04 4.609402863415407593e-07 1.587097264575148969e-06 4.284873510430338994e-07 -6.139932472000244022e-08 4.200172534484714667e-08 -1.772997221697363005e-07 1.148874501430149442e-06 -2.594882456372132406e-07
1.153256079288481061e-06 9.211509243788400893e-06 -5.308958021619363541e-04 -7.654428878491868510e-05 -4.192751803949547654e-05 -2.137753781604947306e-02 -7.357526856907239260e-04 -4.667791931338325599e-04 -3.640930352380411111e-07 4.609402863415407593e-07 4.136168223526089202e-04 2.437195333872772211e-06 6.579983444588305650e-07 -9.428668995317492311e-08 6.449914022910861388e-08 -2.722669021074099458e-07 1.764246991403208094e-06 -3.984781245471691784e-07
3.970860484599079912e-06 3.171682223625964855e-05 -1.827966225458786502e-03 -2.635552477167939158e-04 -1.443637086249440697e-04 -7.360656639603049833e-02 -2.533323967257515921e-03 -1.607201632261701704e-03 -1.253635400072171056e-06 1.587097264575148969e-06 2.437195333872772211e-06 3.095847423506733250e-03 2.265602299322109623e-06 -3.246454088407655956e-07 2.220817143963356210e-07 -9.374621146671451957e-07 6.074608050241547133e-06 -1.372029219839647201e-06
1.072059998076288894e-06 8.562964253583836766e-06 -4.935175828386550089e-04 -7.115511598962395777e-05 -3.897557161501975456e-05 -1.987243211766930723e-02 -6.839513244039142383e-04 -4.339151640994140112e-04 -3.384587219325168826e-07 4.284873510430338994e-07 6.579983444588305650e-07 2.265602299322109623e-06 2.225582829464319966e-03 -8.764834668132319624e-08 5.995801747050118813e-08 -2.530976942515585243e-07 1.640033519161448618e-06 -3.704228966207092652e-07
-1.536189102921743918e-07 -1.227014569955798414e-06 7.071771488698629928e-05 1.019604443748815401e-05 5.584934472191610915e-06 2.847584437670929239e-03 9.800557556139877420e-05 6.217709343489431371e-05 4.849883414683231742e-08 -6.139932472000244022e-08 -9.428668995317492311e-08 -3.246454088407655956e-07 -8.764834668132319624e-08 6.113932476309259702e-04 -8.591576333064620013e-09 3.626717913004302675e-08 -2.350056550083993369e-07 5.307908310006242902e-08
1.050868117408566353e-07 8.393696379631307090e-07 -4.837620041007981999e-05 -6.974856157134897631e-06 -3.820512437876068604e-06 -1.947960502704867416e-03 -6.704313582869924194e-05 -4.253377725410959924e-05 -3.317682597764674495e-08 4.200172534484714667e-08 6.449914022910861388e-08 2.220817143963356210e-07 5.995801747050118813e-08 -8.591576333064620013e-09 1.053587680368812282e-05 -2.480946010072631099e-08 1.607614256534822652e-07 -3.631005845897928559e-08
-4.435975515858911927e-07 -3.543187866372561983e-06 2.042079657898360765e-04 2.944260143317197604e-05 1.612733258503036411e-05 8.222825445659078664e-03 2.830057398409837970e-04 1.795456455197323156e-04 1.400476285203865876e-07 -1.772997221697363005e-07 -2.722669021074099458e-07 -9.374621146671451957e-07 -2.530976942515585243e-07 3.626717913004302675e-08 -2.480946010072631099e-08 5.687783539089751213e-03 -6.786139347837511057e-07 1.532737815860631016e-07
2.874442834298287006e-06 2.295930384795021660e-05 -1.323235716411680710e-03 -1.907834576861839346e-04 -1.045025956966084653e-04 -5.328262429641444226e-02 -1.833832982267241804e-03 -1.163427733874060344e-03 -9.074867542025841415e-07 1.148874501430149442e-06 1.764246991403208094e-06 6.074608050241547133e-06 1.640033519161448618e-06 -2.350056550083993369e-07 1.607614256534822652e-07 -6.786139347837511057e-07 1.209336816417082468e-02 -9.931901598436876529e-07
-6.492302921929464270e-07 -5.185657327358258580e-06 2.988699933619723241e-04 4.309092478766210748e-05 2.360327014664501108e-05 1.203457356257110408e-02 4.141950254512782523e-04 2.627752824288906897e-04 2.049676840193624631e-07 -2.594882456372132406e-07 -3.984781245471691784e-07 -1.372029219839647201e-06 -3.704228966207092652e-07 5.307908310006242902e-08 -3.631005845897928559e-08 1.532737815860631016e-07 -9.931901598436876529e-07 6.620750201724920738e-04
2.716264347392432664e-04 4.624859583050026612e-06 -2.636469799501223806e-04 -3.996764619729670015e-05 -2.218224239150295898e-05 -1.148614455754612927e-02 -3.881969439208753764e-04 -2.505970816795932373e-04 -1.709429541039790277e-07 2.329349109229478305e-07 3.841826511113119590e-07 1.261212450996064102e-06 2.982538307331373871e-07 -4.391946745786164566e-08 3.459731470821712760e-08 -1.899561185607462021e-07 8.980248135767034735e-07 -2.213441155067943379e-07
4.624859583050026612e-06 1.991742838928815124e-02 -4.676985021512623103e-03 -3.075184852153022962e-04 -1.140822561305382567e-04 -2.512723676654458199e-02 -2.201104519855992623e-03 -5.867831780636371952e-04 -5.058941015201476301e-06 3.304939733272207945e-06 1.071373417324894838e-07 1.192471718210601317e-05 1.114607730067488380e-05 -1.375454618958575455e-06 8.670397203527353337e-08 7.872372621591246681e-06 1.143628925283448041e-05 8.902867641726272478e-07
-2.636469799501223806e-04 -4.676985021512623103e-03 5.831079899058831018e+01 1.753997149736703787e-02 5.586812156840104300e-03 4.048349632494239736e-01 1.127693403654260740e-01 1.165971857536161546e-02 3.494147019930769890e-04 -2.130987148474299193e-04 4.020751717487985617e-05 -7.162575372413830911e-04 -7.796500740905328670e-04 9.532086045275424305e-05 -2.027005662174044337e-06 -6.007749919302700099e-04 -7.258916284813031255e-04 -9.294386063123368587e-05
-3.996764619729670015e-05 -3.075184852153022962e-04 1.753997149736703787e-02 9.725285180578223665e-01 1.471278229751134476e-03 7.612970380718242502e-01 2.575115149319992872e-02 1.661009043829599421e-02 1.140493525706713938e-05 -1.548352540669505333e-05 -2.545174715122263268e-05 -8.373919739762098705e-05 -1.993591919238768629e-05 2.931419706584201290e-06 -2.293272259853879921e-06 1.245770504315195934e-05 -5.967216077683605222e-05 1.464862289486173073e-05
-2.218224239150295898e-05 -1.140822561305382567e-04 5.586812156840104300e-03 1.471278229751134476e-03 2.019800293808234226e+00 5.211815940206996345e-01 1.551210083846446888e-02 1.131080950385411274e-02 4.710507136161434308e-07 -6.222398271680358146e-06 -1.857255119419942845e-05 -4.297405847465034581e-05 2.785036810419431583e-06 3.325286657477203575e-09 -1.552712090226179181e-06 2.150747809481558755e-05 -2.601850597820591486e-05 1.218088594380985081e-05
-1.148614455754612927e-02 -2.512723676654458199e-02 4.048349632494239736e-01 7.612970380718242502e-01 5.211815940206996345e-01 3.552989484838273347e+04 8.764131513398202955e+00 7.111744574563472199e+00 -3.270324715046679653e-03 -1.799795089140896137e-03 -1.228427482535252892e-02 -2.015195035055883377e-02 9.749473346807410734e-03 -9.721750041660112132e-04 -9.719194457703307123e-04 1.989026811768748043e-02 -9.213910965353072288e-03 8.737160454271902105e-03
-3.881969439208753764e-04 -2.201104519855992623e-03 1.127693403654260740e-01 2.575115149319992872e-02 1.551210083846446888e-02 8.764131513398202955e+00 4.130090519823222905e+01 1.903783835157934756e-01 2.942759685133888498e-05 -1.174673179459147189e-04 -3.089477023327587995e-04 -7.647220723889713509e-04 -1.338157079939421377e-06 5.928903723220493003e-06 -2.616081346720327281e-05 3.236215669262268403e-04 -4.810044845590716778e-04 1.985227549426631197e-04
-2.505970816795932373e-04 -5.867831780636371952e-04 1.165971857536161546e-02 1.661009043829599421e-02 1.131080950385411274e-02 7.111744574563472199e+00 1.903783835157934756e-01 3.699124234026271552e+02 -6.735638528067369464e-05 -4.088286084580415158e-05 -2.649792318308884557e-04 -4.420486236628805147e-04 2.032675104180815839e-04 -2.010358580757566982e-05 -2.101388695374515022e-05 4.240056473735253685e-04 -2.058623312839058680e-04 1.878604785686388535e-04
-1.709429541039790277e-07 -5.058941015201476301e-06 3.494147019930769890e-04 1.140493525706713938e-05 4.710507136161434308e-07 -3.270324715046679653e-03 2.942759685133888498e-05 -6.735638528067369464e-05 1.451732225002254524e-03 -2.230722024905323097e-07 1.853003054322230653e-07 -5.897938881955521783e-07 -1.001442948784081882e-06 1.199439131215053747e-07 8.709821141441074492e-09 -9.120994113890516582e-07 -7.248881940018271440e-07 -2.053175483834921162e-07
2.329349109229478305e-07 3.304939733272207945e-06 -2.130987148474299193e-04 -1.548352540669505333e-05 -6.222398271680358146e-06 -1.799795089140896137e-03 -1.174673179459147189e-04 -4.088286084580415158e-05 -2.230722024905323097e-07 3.357306162138980633e-05 2.947533121969510811e-08 5.816368114083010999e-07 4.863849253648377004e-07 -6.048384555849577394e-08 5.882786447512305816e-09 3.174742191937712819e-07 5.375520362907212089e-07 2.290447519106802145e-08
3.841826511113119590e-07 1.071373417324894838e-07 4.020751717487985617e-05 -2.545174715122263268e-05 -1.857255119419942845e-05 -1.228427482535252892e-02 -3.089477023327587995e-04 -2.649792318308884557e-04 1.853003054322230653e-07 2.947533121969510811e-08 1.325993736537673870e-04 6.286590352986747882e-07 -5.055546786970058359e-07 5.355536866517143676e-08 3.613558434929559529e-08 -8.543769817080100238e-07 2.161841831793010733e-07 -3.447256638867330450e-07
1.261212450996064102e-06 1.192471718210601317e-05 -7.162575372413830911e-04 -8.373919739762098705e-05 -4.297405847465034581e-05 -2.015195035055883377e-02 -7.647220723889713509e-04 -4.420486236628805147e-04 -5.897938881955521783e-07 5.816368114083010999e-07 6.286590352986747882e-07 9.907657023221548651e-04 1.172562328329972630e-06 -1.562157695657253478e-07 6.138127431373978623e-08 1.795424809173600561e-07 2.161608008273670011e-06 -3.032919663020730150e-07
2.982538307331373871e-07 1.114607730067488380e-05 -7.796500740905328670e-04 -1.993591919238768629e-05 2.785036810419431583e-06 9.749473346807410734e-03 -1.338157079939421377e-06 2.032675104180815839e-04 -1.001442948784081882e-06 4.863849253648377004e-07 -5.055546786970058359e-07 1.172562328329972630e-06 7.143056773477805517e-04 -2.758182201811559349e-07 -2.666979727377919829e-08 2.189509873694624707e-06 1.555744424633179138e-06 5.242546232615479326e-07
-4.391946745786164566e-08 -1.375454618958575455e-06 9.532086045275424305e-05 2.931419706584201290e-06 3.325286657477203575e-09 -9.721750041660112132e-04 5.928903723220493003e-06 -2.010358580757566982e-05 1.199439131215053747e-07 -6.048384555849577394e-08 5.355536866517143676e-08 -1.562157695657253478e-07 -2.758182201811559349e-07 1.956748082668368261e-04 2.612160248150168429e-09 -2.538584617332387829e-07 -1.957372001406896168e-07 -5.816883551380842552e-08
3.459731470821712760e-08 8.670397203527353337e-08 -2.027005662174044337e-06 -2.293272259853879921e-06 -1.552712090226179181e-06 -9.719194457703307123e-04 -2.616081346720327281e-05 -2.101388695374515022e-05 8.709821141441074492e-09 5.882786447512305816e-09 3.613558434929559529e-08 6.138127431373978623e-08 -2.666979727377919829e-08 2.612160248150168429e-09 3.372472854397585300e-06 -5.706997457371287777e-08 2.913547566968490945e-08 -2.552842962741357281e-08
-1.899561185607462021e-07 7.872372621591246681e-06 -6.007749919302700099e-04 1.245770504315195934e-05 2.150747809481558755e-05 1.989026811768748043e-02 3.236215669262268403e-04 4.240056473735253685e-04 -9.120994113890516582e-07 3.174742191937712819e-07 -8.543769817080100238e-07 1.795424809173600561e-07 2.189509873694624707e-06 -2.538584617332387829e-07 -5.706997457371287777e-08 1.822523369219888759e-03 8.873958012279131471e-07 7.377389327787949449e-07
8.980248135767034735e-07 1.143628925283448041e-05 -7.258916284813031255e-04 -5.967216077683605222e-05 -2.601850597820591486e-05 -9.213910965353072288e-03 -4.810044845590716778e-04 -2.058623312839058680e-04 -7.248881940018271440e-07 5.375520362907212089e-07 2.161841831793010733e-07 2.161608008273670011e-06 1.555744424633179138e-06 -1.957372001406896168e-07 2.913547566968490945e-08 8.873958012279131471e-07 3.870379340646223649e-03 -5.116716721094799965e-09
-2.213441155067943379e-07 8.902867641726272478e-07 -9.294386063123368587e-05 1.464862289486173073e-05 1.218088594380985081e-05 8.737160454271902105e-03 1.985227549426631197e-04 1.878604785686388535e-04 -2.053175483834921162e-07 2.290447519106802145e-08 -3.447256638867330450e-07 -3.032919663020730150e-07 5.242546232615479326e-07 -5.816883551380842552e-08 -2.552842962741357281e-08 7.377389327787949449e-07 -5.116716721094799965e-09 2.120589783290267806e-04
8.700891111779810165e-05 1.579177106636850847e-06 -7.725587289717181249e-05 -9.407341436741110290e-06 -1.304705543885474890e-05 -3.311731070203018362e-03 -1.754058650633516319e-04 -4.673863389721920586e-05 -1.832402833642115537e-07 8.189643891027082063e-08 2.899657905461430843e-08 3.674188215638150424e-07 -9.138023796468681405e-09 -5.243119863856234809e-08 2.058908451047723713e-08 1.409918137689648118e-07 -2.971863500924566877e-07 -1.482714685406557519e-07
1.579177106636850847e-06 6.373688388026010378e-03 -1.488658181371243670e-03 -9.461177571442493778e-05 -4.317938644111467782e-05 -7.632579498007022352e-03 -7.617683835879459275e-04 -1.502449700155368681e-04 -1.763050694269556778e-06 1.065833813185819094e-06 -7.109641274566711401e-08 3.775336327904517943e-06 3.449431771546678145e-06 -4.831952803018837235e-07 3.842213294429224209e-08 2.745505753031076181e-06 3.003882126205775125e-06 1.980210461688628521e-07
-7.725587289717181249e-05 -1.488658181371243670e-03 1.866002738374000458e+01 5.884713690094456155e-03 1.309526935932571771e-03 1.587979734185737957e-01 3.197130834960251744e-02 6.420541700224644856e-03 1.014787587041893923e-04 -6.760009607639132570e-05 5.313883015328156623e-06 -2.321102571288062284e-04 -2.578957458431307016e-04 2.741733199733258154e-05 1.165599568453091744e-07 -1.760259319184689713e-04 -2.792809733458266499e-04 -3.596798718557138956e-05
-9.407341436741110290e-06 -9.461177571442493778e-05 5.884713690094456155e-03 3.113384613423776925e-01 2.433359675415663567e-04 2.575277018126063133e-01 6.283193952381425744e-03 6.594412438983366168e-03 -1.265590282827003910e-06 -4.673394473883323836e-06 -1.173679083365070946e-05 -2.817961139458459671e-05 -1.037848738297417852e-05 -5.294379584325111287e-07 -3.698916245435111317e-07 1.170222135096732444e-05 -4.144779205546110642e-05 1.726288876811447803e-06
-1.304705543885474890e-05 -4.317938644111467782e-05 1.309526935932571771e-03 2.433359675415663567e-04 6.467361695600843952e-01 1.423087918857292300e-01 8.406115659227553216e-03 1.369654086677417944e-03 8.795448148897807761e-06 -2.485972026862409940e-06 3.747362700206862929e-07 -1.131918316313049220e-05 7.924569242670716611e-06 2.582063120262793947e-06 -1.136986260662022110e-06 -6.687939571684231974e-06 3.098760630480217450e-05 9.106112763721041636e-06
-3.311731070203018362e-03 -7.632579498007022352e-03 1.587979734185737957e-01 2.575277018126063133e-01 1.423087918857292300e-01 1.137106293767978605e+04 2.593988472179683757e+00 2.413360260532051882e+00 -1.575229573904069055e-03 -5.456713170397625668e-04 -4.317384952420520554e-03 -6.597401007600936507e-03 2.689659056120198826e-03 -4.689544054648659430e-04 -2.718634648716188019e-04 7.194871015824297854e-03 -5.352935492304245618e-03 2.477346955959780581e-03
-1.754058650633516319e-04 -7.617683835879459275e-04 3.197130834960251744e-02 6.283193952381425744e-03 8.406115659227553216e-03 2.593988472179683757e+00 1.324590666906128433e+01 4.156379782926022948e-02 8.379579044360483666e-05 -4.184683222556324900e-05 -4.450370384391352178e-05 -2.237817393155757642e-04 6.008668188809768379e-05 2.410412246277620884e-05 -1.387902844416378808e-05 -1.320001717423729509e-05 1.843315163492959831e-04 1.083388006501011415e-04
-4.673863389721920586e-05 -1.502449700155368681e-04 6.420541700224644856e-03 6.594412438983366168e-03 1.369654086677417944e-03 2.413360260532051882e+00 4.156379782926022948e-02 1.183846271553615139e+02 -7.016715180196443895e-05 -1.030000646893652772e-05 -1.203220474121455302e-04 -1.551346900528339341e-04 2.549386665214016333e-05 -2.094726741951476970e-05 -3.124769813303085969e-06 2.119938989270027418e-04 -2.869536211046403774e-04 3.082713433461888318e-05
-1.832402833642115537e-07 -1.763050694269556778e-06 1.014787587041893923e-04 -1.265590282827003910e-06 8.795448148897807761e-06 -1.575229573904069055e-03 8.379579044360483666e-05 -7.016715180196443895e-05 4.647411043347851297e-04 -8.207469327777514776e-08 1.958125176316611383e-07 -1.361729801668768641e-07 -1.684870718165676186e-07 9.415150260822341793e-08 -1.104434283871415826e-08 -5.850954744548133994e-07 6.175106665663537133e-07 4.683623529521411219e-08
8.189643891027082063e-08 1.065833813185819094e-06 -6.760009607639132570e-05 -4.673394473883323836e-06 -2.485972026862409940e-06 -5.456713170397625668e-04 -4.184683222556324900e-05 -1.030000646893652772e-05 -8.207469327777514776e-08 1.074399168220402490e-05 1.618201904308576024e-09 1.831152982276167363e-07 1.469444751851745558e-07 -2.254695308506350697e-08 2.674175930640053982e-09 1.183752372766209749e-07 1.233945495352510044e-07 8.880093171991226959e-10
2.899657905461430843e-08 -7.109641274566711401e-08 5.313883015328156623e-06 -1.173679083365070946e-05 3.747362700206862929e-07 -4.317384952420520554e-03 -4.450370384391352178e-05 -1.203220474121455302e-04 1.958125176316611383e-07 1.618201904308576024e-09 4.253157204110018117e-05 2.395849318215821206e-07 -5.070742457097247047e-08 5.789659465517015962e-08 1.454701825832622545e-09 -4.877019590672867277e-07 6.900142162998766260e-07 -2.806438055222529162e-08
3.674188215638150424e-07 3.775336327904517943e-06 -2.321102571288062284e-04 -2.817961139458459671e-05 -1.131918316313049220e-05 -6.597401007600936507e-03 -2.237817393155757642e-04 -1.551346900528339341e-04 -1.361729801668768641e-07 1.831152982276167363e-07 2.395849318215821206e-07 3.170598147796748422e-04 4.179837474403896094e-07 -3.429620923958671216e-08 1.574999794787209500e-08 -2.505593628002499181e-08 9.307463422957726935e-07 -6.538666294876411215e-08
-9.138023796468681405e-09 3.449431771546678145e-06 -2.578957458431307016e-04 -1.037848738297417852e-05 7.924569242670716611e-06 2.689659056120198826e-03 6.008668188809768379e-05 2.549386665214016333e-05 -1.684870718165676186e-07 1.469444751851745558e-07 -5.070742457097247047e-08 4.179837474403896094e-07 2.287014636931343904e-04 -4.288767758068268879e-08 -1.978766356653632581e-08 4.620757143961102819e-07 1.188972935338743449e-06 2.593225331783017577e-07
-5.243119863856234809e-08 -4.831952803018837235e-07 2.741733199733258154e-05 -5.294379584325111287e-07 2.582063120262793947e-06 -4.689544054648659430e-04 2.410412246277620884e-05 -2.094726741951476970e-05 9.415150260822341793e-08 -2.254695308506350697e-08 5.789659465517015962e-08 -3.429620923958671216e-08 -4.288767758068268879e-08 6.263258939079737700e-05 -3.293691202362781032e-09 -1.687807122730621887e-07 1.909866437637556492e-07 1.498571386476044404e-08
2.058908451047723713e-08 3.842213294429224209e-08 1.165599568453091744e-07 -3.698916245435111317e-07 -1.136986260662022110e-06 -2.718634648716188019e-04 -1.387902844416378808e-05 -3.124769813303085969e-06 -1.104434283871415826e-08 2.674175930640053982e-09 1.454701825832622545e-09 1.574999794787209500e-08 -1.978766356653632581e-08 -3.293691202362781032e-09 1.080215498874858557e-06 3.450056301031623714e-09 -5.357804977393024930e-08 -1.650223208578614923e-08
1.409918137689648118e-07 2.745505753031076181e-06 -1.760259319184689713e-04 1.170222135096732444e-05 -6.687939571684231974e-06 7.194871015824297854e-03 -1.320001717423729509e-05 2.119938989270027418e-04 -5.850954744548133994e-07 1.183752372766209749e-07 -4.877019590672867277e-07 -2.505593628002499181e-08 4.620757143961102819e-07 -1.687807122730621887e-07 3.450056301031623714e-09 5.836677760360505863e-04 -1.049525639011094872e-06 5.941631354634040473e-08
-2.971863500924566877e-07 3.003882126205775125e-06 -2.792809733458266499e-04 -4.144779205546110642e-05 3.098760630480217450e-05 -5.352935492304245618e-03 1.843315163492959831e-04 -2.869536211046403774e-04 6.175106665663537133e-07 1.233945495352510044e-07 6.900142162998766260e-07 9.307463422957726935e-07 1.188972935338743449e-06 1.909866437637556492e-07 -5.357804977393024930e-08 -1.049525639011094872e-06 1.242384543188460380e-03 5.101506677397304790e-07
-1.482714685406557519e-07 1.980210461688628521e-07 -3.596798718557138956e-05 1.726288876811447803e-06 9.106112763721041636e-06 2.477346955959780581e-03 1.083388006501011415e-04 3.082713433461888318e-05 4.683623529521411219e-08 8.880093171991226959e-10 -2.806438055222529162e-08 -6.538666294876411215e-08 2.593225331783017577e-07 1.498571386476044404e-08 -1.650223208578614923e-08 5.941631354634040473e-08 5.101506677397304790e-07 6.792667439086866972e-05
2.784287678765945626e-05 4.991711614627584697e-07 -2.482075139111253084e-05 -2.996447668168789876e-06 -4.096370579756426226e-06 -1.058633402954118870e-03 -5.608919856035526235e-05 -1.577529056953750377e-05 -5.745066038771176912e-08 2.589057107353789395e-08 9.089696355405720250e-09 1.164571656634537345e-07 -4.791938353271444097e-09 -1.695470520957622093e-08 6.493298427665139763e-09 4.554456554136150621e-08 -9.770888178781207966e-08 -4.616948374095245981e-08
4.991711614627584697e-07 2.041086966709182871e-03 -4.522089917760661708e-04 -3.367293671855077421e-05 -3.304639201946603079e-05 -2.716254626026241674e-03 -2.537065360854163197e-04 1.520451304509111803e-04 -8.540584369777070529e-07 4.183592871258009129e-07 2.348663460995812610e-08 1.481036964643006987e-06 1.560250213440595454e-06 -1.114365565701742310e-07 3.556146230367085226e-08 7.741694861981621849e-07 1.598871504685137236e-06 -2.487914877971697461e-07
-2.482075139111253084e-05 -4.522089917760661708e-04 5.971596226093035753e+00 1.828630338389727406e-03 1.106866271581661697e-04 4.642414213923341110e-02 1.007140728677407247e-02 5.263815892632707147e-03 2.782456211649140168e-05 -2.039254488881867363e-05 2.441921172641170067e-06 -6.989850314994267683e-05 -7.520715349366463738e-05 9.466089192098189393e-06 4.104060332129569370e-07 -5.800236623572606998e-05 -7.914469242556917950e-05 -1.651562150415631652e-05
-2.996447668168789876e-06 -3.367293671855077421e-05 1.828630338389727406e-03 9.963596734116964004e-02 1.212237652097071641e-04 8.302627658245118059e-02 2.033035594733322363e-03 1.658986655491267483e-03 2.486184217482875950e-07 -1.669760191791996130e-06 -3.860026304309912430e-06 -9.632858733087965050e-06 -4.350248858348246023e-06 -2.667929423915074164e-07 -1.708248194877990758e-07 3.980087833504733838e-06 -1.470097780750752436e-05 1.256246226950882903e-06
-4.096370579756426226e-06 -3.304639201946603079e-05 1.106866271581661697e-04 1.212237652097071641e-04 2.072009836160467466e-01 4.903354975281822709e-02 2.816824285320586926e-03 -2.115780808828702630e-03 6.514156021933217549e-06 -1.781953717187981574e-06 -4.701888576329612913e-07 -7.105390693291965262e-06 -3.289337425779643557e-06 2.751010904368315190e-07 -6.607720405450799906e-07 -8.078365310697278338e-07 1.778311173831456184e-06 6.897865544405984594e-06
-1.058633402954118870e-03 -2.716254626026241674e-03 4.642414213923341110e-02 8.302627658245118059e-02 4.903354975281822709e-02 3.638789906628414883e+03 8.318829564553857914e-01 7.359042101931427826e-01 -4.513893653356224425e-04 -1.886621955837966395e-04 -1.389966529892040260e-03 -2.160771352323283528e-03 7.777375134972386783e-04 -1.579141559993011161e-04 -9.122481322082652750e-05 2.321331317382246615e-03 -1.828824082519569030e-03 8.494836353846097789e-04
-5.608919856035526235e-05 -2.537065360854163197e-04 1.007140728677407247e-02 2.033035594733322363e-03 2.816824285320586926e-03 8.318829564553857914e-01 4.238755719640090014e+00 1.198005850058648375e-02 2.872721151214629640e-05 -1.390093953607571333e-05 -1.454624672369352933e-05 -7.341086501032251580e-05 1.621633226851039306e-05 7.428390957612279478e-06 -4.594793911108549044e-06 -3.535255091005378759e-06 5.477919300027933770e-05 3.672794540068400352e-05
-1.577529056953750377e-05 1.520451304509111803e-04 5.263815892632707147e-03 1.658986655491267483e-03 -2.115780808828702630e-03 7.359042101931427826e-01 1.198005850058648375e-02 3.790966188549757021e+01 -6.095678830189984836e-05 6.970288401524058177e-06 -3.236160972421988171e-05 -1.339154886279026906e-05 6.878314295580094644e-05 -9.669995129616982789e-07 2.090406035123828493e-06 5.397224313524520418e-05 -7.132728923815676962e-06 -3.159740399602572244e-05
-5.745066038771176912e-08 -8.540584369777070529e-07 2.782456211649140168e-05 2.486184217482875950e-07 6.514156021933217549e-06 -4.513893653356224425e-04 2.872721151214629640e-05 -6.095678830189984836e-05 1.487729260507050636e-04 -4.113479262210965184e-08 5.376402079787443457e-08 -9.608632350776044951e-08 -1.417323266193879255e-07 2.181960779476604136e-08 -8.010587033638679780e-09 -1.671457056884421168e-07 7.492503430915162876e-08 7.504611092503509744e-08
2.589057107353789395e-08 4.183592871258009129e-07 -2.039254488881867363e-05 -1.669760191791996130e-06 -1.781953717187981574e-06 -1.886621955837966395e-04 -1.390093953607571333e-05 6.970288401524058177e-06 -4.113479262210965184e-08 3.442042424034002002e-06 2.889797014175203455e-09 7.259810762285669492e-08 7.043709079418509881e-08 -4.999596576476003845e-09 2.049296214361159871e-09 3.252477220151939042e-08 7.219648802104726341e-08 -1.572948185296393074e-08
9.089696355405720250e-09 2.348663460995812610e-08 2.441921172641170067e-06 -3.860026304309912430e-06 -4.701888576329612913e-07 -1.389966529892040260e-03 -1.454624672369352933e-05 -3.236160972421988171e-05 5.376402079787443457e-08 2.889797014175203455e-09 1.361152200181396871e-05 8.504290855058062690e-08 -2.219264142716564821e-09 1.985221203963486472e-08 1.179509622049242109e-09 -1.592682480912972280e-07 2.403722895801337320e-07 -1.856019885137200490e-08
1.164571656634537345e-07 1.481036964643006987e-06 -6.989850314994267683e-05 -9.632858733087965050e-06 -7.105390693291965262e-06 -2.160771352323283528e-03 -7.341086501032251580e-05 -1.339154886279026906e-05 -9.608632350776044951e-08 7.259810762285669492e-08 8.504290855058062690e-08 1.015085807558162583e-04 2.164355854178878835e-07 -3.151832954438548568e-09 9.254608256358953456e-09 -2.692814492428601238e-08 4.133427385868711186e-07 -7.746990909995550497e-08
-4.791938353271444097e-09 1.560250213440595454e-06 -7.520715349366463738e-05 -4.350248858348246023e-06 -3.289337425779643557e-06 7.777375134972386783e-04 1.621633226851039306e-05 6.878314295580094644e-05 -1.417323266193879255e-07 7.043709079418509881e-08 -2.219264142716564821e-09 2.164355854178878835e-07 7.332273919032707187e-05 -6.413779572973608734e-10 7.162282634512336969e-10 1.162397723327709032e-07 5.736337367555152545e-07 -1.158151188440571051e-08
-1.695470520957622093e-08 -1.114365565701742310e-07 9.466089192098189393e-06 -2.667929423915074164e-07 2.751010904368315190e-07 -1.579141559993011161e-04 7.428390957612279478e-06 -9.669995129616982789e-07 2.181960779476604136e-08 -4.999596576476003845e-09 1.985221203963486472e-08 -3.151832954438548568e-09 -6.413779572973608734e-10 2.004366644034521872e-05 -3.870986177751597499e-10 -5.700201847172050548e-08 7.939204652533027915e-08 -4.151940208784099445e-09
6.493298427665139763e-09 3.556146230367085226e-08 4.104060332129569370e-07 -1.708248194877990758e-07 -6.607720405450799906e-07 -9.122481322082652750e-05 -4.594793911108549044e-06 2.090406035123828493e-06 -8.010587033638679780e-09 2.049296214361159871e-09 1.179509622049242109e-09 9.254608256358953456e-09 7.162282634512336969e-10 -3.870986177751597499e-10 3.460282419788189992e-07 -5.080217494793203158e-10 -7.298625898866826656e-09 -1.010110048356170226e-08
4.554456554136150621e-08 7.741694861981621849e-07 -5.800236623572606998e-05 3.980087833504733838e-06 -8.078365310697278338e-07 2.321331317382246615e-03 -3.535255091005378759e-06 5.397224313524520418e-05 -1.671457056884421168e-07 3.252477220151939042e-08 -1.592682480912972280e-07 -2.692814492428601238e-08 1.162397723327709032e-07 -5.700201847172050548e-08 -5.080217494793203158e-10 1.867809212843575832e-04 -3.800271302962238997e-07 4.064148709431523220e-08
-9.770888178781207966e-08 1.598871504685137236e-06 -7.914469242556917950e-05 -1.470097780750752436e-05 1.778311173831456184e-06 -1.828824082519569030e-03 5.477919300027933770e-05 -7.132728923815676962e-06 7.492503430915162876e-08 7.219648802104726341e-08 2.403722895801337320e-07 4.133427385868711186e-07 5.736337367555152545e-07 7.939204652533027915e-08 -7.298625898866826656e-09 -3.800271302962238997e-07 3.978328990044483946e-04 3.114261085801867781e-08
-4.616948374095245981e-08 -2.487914877971697461e-07 -1.651562150415631652e-05 1.256246226950882903e-06 6.897865544405984594e-06 8.494836353846097789e-04 3.672794540068400352e-05 -3.159740399602572244e-05 7.504611092503509744e-08 -1.572948185296393074e-08 -1.856019885137200490e-08 -7.746990909995550497e-08 -1.158151188440571051e-08 -4.151940208784099445e-09 -1.010110048356170226e-08 4.064148709431523220e-08 3.114261085801867781e-08 2.180120951919905874e-05
2.784287678765945626e-05 4.991711614627584697e-07 -2.482075139111253084e-05 -2.996447668168789876e-06 -4.096370579756426226e-06 -1.058633402954118870e-03 -5.608919856035526235e-05 -1.577529056953750377e-05 -5.745066038771176912e-08 2.589057107353789395e-08 9.089696355405720250e-09 1.164571656634537345e-07 -4.791938353271444097e-09 -1.695470520957622093e-08 6.493298427665139763e-09 4.554456554136150621e-08 -9.770888178781207966e-08 -4.616948374095245981e-08
4.991711614627584697e-07 2.041086966709182871e-03 -4.522089917760661708e-04 -3.367293671855077421e-05 -3.304639201946603079e-05 -2.716254626026241674e-03 -2.537065360854163197e-04 1.520451304509111803e-04 -8.540584369777070529e-07 4.183592871258009129e-07 2.348663460995812610e-08 1.481036964643006987e-06 1.560250213440595454e-06 -1.114365565701742310e-07 3.556146230367085226e-08 7.741694861981621849e-07 1.598871504685137236e-06 -2.487914877971697461e-07
-2.482075139111253084e-05 -4.522089917760661708e-04 5.971596226093035753e+00 1.828630338389727406e-03 1.106866271581661697e-04 4.642414213923341110e-02 1.007140728677407247e-02 5.263815892632707147e-03 2.782456211649140168e-05 -2.039254488881867363e-05 2.441921172641170067e-06 -6.989850314994267683e-05 -7.520715349366463738e-05 9.466089192098189393e-06 4.104060332129569370e-07 -5.800236623572606998e-05 -7.914469242556917950e-05 -1.651562150415631652e-05
-2.996447668168789876e-06 -3.367293671855077421e-05 1.828630338389727406e-03 9.963596734116964004e-02 1.212237652097071641e-04 8.302627658245118059e-02 2.033035594733322363e-03 1.658986655491267483e-03 2.486184217482875950e-07 -1.669760191791996130e-06 -3.860026304309912430e-06 -9.632858733087965050e-06 -4.350248858348246023e-06 -2.667929423915074164e-07 -1.708248194877990758e-07 3.980087833504733838e-06 -1.470097780750752436e-05 1.256246226950882903e-06
-4.096370579756426226e-06 -3.304639201946603079e-05 1.106866271581661697e-04 1.212237652097071641e-04 2.072009836160467466e-01 4.903354975281822709e-02 2.816824285320586926e-03 -2.115780808828702630e-03 6.514156021933217549e-06 -1.781953717187981574e-06 -4.701888576329612913e-07 -7.105390693291965262e-06 -3.289337425779643557e-06 2.751010904368315190e-07 -6.607720405450799906e-07 -8.078365310697278338e-07 1.778311173831456184e-06 6.897865544405984594e-06
-1.058633402954118870e-03 -2.716254626026241674e-03 4.642414213923341110e-02 8.302627658245118059e-02 4.903354975281822709e-02 3.638789906628414883e+03 8.318829564553857914e-01 7.359042101931427826e-01 -4.513893653356224425e-04 -1.886621955837966395e-04 -1.389966529892040260e-03 -2.160771352323283528e-03 7.777375134972386783e-04 -1.579141559993011161e-04 -9.122481322082652750e-05 2.321331317382246615e-03 -1.828824082519569030e-03 8.494836353846097789e-04
-5.608919856035526235e-05 -2.537065360854163197e-04 1.007140728677407247e-02 2.033035594733322363e-03 2.816824285320586926e-03 8.318829564553857914e-01 4.238755719640090014e+00 1.198005850058648375e-02 2.872721151214629640e-05 -1.390093953607571333e-05 -1.454624672369352933e-05 -7.341086501032251580e-05 1.621633226851039306e-05 7.428390957612279478e-06 -4.594793911108549044e-06 -3.535255091005378759e-06 5.477919300027933770e-05 3.672794540068400352e-05
-1.577529056953750377e-05 1.520451304509111803e-04 5.263815892632707147e-03 1.658986655491267483e-03 -2.115780808828702630e-03 7.359042101931427826e-01 1.198005850058648375e-02 3.790966188549757021e+01 -6.095678830189984836e-05 6.970288401524058177e-06 -3.236160972421988171e-05 -1.339154886279026906e-05 6.878314295580094644e-05 -9.669995129616982789e-07 2.090406035123828493e-06 5.397224313524520418e-05 -7.132728923815676962e-06 -3.159740399602572244e-05
-5.745066038771176912e-08 -8.540584369777070529e-07 2.782456211649140168e-05 2.486184217482875950e-07 6.514156021933217549e-06 -4.513893653356224425e-04 2.872721151214629640e-05 -6.095678830189984836e-05 1.487729260507050636e-04 -4.113479262210965184e-08 5.376402079787443457e-08 -9.608632350776044951e-08 -1.417323266193879255e-07 2.181960779476604136e-08 -8.010587033638679780e-09 -1.671457056884421168e-07 7.492503430915162876e-08 7.504611092503509744e-08
2.589057107353789395e-08 4.183592871258009129e-07 -2.039254488881867363e-05 -1.669760191791996130e-06 -1.781953717187981574e-06 -1.886621955837966395e-04 -1.390093953607571333e-05 6.970288401524058177e-06 -4.113479262210965184e-08 3.442042424034002002e-06 2.889797014175203455e-09 7.259810762285669492e-08 7.043709079418509881e-08 -4.999596576476003845e-09 2.049296214361159871e-09 3.252477220151939042e-08 7.219648802104726341e-08 -1.572948185296393074e-08
9.089696355405720250e-09 2.348663460995812610e-08 2.441921172641170067e-06 -3.860026304309912430e-06 -4.701888576329612913e-07 -1.389966529892040260e-03 -1.454624672369352933e-05 -3.236160972421988171e-05 5.376402079787443457e-08 2.889797014175203455e-09 1.361152200181396871e-05 8.504290855058062690e-08 -2.219264142716564821e-09 1.985221203963486472e-08 1.179509622049242109e-09 -1.592682480912972280e-07 2.403722895801337320e-07 -1.856019885137200490e-08
1.164571656634537345e-07 1.481036964643006987e-06 -6.989850314994267683e-05 -9.632858733087965050e-06 -7.105390693291965262e-06 -2.160771352323283528e-03 -7.341086501032251580e-05 -1.339154886279026906e-05 -9.608632350776044951e-08 7.259810762285669492e-08 8.504290855058062690e-08 1.015085807558162583e-04 2.164355854178878835e-07 -3.151832954438548568e-09 9.254608256358953456e-09 -2.692814492428601238e-08 4.133427385868711186e-07 -7.746990909995550497e-08
-4.791938353271444097e-09 1.560250213440595454e-06 -7.520715349366463738e-05 -4.350248858348246023e-06 -3.289337425779643557e-06 7.777375134972386783e-04 1.621633226851039306e-05 6.878314295580094644e-05 -1.417323266193879255e-07 7.043709079418509881e-08 -2.219264142716564821e-09 2.164355854178878835e-07 7.332273919032707187e-05 -6.413779572973608734e-10 7.162282634512336969e-10 1.162397723327709032e-07 5.736337367555152545e-07 -1.158151188440571051e-08
-1.695470520957622093e-08 -1.114365565701742310e-07 9.466089192098189393e-06 -2.667929423915074164e-07 2.751010904368315190e-07 -1.579141559993011161e-04 7.428390957612279478e-06 -9.669995129616982789e-07 2.181960779476604136e-08 -4.999596576476003845e-09 1.985221203963486472e-08 -3.151832954438548568e-09 -6.413779572973608734e-10 2.004366644034521872e-05 -3.870986177751597499e-10 -5.700201847172050548e-08 7.939204652533027915e-08 -4.151940208784099445e-09
6.493298427665139763e-09 3.556146230367085226e-08 4.104060332129569370e-07 -1.708248194877990758e-07 -6.607720405450799906e-07 -9.122481322082652750e-05 -4.594793911108549044e-06 2.090406035123828493e-06 -8.010587033638679780e-09 2.049296214361159871e-09 1.179509622049242109e-09 9.254608256358953456e-09 7.162282634512336969e-10 -3.870986177751597499e-10 3.460282419788189992e-07 -5.080217494793203158e-10 -7.298625898866826656e-09 -1.010110048356170226e-08
