{
    "R": [
        [
            0.01225143876653482,
            5.772452681003015e-06,
            -5.7103796313610834e-05,
            6.510355381340379e-05,
            3.2748363684136584e-05,
            -0.0036210252712016036,
            -0.004830623805972434,
            0.006078923599123934,
            -2.030448964010653e-07,
            2.9926116398993947e-08,
            -8.175458759231004e-08,
            2.1267458392106155e-07,
            9.402945125890504e-07,
            -6.45152992674213e-07,
            -1.6037072456744997e-06,
            9.134187485372154e-07,
            2.4500241243331864e-06,
            -4.2358154762662363e-07
        ],
        [
            0.0,
            0.03502420341615079,
            -0.0007326684205738947,
            0.00012750161439054432,
            5.540943810051364e-05,
            -0.014132041049119252,
            -0.013045407174116834,
            0.005053185637628174,
            2.453162576253085e-06,
            -7.137833870663042e-08,
            -1.5057773935669078e-06,
            9.237799936333941e-07,
            6.958279596234443e-07,
            -4.2431505776669666e-08,
            -2.7754050419291127e-06,
            -9.741407507036643e-07,
            -1.964772381725336e-06,
            2.949924257630613e-06
        ],
        [
            0.0,
            0.0,
            1.7069566259720068,
            4.402950902313108e-05,
            2.8751098270737647e-05,
            -0.005311734414479084,
            -0.0009767243677769862,
            -0.001963637567595973,
            -7.951625494050571e-06,
            -1.822345302746966e-07,
            3.0447835059304427e-06,
            -3.2103067628252885e-06,
            2.9311420118527883e-06,
            1.042059858764323e-06,
            -9.482608770826291e-07,
            1.7356262597379262e-06,
            7.720935694670451e-07,
            2.4700682555672288e-06
        ],
        [
            0.0,
            0.0,
            0.0,
            0.2776252879818429,
            0.0001205603435688653,
            -0.027689139405174472,
            -0.020419034787224167,
            0.004307728530275036,
            -2.6588057898462287e-06,
            -2.801329026281534e-07,
            2.99395376753735e-07,
            -1.476450078593697e-06,
            3.6514359207794666e-06,
            6.570667106895739e-07,
            -5.1517977243823475e-06,
            -3.2223397454612784e-07,
            -1.5726027567420462e-06,
            6.840011584792957e-06
        ],
        [
            0.0,
            0.0,
            0.0,
            0.0,
            0.1538289579154777,
            -0.039135755816698335,
            -0.014508417182437082,
            -0.014892439346586154,
            1.6869061048864634e-06,
            -4.254261067190814e-07,
            1.3288137012939279e-08,
            -2.590339946125501e-06,
            3.512850486650145e-06,
            -4.576056599829341e-07,
            -4.965078232475801e-06,
            -3.960197220455498e-06,
            3.3019957748117807e-06,
            9.048257606772806e-06
        ],
        [
            0.0,
            0.0,
            0.0,
            0.0,
            0.0,
            49.19571898715189,
            0.012212107747491237,
            0.00972846416752416,
            -4.870779754244072e-07,
            3.3476180873727707e-07,
            5.1912925965564656e-08,
            1.7945150008699944e-06,
            -2.358482622100794e-06,
            -4.36423501396253e-07,
            3.3874909261660846e-06,
            2.882043883136822e-06,
            8.774460924031765e-07,
            -7.452695631551674e-06
        ],
        [
            0.0,
            0.0,
            0.0,
            0.0,
            0.0,
            0.0,
            18.25371686541283,
            -0.01155276224344331,
            4.03613914932063e-06,
            3.295891061384408e-07,
            -1.2926482752399896e-09,
            1.1782559209152773e-06,
            -4.346474199488477e-06,
            -1.5544867364962542e-06,
            6.612491306226212e-06,
            -2.295096209621579e-07,
            5.7482132003002875e-06,
            -8.835764566239105e-06
        ],
        [
            0.0,
            0.0,
            0.0,
            0.0,
            0.0,
            0.0,
            0.0,
            27.69007222114548,
            -5.228187076483087e-06,
            3.0027297410308017e-07,
            3.376461753730705e-07,
            1.928233345857915e-06,
            5.545468897273745e-07,
            2.46234633924109e-07,
            -9.603407089495265e-07,
            5.980997611507457e-06,
            -1.6873429956767951e-06,
            -5.3948136224455724e-06
        ],
        [
            0.0,
            0.0,
            0.0,
            0.0,
            0.0,
            0.0,
            0.0,
            0.0,
            0.013026415317936762,
            4.391387527240003e-08,
            -2.199556334667711e-06,
            1.50237105028721e-06,
            -2.273952229827162e-06,
            -1.3649015533128263e-06,
            1.1128791000269847e-06,
            -3.4230531206880322e-06,
            2.401102264071886e-06,
            -6.047509619795009e-07
        ],
        [
            0.0,
            0.0,
            0.0,
            0.0,
            0.0,
            0.0,
            0.0,
            0.0,
            0.0,
            0.0005870400318910927,
            -5.712756690988347e-07,
            2.614755216687264e-06,
            -2.4375294634436947e-06,
            -1.1389771025104318e-06,
            2.72900573980852e-06,
            3.2450902622870918e-06,
            2.6437534623165544e-06,
            -8.643017600731728e-06
        ],
        [
            0.0,
            0.0,
            0.0,
            0.0,
            0.0,
            0.0,
            0.0,
            0.0,
            0.0,
            0.0,
            0.00843088632313806,
            -1.0772256679618464e-06,
            1.0354816027640687e-06,
            4.0762622339558706e-07,
            -2.0831975024255818e-07,
            1.1068021573122022e-06,
            2.33961210072859e-07,
            3.1775222011337033e-07
        ],
        [
            0.0,
            0.0,
            0.0,
            0.0,
            0.0,
            0.0,
            0.0,
            0.0,
            0.0,
            0.0,
            0.0,
            0.00746334801332448,
            -1.7757361753902419e-06,
            -5.88690543676201e-07,
            1.1662895355702145e-06,
            7.861345710380901e-07,
            -2.098303858459848e-08,
            -3.7752190702294657e-06
        ],
        [
            0.0,
            0.0,
            0.0,
            0.0,
            0.0,
            0.0,
            0.0,
            0.0,
            0.0,
            0.0,
            0.0,
            0.0,
            0.003851796450791465,
            1.090430911478078e-06,
            -5.782883788609246e-06,
            1.046896034631176e-06,
            -1.4830264514952896e-07,
            7.810223220665157e-06
        ],
        [
            0.0,
            0.0,
            0.0,
            0.0,
            0.0,
            0.0,
            0.0,
            0.0,
            0.0,
            0.0,
            0.0,
            0.0,
            0.0,
            0.004367129031914982,
            -5.420985172059048e-07,
            2.9998594144886946e-07,
            -6.691870040700172e-06,
            3.6329904981385236e-06
        ],
        [
            0.0,
            0.0,
            0.0,
            0.0,
            0.0,
            0.0,
            0.0,
            0.0,
            0.0,
            0.0,
            0.0,
            0.0,
            0.0,
            0.0,
            0.0035045507653188143,
            4.39211552988467e-07,
            8.874630581595719e-07,
            -1.1080559169502307e-05
        ],
        [
            0.0,
            0.0,
            0.0,
            0.0,
            0.0,
            0.0,
            0.0,
            0.0,
            0.0,
            0.0,
            0.0,
            0.0,
            0.0,
            0.0,
            0.0,
            0.005151979986640596,
            3.116584348457179e-07,
            -7.885342157835737e-06
        ],
        [
            0.0,
            0.0,
            0.0,
            0.0,
            0.0,
            0.0,
            0.0,
            0.0,
            0.0,
            0.0,
            0.0,
            0.0,
            0.0,
            0.0,
            0.0,
            0.0,
            0.011774346853814685,
            -3.996072217202509e-06
        ],
        [
            0.0,
            0.0,
            0.0,
            0.0,
            0.0,
            0.0,
            0.0,
            0.0,
            0.0,
            0.0,
            0.0,
            0.0,
            0.0,
            0.0,
            0.0,
            0.0,
            0.0,
            0.0230052265041329
        ]
    ],
    "RDR": [
        [
            [
                0.01225143876653482,
                5.772452681003015e-06,
                -5.7103796313610834e-05,
                6.510355381340379e-05,
                3.2748363684136584e-05,
                -0.0036210252712016036,
                -0.004830623805972434,
                0.006078923599123934,
                -2.030448964010653e-07,
                2.9926116398993947e-08,
                -8.175458759231004e-08,
                2.1267458392106155e-07,
                9.402945125890504e-07,
                -6.45152992674213e-07,
                -1.6037072456744997e-06,
                9.134187485372154e-07,
                2.4500241243331864e-06,
                -4.2358154762662363e-07
            ],
            [
                0.0,
                0.03502420341615079,
                -0.0007326684205738947,
                0.00012750161439054432,
                5.540943810051364e-05,
                -0.014132041049119252,
                -0.013045407174116834,
                0.005053185637628174,
                2.453162576253085e-06,
                -7.137833870663042e-08,
                -1.5057773935669078e-06,
                9.237799936333941e-07,
                6.958279596234443e-07,
                -4.2431505776669666e-08,
                -2.7754050419291127e-06,
                -9.741407507036643e-07,
                -1.964772381725336e-06,
                2.949924257630613e-06
            ],
            [
                0.0,
                0.0,
                1.7069566259720068,
                4.402950902313108e-05,
                2.8751098270737647e-05,
                -0.005311734414479084,
                -0.0009767243677769862,
                -0.001963637567595973,
                -7.951625494050571e-06,
                -1.822345302746966e-07,
                3.0447835059304427e-06,
                -3.2103067628252885e-06,
                2.9311420118527883e-06,
                1.042059858764323e-06,
                -9.482608770826291e-07,
                1.7356262597379262e-06,
                7.720935694670451e-07,
                2.4700682555672288e-06
            ],
            [
                0.0,
                0.0,
                0.0,
                0.2776252879818429,
                0.0001205603435688653,
                -0.027689139405174472,
                -0.020419034787224167,
                0.004307728530275036,
                -2.6588057898462287e-06,
                -2.801329026281534e-07,
                2.99395376753735e-07,
                -1.476450078593697e-06,
                3.6514359207794666e-06,
                6.570667106895739e-07,
                -5.1517977243823475e-06,
                -3.2223397454612784e-07,
                -1.5726027567420462e-06,
                6.840011584792957e-06
            ],
            [
                0.0,
                0.0,
                0.0,
                0.0,
                0.1538289579154777,
                -0.039135755816698335,
                -0.014508417182437082,
                -0.014892439346586154,
                1.6869061048864634e-06,
                -4.254261067190814e-07,
                1.3288137012939279e-08,
                -2.590339946125501e-06,
                3.512850486650145e-06,
                -4.576056599829341e-07,
                -4.965078232475801e-06,
                -3.960197220455498e-06,
                3.3019957748117807e-06,
                9.048257606772806e-06
            ],
            [
                0.0,
                0.0,
                0.0,
                0.0,
                0.0,
                49.19571898715189,
                0.012212107747491237,
                0.00972846416752416,
                -4.870779754244072e-07,
                3.3476180873727707e-07,
                5.1912925965564656e-08,
                1.7945150008699944e-06,
                -2.358482622100794e-06,
                -4.36423501396253e-07,
                3.3874909261660846e-06,
                2.882043883136822e-06,
                8.774460924031765e-07,
                -7.452695631551674e-06
            ],
            [
                0.0,
                0.0,
                0.0,
                0.0,
                0.0,
                0.0,
                18.25371686541283,
                -0.01155276224344331,
                4.03613914932063e-06,
                3.295891061384408e-07,
                -1.2926482752399896e-09,
                1.1782559209152773e-06,
                -4.346474199488477e-06,
                -1.5544867364962542e-06,
                6.612491306226212e-06,
                -2.295096209621579e-07,
                5.7482132003002875e-06,
                -8.835764566239105e-06
            ],
            [
                0.0,
                0.0,
                0.0,
                0.0,
                0.0,
                0.0,
                0.0,
                27.69007222114548,
                -5.228187076483087e-06,
                3.0027297410308017e-07,
                3.376461753730705e-07,
                1.928233345857915e-06,
                5.545468897273745e-07,
                2.46234633924109e-07,
                -9.603407089495265e-07,
                5.980997611507457e-06,
                -1.6873429956767951e-06,
                -5.3948136224455724e-06
            ],
            [
                0.0,
                0.0,
                0.0,
                0.0,
                0.0,
                0.0,
                0.0,
                0.0,
                0.013026415317936762,
                4.391387527240003e-08,
                -2.199556334667711e-06,
                1.50237105028721e-06,
                -2.273952229827162e-06,
                -1.3649015533128263e-06,
                1.1128791000269847e-06,
                -3.4230531206880322e-06,
                2.401102264071886e-06,
                -6.047509619795009e-07
            ],
            [
                0.0,
                0.0,
                0.0,
                0.0,
                0.0,
                0.0,
                0.0,
                0.0,
                0.0,
                0.0005870400318910927,
                -5.712756690988347e-07,
                2.614755216687264e-06,
                -2.4375294634436947e-06,
                -1.1389771025104318e-06,
                2.72900573980852e-06,
                3.2450902622870918e-06,
                2.6437534623165544e-06,
                -8.643017600731728e-06
            ],
            [
                0.0,
                0.0,
                0.0,
                0.0,
                0.0,
                0.0,
                0.0,
                0.0,
                0.0,
                0.0,
                0.00843088632313806,
                -1.0772256679618464e-06,
                1.0354816027640687e-06,
                4.0762622339558706e-07,
                -2.0831975024255818e-07,
                1.1068021573122022e-06,
                2.33961210072859e-07,
                3.1775222011337033e-07
            ],
            [
                0.0,
                0.0,
                0.0,
                0.0,
                0.0,
                0.0,
                0.0,
                0.0,
                0.0,
                0.0,
                0.0,
                0.00746334801332448,
                -1.7757361753902419e-06,
                -5.88690543676201e-07,
                1.1662895355702145e-06,
                7.861345710380901e-07,
                -2.098303858459848e-08,
                -3.7752190702294657e-06
            ],
            [
                0.0,
                0.0,
                0.0,
                0.0,
                0.0,
                0.0,
                0.0,
                0.0,
                0.0,
                0.0,
                0.0,
                0.0,
                0.003851796450791465,
                1.090430911478078e-06,
                -5.782883788609246e-06,
                1.046896034631176e-06,
                -1.4830264514952896e-07,
                7.810223220665157e-06
            ],
            [
                0.0,
                0.0,
                0.0,
                0.0,
                0.0,
                0.0,
                0.0,
                0.0,
                0.0,
                0.0,
                0.0,
                0.0,
                0.0,
                0.004367129031914982,
                -5.420985172059048e-07,
                2.9998594144886946e-07,
                -6.691870040700172e-06,
                3.6329904981385236e-06
            ],
            [
                0.0,
                0.0,
                0.0,
                0.0,
                0.0,
                0.0,
                0.0,
                0.0,
                0.0,
                0.0,
                0.0,
                0.0,
                0.0,
                0.0,
                0.0035045507653188143,
                4.39211552988467e-07,
                8.874630581595719e-07,
                -1.1080559169502307e-05
            ],
            [
                0.0,
                0.0,
                0.0,
                0.0,
                0.0,
                0.0,
                0.0,
                0.0,
                0.0,
                0.0,
                0.0,
                0.0,
                0.0,
                0.0,
                0.0,
                0.005151979986640596,
                3.116584348457179e-07,
                -7.885342157835737e-06
            ],
            [
                0.0,
                0.0,
                0.0,
                0.0,
                0.0,
                0.0,
                0.0,
                0.0,
                0.0,
                0.0,
                0.0,
                0.0,
                0.0,
                0.0,
                0.0,
                0.0,
                0.011774346853814685,
                -3.996072217202509e-06
            ],
            [
                0.0,
                0.0,
                0.0,
                0.0,
                0.0,
                0.0,
                0.0,
                0.0,
                0.0,
                0.0,
                0.0,
                0.0,
                0.0,
                0.0,
                0.0,
                0.0,
                0.0,
                0.0230052265041329
            ]
        ],
        [
            [
                0.0024502877533069643,
                1.1544905362006031e-06,
                -1.1420759262722168e-05,
                1.3020710762680759e-05,
                6.549672736827317e-06,
                -0.0007242050542403208,
                -0.0009661247611944868,
                0.0012157847198247867,
                -4.0608979280213064e-08,
                5.98522327979879e-09,
                -1.635091751846201e-08,
                4.2534916784212315e-08,
                1.880589025178101e-07,
                -1.290305985348426e-07,
                -3.2074144913489996e-07,
                1.826837497074431e-07,
                4.900048248666373e-07,
                -8.471630952532474e-08
            ],
            [
                0.0,
                0.007004840683230158,
                -0.00014653368411477895,
                2.5500322878108866e-05,
                1.1081887620102728e-05,
                -0.0028264082098238504,
                -0.002609081434823367,
                0.0010106371275256348,
                4.906325152506169e-07,
                -1.4275667741326086e-08,
                -3.0115547871338156e-07,
                1.8475599872667884e-07,
                1.3916559192468886e-07,
                -8.486301155333933e-09,
                -5.550810083858226e-07,
                -1.9482815014073287e-07,
                -3.9295447634506716e-07,
                5.899848515261227e-07
            ],
            [
                0.0,
                0.0,
                0.3413913251944014,
                8.805901804626217e-06,
                5.750219654147529e-06,
                -0.0010623468828958168,
                -0.00019534487355539725,
                -0.00039272751351919466,
                -1.5903250988101142e-06,
                -3.644690605493932e-08,
                6.089567011860886e-07,
                -6.420613525650577e-07,
                5.862284023705578e-07,
                2.084119717528646e-07,
                -1.8965217541652581e-07,
                3.471252519475853e-07,
                1.5441871389340903e-07,
                4.940136511134458e-07
            ],
            [
                0.0,
                0.0,
                0.0,
                0.05552505759636858,
                2.4112068713773064e-05,
                -0.005537827881034895,
                -0.004083806957444833,
                0.0008615457060550072,
                -5.317611579692458e-07,
                -5.602658052563068e-08,
                5.987907535074701e-08,
                -2.952900157187394e-07,
                7.302871841558934e-07,
                1.314133421379148e-07,
                -1.0303595448764696e-06,
                -6.444679490922558e-08,
                -3.1452055134840924e-07,
                1.3680023169585914e-06
            ],
            [
                0.0,
                0.0,
                0.0,
                0.0,
                0.030765791583095545,
                -0.007827151163339667,
                -0.0029016834364874165,
                -0.002978487869317231,
                3.373812209772927e-07,
                -8.508522134381629e-08,
                2.657627402587856e-09,
                -5.180679892251002e-07,
                7.02570097330029e-07,
                -9.152113199658682e-08,
                -9.930156464951603e-07,
                -7.920394440910997e-07,
                6.603991549623562e-07,
                1.8096515213545612e-06
            ],
            [
                0.0,
                0.0,
                0.0,
                0.0,
                0.0,
                9.83914379743038,
                0.0024424215494982474,
                0.0019456928335048322,
                -9.741559508488145e-08,
                6.695236174745541e-08,
                1.0382585193112932e-08,
                3.5890300017399893e-07,
                -4.7169652442015885e-07,
                -8.72847002792506e-08,
                6.774981852332169e-07,
                5.764087766273644e-07,
                1.754892184806353e-07,
                -1.4905391263103349e-06
            ],
            [
                0.0,
                0.0,
                0.0,
                0.0,
                0.0,
                0.0,
                3.650743373082566,
                -0.002310552448688662,
                8.07227829864126e-07,
                6.591782122768815e-08,
                -2.5852965504799793e-10,
                2.3565118418305547e-07,
                -8.692948398976955e-07,
                -3.108973472992509e-07,
                1.3224982612452425e-06,
                -4.5901924192431584e-08,
                1.1496426400600577e-06,
                -1.767152913247821e-06
            ],
            [
                0.0,
                0.0,
                0.0,
                0.0,
                0.0,
                0.0,
                0.0,
                5.538014444229097,
                -1.0456374152966175e-06,
                6.005459482061604e-08,
                6.75292350746141e-08,
                3.85646669171583e-07,
                1.109093779454749e-07,
                4.9246926784821806e-08,
                -1.9206814178990532e-07,
                1.1961995223014915e-06,
                -3.3746859913535906e-07,
                -1.0789627244891146e-06
            ],
            [
                0.0,
                0.0,
                0.0,
                0.0,
                0.0,
                0.0,
                0.0,
                0.0,
                0.0026052830635873523,
                8.782775054480005e-09,
                -4.399112669335422e-07,
                3.0047421005744203e-07,
                -4.547904459654324e-07,
                -2.729803106625653e-07,
                2.2257582000539695e-07,
                -6.846106241376065e-07,
                4.802204528143772e-07,
                -1.2095019239590017e-07
            ],
            [
                0.0,
                0.0,
                0.0,
                0.0,
                0.0,
                0.0,
                0.0,
                0.0,
                0.0,
                0.00011740800637821854,
                -1.1425513381976695e-07,
                5.229510433374528e-07,
                -4.87505892688739e-07,
                -2.2779542050208637e-07,
                5.45801147961704e-07,
                6.490180524574184e-07,
                5.287506924633109e-07,
                -1.7286035201463456e-06
            ],
            [
                0.0,
                0.0,
                0.0,
                0.0,
                0.0,
                0.0,
                0.0,
                0.0,
                0.0,
                0.0,
                0.001686177264627612,
                -2.154451335923693e-07,
                2.0709632055281374e-07,
                8.152524467911742e-08,
                -4.166395004851164e-08,
                2.2136043146244044e-07,
                4.67922420145718e-08,
                6.355044402267407e-08
            ],
            [
                0.0,
                0.0,
                0.0,
                0.0,
                0.0,
                0.0,
                0.0,
                0.0,
                0.0,
                0.0,
                0.0,
                0.0014926696026648961,
                -3.551472350780484e-07,
                -1.177381087352402e-07,
                2.3325790711404292e-07,
                1.5722691420761803e-07,
                -4.196607716919696e-09,
                -7.550438140458932e-07
            ],
            [
                0.0,
                0.0,
                0.0,
                0.0,
                0.0,
                0.0,
                0.0,
                0.0,
                0.0,
                0.0,
                0.0,
                0.0,
                0.0007703592901582931,
                2.1808618229561562e-07,
                -1.1565767577218492e-06,
                2.093792069262352e-07,
                -2.9660529029905794e-08,
                1.5620446441330316e-06
            ],
            [
                0.0,
                0.0,
                0.0,
                0.0,
                0.0,
                0.0,
                0.0,
                0.0,
                0.0,
                0.0,
                0.0,
                0.0,
                0.0,
                0.0008734258063829964,
                -1.0841970344118097e-07,
                5.99971882897739e-08,
                -1.3383740081400344e-06,
                7.265980996277047e-07
            ],
            [
                0.0,
                0.0,
                0.0,
                0.0,
                0.0,
                0.0,
                0.0,
                0.0,
                0.0,
                0.0,
                0.0,
                0.0,
                0.0,
                0.0,
                0.000700910153063763,
                8.784231059769341e-08,
                1.774926116319144e-07,
                -2.2161118339004616e-06
            ],
            [
                0.0,
                0.0,
                0.0,
                0.0,
                0.0,
                0.0,
                0.0,
                0.0,
                0.0,
                0.0,
                0.0,
                0.0,
                0.0,
                0.0,
                0.0,
                0.001030395997328119,
                6.233168696914358e-08,
                -1.5770684315671475e-06
            ],
            [
                0.0,
                0.0,
                0.0,
                0.0,
                0.0,
                0.0,
                0.0,
                0.0,
                0.0,
                0.0,
                0.0,
                0.0,
                0.0,
                0.0,
                0.0,
                0.0,
                0.002354869370762937,
                -7.992144434405018e-07
            ],
            [
                0.0,
                0.0,
                0.0,
                0.0,
                0.0,
                0.0,
                0.0,
                0.0,
                0.0,
                0.0,
                0.0,
                0.0,
                0.0,
                0.0,
                0.0,
                0.0,
                0.0,
                0.00460104530082658
            ]
        ]
    ],
    "allnames": [
        "m1_flow_nominal",
        "m2_flow_nominal",
        "tau1",
        "tau2",
        "tau_m",
        "nominalUa.hasValue",
        "workingPressure.hasValue",
        "flowCoefficient.hasValue",
        "waterFlowRateMax",
        "c1",
        "c2",
        "c3",
        "c4",
        "eps_motor",
        "f_motorToAir",
        "kp",
        "Ti",
        "Td"
    ],
    "alpha_count": 1374,
    "cov": [
        [
            0.013019252126656245,
            -0.01040457795771304,
            0.7786479537511131,
            -0.22642929569690834,
            -0.0789844364655062,
            -61.42481368062168,
            -5.279516160178191,
            -21.15261308314682,
            -0.0020787592204873,
            0.00107218384284174,
            -0.0017816816826358845,
            -0.009466990166845043,
            -0.0003007132836291842,
            0.0038857758598481065,
            0.0008574900827067411,
            0.00411027119582144,
            -0.0028911580402797114,
            0.015113662929733736
        ],
        [
            -0.01040457795771304,
            0.09153340585460332,
            -3.5356627347934846,
            -0.02943675542154994,
            0.11514969843493376,
            109.99813728933644,
            27.475604764913854,
            0.22980737255462225,
            -0.02419770787921909,
            -0.00527265436680076,
            0.03365697305232307,
            0.05424508240059266,
            -0.0016418148550166108,
            -0.01328068174598277,
            -0.004399521400617785,
            -0.01205803468903183,
            -0.0048811975629706045,
            -0.06002247350943607
        ],
        [
            0.7786479537511131,
            -3.5356627347934846,
            705.8696697177379,
            -57.65024845011787,
            -17.333051267727377,
            -9745.396795107428,
            -5637.518262209725,
            2019.8227612626556,
            4.798245001908229,
            0.2738321356649539,
            -9.243979397007944,
            -5.352991000855044,
            0.5500137375906896,
            0.9798446488960628,
            0.9162269321275293,
            1.4574810961218876,
            -6.000252782189286,
            4.737509984874764
        ],
        [
            -0.22642929569690834,
            -0.02943675542154994,
            -57.65024845011787,
            13.390413641502823,
            2.116273379099569,
            1609.6877803327939,
            459.16035437492945,
            266.364948894669,
            -0.2681468530263284,
            -0.02209248754713052,
            0.8034604665280222,
            0.41406355109762066,
            -0.05488841037617793,
            -0.10802897410592877,
            -0.08542628481939996,
            -0.18824406678691985,
            0.7988469614046266,
            -0.26411380899732095
        ],
        [
            -0.0789844364655062,
            0.11514969843493376,
            -17.333051267727377,
            2.116273379099569,
            1.2576104120888838,
            513.0392408534652,
            146.8005082720231,
            1.6743084784292508,
            -0.06660255504118286,
            -0.00922475282594566,
            0.16776345702687398,
            0.14667116533469382,
            -0.005336197407822944,
            -0.03784127333921499,
            -0.017136125817809628,
            -0.036561109301859886,
            0.09487906235002956,
            -0.1742237637072352
        ],
        [
            -61.42481368062168,
            109.99813728933644,
            -9745.396795107428,
            1609.6877803327939,
            513.0392408534652,
            551659.9261112133,
            80843.92848058415,
            112889.23198141986,
            -32.08374976729296,
            -13.908953171580876,
            101.02465664320209,
            148.71211288172927,
            -2.748163961369785,
            -39.87771886790603,
            -14.49521180960307,
            -45.738695957323166,
            56.36204886442134,
            -149.34627143230145
        ],
        [
            -5.279516160178191,
            27.475604764913854,
            -5637.518262209725,
            459.16035437492945,
            146.8005082720231,
            80843.92848058415,
            56501.467884543024,
            -28037.082492048332,
            -38.89869116018734,
            -2.3350879584935704,
            80.25274978603994,
            46.83680432361454,
            -4.128213417406446,
            -7.65556223674185,
            -8.411575033453902,
            -8.86742796249528,
            47.41824778255198,
            -40.77306404000016
        ],
        [
            -21.15261308314682,
            0.22980737255462225,
            2019.8227612626556,
            266.364948894669,
            1.6743084784292508,
            112889.23198141986,
            -28037.082492048332,
            125345.47970080472,
            28.575337091775292,
            -2.9573954108258254,
            -51.94883802811929,
            6.302709731063079,
            1.6010107765136508,
            -7.066181329372768,
            4.528970171000257,
            -14.703862039489874,
            -14.106937473013181,
            5.428524829634742
        ],
        [
            -0.0020787592204873,
            -0.02419770787921909,
            4.798245001908229,
            -0.2681468530263284,
            -0.06660255504118286,
            -32.08374976729296,
            -38.89869116018734,
            28.575337091775292,
            0.04190786707123958,
            0.0015944735777450466,
            -0.07005243016978821,
            -0.03607500263056229,
            0.0045645063631967395,
            0.004735276460139372,
            0.006628777379109146,
            0.008890772901183053,
            -0.04404628847305886,
            0.027284942766722255
        ],
        [
            0.00107218384284174,
            -0.00527265436680076,
            0.2738321356649539,
            -0.02209248754713052,
            -0.00922475282594566,
            -13.908953171580876,
            -2.3350879584935704,
            -2.9573954108258254,
            0.0015944735777450466,
            0.0005887153596133144,
            -0.0032899135890484205,
            -0.005785139989964843,
            0.00015803334146841295,
            0.0013528190593648645,
            0.0004960898347417281,
            0.0015777858787550548,
            -0.0010887926619065997,
            0.004701644214697051
        ],
        [
            -0.0017816816826358845,
            0.03365697305232307,
            -9.243979397007944,
            0.8034604665280222,
            0.16776345702687398,
            101.02465664320209,
            80.25274978603994,
            -51.94883802811929,
            -0.07005243016978821,
            -0.0032899135890484205,
            0.14414378347716159,
            0.07212559354098513,
            -0.007369649864277091,
            -0.010681311642208561,
            -0.014894237914743676,
            -0.016024533714363638,
            0.09408678366012432,
            -0.05588655115041395
        ],
        [
            -0.009466990166845043,
            0.05424508240059266,
            -5.352991000855044,
            0.41406355109762066,
            0.14667116533469382,
            148.71211288172927,
            46.83680432361454,
            6.302709731063079,
            -0.03607500263056229,
            -0.005785139989964843,
            0.07212559354098513,
            0.07250250238397785,
            -0.004028466305831014,
            -0.014441905307649312,
            -0.008460585166252883,
            -0.017955415375933516,
            0.03707541113536927,
            -0.05779039431475198
        ],
        [
            -0.0003007132836291842,
            -0.0016418148550166108,
            0.5500137375906896,
            -0.05488841037617793,
            -0.005336197407822944,
            -2.748163961369785,
            -4.128213417406446,
            1.6010107765136508,
            0.0045645063631967395,
            0.00015803334146841295,
            -0.007369649864277091,
            -0.004028466305831014,
            0.0010180633884832374,
            0.0006007343731070477,
            0.0005830074350422017,
            0.001576883216906006,
            -0.0062975050697132075,
            0.0011270266367781514
        ],
        [
            0.0038857758598481065,
            -0.01328068174598277,
            0.9798446488960628,
            -0.10802897410592877,
            -0.03784127333921499,
            -39.87771886790603,
            -7.65556223674185,
            -7.066181329372768,
            0.004735276460139372,
            0.0013528190593648645,
            -0.010681311642208561,
            -0.014441905307649312,
            0.0006007343731070477,
            0.003944519776979669,
            0.0012800887023053475,
            0.004551241611511254,
            -0.00520077092805533,
            0.013357183951329463
        ],
        [
            0.0008574900827067411,
            -0.004399521400617785,
            0.9162269321275293,
            -0.08542628481939996,
            -0.017136125817809628,
            -14.49521180960307,
            -8.411575033453902,
            4.528970171000257,
            0.006628777379109146,
            0.0004960898347417281,
            -0.014894237914743676,
            -0.008460585166252883,
            0.0005830074350422017,
            0.0012800887023053475,
            0.0019324282574082574,
            0.0016138238911076843,
            -0.009401295971006874,
            0.006988812987444294
        ],
        [
            0.00411027119582144,
            -0.01205803468903183,
            1.4574810961218876,
            -0.18824406678691985,
            -0.036561109301859886,
            -45.738695957323166,
            -8.86742796249528,
