6.263563389165065394e-03 2.793137319421107288e-05 -6.741341807912505212e-04 -1.143099108982241377e-04 -7.683569107630337704e-04 3.409647235252809272e-02 1.272987092438299258e-04 1.254022101396299813e-03 7.720617980005956159e-06 8.582092799847448196e-08 4.547064420558923267e-08 3.802504856792427012e-07 -5.115878442829500240e-08 -2.105834672883941360e-06 6.292961932425559687e-08 -4.661239735563849865e-05 2.551220762380617497e-04 -1.487962218673730113e-05
2.793137319421107288e-05 1.423054049975590041e-01 -3.679031853784296008e-03 -6.238369383736040892e-04 -4.193244654134868285e-03 1.860786939172726362e-01 6.947222372020604502e-04 6.843722493007860230e-03 4.213463771559932861e-05 4.683606570091513910e-07 2.481523014425771411e-07 2.075185755436538913e-06 -2.791948589399046512e-07 -1.149241955251411687e-05 3.434332224019771539e-07 -2.543833253661222896e-04 1.392307750931351352e-03 -8.120431444824401763e-05
-6.741341807912505212e-04 -3.679031853784296008e-03 1.143196582792081415e+02 1.505653876999404547e-02 1.012055343687281589e-01 -4.491079153696068360e+00 -1.676738207596399285e-02 -1.651758123135421419e-01 -1.016935303604359162e-03 -1.130406033503410378e-05 -5.989248981110837532e-06 -5.008538747822195865e-05 6.738472763365246885e-06 2.773738615167389994e-04 -8.288889788219937368e-06 6.139637083370713851e-03 -3.360387040612616144e-02 1.959896622935380396e-03
-1.143099108982241377e-04 -6.238369383736040892e-04 1.505653876999404547e-02 6.723843303318282949e+00 1.716096875924293802e-02 -7.615321586176014845e-01 -2.843169810571339207e-03 -2.800812201206199017e-02 -1.724371605187439971e-04 -1.916778834992829017e-06 -1.015570099968064343e-06 -8.492754622260345908e-06 1.142612617960268126e-06 4.703304223242304555e-05 -1.405509882356819180e-06 1.041070736279521569e-03 -5.698057658864236902e-03 3.323308841490825449e-04
-7.683569107630337704e-04 -4.193244654134868285e-03 1.012055343687281589e-01 1.716096875924293802e-02 1.351319997424020158e+01 -5.118790595183773995e+00 -1.911093408488740916e-02 -1.882621894843626020e-01 -1.159070835729168920e-03 -1.288401200471880713e-05 -6.826357387064415254e-06 -5.708574745752697746e-05 7.680299061001658338e-06 3.161419928466875488e-04 -9.447415563258723865e-06 6.997765010294984024e-03 -3.830063330215217193e-02 2.233828453626269996e-03
3.409647235252809272e-02 1.860786939172726362e-01 -4.491079153696068360e+00 -7.615321586176014845e-01 -5.118790595183773995e+00 1.442221145186880312e+05 8.480634800424313724e-01 8.354290107712268210e+00 5.143472538799033489e-02 5.717386711239168771e-04 3.029252456197413469e-04 2.533227179509626656e-03 -3.408196125060339744e-04 -1.402906197312075824e-02 4.192368664135560485e-04 -3.105316004330139767e-01 1.699622227871001368e+00 -9.912798211669716919e-02
1.272987092438299258e-04 6.947222372020604502e-04 -1.676738207596399285e-02 -2.843169810571339207e-03 -1.911093408488740916e-02 8.480634800424313724e-01 8.278243609746342102e+00 3.119062688845627984e-02 1.920308378094294608e-04 2.134578442788987268e-06 1.130967226347215710e-06 9.457768734514059828e-06 -1.272445322449421454e-06 -5.237730937721349421e-05 1.565215058323082773e-06 -1.159365447129970510e-03 6.345516145281200962e-03 -3.700929539845894379e-04
1.254022101396299813e-03 6.843722493007860230e-03 -1.651758123135421419e-01 -2.800812201206199017e-02 -1.882621894843626020e-01 8.354290107712268210e+00 3.119062688845627984e-02 5.660630232202437583e+03 1.891699579619616350e-03 2.102777443952151459e-05 1.114118050543409174e-05 9.316866677931699475e-05 -1.253488402709202909e-05 -5.159699101495877687e-04 1.541896448310281297e-05 -1.142093193978441397e-02 6.250980499502097054e-02 -3.645793006265017622e-03
7.720617980005956159e-06 4.213463771559932861e-05 -1.016935303604359162e-03 -1.724371605187439971e-04 -1.159070835729168920e-03 5.143472538799033489e-02 1.920308378094294608e-04 1.891699579619616350e-03 5.252123734952400189e-03 1.294613653431726698e-07 6.859272929318411670e-08 5.736100528919279592e-07 -7.717332165764790652e-08 -3.176663761354276350e-06 9.492969405305256409e-08 -7.031507051155073387e-05 3.848531248642704495e-04 -2.244599597105052192e-05
8.582092799847448196e-08 4.683606570091513910e-07 -1.130406033503410378e-05 -1.916778834992829017e-06 -1.288401200471880713e-05 5.717386711239168771e-04 2.134578442788987268e-06 2.102777443952151459e-05 1.294613653431726698e-07 1.997012150305133379e-06 7.624637946254997902e-10 6.376140766959859977e-09 -8.578440350935481209e-10 -3.531119304757233790e-08 1.055220509464702887e-09 -7.816090135798679977e-07 4.277954485573312045e-06 -2.495054423200574327e-07
4.547064420558923267e-08 2.481523014425771411e-07 -5.989248981110837532e-06 -1.015570099968064343e-06 -6.826357387064415254e-06 3.029252456197413469e-04 1.130967226347215710e-06 1.114118050543409174e-05 6.859272929318411670e-08 7.624637946254997902e-10 5.075367129273816811e-04 3.378281206937523691e-09 -4.545129237511754613e-10 -1.870898780737467421e-08 5.590892275735241572e-10 -4.141211962308715378e-07 2.266595699648766035e-06 -1.321958811176589576e-07
3.802504856792427012e-07 2.075185755436538913e-06 -5.008538747822195865e-05 -8.492754622260345908e-06 -5.708574745752697746e-05 2.533227179509626656e-03 9.457768734514059828e-06 9.316866677931699475e-05 5.736100528919279592e-07 6.376140766959859977e-09 3.378281206937523691e-09 3.325707794544022629e-05 -3.800886550506205407e-09 -1.564548254068233675e-07 4.675411004991505598e-09 -3.463108753966185729e-06 1.895451737461825706e-05 -1.105494520211930257e-06
-5.115878442829500240e-08 -2.791948589399046512e-07 6.738472763365246885e-06 1.142612617960268126e-06 7.680299061001658338e-06 -3.408196125060339744e-04 -1.272445322449421454e-06 -1.253488402709202909e-05 -7.717332165764790652e-08 -8.578440350935481209e-10 -4.545129237511754613e-10 -3.800886550506205407e-09 3.518700232406196844e-07 2.104938451677863798e-08 -6.290283713662473167e-10 4.659255960697088027e-07 -2.550134989514365123e-06 1.487328957520141168e-07
-2.105834672883941360e-06 -1.149241955251411687e-05 2.773738615167389994e-04 4.703304223242304555e-05 3.161419928466875488e-04 -1.402906197312075824e-02 -5.237730937721349421e-05 -5.159699101495877687e-04 -3.176663761354276350e-06 -3.531119304757233790e-08 -1.870898780737467421e-08 -1.564548254068233675e-07 2.104938451677863798e-08 5.409200806157531865e-04 -2.589251815604381176e-08 1.917876443219490717e-05 -1.049704902386956599e-04 6.122250408666766883e-06
6.292961932425559687e-08 3.434332224019771539e-07 -8.288889788219937368e-06 -1.405509882356819180e-06 -9.447415563258723865e-06 4.192368664135560485e-04 1.565215058323082773e-06 1.541896448310281297e-05 9.492969405305256409e-08 1.055220509464702887e-09 5.590892275735241572e-10 4.675411004991505598e-09 -6.290283713662473167e-10 -2.589251815604381176e-08 9.926969202087075545e-08 -5.731277770133453552e-07 3.136881102805200362e-06 -1.829540051677177678e-07
-4.661239735563849865e-05 -2.543833253661222896e-04 6.139637083370713851e-03 1.041070736279521569e-03 6.997765010294984024e-03 -3.105316004330139767e-01 -1.159365447129970510e-03 -1.142093193978441397e-02 -7.031507051155073387e-05 -7.816090135798679977e-07 -4.141211962308715378e-07 -3.463108753966185729e-06 4.659255960697088027e-07 1.917876443219490717e-05 -5.731277770133453552e-07 9.386702384967030577e-01 -2.323509183615725133e-03 1.355152768800588442e-04
2.551220762380617497e-04 1.392307750931351352e-03 -3.360387040612616144e-02 -5.698057658864236902e-03 -3.830063330215217193e-02 1.699622227871001368e+00 6.345516145281200962e-03 6.250980499502097054e-02 3.848531248642704495e-04 4.277954485573312045e-06 2.266595699648766035e-06 1.895451737461825706e-05 -2.550134989514365123e-06 -1.049704902386956599e-04 3.136881102805200362e-06 -2.323509183615725133e-03 7.984814662881724701e+00 -7.417112347995179775e-04
-1.487962218673730113e-05 -8.120431444824401763e-05 1.959896622935380396e-03 3.323308841490825449e-04 2.233828453626269996e-03 -9.912798211669716919e-02 -3.700929539845894379e-04 -3.645793006265017622e-03 -2.244599597105052192e-05 -2.495054423200574327e-07 -1.321958811176589576e-07 -1.105494520211930257e-06 1.487328957520141168e-07 6.122250408666766883e-06 -1.829540051677177678e-07 1.355152768800588442e-04 -7.417112347995179775e-04 6.561559910584084943e-01
2.007696303817262801e-03 1.490477561746042336e-05 6.716665688653194501e-05 -1.626160350152047415e-04 -2.321199843318336035e-04 1.101614832417995710e-02 -1.371980040052337227e-04 2.341713119917512159e-03 2.947481507562023395e-06 8.313856371363042350e-08 -1.017693833819309331e-06 1.972114758562984362e-07 2.760068716416588289e-09 -2.536877768997389666e-08 3.239260302909829502e-08 -1.383170985490872873e-05 -7.076225528582402626e-05 1.171069208519100883e-05
1.490477561746042336e-05 4.554833798308292186e-02 -6.743349235448245580e-04 -4.237113704073286252e-04 -1.317384364064084221e-03 5.973235651699694559e-02 -9.404070081001599034e-05 5.639914857452967348e-03 1.433094557232168703e-05 2.488626868975454615e-07 -1.755840033086389571e-06 7.983481407445420414e-07 -5.532916754594039108e-08 -2.524595666258701322e-06 1.316872714579633285e-07 -7.947494060843394710e-05 1.745810175159144876e-04 3.300833696089072778e-06
6.716665688653194501e-05 -6.743349235448245580e-04 3.660613631769034981e+01 -5.805957762483680840e-03 3.354515877380404715e-02 -1.428271179834867510e+00 -2.036415350350096951e-02 1.107084551780410653e-01 -2.852212409261346187e-04 1.075797498243877688e-06 -8.892774362270480586e-05 -9.660547518239053749e-06 3.768914298778684606e-06 1.434236321394497524e-04 -1.619421079161813179e-06 2.056079380792675756e-03 -2.359963299572406803e-02 2.015658890346855737e-03
-1.626160350152047415e-04 -4.237113704073286252e-04 -5.805957762483680840e-03 2.156363230031893785e+00 4.974963613154660506e-03 -2.476440238431922292e-01 5.772564342173712101e-03 -8.183620083292633685e-02 -7.308948231952267730e-05 -2.704302271716134562e-06 3.844143712058557767e-05 -5.554295312175286117e-06 -3.528330393859112576e-07 -9.304082114814384607e-06 -9.100100699951360950e-07 2.924228489731055475e-04 3.900123919743887085e-03 -5.122741593551919737e-04
-2.321199843318336035e-04 -1.317384364064084221e-03 3.354515877380404715e-02 4.974963613154660506e-03 4.324280361743870316e+00 -1.637581525082105527e+00 -6.844737571664030393e-03 -5.229130612061430594e-02 -3.689482187540428938e-04 -3.894703234931688636e-06 -6.414959655699359811e-06 -1.795788347550190083e-05 2.536101227740484735e-06 1.038232273082892416e-04 -2.972946877194378871e-06 2.243728496811400134e-03 -1.288080048687523065e-02 7.823342474831021347e-04
1.101614832417995710e-02 5.973235651699694559e-02 -1.428271179834867510e+00 -2.476440238431922292e-01 -1.637581525082105527e+00 4.615107994848884846e+04 2.657985980270990978e-01 2.734243332584346042e+00 1.647407180359690068e-02 1.847029075619748939e-04 6.455492533536126478e-05 8.130020890024763480e-04 -1.084621468806486546e-04 -4.468956662086197122e-03 1.345402363062183769e-04 -9.933609935979549610e-02 5.390983359059939861e-01 -3.120422792933636932e-02
-1.371980040052337227e-04 -9.404070081001599034e-05 -2.036415350350096951e-02 5.772564342173712101e-03 -6.844737571664030393e-03 2.657985980270990978e-01 2.658471858833227675e+00 -9.289891317502982360e-02 3.616585402688427648e-05 -2.268827024637070816e-06 5.509072492966066896e-05 -9.781271900477584261e-07 -1.421487201921405950e-06 -5.114362676449635655e-05 -1.488885833703826528e-07 -4.284834407352345058e-04 1.011076726910493766e-02 -9.917717381197580385e-04
2.341713119917512159e-03 5.639914857452967348e-03 1.107084551780410653e-01 -8.183620083292633685e-02 -5.229130612061430594e-02 2.734243332584346042e+00 -9.289891317502982360e-02 1.812523614593728325e+03 8.810745986387928620e-04 3.892027079810977296e-05 -5.932710823727301973e-04 7.348563588307809112e-05 7.050173235934140401e-06 2.098466598721972448e-04 1.201989307402408874e-05 -3.027788502216834966e-03 -6.811420181941596486e-02 8.357436333022409333e-03
2.947481507562023395e-06 1.433094557232168703e-05 -2.852212409261346187e-04 -7.308948231952267730e-05 -3.689482187540428938e-04 1.647407180359690068e-02 3.616585402688427648e-05 8.810745986387928620e-04 1.680747359430296954e-03 4.933906830884779140e-08 -1.247302357128686571e-07 1.942880693257222429e-07 -2.197700246564815001e-08 -9.243820654087537972e-07 3.211893128619167308e-08 -2.234675172943341383e-05 1.014970715251153736e-04 -4.842055512831156334e-06
8.313856371363042350e-08 2.488626868975454615e-07 1.075797498243877688e-06 -2.704302271716134562e-06 -3.894703234931688636e-06 1.847029075619748939e-04 -2.268827024637070816e-06 3.892027079810977296e-05 4.933906830884779140e-08 6.399675425453967953e-07 -1.688079515404338205e-08 3.293418552007714936e-09 4.286839222151840461e-11 -5.410899840146374065e-10 5.409812832940211159e-10 -2.321272150909868336e-07 -1.159370062416116898e-06 1.934291577923648501e-07
-1.017693833819309331e-06 -1.755840033086389571e-06 -8.892774362270480586e-05 3.844143712058557767e-05 -6.414959655699359811e-06 6.455492533536126478e-05 5.509072492966066896e-05 -5.932710823727301973e-04 -1.247302357128686571e-07 -1.688079515404338205e-08 1.627292458903593366e-04 -2.215087419484124234e-08 -6.029720286237635559e-09 -2.054519941346877516e-07 -3.590522851019811749e-09 -4.660146519819143800e-07 4.760090982393310334e-05 -5.108813234695925284e-06
1.972114758562984362e-07 7.983481407445420414e-07 -9.660547518239053749e-06 -5.554295312175286117e-06 -1.795788347550190083e-05 8.130020890024763480e-04 -9.781271900477584261e-07 7.348563588307809112e-05 1.942880693257222429e-07 3.293418552007714936e-09 -2.215087419484124234e-08 1.064396486732786507e-05 -7.857198391166262814e-10 -3.547029598595281325e-08 1.771948101675856425e-09 -1.083792264054683811e-06 2.635467381389708586e-06 1.696812148344819948e-08
2.760068716416588289e-09 -5.532916754594039108e-08 3.768914298778684606e-06 -3.528330393859112576e-07 2.536101227740484735e-06 -1.084621468806486546e-04 -1.421487201921405950e-06 7.050173235934140401e-06 -2.197700246564815001e-08 4.286839222151840461e-11 -6.029720286237635559e-09 -7.857198391166262814e-10 1.127074624001426653e-07 1.043254679756085710e-08 -1.314291347594824804e-10 1.552769645183916776e-07 -1.684802006099439997e-06 1.414936074204594656e-07
-2.536877768997389666e-08 -2.524595666258701322e-06 1.434236321394497524e-04 -9.304082114814384607e-06 1.038232273082892416e-04 -4.468956662086197122e-03 -5.114362676449635655e-05 2.098466598721972448e-04 -9.243820654087537972e-07 -5.410899840146374065e-10 -2.054519941346877516e-07 -3.547029598595281325e-08 1.043254679756085710e-08 1.732197379696862375e-04 -5.917494315036907449e-09 6.346720409071145227e-06 -6.303973193833875912e-05 5.142109975534491919e-06
3.239260302909829502e-08 1.316872714579633285e-07 -1.619421079161813179e-06 -9.100100699951360950e-07 -2.972946877194378871e-06 1.345402363062183769e-04 -1.488885833703826528e-07 1.201989307402408874e-05 3.211893128619167308e-08 5.409812832940211159e-10 -3.590522851019811749e-09 1.771948101675856425e-09 -1.314291347594824804e-10 -5.917494315036907449e-09 3.181105330065965823e-08 -1.794415226704110528e-07 4.472803596053456988e-07 1.605896642937815419e-09
-1.383170985490872873e-05 -7.947494060843394710e-05 2.056079380792675756e-03 2.924228489731055475e-04 2.243728496811400134e-03 -9.933609935979549610e-02 -4.284834407352345058e-04 -3.027788502216834966e-03 -2.234675172943341383e-05 -2.321272150909868336e-07 -4.660146519819143800e-07 -1.083792264054683811e-06 1.552769645183916776e-07 6.346720409071145227e-06 -1.794415226704110528e-07 3.003748266190447436e-01 -7.927605113754633429e-04 4.868669110696700479e-05
-7.076225528582402626e-05 1.745810175159144876e-04 -2.359963299572406803e-02 3.900123919743887085e-03 -1.288080048687523065e-02 5.390983359059939861e-01 1.011076726910493766e-02 -6.811420181941596486e-02 1.014970715251153736e-04 -1.159370062416116898e-06 4.760090982393310334e-05 2.635467381389708586e-06 -1.684802006099439997e-06 -6.303973193833875912e-05 4.472803596053456988e-07 -7.927605113754633429e-04 2.562061439672231433e+00 -9.853708971031775038e-04
1.171069208519100883e-05 3.300833696089072778e-06 2.015658890346855737e-03 -5.122741593551919737e-04 7.823342474831021347e-04 -3.120422792933636932e-02 -9.917717381197580385e-04 8.357436333022409333e-03 -4.842055512831156334e-06 1.934291577923648501e-07 -5.108813234695925284e-06 1.696812148344819948e-08 1.414936074204594656e-07 5.142109975534491919e-06 1.605896642937815419e-09 4.868669110696700479e-05 -9.853708971031775038e-04 2.100507666215301050e-01
6.426412135051025971e-04 4.711449165379009816e-06 1.255386811962498185e-05 -6.065871962472717949e-05 -6.764964641850638495e-05 4.301524799805507560e-03 -3.715768731717281807e-05 1.561322695058260375e-04 1.435547628490973369e-06 2.468662908717282474e-08 -3.764340684997107694e-07 5.223844182301225020e-08 -4.151345822793694088e-10 9.674705567577953517e-08 1.094875458534436182e-08 -1.210457389730987068e-05 -1.191990246388381550e-05 2.118576546072468936e-06
4.711449165379009816e-06 1.457548706290634141e-02 -2.128768273146924470e-04 -1.327807778632991492e-04 -4.237210644481135169e-04 1.886160171962652718e-02 -3.228915866061751023e-05 1.997901256549153293e-03 4.425611029493266794e-06 8.026039353319669365e-08 -5.453393684674453710e-07 2.590100123050649296e-07 -1.728263818841030341e-08 -8.420106823711136615e-07 4.195008468800300316e-08 -2.293217783056901963e-05 5.237459357940751990e-05 1.586556622549908575e-06
1.255386811962498185e-05 -2.128768273146924470e-04 1.171441157932431665e+01 -1.425877513224225145e-03 1.040228331344715887e-02 -4.959501494686130996e-01 -6.854555762861143202e-03 6.515283670296845298e-02 -1.159427003937085613e-04 4.403519741088264321e-07 -2.591268403099452762e-05 -2.546716586550395584e-06 1.271113400363957249e-06 4.064075960845425252e-05 -5.474350489858489619e-07 1.042712412488560562e-03 -8.089264623720964290e-03 7.266324859098651379e-04
-6.065871962472717949e-05 -1.327807778632991492e-04 -1.425877513224225145e-03 6.904529002884036704e-01 1.271632232512012652e-03 -1.167661148638386853e-01 1.521213660596326331e-03 2.481530808103128271e-03 -4.718324231351454166e-05 -7.726970073087015541e-07 1.475498614350025300e-05 -1.252083112041190986e-06 -5.015921174244938935e-08 -8.045256168522009572e-06 -3.193844965332508582e-07 4.646605930942921975e-04 7.297660774689940753e-04 -8.520843130555720210e-05
-6.764964641850638495e-05 -4.237210644481135169e-04 1.040228331344715887e-02 1.271632232512012652e-03 1.384016023061599432e+00 -4.951786396588869765e-01 -1.939664071371396438e-03 -3.877560112895089839e-02 -9.976883440859610241e-05 -1.317562270956693674e-06 -3.939346001236304431e-06 -6.150395451763489379e-06 7.633087910975940565e-07 3.711994970863811527e-05 -9.296756963193843625e-07 4.326824653125631000e-04 -3.723379093001496012e-03 1.898232575697018020e-04
4.301524799805507560e-03 1.886160171962652718e-02 -4.959501494686130996e-01 -1.167661148638386853e-01 -4.951786396588869765e-01 1.477172418928766820e+04 1.144118437981328645e-01 -1.706640410231288429e+00 7.414361331706285224e-03 5.075930119890645977e-05 -2.002957208604624602e-04 2.128591965623504378e-04 -4.035816529752711275e-05 -9.737070613922315558e-04 4.559054476302778082e-05 -6.520306254670428514e-02 2.191809991216979447e-01 -1.707387338475661182e-02
-3.715768731717281807e-05 -3.228915866061751023e-05 -6.854555762861143202e-03 1.521213660596326331e-03 -1.939664071371396438e-03 1.144118437981328645e-01 8.509660680620305673e-01 -5.215884397863022881e-02 3.019036973916634398e-05 -7.985387997280574157e-07 1.570919579706017341e-05 -7.239974065576753602e-07 -5.039704818422251123e-07 -1.240071240228930538e-05 -2.559484976914505174e-08 -4.274579880956537567e-04 3.640951379975254729e-03 -3.789582436212487570e-04
1.561322695058260375e-04 1.997901256549153293e-03 6.515283670296845298e-02 2.481530808103128271e-03 -3.877560112895089839e-02 -1.706640410231288429e+00 -5.215884397863022881e-02 5.819801601973941843e+02 -1.355264932929463838e-03 1.883139579281875285e-05 -2.101596547041857609e-05 5.965853667306833454e-05 6.573442457991710189e-06 -2.815537919267968505e-04 1.907328578658898297e-06 2.456395489817672292e-02 -5.745681115094220665e-02 8.090729863922738532e-03
1.435547628490973369e-06 4.425611029493266794e-06 -1.159427003937085613e-04 -4.718324231351454166e-05 -9.976883440859610241e-05 7.414361331706285224e-03 3.019036973916634398e-05 -1.355264932929463838e-03 5.391979950645053431e-04 1.049583577554461770e-08 -1.800387624520585709e-07 3.217433666713631997e-08 -1.061595793685085035e-08 -6.386554796989424788e-09 1.188740765544865284e-08 -2.834254907583827075e-05 6.207614186814095305e-05 -6.044885341742029245e-06
2.468662908717282474e-08 8.026039353319669365e-08 4.403519741088264321e-07 -7.726970073087015541e-07 -1.317562270956693674e-06 5.075930119890645977e-05 -7.985387997280574157e-07 1.883139579281875285e-05 1.049583577554461770e-08 2.048102284869947627e-07 -4.856068874862231224e-09 1.170735193943256326e-09 2.767486387531238073e-11 -1.300419583981833574e-09 1.668456126213388605e-10 8.260280514582976745e-09 -4.862786963015149486e-07 7.940696830992286434e-08
-3.764340684997107694e-07 -5.453393684674453710e-07 -2.591268403099452762e-05 1.475498614350025300e-05 -3.939346001236304431e-06 -2.002957208604624602e-04 1.570919579706017341e-05 -2.101596547041857609e-05 -1.800387624520585709e-07 -4.856068874862231224e-09 5.208780853871459581e-05 -3.994868767687354774e-09 -1.559994868065143368e-09 -9.558950551811508719e-08 -1.314925225789501145e-09 2.036175334609570411e-06 1.218020765710245627e-05 -1.171246776251053327e-06
5.223844182301225020e-08 2.590100123050649296e-07 -2.546716586550395584e-06 -1.252083112041190986e-06 -6.150395451763489379e-06 2.128591965623504378e-04 -7.239974065576753602e-07 5.965853667306833454e-05 3.217433666713631997e-08 1.170735193943256326e-09 -3.994868767687354774e-09 3.406730992027759928e-06 -1.723247948562615113e-10 -1.773965557605001911e-08 5.314952800751788681e-10 1.210134285346202407e-07 1.899624285948292393e-07 1.046711645702051207e-07
-4.151345822793694088e-10 -1.728263818841030341e-08 1.271113400363957249e-06 -5.015921174244938935e-08 7.633087910975940565e-07 -4.035816529752711275e-05 -5.039704818422251123e-07 6.573442457991710189e-06 -1.061595793685085035e-08 2.767486387531238073e-11 -1.559994868065143368e-09 -1.723247948562615113e-10 3.607583732289221120e-08 2.575213842695649667e-09 -4.630124439197364562e-11 1.055717200521675192e-07 -6.171853577549938463e-07 5.713258197670068315e-08
9.674705567577953517e-08 -8.420106823711136615e-07 4.064075960845425252e-05 -8.045256168522009572e-06 3.711994970863811527e-05 -9.737070613922315558e-04 -1.240071240228930538e-05 -2.815537919267968505e-04 -6.386554796989424788e-09 -1.300419583981833574e-09 -9.558950551811508719e-08 -1.773965557605001911e-08 2.575213842695649667e-09 5.549195802724716788e-05 -1.550827105813450177e-09 -2.482589212578554841e-06 -1.386891155222741975e-05 6.880060994630386225e-07
1.094875458534436182e-08 4.195008468800300316e-08 -5.474350489858489619e-07 -3.193844965332508582e-07 -9.296756963193843625e-07 4.559054476302778082e-05 -2.559484976914505174e-08 1.907328578658898297e-06 1.188740765544865284e-08 1.668456126213388605e-10 -1.314925225789501145e-09 5.314952800751788681e-10 -4.630124439197364562e-11 -1.550827105813450177e-09 1.018144309826681105e-08 -8.251966106356802429e-08 1.781831774940640296e-07 -4.810297321023433223e-09
-1.210457389730987068e-05 -2.293217783056901963e-05 1.042712412488560562e-03 4.646605930942921975e-04 4.326824653125631000e-04 -6.520306254670428514e-02 -4.274579880956537567e-04 2.456395489817672292e-02 -2.834254907583827075e-05 8.260280514582976745e-09 2.036175334609570411e-06 1.210134285346202407e-07 1.055717200521675192e-07 -2.482589212578554841e-06 -8.251966106356802429e-08 9.645043479556121568e-02 -7.152602215522436795e-04 8.568751556168014794e-05
-1.191990246388381550e-05 5.237459357940751990e-05 -8.089264623720964290e-03 7.297660774689940753e-04 -3.723379093001496012e-03 2.191809991216979447e-01 3.640951379975254729e-03 -5.745681115094220665e-02 6.207614186814095305e-05 -4.862786963015149486e-07 1.218020765710245627e-05 1.899624285948292393e-07 -6.171853577549938463e-07 -1.386891155222741975e-05 1.781831774940640296e-07 -7.152602215522436795e-04 8.205043186783774756e-01 -4.132342036026723816e-04
2.118576546072468936e-06 1.586556622549908575e-06 7.266324859098651379e-04 -8.520843130555720210e-05 1.898232575697018020e-04 -1.707387338475661182e-02 -3.789582436212487570e-04 8.090729863922738532e-03 -6.044885341742029245e-06 7.940696830992286434e-08 -1.171246776251053327e-06 1.046711645702051207e-07 5.713258197670068315e-08 6.880060994630386225e-07 -4.810297321023433223e-09 8.568751556168014794e-05 -4.132342036026723816e-04 6.723111746602218608e-02
2.056533207885979193e-04 1.404716596967524372e-06 5.074899935951531167e-06 -1.940939307406698179e-05 -2.137052627750452683e-05 1.395943421768143598e-03 -1.154140879923016298e-05 5.415865566837343488e-05 4.528533743415593577e-07 8.471174238080178821e-09 -1.208970002297065214e-07 1.676588040444783053e-08 -1.046104302441324742e-10 3.142647000326337035e-08 3.400554246475016057e-09 -4.066892827496708062e-06 -4.797338863397161732e-06 5.724660193633249378e-07
1.404716596967524372e-06 4.665459045602108300e-03 -8.150930040931082549e-05 -4.250753584210144851e-05 -1.391017880203572010e-04 5.789429773673684596e-03 -1.475109349680598003e-05 5.862079777728561097e-04 1.498754426817543719e-06 1.844942719516970114e-08 -1.689628063983999483e-07 8.225559385990562274e-08 -5.887835038831053214e-09 -2.753602878854933063e-07 1.472847952505344150e-08 -4.889718852755814432e-06 2.920307498751275222e-05 1.842927268222333220e-06
5.074899935951531167e-06 -8.150930040931082549e-05 3.748749258871827195e+00 -4.560990916311486441e-04 3.364802590434335609e-03 -1.561737786236847003e-01 -2.148062249043446951e-03 2.139465834813894518e-02 -3.794986081526267050e-05 2.152325312375810140e-07 -8.349035450270859618e-06 -8.085013437943565719e-07 4.104280632816416490e-07 1.306583203026001693e-05 -1.885809478112963685e-07 3.085116791687016668e-04 -2.716404145180375054e-03 2.188044682954575480e-04
-1.940939307406698179e-05 -4.250753584210144851e-05 -4.560990916311486441e-04 2.209449283323373647e-01 4.069699665886492078e-04 -3.736181418908072344e-02 4.868483404381651375e-04 7.948108127672310827e-04 -1.509975803554743249e-05 -2.471648633510267680e-07 4.721520298043546141e-06 -4.006580778846014540e-07 -1.604609722399446951e-08 -2.574401669753309059e-06 -1.022207430116596137e-07 1.486581575148149920e-04 2.333562647268961048e-04 -2.728481984268465147e-05
-2.137052627750452683e-05 -1.391017880203572010e-04 3.364802590434335609e-03 4.069699665886492078e-04 4.428945868573440636e-01 -1.577936286706474733e-01 -6.087879938585609441e-04 -1.226507510624562369e-02 -3.214845751504291144e-05 -4.021303284339519596e-07 -1.275532213580273865e-06 -1.966435635037715538e-06 2.452216968926587272e-07 1.189432515979002348e-05 -3.010106836483878486e-07 1.318614203306788630e-04 -1.225005841462935069e-03 5.714606282561308421e-05
1.395943421768143598e-03 5.789429773673684596e-03 -1.561737786236847003e-01 -3.736181418908072344e-02 -1.577936286706474733e-01 4.726998284373647948e+03 3.744683300808419879e-02 -5.360859568708612466e-01 2.356993215809271864e-03 1.761007623584256532e-05 -6.514270323379708926e-05 6.823355192060016026e-05 -1.284707131727559427e-05 -3.104680588313666408e-04 1.434245211222215243e-05 -2.132772504591576995e-02 6.778633803443789851e-02 -5.715978040655900552e-03
-1.154140879923016298e-05 -1.475109349680598003e-05 -2.148062249043446951e-03 4.868483404381651375e-04 -6.087879938585609441e-04 3.744683300808419879e-02 2.723241232978121928e-01 -1.651072069356867428e-02 9.380995255366400082e-06 -2.310052584233862745e-07 5.008139170690227625e-06 -2.295512040069857594e-07 -1.600587897990738025e-07 -3.948166312351296259e-06 -1.261321036430353625e-08 -1.450886712365106600e-04 1.122914681836783028e-03 -1.257938475341657532e-04
5.415865566837343488e-05 5.862079777728561097e-04 2.139465834813894518e-02 7.948108127672310827e-04 -1.226507510624562369e-02 -5.360859568708612466e-01 -1.651072069356867428e-02 1.862358165570100823e+02 -4.370500429256498221e-04 6.320914712446293950e-06 -6.951166410958224187e-06 1.911631436682750975e-05 2.118069545099448925e-06 -8.985603008031382464e-05 5.571730773387102615e-07 7.760656669948689731e-03 -1.889338928321494110e-02 2.534606968311775392e-03
4.528533743415593577e-07 1.498754426817543719e-06 -3.794986081526267050e-05 -1.509975803554743249e-05 -3.214845751504291144e-05 2.356993215809271864e-03 9.380995255366400082e-06 -4.370500429256498221e-04 1.725485886596848418e-04 2.900388318955445538e-09 -5.726106916542524791e-08 1.025602762480327191e-08 -3.419747823434867196e-09 -2.418540743875723940e-09 3.886609610623343253e-09 -8.914494343159654982e-06 2.065266246691368053e-05 -1.849774393464103355e-06
8.471174238080178821e-09 1.844942719516970114e-08 2.152325312375810140e-07 -2.471648633510267680e-07 -4.021303284339519596e-07 1.761007623584256532e-05 -2.310052584233862745e-07 6.320914712446293950e-06 2.900388318955445538e-09 6.557942802243905279e-08 -1.584726371932698120e-09 3.781190852357569602e-10 1.083980988666355760e-11 -3.832901047005620961e-10 4.614966452980225810e-11 -1.094860951669613003e-08 -2.246806136661449298e-07 1.799845873413233320e-08
-1.208970002297065214e-07 -1.689628063983999483e-07 -8.349035450270859618e-06 4.721520298043546141e-06 -1.275532213580273865e-06 -6.514270323379708926e-05 5.008139170690227625e-06 -6.951166410958224187e-06 -5.726106916542524791e-08 -1.584726371932698120e-09 1.666812233286929195e-05 -1.281028841635257771e-09 -5.007192579213830247e-10 -3.061382139333041428e-08 -4.152248891404128363e-10 6.619961920682352031e-07 3.950619327950477946e-06 -3.691168129138852761e-07
1.676588040444783053e-08 8.225559385990562274e-08 -8.085013437943565719e-07 -4.006580778846014540e-07 -1.966435635037715538e-06 6.823355192060016026e-05 -2.295512040069857594e-07 1.911631436682750975e-05 1.025602762480327191e-08 3.781190852357569602e-10 -1.281028841635257771e-09 1.090154219703948128e-06 -5.497181604528708521e-11 -5.673840238340392544e-09 1.694502693858006959e-10 3.754506954216225313e-08 5.479536823103673332e-08 3.285173044941981508e-08
-1.046104302441324742e-10 -5.887835038831053214e-09 4.104280632816416490e-07 -1.604609722399446951e-08 2.452216968926587272e-07 -1.284707131727559427e-05 -1.600587897990738025e-07 2.118069545099448925e-06 -3.419747823434867196e-09 1.083980988666355760e-11 -5.007192579213830247e-10 -5.497181604528708521e-11 1.154436595561916101e-08 8.256910957286886171e-10 -1.517413647819977875e-11 3.311144253590602601e-08 -2.009117890146032400e-07 1.791624762733009965e-08
3.142647000326337035e-08 -2.753602878854933063e-07 1.306583203026001693e-05 -2.574401669753309059e-06 1.189432515979002348e-05 -3.104680588313666408e-04 -3.948166312351296259e-06 -8.985603008031382464e-05 -2.418540743875723940e-09 -3.832901047005620961e-10 -3.061382139333041428e-08 -5.673840238340392544e-09 8.256910957286886171e-10 1.775745343315684232e-05 -5.021872957489642190e-10 -8.055458580137647818e-07 -4.494547738378315483e-06 2.140995939886872937e-07
3.400554246475016057e-09 1.472847952505344150e-08 -1.885809478112963685e-07 -1.022207430116596137e-07 -3.010106836483878486e-07 1.434245211222215243e-05 -1.261321036430353625e-08 5.571730773387102615e-07 3.886609610623343253e-09 4.614966452980225810e-11 -4.152248891404128363e-10 1.694502693858006959e-10 -1.517413647819977875e-11 -5.021872957489642190e-10 3.259367512054811310e-09 -2.395533298744227536e-08 6.947391908496438064e-08 -2.027678881467585235e-10
-4.066892827496708062e-06 -4.889718852755814432e-06 3.085116791687016668e-04 1.486581575148149920e-04 1.318614203306788630e-04 -2.132772504591576995e-02 -1.450886712365106600e-04 7.760656669948689731e-03 -8.914494343159654982e-06 -1.094860951669613003e-08 6.619961920682352031e-07 3.754506954216225313e-08 3.311144253590602601e-08 -8.055458580137647818e-07 -2.395533298744227536e-08 3.086873981085339405e-02 -2.055035145779418354e-04 2.992879045967386371e-05
-4.797338863397161732e-06 2.920307498751275222e-05 -2.716404145180375054e-03 2.333562647268961048e-04 -1.225005841462935069e-03 6.778633803443789851e-02 1.122914681836783028e-03 -1.889338928321494110e-02 2.065266246691368053e-05 -2.246806136661449298e-07 3.950619327950477946e-06 5.479536823103673332e-08 -2.009117890146032400e-07 -4.494547738378315483e-06 6.947391908496438064e-08 -2.055035145779418354e-04 2.626801934241365100e-01 -1.194857774900505432e-04
5.724660193633249378e-07 1.842927268222333220e-06 2.188044682954575480e-04 -2.728481984268465147e-05 5.714606282561308421e-05 -5.715978040655900552e-03 -1.257938475341657532e-04 2.534606968311775392e-03 -1.849774393464103355e-06 1.799845873413233320e-08 -3.691168129138852761e-07 3.285173044941981508e-08 1.791624762733009965e-08 2.140995939886872937e-07 -2.027678881467585235e-10 2.992879045967386371e-05 -1.194857774900505432e-04 2.151532564986638127e-02
2.056533207885979193e-04 1.404716596967524372e-06 5.074899935951531167e-06 -1.940939307406698179e-05 -2.137052627750452683e-05 1.395943421768143598e-03 -1.154140879923016298e-05 5.415865566837343488e-05 4.528533743415593577e-07 8.471174238080178821e-09 -1.208970002297065214e-07 1.676588040444783053e-08 -1.046104302441324742e-10 3.142647000326337035e-08 3.400554246475016057e-09 -4.066892827496708062e-06 -4.797338863397161732e-06 5.724660193633249378e-07
1.404716596967524372e-06 4.665459045602108300e-03 -8.150930040931082549e-05 -4.250753584210144851e-05 -1.391017880203572010e-04 5.789429773673684596e-03 -1.475109349680598003e-05 5.862079777728561097e-04 1.498754426817543719e-06 1.844942719516970114e-08 -1.689628063983999483e-07 8.225559385990562274e-08 -5.887835038831053214e-09 -2.753602878854933063e-07 1.472847952505344150e-08 -4.889718852755814432e-06 2.920307498751275222e-05 1.842927268222333220e-06
5.074899935951531167e-06 -8.150930040931082549e-05 3.748749258871827195e+00 -4.560990916311486441e-04 3.364802590434335609e-03 -1.561737786236847003e-01 -2.148062249043446951e-03 2.139465834813894518e-02 -3.794986081526267050e-05 2.152325312375810140e-07 -8.349035450270859618e-06 -8.085013437943565719e-07 4.104280632816416490e-07 1.306583203026001693e-05 -1.885809478112963685e-07 3.085116791687016668e-04 -2.716404145180375054e-03 2.188044682954575480e-04
-1.940939307406698179e-05 -4.250753584210144851e-05 -4.560990916311486441e-04 2.209449283323373647e-01 4.069699665886492078e-04 -3.736181418908072344e-02 4.868483404381651375e-04 7.948108127672310827e-04 -1.509975803554743249e-05 -2.471648633510267680e-07 4.721520298043546141e-06 -4.006580778846014540e-07 -1.604609722399446951e-08 -2.574401669753309059e-06 -1.022207430116596137e-07 1.486581575148149920e-04 2.333562647268961048e-04 -2.728481984268465147e-05
-2.137052627750452683e-05 -1.391017880203572010e-04 3.364802590434335609e-03 4.069699665886492078e-04 4.428945868573440636e-01 -1.577936286706474733e-01 -6.087879938585609441e-04 -1.226507510624562369e-02 -3.214845751504291144e-05 -4.021303284339519596e-07 -1.275532213580273865e-06 -1.966435635037715538e-06 2.452216968926587272e-07 1.189432515979002348e-05 -3.010106836483878486e-07 1.318614203306788630e-04 -1.225005841462935069e-03 5.714606282561308421e-05
1.395943421768143598e-03 5.789429773673684596e-03 -1.561737786236847003e-01 -3.736181418908072344e-02 -1.577936286706474733e-01 4.726998284373647948e+03 3.744683300808419879e-02 -5.360859568708612466e-01 2.356993215809271864e-03 1.761007623584256532e-05 -6.514270323379708926e-05 6.823355192060016026e-05 -1.284707131727559427e-05 -3.104680588313666408e-04 1.434245211222215243e-05 -2.132772504591576995e-02 6.778633803443789851e-02 -5.715978040655900552e-03
-1.154140879923016298e-05 -1.475109349680598003e-05 -2.148062249043446951e-03 4.868483404381651375e-04 -6.087879938585609441e-04 3.744683300808419879e-02 2.723241232978121928e-01 -1.651072069356867428e-02 9.380995255366400082e-06 -2.310052584233862745e-07 5.008139170690227625e-06 -2.295512040069857594e-07 -1.600587897990738025e-07 -3.948166312351296259e-06 -1.261321036430353625e-08 -1.450886712365106600e-04 1.122914681836783028e-03 -1.257938475341657532e-04
5.415865566837343488e-05 5.862079777728561097e-04 2.139465834813894518e-02 7.948108127672310827e-04 -1.226507510624562369e-02 -5.360859568708612466e-01 -1.651072069356867428e-02 1.862358165570100823e+02 -4.370500429256498221e-04 6.320914712446293950e-06 -6.951166410958224187e-06 1.911631436682750975e-05 2.118069545099448925e-06 -8.985603008031382464e-05 5.571730773387102615e-07 7.760656669948689731e-03 -1.889338928321494110e-02 2.534606968311775392e-03
4.528533743415593577e-07 1.498754426817543719e-06 -3.794986081526267050e-05 -1.509975803554743249e-05 -3.214845751504291144e-05 2.356993215809271864e-03 9.380995255366400082e-06 -4.370500429256498221e-04 1.725485886596848418e-04 2.900388318955445538e-09 -5.726106916542524791e-08 1.025602762480327191e-08 -3.419747823434867196e-09 -2.418540743875723940e-09 3.886609610623343253e-09 -8.914494343159654982e-06 2.065266246691368053e-05 -1.849774393464103355e-06
8.471174238080178821e-09 1.844942719516970114e-08 2.152325312375810140e-07 -2.471648633510267680e-07 -4.021303284339519596e-07 1.761007623584256532e-05 -2.310052584233862745e-07 6.320914712446293950e-06 2.900388318955445538e-09 6.557942802243905279e-08 -1.584726371932698120e-09 3.781190852357569602e-10 1.083980988666355760e-11 -3.832901047005620961e-10 4.614966452980225810e-11 -1.094860951669613003e-08 -2.246806136661449298e-07 1.799845873413233320e-08
-1.208970002297065214e-07 -1.689628063983999483e-07 -8.349035450270859618e-06 4.721520298043546141e-06 -1.275532213580273865e-06 -6.514270323379708926e-05 5.008139170690227625e-06 -6.951166410958224187e-06 -5.726106916542524791e-08 -1.584726371932698120e-09 1.666812233286929195e-05 -1.281028841635257771e-09 -5.007192579213830247e-10 -3.061382139333041428e-08 -4.152248891404128363e-10 6.619961920682352031e-07 3.950619327950477946e-06 -3.691168129138852761e-07
1.676588040444783053e-08 8.225559385990562274e-08 -8.085013437943565719e-07 -4.006580778846014540e-07 -1.966435635037715538e-06 6.823355192060016026e-05 -2.295512040069857594e-07 1.911631436682750975e-05 1.025602762480327191e-08 3.781190852357569602e-10 -1.281028841635257771e-09 1.090154219703948128e-06 -5.497181604528708521e-11 -5.673840238340392544e-09 1.694502693858006959e-10 3.754506954216225313e-08 5.479536823103673332e-08 3.285173044941981508e-08
-1.046104302441324742e-10 -5.887835038831053214e-09 4.104280632816416490e-07 -1.604609722399446951e-08 2.452216968926587272e-07 -1.284707131727559427e-05 -1.600587897990738025e-07 2.118069545099448925e-06 -3.419747823434867196e-09 1.083980988666355760e-11 -5.007192579213830247e-10 -5.497181604528708521e-11 1.154436595561916101e-08 8.256910957286886171e-10 -1.517413647819977875e-11 3.311144253590602601e-08 -2.009117890146032400e-07 1.791624762733009965e-08
3.142647000326337035e-08 -2.753602878854933063e-07 1.306583203026001693e-05 -2.574401669753309059e-06 1.189432515979002348e-05 -3.104680588313666408e-04 -3.948166312351296259e-06 -8.985603008031382464e-05 -2.418540743875723940e-09 -3.832901047005620961e-10 -3.061382139333041428e-08 -5.673840238340392544e-09 8.256910957286886171e-10 1.775745343315684232e-05 -5.021872957489642190e-10 -8.055458580137647818e-07 -4.494547738378315483e-06 2.140995939886872937e-07
3.400554246475016057e-09 1.472847952505344150e-08 -1.885809478112963685e-07 -1.022207430116596137e-07 -3.010106836483878486e-07 1.434245211222215243e-05 -1.261321036430353625e-08 5.571730773387102615e-07 3.886609610623343253e-09 4.614966452980225810e-11 -4.152248891404128363e-10 1.694502693858006959e-10 -1.517413647819977875e-11 -5.021872957489642190e-10 3.259367512054811310e-09 -2.395533298744227536e-08 6.947391908496438064e-08 -2.027678881467585235e-10
