1.177749660425644797e-03 2.677861526603618481e-03 1.583041246121119350e-01 7.521211364074813222e-02 2.273472714278688966e-01 7.409843064909129140e+00 -9.578142553928745140e-02 -1.246350982792518297e-01 -1.749162516525846036e-03 2.045235455024942920e-03 5.166947165823594298e-03 1.738113188484651612e-03 5.864313389664156965e-04 1.587571609820144600e-04 1.573397410283576678e-03 -2.287069481934557609e-04 -1.037957588691021393e-02 -2.141800128642630877e-02
2.677861526603618481e-03 1.187429102247608038e-02 4.559515453757991832e-01 3.840415235493234714e-01 8.200851020461475960e-01 4.379921623819018350e+01 -3.944487651944392770e+00 9.225206581232802128e-01 -5.208724983896545480e-03 6.198355967520520309e-03 1.899272061268880360e-02 3.071902858457620147e-03 1.741036733534761204e-03 3.898778097840235358e-04 3.603484030059503178e-03 -8.448094024284697259e-03 -3.763068453436468896e-02 -6.895773398145842170e-02
1.583041246121119350e-01 4.559515453757991832e-01 4.964732568417196745e+01 1.833779326766956075e+01 3.294850042926978517e+01 1.220241729035851677e+03 -7.987224438572987140e+01 2.454878402428203685e+02 -1.600242797776385839e-01 3.459221725664621272e-01 8.645445733543438704e-01 2.872341103005839336e-01 9.245927055109101622e-02 6.032077141609906018e-02 2.634631273881766766e-01 1.954179920660134018e-01 -1.769041743364965891e+00 -3.376287714682319141e+00
7.521211364074813222e-02 3.840415235493234714e-01 1.833779326766956075e+01 5.532646152407918549e+01 1.560914221765037446e+01 1.060788959885713666e+03 1.043217376542466354e+03 4.330573825294985681e+02 3.236906285516486653e-02 1.425054465063086973e-01 4.018167370275386729e-01 2.563221512698913296e-01 8.226052708166932403e-02 6.960593606681458878e-02 1.779173123845047833e-01 -3.481612772379777399e-01 -1.224553676837926597e+00 -1.969946616529753669e+00
2.273472714278688966e-01 8.200851020461475960e-01 3.294850042926978517e+01 1.560914221765037446e+01 8.579378582619185067e+01 3.437861274496911392e+03 -3.979770830058342881e+02 -3.608801296059278911e+02 -5.661849687206053083e-01 5.831392313254302184e-01 1.873128630498356983e+00 3.735379562743365023e-01 1.588046754116878845e-01 1.976908995535371031e-03 3.384581161595721643e-01 -1.179482708201158525e+00 -3.330413855990051797e+00 -6.364151678174377658e+00
7.409843064909129140e+00 4.379921623819018350e+01 1.220241729035851677e+03 1.060788959885713666e+03 3.437861274496911392e+03 3.201578266949051176e+05 -5.329433535294305329e+04 -2.152101859124403927e+04 -3.845315140987465696e+01 2.794157480348862421e+01 8.336198025066869377e+01 4.920387615351983435e+00 5.623148364441450830e+00 -2.171217403117747136e+00 1.021939565047154908e+01 -3.827751636654859624e+01 -1.689601995641014014e+02 -2.565597945107066380e+02
-9.578142553928745140e-02 -3.944487651944392770e+00 -7.987224438572987140e+01 1.043217376542466354e+03 -3.979770830058342881e+02 -5.329433535294305329e+04 6.921753981347427180e+04 7.604663392452652033e+02 8.477343791236734205e+00 -3.919098095127047987e+00 -1.590939556839734514e+01 9.536558271513742469e+00 8.500920216218338377e-01 2.587641301534054694e+00 6.783980556578828924e+00 1.282675869242019573e+01 4.113451770188032874e+00 2.228441244760109186e+01
-1.246350982792518297e-01 9.225206581232802128e-01 2.454878402428203685e+02 4.330573825294985681e+02 -3.608801296059278911e+02 -2.152101859124403927e+04 7.604663392452652033e+02 1.906167480240674922e+04 5.245264322880651697e+00 -1.089110469023178762e+00 -3.237278478630440492e+00 -5.396396200662264553e-01 -3.658752730020918553e-02 5.353967676597903846e-01 -1.797965096969329712e+00 1.633428179359992072e+00 8.360215692861856951e+00 5.365907918283824962e+00
-1.749162516525846036e-03 -5.208724983896545480e-03 -1.600242797776385839e-01 3.236906285516486653e-02 -5.661849687206053083e-01 -3.845315140987465696e+01 8.477343791236734205e+00 5.245264322880651697e+00 8.558131895062746214e-03 -5.601595949343401645e-03 -1.378533758872757357e-02 -3.077127709179057740e-03 -1.237146105542457752e-03 5.456176939455473782e-04 -3.002386601475327561e-03 7.258224537426117250e-04 2.795395322115304046e-02 4.847468204905969191e-02
2.045235455024942920e-03 6.198355967520520309e-03 3.459221725664621272e-01 1.425054465063086973e-01 5.831392313254302184e-01 2.794157480348862421e+01 -3.919098095127047987e+00 -1.089110469023178762e+00 -5.601595949343401645e-03 5.605514052807100515e-03 1.468920346536268899e-02 3.842942294959343207e-03 1.359612126739087384e-03 -9.789126170709212924e-06 3.422231978829045132e-03 -2.067954224792189523e-03 -2.859862646863663843e-02 -5.329184106550361594e-02
5.166947165823594298e-03 1.899272061268880360e-02 8.645445733543438704e-01 4.018167370275386729e-01 1.873128630498356983e+00 8.336198025066869377e+01 -1.590939556839734514e+01 -3.237278478630440492e+00 -1.378533758872757357e-02 1.468920346536268899e-02 4.741092353181823593e-02 7.932954045115580416e-03 3.628736131524441105e-03 -4.974456696282201747e-04 6.978805836332486155e-03 -2.702623323362422086e-02 -7.814092929885853300e-02 -1.543460862679710000e-01
1.738113188484651612e-03 3.071902858457620147e-03 2.872341103005839336e-01 2.563221512698913296e-01 3.735379562743365023e-01 4.920387615351983435e+00 9.536558271513742469e+00 -5.396396200662264553e-01 -3.077127709179057740e-03 3.842942294959343207e-03 7.932954045115580416e-03 6.231044041863839471e-03 1.368077283539427275e-03 5.241063150603500823e-04 4.320890684268312992e-03 3.824446800479352516e-03 -2.097169937346226795e-02 -3.745903661667379647e-02
5.864313389664156965e-04 1.741036733534761204e-03 9.245927055109101622e-02 8.226052708166932403e-02 1.588046754116878845e-01 5.623148364441450830e+00 8.500920216218338377e-01 -3.658752730020918553e-02 -1.237146105542457752e-03 1.359612126739087384e-03 3.628736131524441105e-03 1.368077283539427275e-03 4.853032227473172530e-04 1.155626809133720079e-04 1.112283281497498423e-03 -1.305447484984094495e-03 -7.604815853935594124e-03 -1.448069359391707112e-02
1.587571609820144600e-04 3.898778097840235358e-04 6.032077141609906018e-02 6.960593606681458878e-02 1.976908995535371031e-03 -2.171217403117747136e+00 2.587641301534054694e+00 5.353967676597903846e-01 5.456176939455473782e-04 -9.789126170709212924e-06 -4.974456696282201747e-04 5.241063150603500823e-04 1.155626809133720079e-04 3.115205070181931895e-04 5.026669032443235484e-04 1.045698168749164669e-03 -7.701634437939379376e-04 -1.053128604078447167e-03
1.573397410283576678e-03 3.603484030059503178e-03 2.634631273881766766e-01 1.779173123845047833e-01 3.384581161595721643e-01 1.021939565047154908e+01 6.783980556578828924e+00 -1.797965096969329712e+00 -3.002386601475327561e-03 3.422231978829045132e-03 6.978805836332486155e-03 4.320890684268312992e-03 1.112283281497498423e-03 5.026669032443235484e-04 3.998565392287526180e-03 3.913156130279568483e-03 -1.972146819381153174e-02 -3.337167833287460472e-02
-2.287069481934557609e-04 -8.448094024284697259e-03 1.954179920660134018e-01 -3.481612772379777399e-01 -1.179482708201158525e+00 -3.827751636654859624e+01 1.282675869242019573e+01 1.633428179359992072e+00 7.258224537426117250e-04 -2.067954224792189523e-03 -2.702623323362422086e-02 3.824446800479352516e-03 -1.305447484984094495e-03 1.045698168749164669e-03 3.913156130279568483e-03 7.882204884563065450e-02 1.621004248270508513e-02 6.144166684115034971e-02
-1.037957588691021393e-02 -3.763068453436468896e-02 -1.769041743364965891e+00 -1.224553676837926597e+00 -3.330413855990051797e+00 -1.689601995641014014e+02 4.113451770188032874e+00 8.360215692861856951e+00 2.795395322115304046e-02 -2.859862646863663843e-02 -7.814092929885853300e-02 -2.097169937346226795e-02 -7.604815853935594124e-03 -7.701634437939379376e-04 -1.972146819381153174e-02 1.621004248270508513e-02 1.653739940241300554e-01 2.853310110603826666e-01
-2.141800128642630877e-02 -6.895773398145842170e-02 -3.376287714682319141e+00 -1.969946616529753669e+00 -6.364151678174377658e+00 -2.565597945107066380e+02 2.228441244760109186e+01 5.365907918283824962e+00 4.847468204905969191e-02 -5.329184106550361594e-02 -1.543460862679710000e-01 -3.745903661667379647e-02 -1.448069359391707112e-02 -1.053128604078447167e-03 -3.337167833287460472e-02 6.144166684115034971e-02 2.853310110603826666e-01 5.632406410403056896e-01
2.095602789817024077e-03 3.735306009851199153e-03 1.438431192314529837e-02 -8.006703155414105627e-03 -9.224820392025963323e-02 -1.519650970767719222e+01 -2.047018774768254445e+00 5.286170616148000434e+00 3.885770603230123167e-03 -2.346044383051964968e-03 -6.273670079833675549e-03 -2.532435467504457437e-03 9.682794714363257994e-05 7.731110300926702632e-04 -1.673482043965340491e-03 1.875358110009552829e-03 1.132405846586822910e-02 7.706337212084987329e-03
3.735306009851199153e-03 9.977756137254139429e-03 9.805221218752348256e-02 1.205857098300022745e-01 8.014811022368970028e-02 -8.237793603555932265e+00 -5.706846597200335935e+00 8.820775465875303922e+00 5.531193429072245836e-03 -2.769826823403689822e-03 -5.068824711315389822e-03 -4.403807739250887969e-03 4.908392875346261758e-04 1.351333121214257299e-03 -2.622380290758156811e-03 -2.634261968045242212e-03 9.158424641987931644e-03 -2.932740000660904577e-03
1.438431192314529837e-02 9.805221218752348256e-02 3.457945657007008577e+01 1.150436125068143767e+01 2.595915927451905247e+01 1.511402974990503935e+03 1.237048212101140479e+02 -9.066037705544037806e+01 -3.836581877573872479e-01 4.217772685949460199e-01 9.394464027408957474e-01 3.859883742201404289e-01 6.801126424383291402e-02 -8.076254270795940951e-03 3.418691083775521333e-01 3.356778769835623843e-01 -1.978702129823579625e+00 -2.967845604546230032e+00
-8.006703155414105627e-03 1.205857098300022745e-01 1.150436125068143767e+01 2.969442509276012387e+01 1.519575831656980114e+01 1.180853639554464507e+03 5.798020233944374695e+02 4.521522917466577240e+01 -1.414191362776178185e-01 1.844716003375347635e-01 4.928301710582126960e-01 2.411402584243423075e-01 4.841491120319224573e-02 1.304906610924874179e-02 1.702435094451114905e-01 -2.591567661787926857e-01 -1.167195128462333642e+00 -1.622438190815680192e+00
-9.224820392025963323e-02 8.014811022368970028e-02 2.595915927451905247e+01 1.519575831656980114e+01 7.302657000670055254e+01 4.449658778728456127e+03 7.213902142953601526e+01 -9.244622636026925875e+02 -9.653606023434296857e-01 7.761122780720504100e-01 2.185854892060479227e+00 6.731128976833951061e-01 1.087118122146710775e-01 -9.598366224380158740e-02 5.207713098684705333e-01 -8.949540640441974171e-01 -4.024733326293150171e+00 -5.847413752257252462e+00
-1.519650970767719222e+01 -8.237793603555932265e+00 1.511402974990503935e+03 1.180853639554464507e+03 4.449658778728456127e+03 4.109747232097498490e+05 -2.720031856806725045e+03 -7.909249686176204705e+04 -8.195102609937109150e+01 5.854904735223056633e+01 1.566436737264833141e+02 4.686909973190494583e+01 5.465454359296304077e+00 -1.001498209534407735e+01 3.749223609210404362e+01 -4.474300329893304706e+01 -3.011250657017482126e+02 -3.729550584091444989e+02
-2.047018774768254445e+00 -5.706846597200335935e+00 1.237048212101140479e+02 5.798020233944374695e+02 7.213902142953601526e+01 -2.720031856806725045e+03 3.916668806753957324e+04 -6.338737455633645368e+03 -3.214177973724016812e+00 3.732448054960450179e+00 4.994579009745272913e+00 1.064072657097671204e+01 8.702485463770240903e-01 2.745048728923334402e-01 8.013481470852992672e+00 8.113455796714276858e+00 -2.415806831749577910e+01 -1.872741362630839390e+01
5.286170616148000434e+00 8.820775465875303922e+00 -9.066037705544037806e+01 4.521522917466577240e+01 -9.244622636026925875e+02 -7.909249686176204705e+04 -6.338737455633645368e+03 2.899530724948918578e+04 1.924157591946750401e+01 -1.223222787318459659e+01 -3.305647179531646884e+01 -1.204273864382182957e+01 -6.584579441952214118e-01 2.706679510836196734e+00 -9.283948059677037179e+00 9.503475391932255434e+00 6.205850831721018324e+01 6.710476844550707654e+01
3.885770603230123167e-03 5.531193429072245836e-03 -3.836581877573872479e-01 -1.414191362776178185e-01 -9.653606023434296857e-01 -8.195102609937109150e+01 -3.214177973724016812e+00 1.924157591946750401e+01 2.147128684287594874e-02 -1.534920576821481066e-02 -3.696390370016946342e-02 -1.407194445686775312e-02 -1.473536983909197072e-03 2.641842842063545777e-03 -1.106095986496424127e-02 2.077878697314689514e-03 7.297875386060440062e-02 9.160781703125225883e-02
-2.346044383051964968e-03 -2.769826823403689822e-03 4.217772685949460199e-01 1.844716003375347635e-01 7.761122780720504100e-01 5.854904735223056633e+01 3.732448054960450179e+00 -1.223222787318459659e+01 -1.534920576821481066e-02 1.214132705772017796e-02 2.920324905972367796e-02 1.122155991302479193e-02 1.346955427044853847e-03 -1.713069312455961718e-03 8.952864934907749789e-03 -7.160264115845817699e-04 -5.779361077933693053e-02 -7.644381762372848277e-02
-6.273670079833675549e-03 -5.068824711315389822e-03 9.394464027408957474e-01 4.928301710582126960e-01 2.185854892060479227e+00 1.566436737264833141e+02 4.994579009745272913e+00 -3.305647179531646884e+01 -3.696390370016946342e-02 2.920324905972367796e-02 7.848766100733650664e-02 2.583449298703193592e-02 3.216272180858455003e-03 -4.499977206408318879e-03 1.987425645187264334e-02 -2.040274693450665894e-02 -1.439398117966266544e-01 -1.955920981687328530e-01
-2.532435467504457437e-03 -4.403807739250887969e-03 3.859883742201404289e-01 2.411402584243423075e-01 6.731128976833951061e-01 4.686909973190494583e+01 1.064072657097671204e+01 -1.204273864382182957e+01 -1.407194445686775312e-02 1.122155991302479193e-02 2.583449298703193592e-02 1.243980783504938965e-02 1.348614978903852442e-03 -1.451492894845671710e-03 9.372305465396893812e-03 1.951477377653486030e-03 -5.390185080172123222e-02 -6.836497166779785528e-02
9.682794714363257994e-05 4.908392875346261758e-04 6.801126424383291402e-02 4.841491120319224573e-02 1.087118122146710775e-01 5.465454359296304077e+00 8.702485463770240903e-01 -6.584579441952214118e-01 -1.473536983909197072e-03 1.346955427044853847e-03 3.216272180858455003e-03 1.348614978903852442e-03 2.995203397213184646e-04 -5.116738584859619029e-05 1.104636542230656845e-03 -2.793133803725306738e-04 -6.787586602492440453e-03 -1.073018336091605303e-02
7.731110300926702632e-04 1.351333121214257299e-03 -8.076254270795940951e-03 1.304906610924874179e-02 -9.598366224380158740e-02 -1.001498209534407735e+01 2.745048728923334402e-01 2.706679510836196734e+00 2.641842842063545777e-03 -1.713069312455961718e-03 -4.499977206408318879e-03 -1.451492894845671710e-03 -5.116738584859619029e-05 4.910952803273250329e-04 -1.027302943511363776e-03 1.041946117470823625e-03 7.765535746639740979e-03 8.686167422980312081e-03
-1.673482043965340491e-03 -2.622380290758156811e-03 3.418691083775521333e-01 1.702435094451114905e-01 5.207713098684705333e-01 3.749223609210404362e+01 8.013481470852992672e+00 -9.283948059677037179e+00 -1.106095986496424127e-02 8.952864934907749789e-03 1.987425645187264334e-02 9.372305465396893812e-03 1.104636542230656845e-03 -1.027302943511363776e-03 7.753190943723565522e-03 3.782240042040804513e-03 -4.313446413103880911e-02 -5.495705830055441082e-02
1.875358110009552829e-03 -2.634261968045242212e-03 3.356778769835623843e-01 -2.591567661787926857e-01 -8.949540640441974171e-01 -4.474300329893304706e+01 8.113455796714276858e+00 9.503475391932255434e+00 2.077878697314689514e-03 -7.160264115845817699e-04 -2.040274693450665894e-02 1.951477377653486030e-03 -2.793133803725306738e-04 1.041946117470823625e-03 3.782240042040804513e-03 6.027332423590222449e-02 1.332594383806573989e-02 3.423184416910798888e-02
1.132405846586822910e-02 9.158424641987931644e-03 -1.978702129823579625e+00 -1.167195128462333642e+00 -4.024733326293150171e+00 -3.011250657017482126e+02 -2.415806831749577910e+01 6.205850831721018324e+01 7.297875386060440062e-02 -5.779361077933693053e-02 -1.439398117966266544e-01 -5.390185080172123222e-02 -6.787586602492440453e-03 7.765535746639740979e-03 -4.313446413103880911e-02 1.332594383806573989e-02 2.880401604866621446e-01 3.764388546332672059e-01
7.706337212084987329e-03 -2.932740000660904577e-03 -2.967845604546230032e+00 -1.622438190815680192e+00 -5.847413752257252462e+00 -3.729550584091444989e+02 -1.872741362630839390e+01 6.710476844550707654e+01 9.160781703125225883e-02 -7.644381762372848277e-02 -1.955920981687328530e-01 -6.836497166779785528e-02 -1.073018336091605303e-02 8.686167422980312081e-03 -5.495705830055441082e-02 3.423184416910798888e-02 3.764388546332672059e-01 5.489027149219459778e-01
2.833587589036915856e-03 3.610049436266630184e-03 6.514691570872520321e-02 -4.135165274773633208e-03 -2.816313519073081473e-01 -2.893605342710918293e+01 1.105600933182364770e-01 8.730115498825027132e+00 5.163609136649912300e-03 -2.681731061068041381e-03 -1.104721911442951843e-02 -2.362030594116454590e-03 1.329624543267796262e-04 1.076150362460179385e-03 -1.194149884949859521e-03 1.248872933784555932e-02 1.544317391215123750e-02 1.507424295819843364e-02
3.610049436266630184e-03 7.542779182017660816e-03 1.081659616593173973e-01 8.002444494330372693e-02 -1.184678664398321618e-01 -2.025824723161683849e+01 -2.676443635570878943e+00 1.000012065299712738e+01 5.729434185274630970e-03 -2.744844087086535222e-03 -8.773098850177364280e-03 -3.497017887913438355e-03 3.791208223581301489e-04 1.340266378265000816e-03 -1.835028506422172693e-03 6.872364634723901640e-03 1.240151066227152508e-02 5.892832687192702673e-03
6.514691570872520321e-02 1.081659616593173973e-01 2.517257108475569183e+01 7.726965778853394973e+00 8.770294565110887675e+00 2.809497420277418769e+02 1.396906237412931659e+02 1.396142495213157417e+02 -1.566323699200838082e-01 2.380579677392741234e-01 3.606826922285844006e-01 2.315875213462120774e-01 4.793777776528945767e-02 1.625713141423171942e-02 2.250164457181006716e-01 6.608307259325499894e-01 -1.014578024082063212e+00 -1.593179795032472645e+00
-4.135165274773633208e-03 8.002444494330372693e-02 7.726965778853394973e+00 1.982136258010947216e+01 9.920010183411561044e+00 7.738692663350769863e+02 3.885238137009972093e+02 3.158131806632927052e+01 -9.366883854633441253e-02 1.231159654731998204e-01 3.238395640768773065e-01 1.617526605148854602e-01 3.233377670500982293e-02 9.042843348533511141e-03 1.145504351742623605e-01 -1.556081013374691624e-01 -7.765989762300975485e-01 -1.075213987340305710e+00
-2.816313519073081473e-01 -1.184678664398321618e-01 8.770294565110887675e+00 9.920010183411561044e+00 8.234051969389604153e+01 5.844625019065494598e+03 -1.784524739709183905e+02 -1.413241070109158954e+03 -1.037262912325282560e+00 6.881028995972028328e-01 2.507351685300371003e+00 5.513716211357004848e-01 6.188107952419214658e-02 -1.499044735353240454e-01 3.587779859993264764e-01 -2.317621767403946542e+00 -3.889319639693482156e+00 -5.415685847660116181e+00
-2.893605342710918293e+01 -2.025824723161683849e+01 2.809497420277418769e+02 7.738692663350769863e+02 5.844625019065494598e+03 5.202876244702422991e+05 -2.107432170100624353e+04 -1.210815587340409693e+05 -8.843054515086926415e+01 5.373953910057982597e+01 1.943592126154958066e+02 4.017839871213494973e+01 2.747471442702597688e+00 -1.402792839878309472e+01 2.610110722004604611e+01 -1.763471987727926944e+02 -3.044278119583102011e+02 -3.788188972339656289e+02
1.105600933182364770e-01 -2.676443635570878943e+00 1.396906237412931659e+02 3.885238137009972093e+02 -1.784524739709183905e+02 -2.107432170100624353e+04 2.763193818557924169e+04 1.068920812572063369e+03 4.749028941701868844e-01 1.358914013205698934e+00 -3.702888081392598174e+00 6.429083331042114047e+00 6.499443997171687748e-01 7.573278401763952061e-01 5.279636621543702724e+00 1.709313573090124549e+01 -8.091277758287041877e+00 -2.302586207414584862e+00
8.730115498825027132e+00 1.000012065299712738e+01 1.396142495213157417e+02 3.158131806632927052e+01 -1.413241070109158954e+03 -1.210815587340409693e+05 1.068920812572063369e+03 3.834080454246231238e+04 2.224431264156007515e+01 -1.227278610938920700e+01 -4.699996313325237196e+01 -1.056219501106506442e+01 -1.934748997649735625e-01 3.843495465971639824e+00 -6.539384130627807323e+00 4.666445758538171873e+01 7.030886121402826916e+01 8.094196028386426178e+01
5.163609136649912300e-03 5.729434185274630970e-03 -1.566323699200838082e-01 -9.366883854633441253e-02 -1.037262912325282560e+00 -8.843054515086926415e+01 4.749028941701868844e-01 2.224431264156007515e+01 1.897135216797818033e-02 -1.226833738789458866e-02 -3.698076313387102521e-02 -1.063620753291663092e-02 -8.601358946919765826e-04 2.769339728971974366e-03 -7.547725174074960096e-03 2.129285811908995449e-02 6.296192531862997155e-02 7.895124703799570598e-02
-2.681731061068041381e-03 -2.744844087086535222e-03 2.380579677392741234e-01 1.231159654731998204e-01 6.881028995972028328e-01 5.373953910057982597e+01 1.358914013205698934e+00 -1.227278610938920700e+01 -1.226833738789458866e-02 8.986103619785783952e-03 2.483494387633949571e-02 8.038792557251284512e-03 8.446322926043900448e-04 -1.580858077060150668e-03 6.052367711631761668e-03 -9.058629868991564804e-03 -4.478520616638786284e-02 -5.873599222236450951e-02
-1.104721911442951843e-02 -8.773098850177364280e-03 3.606826922285844006e-01 3.238395640768773065e-01 2.507351685300371003e+00 1.943592126154958066e+02 -3.702888081392598174e+00 -4.699996313325237196e+01 -3.698076313387102521e-02 2.483494387633949571e-02 8.514036853686243744e-02 2.048226168946965658e-02 1.815833518756673455e-03 -5.683335040848135934e-03 1.365208147392670858e-02 -6.705746631393312562e-02 -1.338003991330701803e-01 -1.778727493075040189e-01
-2.362030594116454590e-03 -3.497017887913438355e-03 2.315875213462120774e-01 1.617526605148854602e-01 5.513716211357004848e-01 4.017839871213494973e+01 6.429083331042114047e+00 -1.056219501106506442e+01 -1.063620753291663092e-02 8.038792557251284512e-03 2.048226168946965658e-02 8.657550063823722317e-03 8.672398762286016210e-04 -1.234116186526950298e-03 6.318663312647201068e-03 -3.743423476496189790e-03 -3.980784425109488989e-02 -5.031304924892592706e-02
1.329624543267796262e-04 3.791208223581301489e-04 4.793777776528945767e-02 3.233377670500982293e-02 6.188107952419214658e-02 2.747471442702597688e+00 6.499443997171687748e-01 -1.934748997649735625e-01 -8.601358946919765826e-04 8.446322926043900448e-04 1.815833518756673455e-03 8.672398762286016210e-04 2.026866520960937201e-04 -7.495001461277334183e-06 7.327287700380808073e-04 3.564630789191788689e-04 -4.148618338184262462e-03 -6.673659737330366222e-03
1.076150362460179385e-03 1.340266378265000816e-03 1.625713141423171942e-02 9.042843348533511141e-03 -1.499044735353240454e-01 -1.402792839878309472e+01 7.573278401763952061e-01 3.843495465971639824e+00 2.769339728971974366e-03 -1.580858077060150668e-03 -5.683335040848135934e-03 -1.234116186526950298e-03 -7.495001461277334183e-06 5.465175958663399383e-04 -7.179784714661909331e-04 5.066625048037272025e-03 8.271708649155979851e-03 9.677433106906189672e-03
-1.194149884949859521e-03 -1.835028506422172693e-03 2.250164457181006716e-01 1.145504351742623605e-01 3.587779859993264764e-01 2.610110722004604611e+01 5.279636621543702724e+00 -6.539384130627807323e+00 -7.547725174074960096e-03 6.052367711631761668e-03 1.365208147392670858e-02 6.318663312647201068e-03 7.327287700380808073e-04 -7.179784714661909331e-04 5.195606720413387114e-03 2.064000997403263576e-03 -2.930481502296392732e-02 -3.722999355483373740e-02
1.248872933784555932e-02 6.872364634723901640e-03 6.608307259325499894e-01 -1.556081013374691624e-01 -2.317621767403946542e+00 -1.763471987727926944e+02 1.709313573090124549e+01 4.666445758538171873e+01 2.129285811908995449e-02 -9.058629868991564804e-03 -6.705746631393312562e-02 -3.743423476496189790e-03 3.564630789191788689e-04 5.066625048037272025e-03 2.064000997403263576e-03 1.289339920841612308e-01 6.979279226542012271e-02 9.998491675333977258e-02
1.544317391215123750e-02 1.240151066227152508e-02 -1.014578024082063212e+00 -7.765989762300975485e-01 -3.889319639693482156e+00 -3.044278119583102011e+02 -8.091277758287041877e+00 7.030886121402826916e+01 6.296192531862997155e-02 -4.478520616638786284e-02 -1.338003991330701803e-01 -3.980784425109488989e-02 -4.148618338184262462e-03 8.271708649155979851e-03 -2.930481502296392732e-02 6.979279226542012271e-02 2.359703160927169863e-01 3.057610330366754003e-01
1.507424295819843364e-02 5.892832687192702673e-03 -1.593179795032472645e+00 -1.075213987340305710e+00 -5.415685847660116181e+00 -3.788188972339656289e+02 -2.302586207414584862e+00 8.094196028386426178e+01 7.895124703799570598e-02 -5.873599222236450951e-02 -1.778727493075040189e-01 -5.031304924892592706e-02 -6.673659737330366222e-03 9.677433106906189672e-03 -3.722999355483373740e-02 9.998491675333977258e-02 3.057610330366754003e-01 4.345374494263473664e-01
2.768356532185933371e-03 3.226067112080150279e-03 7.259050774659177308e-02 -3.550913674898509634e-03 -3.029896645278418732e-01 -2.959351813012767352e+01 6.896493778786642048e-01 8.667134035585736029e+00 4.919075095037065207e-03 -2.450987242048002258e-03 -1.118890197900611339e-02 -2.026015594682788624e-03 1.346464948510150484e-04 1.047572301129684642e-03 -8.864909062899461708e-04 1.438849735978823575e-02 1.473899355047655381e-02 1.530777187003374423e-02
3.226067112080150279e-03 6.080884830528466255e-03 9.999876554635349357e-02 5.925548421910105390e-02 -1.621716820734573072e-01 -2.152175938000237210e+01 -1.528726691648596869e+00 9.196834702485134017e+00 5.135970266052449287e-03 -2.411443945851575975e-03 -8.910275382175689152e-03 -2.829568758270938414e-03 3.124645658547704655e-04 1.198264406313792173e-03 -1.368957809832744990e-03 9.181759008997703031e-03 1.183077973481317866e-02 7.616999904455763921e-03
7.259050774659177308e-02 9.999876554635349357e-02 1.974831989330472837e+01 5.786472075378011226e+00 3.152293945946583964e+00 -8.275569886741917003e+01 1.274947268760191008e+02 1.834554477035146931e+02 -7.847393792130677448e-02 1.620421047274903659e-01 1.624907644814476138e-01 1.641689424231918826e-01 3.720517186964264478e-02 2.110025287375365266e-02 1.689292869389943108e-01 6.816950326424591200e-01 -6.428506571999511587e-01 -1.044583332601412673e+00
-3.550913674898509634e-03 5.925548421910105390e-02 5.786472075378011226e+00 1.487526328067182924e+01 7.446196360420967331e+00 5.823936366663558601e+02 2.914175555231229282e+02 2.309215828925812275e+01 -7.050985619636479518e-02 9.239860130731734900e-02 2.438360007966650922e-01 1.214393389386369537e-01 2.418173790665232095e-02 6.657747814050552111e-03 8.579078542110514516e-02 -1.182808639466226969e-01 -5.828714286360443531e-01 -8.060453251630320670e-01
-3.029896645278418732e-01 -1.621716820734573072e-01 3.152293945946583964e+00 7.446196360420967331e+00 7.493804459265483331e+01 5.514878874542275298e+03 -2.219247535212993512e+02 -1.364219160581034657e+03 -9.279490809456886202e-01 5.789831859692399219e-01 2.295998377869666207e+00 4.495598294981527632e-01 4.143918703573701984e-02 -1.468331117928959872e-01 2.677725920529660519e-01 -2.458327925737330943e+00 -3.369133875409420220e+00 -4.636358706131892049e+00
-2.959351813012767352e+01 -2.152175938000237210e+01 -8.275569886741917003e+01 5.823936366663558601e+02 5.514878874542275298e+03 4.873407890161126270e+05 -2.333124149028744432e+04 -1.169314520214884396e+05 -7.920293021285804969e+01 4.570994206445704577e+01 1.814679900839298341e+02 3.324362344895591548e+01 1.633433072536589536e+00 -1.347668738860464721e+01 1.946527540006039203e+01 -1.941026310288872025e+02 -2.671533410084882689e+02 -3.334385364016966946e+02
6.896493778786642048e-01 -1.528726691648596869e+00 1.274947268760191008e+02 2.914175555231229282e+02 -2.219247535212993512e+02 -2.333124149028744432e+04 2.130143106472448926e+04 2.828620423276176552e+03 1.355689390169531050e+00 5.982098663773497416e-01 -5.541657279122873092e+00 4.579637683248263258e+00 5.194398976461083173e-01 7.960235393339898380e-01 3.963859396219524101e+00 1.760136180945789519e+01 -3.043267749152485102e+00 2.128228413398784102e+00
8.667134035585736029e+00 9.196834702485134017e+00 1.834554477035146931e+02 2.309215828925812275e+01 -1.364219160581034657e+03 -1.169314520214884396e+05 2.828620423276176552e+03 3.577424771208762832e+04 2.014708673669462868e+01 -1.065925241845888571e+01 -4.484794664641685813e+01 -8.757726527405162997e+00 -3.090745047181905902e-02 3.676890966718566300e+00 -4.875873101197082171e+00 5.162160485818964872e+01 6.317811527032235119e+01 7.398290606709942097e+01
4.919075095037065207e-03 5.135970266052449287e-03 -7.847393792130677448e-02 -7.050985619636479518e-02 -9.279490809456886202e-01 -7.920293021285804969e+01 1.355689390169531050e+00 2.014708673669462868e+01 1.593433214794149136e-02 -9.915897044813338709e-03 -3.246631277475561794e-02 -8.387310341070987676e-03 -5.882785971630274903e-04 2.468694113692059249e-03 -5.644302863848225070e-03 2.417866530364041686e-02 5.236215940770489602e-02 6.574353491958535856e-02
-2.450987242048002258e-03 -2.411443945851575975e-03 1.620421047274903659e-01 9.239860130731734900e-02 5.789831859692399219e-01 4.570994206445704577e+01 5.982098663773497416e-01 -1.065925241845888571e+01 -9.915897044813338709e-03 7.037716147797919153e-03 2.060949890923146136e-02 6.199457165734028295e-03 6.092919770026721015e-04 -1.350079727283757646e-03 4.530621401021533989e-03 -1.024543868140179517e-02 -3.573896200657934036e-02 -4.678150527052887114e-02
-1.118890197900611339e-02 -8.910275382175689152e-03 1.624907644814476138e-01 2.438360007966650922e-01 2.295998377869666207e+00 1.814679900839298341e+02 -5.541657279122873092e+00 -4.484794664641685813e+01 -3.246631277475561794e-02 2.060949890923146136e-02 7.697203759522533439e-02 1.650214232558520205e-02 1.203757046868290242e-03 -5.349176406799770710e-03 1.019462990840355569e-02 -7.302536853948388140e-02 -1.146091236791547813e-01 -1.514993594907644014e-01
-2.026015594682788624e-03 -2.829568758270938414e-03 1.641689424231918826e-01 1.214393389386369537e-01 4.495598294981527632e-01 3.324362344895591548e+01 4.579637683248263258e+00 -8.757726527405162997e+00 -8.387310341070987676e-03 6.199457165734028295e-03 1.650214232558520205e-02 6.590449921679970152e-03 6.361350608900108276e-04 -1.020413092833331696e-03 4.732491039657766782e-03 -4.797725060650305171e-03 -3.108605614404527651e-02 -3.929159351438622078e-02
1.346464948510150484e-04 3.124645658547704655e-04 3.720517186964264478e-02 2.418173790665232095e-02 4.143918703573701984e-02 1.633433072536589536e+00 5.194398976461083173e-01 -3.090745047181905902e-02 -5.882785971630274903e-04 6.092919770026721015e-04 1.203757046868290242e-03 6.361350608900108276e-04 1.538522345904100080e-04 7.415307892750525622e-06 5.497591422922771696e-04 5.380240123112287618e-04 -2.938708094772069911e-03 -4.786424520536142896e-03
1.047572301129684642e-03 1.198264406313792173e-03 2.110025287375365266e-02 6.657747814050552111e-03 -1.468331117928959872e-01 -1.347668738860464721e+01 7.960235393339898380e-01 3.676890966718566300e+00 2.468694113692059249e-03 -1.350079727283757646e-03 -5.349176406799770710e-03 -1.020413092833331696e-03 7.415307892750525622e-06 4.998207484720312019e-04 -5.350124364360150063e-04 5.681723764736533282e-03 7.385524079531596668e-03 8.757775440002276562e-03
-8.864909062899461708e-04 -1.368957809832744990e-03 1.689292869389943108e-01 8.579078542110514516e-02 2.677725920529660519e-01 1.946527540006039203e+01 3.963859396219524101e+00 -4.875873101197082171e+00 -5.644302863848225070e-03 4.530621401021533989e-03 1.019462990840355569e-02 4.732491039657766782e-03 5.497591422922771696e-04 -5.350124364360150063e-04 3.894401239269623238e-03 1.607911820614540358e-03 -2.192299337353520103e-02 -2.785372522173834575e-02
1.438849735978823575e-02 9.181759008997703031e-03 6.816950326424591200e-01 -1.182808639466226969e-01 -2.458327925737330943e+00 -1.941026310288872025e+02 1.760136180945789519e+01 5.162160485818964872e+01 2.417866530364041686e-02 -1.024543868140179517e-02 -7.302536853948388140e-02 -4.797725060650305171e-03 5.380240123112287618e-04 5.681723764736533282e-03 1.607911820614540358e-03 1.360070654773967991e-01 7.710837740720073719e-02 1.064291617973588261e-01
1.473899355047655381e-02 1.183077973481317866e-02 -6.428506571999511587e-01 -5.828714286360443531e-01 -3.369133875409420220e+00 -2.671533410084882689e+02 -3.043267749152485102e+00 6.317811527032235119e+01 5.236215940770489602e-02 -3.573896200657934036e-02 -1.146091236791547813e-01 -3.108605614404527651e-02 -2.938708094772069911e-03 7.385524079531596668e-03 -2.192299337353520103e-02 7.710837740720073719e-02 1.924567387623681847e-01 2.489794349828088338e-01
1.530777187003374423e-02 7.616999904455763921e-03 -1.044583332601412673e+00 -8.060453251630320670e-01 -4.636358706131892049e+00 -3.334385364016966946e+02 2.128228413398784102e+00 7.398290606709942097e+01 6.574353491958535856e-02 -4.678150527052887114e-02 -1.514993594907644014e-01 -3.929159351438622078e-02 -4.786424520536142896e-03 8.757775440002276562e-03 -2.785372522173834575e-02 1.064291617973588261e-01 2.489794349828088338e-01 3.508789927901964645e-01
2.665675989748076194e-03 2.943099863250299170e-03 7.186767609203617568e-02 -1.016004432971711474e-02 -2.897113066314644381e-01 -2.824330406572708796e+01 7.378947612072613849e-01 8.099299412835733847e+00 4.486604236480788883e-03 -2.199850873914377218e-03 -1.069905544639060575e-02 -1.776581420365027676e-03 1.485844426458724833e-04 9.887970028304440221e-04 -6.793183713057548501e-04 1.422656017004725500e-02 1.370557505335768395e-02 1.418829769485633295e-02
2.943099863250299170e-03 5.160148906579882164e-03 9.120597260301448184e-02 4.144697302213094792e-02 -1.677274327301377099e-01 -2.087464720696166509e+01 -1.091277023869562601e+00 8.299611504045032007e+00 4.551575823560347067e-03 -2.120909496830176207e-03 -8.525536523785747639e-03 -2.391327083937674469e-03 2.825917974649934600e-04 1.078774475403726594e-03 -1.073590319174764444e-03 9.530048143612421599e-03 1.099750374849307530e-02 7.648942355264412227e-03
7.186767609203617568e-02 9.120597260301448184e-02 1.621667842335535070e+01 4.402440657087238307e+00 1.070804018673263469e+00 -2.058840923369712641e+02 1.072443017135594658e+02 1.825865560362655629e+02 -4.581904117615835659e-02 1.222329630457584804e-01 7.650970859188242768e-02 1.264159840827904502e-01 3.099595260731671797e-02 2.147472440943112501e-02 1.359199461805087328e-01 6.283814113844802263e-01 -4.554567663574384806e-01 -7.758054616325481545e-01
-1.016004432971711474e-02 4.144697302213094792e-02 4.402440657087238307e+00 1.201531921229262068e+01 6.716292310580548985e+00 5.394666803702745028e+02 2.303213869427985117e+02 -4.672297157156056757e-01 -6.529567519036298673e-02 7.775530505146781290e-02 2.231737384303905114e-01 9.967374770139814100e-02 1.867127156239771144e-02 2.891932901678092270e-03 6.816427394428668796e-02 -1.383247442117395143e-01 -4.971012512801368244e-01 -6.757449700041777696e-01
-2.897113066314644381e-01 -1.677274327301377099e-01 1.070804018673263469e+00 6.716292310580548985e+00 6.491234237496331616e+01 4.891186030197309265e+03 -1.977229284971708694e+02 -1.213521248957721582e+03 -8.001534717541317621e-01 4.881746020266249930e-01 2.020154439744539676e+00 3.758238190641212118e-01 2.884555373600577663e-02 -1.333047312157988606e-01 2.109174371308401574e-01 -2.252028402517392891e+00 -2.895574895114836345e+00 -3.912388915407675860e+00
-2.824330406572708796e+01 -2.087464720696166509e+01 -2.058840923369712641e+02 5.394666803702745028e+02 4.891186030197309265e+03 4.361620760341962450e+05 -2.062140592548368659e+04 -1.053297809262061928e+05 -6.894140080904477941e+01 3.898373261796208311e+01 1.628930960223979412e+02 2.815771671260458930e+01 8.913624213024515797e-01 -1.231113200263212271e+01 1.525458655844766120e+01 -1.828128590226974097e+02 -2.330909720350097132e+02 -2.864078999488146451e+02
7.378947612072613849e-01 -1.091277023869562601e+00 1.072443017135594658e+02 2.303213869427985117e+02 -1.977229284971708694e+02 -2.062140592548368659e+04 1.718602161462276854e+04 2.727977338979506385e+03 1.315750954231087899e+00 3.774675434600177071e-01 -5.189819868461595931e+00 3.607972594845993086e+00 4.325198124606212668e-01 7.025595400371834609e-01 3.192488416692233155e+00 1.522142038131377006e+01 -1.619229319608731954e+00 2.551894814907092357e+00
8.099299412835733847e+00 8.299611504045032007e+00 1.825865560362655629e+02 -4.672297157156056757e-01 -1.213521248957721582e+03 -1.053297809262061928e+05 2.727977338979506385e+03 3.163515013783036557e+04 1.754127595162586317e+01 -9.143778693236079391e+00 -4.038562213127077882e+01 -7.410333883368161345e+00 8.086636275745825997e-02 3.330160966475264051e+00 -3.824757696387351746e+00 4.832112629225228773e+01 5.547603981317422495e+01 6.419144639688964560e+01
4.486604236480788883e-03 4.551575823560347067e-03 -4.581904117615835659e-02 -6.529567519036298673e-02 -8.001534717541317621e-01 -6.894140080904477941e+01 1.315750954231087899e+00 1.754127595162586317e+01 1.341914106348780084e-02 -8.222752383034874490e-03 -2.810698803570329390e-02 -6.897864859224619484e-03 -4.203662248148825643e-04 2.159147533224364118e-03 -4.476591980852893081e-03 2.267054379965411509e-02 4.421905951994082457e-02 5.495792730618249966e-02
-2.199850873914377218e-03 -2.120909496830176207e-03 1.222329630457584804e-01 7.775530505146781290e-02 4.881746020266249930e-01 3.898373261796208311e+01 3.774675434600177071e-01 -9.143778693236079391e+00 -8.222752383034874490e-03 5.754876295035593961e-03 1.741077002784379227e-02 5.040004519698830683e-03 4.654697373996231186e-04 -1.159873173745155266e-03 3.606752719412879490e-03 -9.638899249319468968e-03 -2.959678782461529559e-02 -3.844257043204048208e-02
-1.069905544639060575e-02 -8.525536523785747639e-03 7.650970859188242768e-02 2.231737384303905114e-01 2.020154439744539676e+00 1.628930960223979412e+02 -5.189819868461595931e+00 -4.038562213127077882e+01 -2.810698803570329390e-02 1.741077002784379227e-02 6.835679160904122031e-02 1.379719272250295482e-02 8.038217585998393318e-04 -4.864872197488642747e-03 8.032140308948396493e-03 -6.895592515894252705e-02 -9.909448989429008037e-02 -1.287145496796033572e-01
-1.776581420365027676e-03 -2.391327083937674469e-03 1.264159840827904502e-01 9.967374770139814100e-02 3.758238190641212118e-01 2.815771671260458930e+01 3.607972594845993086e+00 -7.410333883368161345e+00 -6.897864859224619484e-03 5.040004519698830683e-03 1.379719272250295482e-02 5.325517513536433961e-03 4.945475809057708807e-04 -8.677581940647922801e-04 3.775394923539599455e-03 -4.777136289686926759e-03 -2.551805596263723511e-02 -3.208673593966390736e-02
1.485844426458724833e-04 2.825917974649934600e-04 3.099595260731671797e-02 1.867127156239771144e-02 2.884555373600577663e-02 8.913624213024515797e-01 4.325198124606212668e-01 8.086636275745825997e-02 -4.203662248148825643e-04 4.654697373996231186e-04 8.038217585998393318e-04 4.945475809057708807e-04 1.267333170195713145e-04 1.962482888561681467e-05 4.423056169937349537e-04 6.760668774340572841e-04 -2.175792167496388898e-03 -3.651009428746356759e-03
9.887970028304440221e-04 1.078774475403726594e-03 2.147472440943112501e-02 2.891932901678092270e-03 -1.333047312157988606e-01 -1.231113200263212271e+01 7.025595400371834609e-01 3.330160966475264051e+00 2.159147533224364118e-03 -1.159873173745155266e-03 -4.864872197488642747e-03 -8.677581940647922801e-04 1.962482888561681467e-05 4.503770080383643140e-04 -4.174005984589762856e-04 5.454323211928307873e-03 6.548572728957015310e-03 7.656399958681882507e-03
-6.793183713057548501e-04 -1.073590319174764444e-03 1.359199461805087328e-01 6.816427394428668796e-02 2.109174371308401574e-01 1.525458655844766120e+01 3.192488416692233155e+00 -3.824757696387351746e+00 -4.476591980852893081e-03 3.606752719412879490e-03 8.032140308948396493e-03 3.775394923539599455e-03 4.423056169937349537e-04 -4.174005984589762856e-04 3.117418634843551264e-03 1.466604087931341286e-03 -1.740103322702536356e-02 -2.213818050354630224e-02
