2.422265293486096371e-03 1.730984428310399963e-06 -4.911718330148193319e-04 -1.125258550229205995e-04 2.324963326737458961e-04 4.458640844490243185e-03 -7.276002574849478729e-04 -2.913891581262048635e-04 6.584948769494782049e-06 -3.499076619702215281e-07 8.150738590053794084e-09 1.193686403526868170e-07 -1.583640690215455932e-07 5.149805524823483252e-07 -3.724159333026840601e-08 -5.896051732420762602e-05 -4.305620230212641505e-05 5.946711971335366935e-05
1.730984428310399963e-06 3.135451125599543476e-02 -1.041965168791876908e-03 -2.387108006636654912e-04 4.932145213436596063e-04 9.458499343490377187e-03 -1.543521175572873686e-03 -6.181489509841934160e-04 1.396921972088224197e-05 -7.422892999146647262e-07 1.729086470336671178e-08 2.532269913160748330e-07 -3.359513571773253282e-07 1.092472658699087891e-06 -7.900380370403035733e-08 -1.250780302459258378e-04 -9.133883517689171401e-05 1.261527295841938213e-04
-4.911718330148193319e-04 -1.041965168791876908e-03 3.637692336731147691e+01 6.773487941590128347e-02 -1.399510455182738644e-01 -2.683876517968629472e+00 4.379785933968947109e-01 1.754015509125362304e-01 -3.963806458264758879e-03 2.106267336109128477e-04 -4.906332819558410365e-06 -7.185389045639686888e-05 9.532716829213072336e-05 -3.099922734808001627e-04 2.241755757348335812e-05 3.549125248095988394e-02 2.591765839457195464e-02 -3.579620152341438793e-02
-1.125258550229205995e-04 -2.387108006636654912e-04 6.773487941590128347e-02 3.113595382773423736e+00 -3.206232523887481145e-02 -6.148673023586165298e-01 1.003394583952754854e-01 4.018391968373311723e-02 -9.080950512244851964e-04 4.825389343842485297e-05 -1.124024747427179511e-06 -1.646149049447911264e-05 2.183914141237454582e-05 -7.101821252619270632e-05 5.135788870461663968e-06 8.130929468697501231e-03 5.937650481991692264e-03 -8.200792293546373124e-03
2.324963326737458961e-04 4.932145213436596063e-04 -1.399510455182738644e-01 -3.206232523887481145e-02 1.472636234932966559e+01 1.270413744914526966e+00 -2.073172969413973887e-01 -8.302637608948887360e-02 1.876268961349949679e-03 -9.970022675569379560e-05 2.322414093704256412e-06 3.401206033520514694e-05 -4.512314335302019755e-05 1.467349344914663678e-04 -1.061135751890761529e-05 -1.679979487661744514e-02 -1.226813127952126881e-02 1.694414259620848767e-02
4.458640844490243185e-03 9.458499343490377187e-03 -2.683876517968629472e+00 -6.148673023586165298e-01 1.270413744914526966e+00 2.959847506411854920e+04 -3.975776122066147611e+00 -1.592217766815576807e+00 3.598168336729570121e-02 -1.911976408856588469e-03 4.453752115969991968e-05 6.522578643363548213e-04 -8.653379073634006550e-04 2.813972868790676207e-03 -2.034966810237036079e-04 -3.221739059473898159e-01 -2.352690495346409782e-01 3.249420985935971840e-01
-7.276002574849478729e-04 -1.543521175572873686e-03 4.379785933968947109e-01 1.003394583952754854e-01 -2.073172969413973887e-01 -3.975776122066147611e+00 8.675516134214719841e+02 2.598321097198788010e-01 -5.871807798813498576e-03 3.120131394095841193e-04 -7.268024717349464088e-06 -1.064411794065402215e-04 1.412134563354991781e-04 -4.592088610182365927e-04 3.320837956552368306e-05 5.257517371284314150e-02 3.839327431613635128e-02 -5.302691175418761116e-02
-2.913891581262048635e-04 -6.181489509841934160e-04 1.754015509125362304e-01 4.018391968373311723e-02 -8.302637608948887360e-02 -1.592217766815576807e+00 2.598321097198788010e-01 1.613468917859988778e+02 -2.351540029808943996e-03 1.249549393112380673e-04 -2.910696611006518791e-06 -4.262753529588150417e-05 5.655312753726443955e-05 -1.839038428583369619e-04 1.329928304008825001e-05 2.105529162328707155e-02 1.537572831455306412e-02 -2.123620355426403955e-02
6.584948769494782049e-06 1.396921972088224197e-05 -3.963806458264758879e-03 -9.080950512244851964e-04 1.876268961349949679e-03 3.598168336729570121e-02 -5.871807798813498576e-03 -2.351540029808943996e-03 1.965256140128439355e-02 -2.823790284961310695e-06 6.577728625963014264e-08 9.633170221509582878e-07 -1.278014082549699109e-06 4.155945236681960279e-06 -3.005434315166313565e-07 -4.758173487225888522e-04 -3.474679150593177734e-04 4.799056813322659766e-04
-3.499076619702215281e-07 -7.422892999146647262e-07 2.106267336109128477e-04 4.825389343842485297e-05 -9.970022675569379560e-05 -1.911976408856588469e-03 3.120131394095841193e-04 1.249549393112380673e-04 -2.823790284961310695e-06 7.604324613858378875e-05 -3.495240016517094101e-09 -5.118825047181331467e-08 6.791046297301604755e-08 -2.208365063947542147e-07 1.597012416097510758e-08 2.528374051863191673e-05 1.846357352562995462e-05 -2.550098425960615377e-05
8.150738590053794084e-09 1.729086470336671178e-08 -4.906332819558410365e-06 -1.124024747427179511e-06 2.322414093704256412e-06 4.453752115969991968e-05 -7.268024717349464088e-06 -2.910696611006518791e-06 6.577728625963014264e-08 -3.495240016517094101e-09 4.568085331476378892e-05 1.192377572210623129e-09 -1.581904288994071209e-09 5.144158960764827394e-09 -3.720075935287408171e-10 -5.889586938043620459e-07 -4.300899282921535340e-07 5.940191629951082814e-07
1.193686403526868170e-07 2.532269913160748330e-07 -7.185389045639686888e-05 -1.646149049447911264e-05 3.401206033520514694e-05 6.522578643363548213e-04 -1.064411794065402215e-04 -4.262753529588150417e-05 9.633170221509582878e-07 -5.118825047181331467e-08 1.192377572210623129e-09 5.392021377493209748e-04 -2.316719669745411651e-08 7.533688562333530587e-08 -5.448100211996580464e-09 -8.625377654622722609e-06 -6.298723655825173020e-06 8.699488892539633929e-06
-1.583640690215455932e-07 -3.359513571773253282e-07 9.532716829213072336e-05 2.183914141237454582e-05 -4.512314335302019755e-05 -8.653379073634006550e-04 1.412134563354991781e-04 5.655312753726443955e-05 -1.278014082549699109e-06 6.791046297301604755e-08 -1.581904288994071209e-09 -2.316719669745411651e-08 4.689379343948012652e-05 -9.994799069061868466e-08 7.227889297052744447e-09 1.144312189698844974e-05 8.356394986418116182e-06 -1.154144384454577251e-05
5.149805524823483252e-07 1.092472658699087891e-06 -3.099922734808001627e-04 -7.101821252619270632e-05 1.467349344914663678e-04 2.813972868790676207e-03 -4.592088610182365927e-04 -1.839038428583369619e-04 4.155945236681960279e-06 -2.208365063947542147e-07 5.144158960764827394e-09 7.533688562333530587e-08 -9.994799069061868466e-08 5.270465045482931009e-04 -2.350421056035799866e-08 -3.721163059931369290e-05 -2.717397281753885119e-05 3.753136152809729838e-05
-3.724159333026840601e-08 -7.900380370403035733e-08 2.241755757348335812e-05 5.135788870461663968e-06 -1.061135751890761529e-05 -2.034966810237036079e-04 3.320837956552368306e-05 1.329928304008825001e-05 -3.005434315166313565e-07 1.597012416097510758e-08 -3.720075935287408171e-10 -5.448100211996580464e-09 7.227889297052744447e-09 -2.350421056035799866e-08 1.101772171884071234e-04 2.691015043686165916e-06 1.965126721699336539e-06 -2.714136866767585164e-06
-5.896051732420762602e-05 -1.250780302459258378e-04 3.549125248095988394e-02 8.130929468697501231e-03 -1.679979487661744514e-02 -3.221739059473898159e-01 5.257517371284314150e-02 2.105529162328707155e-02 -4.758173487225888522e-04 2.528374051863191673e-05 -5.889586938043620459e-07 -8.625377654622722609e-06 1.144312189698844974e-05 -3.721163059931369290e-05 2.691015043686165916e-06 5.453320292630375654e+00 3.111168931240301111e-03 -4.296994286312065363e-03
-4.305620230212641505e-05 -9.133883517689171401e-05 2.591765839457195464e-02 5.937650481991692264e-03 -1.226813127952126881e-02 -2.352690495346409782e-01 3.839327431613635128e-02 1.537572831455306412e-02 -3.474679150593177734e-04 1.846357352562995462e-05 -4.300899282921535340e-07 -6.298723655825173020e-06 8.356394986418116182e-06 -2.717397281753885119e-05 1.965126721699336539e-06 3.111168931240301111e-03 6.437736825784552863e+00 -3.137900813610609331e-03
5.946711971335366935e-05 1.261527295841938213e-04 -3.579620152341438793e-02 -8.200792293546373124e-03 1.694414259620848767e-02 3.249420985935971840e-01 -5.302691175418761116e-02 -2.123620355426403955e-02 4.799056813322659766e-04 -2.550098425960615377e-05 5.940191629951082814e-07 8.699488892539633929e-06 -1.154144384454577251e-05 3.753136152809729838e-05 -2.714136866767585164e-06 -4.296994286312065363e-03 -3.137900813610609331e-03 1.470710805454124248e+00
7.753617617762896368e-04 1.564118440687238235e-06 -1.482670452029636547e-04 -1.134929021080391111e-05 6.546426153175990764e-05 -1.107657281374505032e-03 -4.192417504761269823e-04 3.806749630454357779e-05 3.693925183332421773e-06 -1.413175330082425259e-07 7.708730616167657234e-08 -2.160246988327864819e-07 -9.452784135376842248e-08 -1.423136660725795988e-07 -6.501539041084807888e-08 -8.656262838387949251e-06 8.075564804443337085e-06 2.983776765914662702e-05
1.564118440687238235e-06 1.003775195744607655e-02 -2.954379132708402026e-04 2.877915175487351945e-05 1.197241608666339997e-04 -7.782184924007368165e-03 -1.288934103498008601e-03 3.622170630968991434e-04 1.123734856456744723e-05 -3.626931688315163405e-07 3.231743602413711322e-07 -1.003186236874412258e-06 -2.945233608826175213e-07 -9.601727215767294590e-07 -2.517360118015184642e-07 3.523745118638431401e-06 6.397345541336361507e-05 8.646449349642768684e-05
-1.482670452029636547e-04 -2.954379132708402026e-04 1.164095048043562031e+01 2.260251718627021705e-02 -4.512033869990919599e-02 -9.541530605489098038e-01 1.331428007946714176e-01 6.106677636140100951e-02 -1.208745129670651822e-03 6.629689266534807000e-05 1.230924139602893851e-06 -3.255385217413547496e-05 2.885556696220003501e-05 -1.107469841783924281e-04 5.176747313842037912e-06 1.174121196306586110e-02 9.115501895844004693e-03 -1.104831478975306508e-02
-1.134929021080391111e-05 2.877915175487351945e-05 2.260251718627021705e-02 9.989176308332784471e-01 -1.119007147922466451e-02 -4.606020215795436079e-01 1.270256249600097004e-02 2.652901234013354398e-02 -1.254036574870771306e-04 1.238608600970498325e-05 7.393909973656415085e-06 -3.173337147994889597e-05 2.423408466910551485e-06 -5.469706003194910605e-05 -3.884290677241951762e-06 3.664918015749168111e-03 4.175098528775260907e-03 -1.499063198628129267e-03
6.546426153175990764e-05 1.197241608666339997e-04 -4.512033869990919599e-02 -1.119007147922466451e-02 4.712772960150110713e+00 5.021298381193134430e-01 -5.931023378558938214e-02 -3.152147967614834373e-02 5.405547834869645985e-04 -3.079711190751403420e-05 -2.066149458113432589e-06 2.047304074902858378e-05 -1.278535016251622494e-05 5.853915407858684714e-05 -1.392795158538134685e-06 -5.761093241002468099e-03 -4.750109522431000993e-03 5.014441098913916678e-03
-1.107657281374505032e-03 -7.782184924007368165e-03 -9.541530605489098038e-01 -4.606020215795436079e-01 5.021298381193134430e-01 9.498629657483596020e+03 7.222849130645462301e-01 -1.914513027688434343e+00 -5.463569090311174055e-03 -2.978265816566416928e-04 -7.826539925154639291e-04 2.928836588937909491e-03 1.922893962284062880e-04 4.186438291837370901e-03 5.030162313671217604e-04 -2.123517003033339734e-01 -3.091131935684213738e-01 -1.166431521105722006e-02
-4.192417504761269823e-04 -1.288934103498008601e-03 1.331428007946714176e-01 1.270256249600097004e-02 -5.931023378558938214e-02 7.222849130645462301e-01 2.777632165025128188e+02 -2.019333066830009474e-02 -3.127708356200664761e-03 1.229396960991466366e-04 -6.093911730819219301e-05 1.660063295098699470e-04 7.969832174729043995e-05 9.473980069171935008e-05 5.241367417195049182e-05 8.788147887887117621e-03 -4.912403191530815595e-03 -2.547449189271312753e-02
3.806749630454357779e-05 3.622170630968991434e-04 6.106677636140100951e-02 2.652901234013354398e-02 -3.152147967614834373e-02 -1.914513027688434343e+00 -2.019333066830009474e-02 5.170380059310901544e+01 1.271463783723226419e-04 2.371648986726031995e-05 4.035741039692290684e-05 -1.545737903720796321e-04 -6.212790409512185877e-06 -2.290998524655258998e-04 -2.518012064263177883e-05 1.239840469242083250e-02 1.703514758034569213e-02 -8.038124350174747279e-04
3.693925183332421773e-06 1.123734856456744723e-05 -1.208745129670651822e-03 -1.254036574870771306e-04 5.405547834869645985e-04 -5.463569090311174055e-03 -3.127708356200664761e-03 1.271463783723226419e-04 6.299448987590351538e-03 -1.100204500221792490e-06 5.199726308891474531e-07 -1.394737301440219603e-06 -7.027179223879085465e-07 -7.273633209472040652e-07 -4.518698198625822099e-07 -8.385893605683918659e-05 3.520385369726895862e-05 2.259728955768289618e-04
-1.413175330082425259e-07 -3.626931688315163405e-07 6.629689266534807000e-05 1.238608600970498325e-05 -3.079711190751403420e-05 -2.978265816566416928e-04 1.229396960991466366e-04 2.371648986726031995e-05 -1.100204500221792490e-06 2.433747476279323794e-05 -1.034616730337738260e-08 1.511703907846952084e-08 2.716437232444188890e-08 -3.261816773905225237e-08 1.168910209322851664e-08 6.825677843958776839e-06 3.200766863282078161e-06 -9.499423375602274980e-06
7.708730616167657234e-08 3.231743602413711322e-07 1.230924139602893851e-06 7.393909973656415085e-06 -2.066149458113432589e-06 -7.826539925154639291e-04 -6.093911730819219301e-05 4.035741039692290684e-05 5.199726308891474531e-07 -1.034616730337738260e-08 1.464129173737766308e-05 -7.955443159927235648e-08 -1.429451711696439725e-08 -9.491858080762850100e-08 -1.681483068721703469e-08 3.022240778250846642e-06 6.733848158886247401e-06 3.588568875281310336e-06
-2.160246988327864819e-07 -1.003186236874412258e-06 -3.255385217413547496e-05 -3.173337147994889597e-05 2.047304074902858378e-05 2.928836588937909491e-03 1.660063295098699470e-04 -1.545737903720796321e-04 -1.394737301440219603e-06 1.511703907846952084e-08 -7.955443159927235648e-08 1.728175330959402984e-04 3.965073043346212484e-08 3.537163536613137464e-07 5.524507160075753766e-08 -1.371936927364190287e-05 -2.547030408051572647e-05 -8.816353216008699560e-06
-9.452784135376842248e-08 -2.945233608826175213e-07 2.885556696220003501e-05 2.423408466910551485e-06 -1.278535016251622494e-05 1.922893962284062880e-04 7.969832174729043995e-05 -6.212790409512185877e-06 -7.027179223879085465e-07 2.716437232444188890e-08 -1.429451711696439725e-08 3.965073043346212484e-08 1.501413209762964091e-05 2.487143377474276210e-08 1.214297047973611198e-08 1.771417899084679913e-06 -1.371700512027994530e-06 -5.694200282246169385e-06
-1.423136660725795988e-07 -9.601727215767294590e-07 -1.107469841783924281e-04 -5.469706003194910605e-05 5.853915407858684714e-05 4.186438291837370901e-03 9.473980069171935008e-05 -2.290998524655258998e-04 -7.273633209472040652e-07 -3.261816773905225237e-08 -9.491858080762850100e-08 3.537163536613137464e-07 2.487143377474276210e-08 1.690530569663487481e-04 6.132216598929790226e-08 -2.514677258960945793e-05 -3.702956048441198214e-05 -2.003288423277216927e-06
-6.501539041084807888e-08 -2.517360118015184642e-07 5.176747313842037912e-06 -3.884290677241951762e-06 -1.392795158538134685e-06 5.030162313671217604e-04 5.241367417195049182e-05 -2.518012064263177883e-05 -4.518698198625822099e-07 1.168910209322851664e-08 -1.681483068721703469e-08 5.524507160075753766e-08 1.214297047973611198e-08 6.132216598929790226e-08 3.526861236524117868e-05 -1.427872740238662677e-06 -4.270015419270764155e-06 -3.291391199967447888e-06
-8.656262838387949251e-06 3.523745118638431401e-06 1.174121196306586110e-02 3.664918015749168111e-03 -5.761093241002468099e-03 -2.123517003033339734e-01 8.788147887887117621e-03 1.239840469242083250e-02 -8.385893605683918659e-05 6.825677843958776839e-06 3.022240778250846642e-06 -1.371936927364190287e-05 1.771417899084679913e-06 -2.514677258960945793e-05 -1.427872740238662677e-06 1.745502682606716371e+00 1.937655597235832987e-03 -9.091051729987566004e-04
8.075564804443337085e-06 6.397345541336361507e-05 9.115501895844004693e-03 4.175098528775260907e-03 -4.750109522431000993e-03 -3.091131935684213738e-01 -4.912403191530815595e-03 1.703514758034569213e-02 3.520385369726895862e-05 3.200766863282078161e-06 6.733848158886247401e-06 -2.547030408051572647e-05 -1.371700512027994530e-06 -3.702956048441198214e-05 -4.270015419270764155e-06 1.937655597235832987e-03 2.062092003868427614e+00 -6.949976871153721245e-06
2.983776765914662702e-05 8.646449349642768684e-05 -1.104831478975306508e-02 -1.499063198628129267e-03 5.014441098913916678e-03 -1.166431521105722006e-02 -2.547449189271312753e-02 -8.038124350174747279e-04 2.259728955768289618e-04 -9.499423375602274980e-06 3.588568875281310336e-06 -8.816353216008699560e-06 -5.694200282246169385e-06 -2.003288423277216927e-06 -3.291391199967447888e-06 -9.091051729987566004e-04 -6.949976871153721245e-06 4.711206403929268371e-01
2.481692991942777127e-04 9.425027917311182242e-07 -5.678777261454528877e-05 -5.235589762907334311e-06 1.776491965986443799e-05 -2.283127316887265264e-05 -1.069867446948509426e-05 8.712802549071116536e-06 1.321495964689637012e-06 -2.027560810420331979e-08 9.623287900427167566e-10 -1.194939631173250441e-07 -2.326748066746866588e-08 -4.864885263524519684e-08 -5.219095054892380219e-08 3.999137081283310188e-06 1.892970131586802709e-06 9.911941639035382133e-06
9.425027917311182242e-07 3.215729624041032460e-03 -1.716696852411321735e-04 -4.031676320764027476e-06 1.202777956962349011e-05 2.475255495446357758e-04 6.068077279353507837e-04 8.727131050213489350e-05 4.747158066595211089e-06 8.989071165415354412e-08 -9.229612657851328750e-08 -7.368384099758343371e-07 -3.660926878517125900e-08 -3.329186694179387437e-07 -3.396764493736648437e-07 5.701317477431222828e-05 1.476491726040002847e-05 3.067260858949547676e-05
-5.678777261454528877e-05 -1.716696852411321735e-04 3.726734455674948876e+00 7.512683121739621890e-03 -1.388293952605068084e-02 -3.631988979145995833e-01 2.106126466822480503e-02 2.014669841690337401e-02 -4.111317113578799001e-04 1.686174820213796134e-05 4.530695597409268216e-06 -1.627991850024764063e-06 8.015471761997504231e-06 -3.489658283351671175e-05 7.133647106607576912e-06 2.575923841379105638e-03 3.037581845480541616e-03 -3.598956228397327470e-03
-5.235589762907334311e-06 -4.031676320764027476e-06 7.512683121739621890e-03 3.197016890913150777e-01 -3.485447110436254783e-03 -1.573273067623428834e-01 3.662386801106052160e-04 8.593202316394925322e-03 -4.430651789177975975e-05 3.216213966487678225e-06 3.076224985991359928e-06 -8.645810010332658613e-06 5.663407324160723604e-07 -1.740993523020663799e-05 -3.027089326472617412e-07 9.699835035989514938e-04 1.356738850202357646e-03 -4.906006389739678113e-04
1.776491965986443799e-05 1.202777956962349011e-05 -1.388293952605068084e-02 -3.485447110436254783e-03 1.508276672151085629e+00 1.409608303056574252e-01 -2.632111437485182975e-02 -9.880591163618326553e-03 1.646853201426751461e-04 -1.133856437005135760e-05 7.485570413098353750e-07 9.546541230409920589e-06 -4.506483557921617093e-06 1.891738432438351092e-05 1.420769324931049000e-06 -2.246097040027942183e-03 -1.478930143585793907e-03 1.582983368339584140e-03
-2.283127316887265264e-05 2.475255495446357758e-04 -3.631988979145995833e-01 -1.573273067623428834e-01 1.409608303056574252e-01 3.041615666617374700e+03 9.958818442289961714e-01 -6.341312295945968902e-01 -8.845975999424537765e-04 5.922064566041701652e-05 -3.972909554726583082e-04 6.252409281781815551e-04 1.047782655166835014e-04 1.320405133609048928e-03 -3.345194276509171744e-05 -2.602187518318374582e-02 -1.031978467819414519e-01 -1.478716670818193022e-03
-1.069867446948509426e-05 6.068077279353507837e-04 2.106126466822480503e-02 3.662386801106052160e-04 -2.632111437485182975e-02 9.958818442289961714e-01 8.916893883198926574e+01 -1.446129836298339424e-02 -6.793026394928574404e-04 9.686897728762050737e-05 -7.416830630828045578e-05 -6.302774654967519268e-05 4.160341884792382743e-05 2.314823449831582145e-05 -5.560731320791984357e-05 1.842260475651886012e-02 -3.165978063855180973e-03 -7.312744761052711664e-03
8.712802549071116536e-06 8.727131050213489350e-05 2.014669841690337401e-02 8.593202316394925322e-03 -9.880591163618326553e-03 -6.341312295945968902e-01 -1.446129836298339424e-02 1.654544094839831203e+01 3.165191480627704823e-05 5.972915276491513692e-06 1.445036225901046526e-05 -4.620017387114644863e-05 -2.440450467488274438e-06 -7.311054069803907274e-05 -6.023999631411461800e-06 3.528887000163334273e-03 5.496033808266844074e-03 -2.807958128407089912e-04
1.321495964689637012e-06 4.747158066595211089e-06 -4.111317113578799001e-04 -4.430651789177975975e-05 1.646853201426751461e-04 -8.845975999424537765e-04 -6.793026394928574404e-04 3.165191480627704823e-05 2.016186865208368598e-03 -2.870903664210679291e-07 1.046469321474108268e-07 -5.775008199036272247e-07 -2.066857060397784614e-07 -2.408526975635498982e-07 -2.263472850761975851e-07 -9.203760203872147081e-06 9.464886209835974990e-06 7.325903632945115031e-05
-2.027560810420331979e-08 8.989071165415354412e-08 1.686174820213796134e-05 3.216213966487678225e-06 -1.133856437005135760e-05 5.922064566041701652e-05 9.686897728762050737e-05 5.972915276491513692e-06 -2.870903664210679291e-07 7.799616059488314237e-06 -1.435692055785889355e-08 -1.863171437977346463e-08 1.194574846224290664e-08 -1.188627767574460990e-08 -1.088449235370436360e-08 5.338446283008173727e-06 7.021606982425290112e-07 -2.870268825296373610e-06
9.623287900427167566e-10 -9.229612657851328750e-08 4.530695597409268216e-06 3.076224985991359928e-06 7.485570413098353750e-07 -3.972909554726583082e-04 -7.416830630828045578e-05 1.445036225901046526e-05 1.046469321474108268e-07 -1.435692055785889355e-08 4.695710253997897585e-06 -3.155211619163388789e-09 -7.665638035442240167e-09 -2.899750402022929749e-08 8.517058204842007386e-09 -2.030274172617617224e-06 2.460901050141408991e-06 9.872257752402330027e-07
-1.194939631173250441e-07 -7.368384099758343371e-07 -1.627991850024764063e-06 -8.645810010332658613e-06 9.546541230409920589e-06 6.252409281781815551e-04 -6.302774654967519268e-05 -4.620017387114644863e-05 -5.775008199036272247e-07 -1.863171437977346463e-08 -3.155211619163388789e-09 5.534899491440139937e-05 6.120114763445613791e-09 1.161136866618341854e-07 4.720635526519455105e-08 -1.075859745358351144e-05 -7.500207260777884848e-06 -3.163548272665721793e-06
-2.326748066746866588e-08 -3.660926878517125900e-08 8.015471761997504231e-06 5.663407324160723604e-07 -4.506483557921617093e-06 1.047782655166835014e-04 4.160341884792382743e-05 -2.440450467488274438e-06 -2.066857060397784614e-07 1.194574846224290664e-08 -7.665638035442240167e-09 6.120114763445613791e-09 4.805432702867476953e-06 7.553489332081197850e-09 -2.072269892992754238e-10 1.449601457882797168e-06 -5.290833079865711984e-07 -1.774694489458239898e-06
-4.864885263524519684e-08 -3.329186694179387437e-07 -3.489658283351671175e-05 -1.740993523020663799e-05 1.891738432438351092e-05 1.320405133609048928e-03 2.314823449831582145e-05 -7.311054069803907274e-05 -2.408526975635498982e-07 -1.188627767574460990e-08 -2.899750402022929749e-08 1.161136866618341854e-07 7.553489332081197850e-09 5.409715871989915603e-05 2.144549044304481010e-08 -8.440010456152115579e-06 -1.180932492144402382e-05 -6.621792195145601178e-07
-5.219095054892380219e-08 -3.396764493736648437e-07 7.133647106607576912e-06 -3.027089326472617412e-07 1.420769324931049000e-06 -3.345194276509171744e-05 -5.560731320791984357e-05 -6.023999631411461800e-06 -2.263472850761975851e-07 -1.088449235370436360e-08 8.517058204842007386e-09 4.720635526519455105e-08 -2.072269892992754238e-10 2.144549044304481010e-08 1.130435653160208341e-05 -4.425439847152627113e-06 -9.611713261164551347e-07 -1.266561752958781405e-06
3.999137081283310188e-06 5.701317477431222828e-05 2.575923841379105638e-03 9.699835035989514938e-04 -2.246097040027942183e-03 -2.602187518318374582e-02 1.842260475651886012e-02 3.528887000163334273e-03 -9.203760203872147081e-06 5.338446283008173727e-06 -2.030274172617617224e-06 -1.075859745358351144e-05 1.449601457882797168e-06 -8.440010456152115579e-06 -4.425439847152627113e-06 5.594167640649331252e-01 5.326515476715989149e-04 -2.449068754306494428e-04
1.892970131586802709e-06 1.476491726040002847e-05 3.037581845480541616e-03 1.356738850202357646e-03 -1.478930143585793907e-03 -1.031978467819414519e-01 -3.165978063855180973e-03 5.496033808266844074e-03 9.464886209835974990e-06 7.021606982425290112e-07 2.460901050141408991e-06 -7.500207260777884848e-06 -5.290833079865711984e-07 -1.180932492144402382e-05 -9.611713261164551347e-07 5.326515476715989149e-04 6.598783656481148618e-01 -6.921837323329289483e-06
9.911941639035382133e-06 3.067260858949547676e-05 -3.598956228397327470e-03 -4.906006389739678113e-04 1.582983368339584140e-03 -1.478716670818193022e-03 -7.312744761052711664e-03 -2.807958128407089912e-04 7.325903632945115031e-05 -2.870268825296373610e-06 9.872257752402330027e-07 -3.163548272665721793e-06 -1.774694489458239898e-06 -6.621792195145601178e-07 -1.266561752958781405e-06 -2.449068754306494428e-04 -6.921837323329289483e-06 1.507610778897215398e-01
7.955470302339364124e-05 -1.538735136460237163e-07 -1.825847886769994596e-05 -1.436936975943454665e-06 4.404178373802462406e-06 1.822610936821358288e-04 -2.400118008357821658e-06 2.704208176989618211e-05 4.212450336803537228e-07 1.643908135443439726e-08 1.432689633301067709e-08 -7.250604034742753084e-08 -2.150300366819453180e-08 -2.413940462983360409e-08 -1.464941399713774892e-08 -4.511124988873617400e-06 5.713644661671651317e-06 3.305168844994055405e-07
-1.538735136460237163e-07 1.030509754859232179e-03 -5.465428833140686851e-05 -2.063001788407890950e-06 7.999533102288885068e-06 -5.352131820909413785e-04 1.908612605059241114e-04 -5.068474501397114018e-05 1.524385618363986038e-06 -4.554643211977536400e-08 -7.497272381432299002e-08 -1.247195779998943845e-07 3.384764903172529183e-08 -7.875130712310536325e-08 -1.153463637995114071e-07 3.701340739876421887e-05 -1.183083810166995173e-05 1.902441778863205520e-05
-1.825847886769994596e-05 -5.465428833140686851e-05 1.192555078926766488e+00 2.403912006527993226e-03 -4.441753379351533366e-03 -1.163401870601434573e-01 6.738975505038363040e-03 6.432032927280693924e-03 -1.315611433039149411e-04 5.381664476377350598e-06 1.441204193075844737e-06 -4.998905501758885040e-07 2.573593005121357958e-06 -1.116163685844683833e-05 2.281505761297601772e-06 8.278556559731407773e-04 9.688860222605443938e-04 -1.149919250940508505e-03
-1.436936975943454665e-06 -2.063001788407890950e-06 2.403912006527993226e-03 1.023049451227287521e-01 -1.117516036579246181e-03 -5.002307388452203324e-02 1.189330177005482834e-04 2.790979775787851783e-03 -1.418085780393798011e-05 1.068092296228818957e-06 1.008179856302859515e-06 -2.824806331712703507e-06 1.573759154228934563e-07 -5.585724164521116410e-06 -9.338547671439896141e-08 3.005686004091418645e-04 4.428236908033649898e-04 -1.618134321005135093e-04
4.404178373802462406e-06 7.999533102288885068e-06 -4.441753379351533366e-03 -1.117516036579246181e-03 4.826602048928810285e-01 4.337998009065553717e-02 -8.432083158446119012e-03 -3.382810698151320593e-03 5.271418978669818815e-05 -3.837272100676219115e-06 1.117864642878972293e-07 3.367170104297388293e-06 -1.313972483147334459e-06 6.131675759191832567e-06 4.359495576475451114e-07 -6.659802503217188011e-04 -5.198048247360843432e-04 5.324468949108051869e-04
1.822610936821358288e-04 -5.352131820909413785e-04 -1.163401870601434573e-01 -5.002307388452203324e-02 4.337998009065553717e-02 9.735727336695427994e+02 3.200628041571684790e-01 -1.702040928767055705e-01 -2.852750107428194304e-04 4.987881641922309198e-05 -1.082219598078968498e-04 1.538506270797919276e-04 1.456601933905128268e-05 4.109665788809421729e-04 -7.936952972396326363e-06 -1.613868203765410694e-02 -2.613291437626921038e-02 -4.306024079108176916e-03
-2.400118008357821658e-06 1.908612605059241114e-04 6.738975505038363040e-03 1.189330177005482834e-04 -8.432083158446119012e-03 3.200628041571684790e-01 2.853406788006263639e+01 -4.450974112309049983e-03 -2.173887426653671104e-04 3.116505169653985486e-05 -2.363175823380062407e-05 -2.041845195979511676e-05 1.321071415217167842e-05 7.345006969937220100e-06 -1.777939780152639661e-05 5.853058867426909340e-03 -9.759122728787117092e-04 -2.360771495909520269e-03
2.704208176989618211e-05 -5.068474501397114018e-05 6.432032927280693924e-03 2.790979775787851783e-03 -3.382810698151320593e-03 -1.702040928767055705e-01 -4.450974112309049983e-03 5.298727164592685668e+00 9.846652331333287218e-06 5.868413684686326750e-06 7.043684753784848939e-06 -2.069845797893948483e-05 -3.207150677872578709e-06 -2.487479838569292104e-05 -1.573573104444269957e-06 1.297855158447179253e-04 2.640316148334807302e-03 -5.802431066599318980e-04
4.212450336803537228e-07 1.524385618363986038e-06 -1.315611433039149411e-04 -1.418085780393798011e-05 5.271418978669818815e-05 -2.852750107428194304e-04 -2.173887426653671104e-04 9.846652331333287218e-06 6.451798158586775564e-04 -9.213545424082478447e-08 3.332404345369655363e-08 -1.844018861278309260e-07 -6.597600400404842963e-08 -7.697321360550237801e-08 -7.245498278519679935e-08 -2.877882777442856036e-06 2.969382667512118467e-06 2.347592270699309529e-05
1.643908135443439726e-08 -4.554643211977536400e-08 5.381664476377350598e-06 1.068092296228818957e-06 -3.837272100676219115e-06 4.987881641922309198e-05 3.116505169653985486e-05 5.868413684686326750e-06 -9.213545424082478447e-08 2.499617764897688721e-06 -2.306997761752799383e-09 -1.155302922487371343e-08 1.529148080214100157e-09 -5.202108673489928367e-09 -3.148300650341721314e-09 7.635155172296154259e-07 1.058053452954690626e-06 -1.382049898522475563e-06
1.432689633301067709e-08 -7.497272381432299002e-08 1.441204193075844737e-06 1.008179856302859515e-06 1.117864642878972293e-07 -1.082219598078968498e-04 -2.363175823380062407e-05 7.043684753784848939e-06 3.332404345369655363e-08 -2.306997761752799383e-09 1.504025806809726581e-06 -4.428228316262916777e-09 -3.855366331277138828e-09 -1.013431816229892133e-08 2.930134501121397879e-09 -1.227380737859754320e-06 1.297050029455218942e-06 3.246473728265908871e-08
-7.250604034742753084e-08 -1.247195779998943845e-07 -4.998905501758885040e-07 -2.824806331712703507e-06 3.367170104297388293e-06 1.538506270797919276e-04 -2.041845195979511676e-05 -2.069845797893948483e-05 -1.844018861278309260e-07 -1.155302922487371343e-08 -4.428228316262916777e-09 1.772003471384717333e-05 5.386375592816825608e-09 3.924663035285289078e-08 1.460572327335450874e-08 -2.030636430247779051e-06 -3.645640672678474266e-06 -3.194753807209287160e-07
-2.150300366819453180e-08 3.384764903172529183e-08 2.573593005121357958e-06 1.573759154228934563e-07 -1.313972483147334459e-06 1.456601933905128268e-05 1.321071415217167842e-05 -3.207150677872578709e-06 -6.597600400404842963e-08 1.529148080214100157e-09 -3.855366331277138828e-09 5.386375592816825608e-09 1.539144674232239776e-06 3.274579337509228930e-09 -2.715500074458218830e-10 1.043150276850014148e-06 -6.802662523979567771e-07 -2.836771332406039297e-07
-2.413940462983360409e-08 -7.875130712310536325e-08 -1.116163685844683833e-05 -5.585724164521116410e-06 6.131675759191832567e-06 4.109665788809421729e-04 7.345006969937220100e-06 -2.487479838569292104e-05 -7.697321360550237801e-08 -5.202108673489928367e-09 -1.013431816229892133e-08 3.924663035285289078e-08 3.274579337509228930e-09 1.731161364451334382e-05 6.737409569437148001e-09 -2.347577734529565099e-06 -4.090551260433694497e-06 -3.858571265040546485e-08
-1.464941399713774892e-08 -1.153463637995114071e-07 2.281505761297601772e-06 -9.338547671439896141e-08 4.359495576475451114e-07 -7.936952972396326363e-06 -1.777939780152639661e-05 -1.573573104444269957e-06 -7.245498278519679935e-08 -3.148300650341721314e-09 2.930134501121397879e-09 1.460572327335450874e-08 -2.715500074458218830e-10 6.737409569437148001e-09 3.617424044670613621e-06 -1.500686809457695515e-06 -2.329998641655593045e-07 -4.467826414444816302e-07
-4.511124988873617400e-06 3.701340739876421887e-05 8.278556559731407773e-04 3.005686004091418645e-04 -6.659802503217188011e-04 -1.613868203765410694e-02 5.853058867426909340e-03 1.297855158447179253e-04 -2.877882777442856036e-06 7.635155172296154259e-07 -1.227380737859754320e-06 -2.030636430247779051e-06 1.043150276850014148e-06 -2.347577734529565099e-06 -1.500686809457695515e-06 1.792519938271830426e-01 -4.003763337740940195e-05 3.871428637115259666e-05
5.713644661671651317e-06 -1.183083810166995173e-05 9.688860222605443938e-04 4.428236908033649898e-04 -5.198048247360843432e-04 -2.613291437626921038e-02 -9.759122728787117092e-04 2.640316148334807302e-03 2.969382667512118467e-06 1.058053452954690626e-06 1.297050029455218942e-06 -3.645640672678474266e-06 -6.802662523979567771e-07 -4.090551260433694497e-06 -2.329998641655593045e-07 -4.003763337740940195e-05 2.113467390591410866e-01 -1.054908956431275559e-04
3.305168844994055405e-07 1.902441778863205520e-05 -1.149919250940508505e-03 -1.618134321005135093e-04 5.324468949108051869e-04 -4.306024079108176916e-03 -2.360771495909520269e-03 -5.802431066599318980e-04 2.347592270699309529e-05 -1.382049898522475563e-06 3.246473728265908871e-08 -3.194753807209287160e-07 -2.836771332406039297e-07 -3.858571265040546485e-08 -4.467826414444816302e-07 3.871428637115259666e-05 -1.054908956431275559e-04 4.830099292235488090e-02
