2.700017677142479110e-03 3.959933182158586874e-06 1.193993220092955435e-04 -5.423422830679868080e-05 -1.660710727129669439e-04 6.159279349741576988e-03 -6.035412215389862611e-03 4.161762562657985581e-03 4.798061400167921332e-06 -3.492512521887767202e-07 -7.725887847672862985e-08 -5.454715314295072310e-06 -9.759002219378183137e-08 -2.172192176364107412e-06 1.588526371639193259e-06 4.002143188805063040e-06 2.797040328466202947e-06 1.000721010394471517e-07
3.959933182158586874e-06 1.187997628872341921e-01 3.032170097112375047e-04 -1.377289272204056732e-04 -4.217408710548877621e-04 1.564161533730835593e-02 -1.532705222717023301e-02 1.056888077872910996e-02 1.218477463428616997e-05 -8.869306671468508425e-07 -1.962004952049372581e-07 -1.385236062142697905e-05 -2.478318487013528060e-07 -5.516326266777230032e-06 4.034095069806000823e-06 1.016352412831282583e-05 7.103140873557321580e-06 2.541351384754065754e-07
1.193993220092955435e-04 3.032170097112375047e-04 2.181256939997241062e+01 -4.152782326044174993e-03 -1.271626862151097395e-02 4.716236816366622397e-01 -4.621390210750026539e-01 3.186713364414526239e-01 3.673935299526391021e-04 -2.674260283070229691e-05 -5.915808431037152511e-06 -4.176743370010750351e-04 -7.472589396349764791e-06 -1.663274570396254873e-04 1.216354403215757064e-04 3.064490824272371613e-04 2.141728573250694929e-04 7.662645261140872468e-06
-5.423422830679868080e-05 -1.377289272204056732e-04 -4.152782326044174993e-03 6.203955284942918036e-01 5.776054704698528781e-03 -2.142235482943894154e-01 2.099153726895605920e-01 -1.447486780038237941e-01 -1.668795454327694650e-04 1.214717473291376195e-05 2.687111615618513160e-06 1.897183750259782238e-04 3.394241378799828656e-06 7.555018845143873275e-05 -5.524993048188952871e-05 -1.391970173789916943e-04 -9.728279395408073792e-05 -3.480569617425207553e-06
-1.660710727129669439e-04 -4.217408710548877621e-04 -1.271626862151097395e-02 5.776054704698528781e-03 2.882266586045147960e+01 -6.559756739669065917e-01 6.427835743193843765e-01 -4.432361071663935004e-01 -5.110032167710994427e-04 3.719596279521419934e-05 8.228226388339693095e-06 5.809381830915727463e-04 1.039353420196753140e-05 2.313428480778146484e-04 -1.691812626251388316e-04 -4.262363218999988741e-04 -2.978904365906405211e-04 -1.065788060536496776e-05
6.159279349741576988e-03 1.564161533730835593e-02 4.716236816366622397e-01 -2.142235482943894154e-01 -6.559756739669065917e-01 4.123534762696775579e+04 -2.383969424043670671e+01 1.643883523681634884e+01 1.895219624521639334e-02 -1.379531798016924707e-03 -3.051702144797565535e-04 -2.154595918565973059e-02 -3.854776122970929200e-04 -8.580092869869377151e-03 6.274630736270672693e-03 1.580834357664433545e-02 1.104822402002208007e-02 3.952817480627383666e-04
-6.035412215389862611e-03 -1.532705222717023301e-02 -4.621390210750026539e-01 2.099153726895605920e-01 6.427835743193843765e-01 -2.383969424043670671e+01 1.169548990259619495e+04 -1.610823951331667203e+01 -1.857105518872822006e-02 1.351788511689995314e-03 2.990330419615639789e-04 2.111265586076692055e-02 3.777254055078382248e-04 8.407541593021235563e-03 -6.148443810124895950e-03 -1.549042745261459443e-02 -1.082603701220381104e-02 -3.873323736937835430e-04
4.161762562657985581e-03 1.056888077872910996e-02 3.186713364414526239e-01 -1.447486780038237941e-01 -4.432361071663935004e-01 1.643883523681634884e+01 -1.610823951331667203e+01 3.280590325857819698e+04 1.280580670801985052e-02 -9.321356387616972416e-04 -2.062004175721378623e-04 -1.455838600975255595e-02 -2.604633114534966225e-04 -5.797481695882049195e-03 4.239704324144680236e-03 1.068153735837190123e-02 7.465172871614558260e-03 2.670878665145349834e-04
4.798061400167921332e-06 1.218477463428616997e-05 3.673935299526391021e-04 -1.668795454327694650e-04 -5.110032167710994427e-04 1.895219624521639334e-02 -1.857105518872822006e-02 1.280580670801985052e-02 1.189298514208777732e-02 -1.074651415290487305e-06 -2.377267442233677163e-07 -1.678424199133700024e-05 -3.002859826887341698e-07 -6.683868366922427658e-06 4.887919807902639593e-06 1.231465546677503519e-05 8.606535635228188433e-06 3.079233770506448294e-07
-3.492512521887767202e-07 -8.869306671468508425e-07 -2.674260283070229691e-05 1.214717473291376195e-05 3.719596279521419934e-05 -1.379531798016924707e-03 1.351788511689995314e-03 -9.321356387616972416e-04 -1.074651415290487305e-06 8.219211887029285611e-05 1.730414769095419409e-08 1.221726243917749715e-06 2.185783939011436914e-08 4.865192839197336640e-07 -3.557920524836501655e-07 -8.963847027664177449e-07 -6.264703797882986992e-07 -2.241376590332310999e-08
-7.725887847672862985e-08 -1.962004952049372581e-07 -5.915808431037152511e-06 2.687111615618513160e-06 8.228226388339693095e-06 -3.051702144797565535e-04 2.990330419615639789e-04 -2.062004175721378623e-04 -2.377267442233677163e-07 1.730414769095419409e-08 7.301308675850012493e-07 2.702615919603129502e-07 4.835235798358480597e-09 1.076243363405974664e-07 -7.870578780620198715e-08 -1.982918497368659839e-07 -1.385833225736665310e-07 -4.958213908406229578e-09
-5.454715314295072310e-06 -1.385236062142697905e-05 -4.176743370010750351e-04 1.897183750259782238e-04 5.809381830915727463e-04 -2.154595918565973059e-02 2.111265586076692055e-02 -1.455838600975255595e-02 -1.678424199133700024e-05 1.221726243917749715e-06 2.702615919603129502e-07 2.986149622945051454e-03 3.413825734666624459e-07 7.598610375954792078e-06 -5.556871579484089949e-06 -1.400001670727565199e-05 -9.784410372668939833e-06 -3.500652076625831467e-07
-9.759002219378183137e-08 -2.478318487013528060e-07 -7.472589396349764791e-06 3.394241378799828656e-06 1.039353420196753140e-05 -3.854776122970929200e-04 3.777254055078382248e-04 -2.604633114534966225e-04 -3.002859826887341698e-07 2.185783939011436914e-08 4.835235798358480597e-09 3.413825734666624459e-07 5.788184182809621536e-06 1.359463349605004344e-07 -9.941769451261086556e-08 -2.504735558968237910e-07 -1.750523666962865753e-07 -6.262998051526600472e-09
-2.172192176364107412e-06 -5.516326266777230032e-06 -1.663274570396254873e-04 7.555018845143873275e-05 2.313428480778146484e-04 -8.580092869869377151e-03 8.407541593021235563e-03 -5.797481695882049195e-03 -6.683868366922427658e-06 4.865192839197336640e-07 1.076243363405974664e-07 7.598610375954792078e-06 1.359463349605004344e-07 6.481583683631813447e-04 -2.212873133522149938e-06 -5.575126291341755738e-06 -3.896375601151598977e-06 -1.394039581330945272e-07
1.588526371639193259e-06 4.034095069806000823e-06 1.216354403215757064e-04 -5.524993048188952871e-05 -1.691812626251388316e-04 6.274630736270672693e-03 -6.148443810124895950e-03 4.239704324144680236e-03 4.887919807902639593e-06 -3.557920524836501655e-07 -7.870578780620198715e-08 -5.556871579484089949e-06 -9.941769451261086556e-08 -2.212873133522149938e-06 7.187505116196340159e-04 4.077095588217831446e-06 2.849423482686981875e-06 1.019462578932460037e-07
4.002143188805063040e-06 1.016352412831282583e-05 3.064490824272371613e-04 -1.391970173789916943e-04 -4.262363218999988741e-04 1.580834357664433545e-02 -1.549042745261459443e-02 1.068153735837190123e-02 1.231465546677503519e-05 -8.963847027664177449e-07 -1.982918497368659839e-07 -1.400001670727565199e-05 -2.504735558968237910e-07 -5.575126291341755738e-06 4.077095588217831446e-06 4.475738997422201021e-02 7.178855187332757065e-06 2.568440341538692899e-07
2.797040328466202947e-06 7.103140873557321580e-06 2.141728573250694929e-04 -9.728279395408073792e-05 -2.978904365906405211e-04 1.104822402002208007e-02 -1.082603701220381104e-02 7.465172871614558260e-03 8.606535635228188433e-06 -6.264703797882986992e-07 -1.385833225736665310e-07 -9.784410372668939833e-06 -1.750523666962865753e-07 -3.896375601151598977e-06 2.849423482686981875e-06 7.178855187332757065e-06 1.140036012759858448e-02 1.795046023500272637e-07
1.000721010394471517e-07 2.541351384754065754e-07 7.662645261140872468e-06 -3.480569617425207553e-06 -1.065788060536496776e-05 3.952817480627383666e-04 -3.873323736937835430e-04 2.670878665145349834e-04 3.079233770506448294e-07 -2.241376590332310999e-08 -4.958213908406229578e-09 -3.500652076625831467e-07 -6.262998051526600472e-09 -1.394039581330945272e-07 1.019462578932460037e-07 2.568440341538692899e-07 1.795046023500272637e-07 2.581384710253048408e-05
8.640186296648713843e-04 7.539264981828888962e-07 4.925610605135514748e-05 -1.968720061861381308e-05 -3.299340810382039141e-05 1.958197073380978006e-03 -1.784694056186249744e-03 1.342289133018197784e-03 1.643911645235391984e-06 -7.331520819653622609e-08 -2.585449852105452875e-08 -1.684147539959177644e-06 -2.801370134315151546e-08 -7.094191171403955345e-07 4.834517066073939319e-07 1.470515308406117770e-06 1.355462870054174928e-06 2.717113510559500728e-08
7.539264981828888962e-07 3.803623000224465311e-02 -3.400771833754345102e-04 4.819783841342245502e-05 -9.321285510845437250e-04 5.510630254004459695e-03 -1.070611428020259472e-02 2.965635067897242835e-03 -3.947414325394708963e-07 -1.804831309119889711e-06 -1.801220965585109606e-08 -6.860405035330294723e-06 -2.065059513103992906e-07 -1.198774014627067209e-06 2.275112688403248145e-06 -4.257927639750130178e-06 -1.594227034494195974e-05 2.732812375392427304e-07
4.925610605135514748e-05 -3.400771833754345102e-04 6.989431414518120889e+00 -3.315128341855123721e-03 1.309079703867820077e-02 1.400421460605049684e-01 -2.300165701156079573e-02 1.109384469867384232e-01 2.099962446190437439e-04 2.418387510066310537e-05 -2.856824716201065493e-06 -8.139792803977999975e-05 3.468877632388827626e-07 -6.541826123301131338e-05 1.773729195139718022e-05 2.597303100805955947e-04 4.606393869662321616e-04 -1.680062922564578359e-06
-1.968720061861381308e-05 4.819783841342245502e-05 -3.315128341855123721e-03 1.989458543545530589e-01 -1.774056146258675293e-03 -6.625536214590700690e-02 4.081075780292714450e-02 -4.821175365524995454e-02 -7.291304707479515047e-05 -3.024478096770238574e-06 1.063322062948939306e-06 4.967849850895432549e-05 5.081541162666074939e-07 2.675004390853954065e-05 -1.320770527040804757e-05 -7.867008382823465461e-05 -1.139017676891285950e-04 -2.415139636790467520e-07
-3.299340810382039141e-05 -9.321285510845437250e-04 1.309079703867820077e-02 -1.774056146258675293e-03 9.254548562592312066e+00 -2.297498891518859054e-01 4.334453080396069025e-01 -1.254881891829551233e-01 5.048390223523545584e-06 7.161490315863012731e-05 8.753679998669372456e-07 2.812052826513667509e-04 8.319559789264509406e-06 5.179190986423673449e-05 -9.277597659099071168e-05 1.584432027972659330e-04 6.197733039403141098e-04 -1.094643989609555444e-05
1.958197073380978006e-03 5.510630254004459695e-03 1.400421460605049684e-01 -6.625536214590700690e-02 -2.297498891518859054e-01 1.319532381539121525e+04 -7.773071875298873223e+00 5.250064960959654137e+00 5.957849529866008145e-03 -4.793007133431110840e-04 -9.654031523933876357e-05 -6.955119187577032090e-03 -1.265182117519739983e-04 -2.731533556760156606e-03 2.032373784794704562e-03 4.871776661479903375e-03 3.082143154643194813e-03 1.312670488249274880e-04
-1.784694056186249744e-03 -1.070611428020259472e-02 -2.300165701156079573e-02 4.081075780292714450e-02 4.334453080396069025e-01 -7.773071875298873223e+00 3.744214264722419557e+03 -5.035667829749324476e+00 -4.715964790494357912e-03 8.671309826295833063e-04 8.289907743739215835e-05 7.449637521647637685e-03 1.572135278869813205e-04 2.528576532621506189e-03 -2.248691908773910002e-03 -2.811231630427118034e-03 1.739833459347590438e-03 -1.787894022895617689e-04
1.342289133018197784e-03 2.965635067897242835e-03 1.109384469867384232e-01 -4.821175365524995454e-02 -1.254881891829551233e-01 5.250064960959654137e+00 -5.035667829749324476e+00 1.049789758187860389e+04 4.185911284280720117e-03 -2.670924200129117356e-04 -6.690225904437783078e-05 -4.608900413283157672e-03 -8.073981093568852793e-05 -1.866810177218787385e-03 1.336522632155450526e-03 3.572102591930267565e-03 2.762390710332269551e-03 8.153169016705295933e-05
1.643911645235391984e-06 -3.947414325394708963e-07 2.099962446190437439e-04 -7.291304707479515047e-05 5.048390223523545584e-06 5.957849529866008145e-03 -4.715964790494357912e-03 4.185911284280720117e-03 3.806663224596069667e-03 -2.225581670121144277e-08 -8.554000861425149784e-08 -4.857608045805077865e-06 -6.919392666049466676e-08 -2.258619150210702064e-06 1.356015495211966612e-06 5.528804014695724763e-06 6.605883034678967010e-06 5.794415416437719439e-08
-7.331520819653622609e-08 -1.804831309119889711e-06 2.418387510066310537e-05 -3.024478096770238574e-06 7.161490315863012731e-05 -4.793007133431110840e-04 8.671309826295833063e-04 -2.670924200129117356e-04 -2.225581670121144277e-08 2.641540968017560425e-05 2.183680732764026701e-09 5.727956948462430802e-07 1.652241712683825508e-08 1.132561574889928010e-07 -1.875752089303020801e-07 2.757131940325409057e-07 1.163946190585826661e-06 -2.155103444713112665e-08
-2.585449852105452875e-08 -1.801220965585109606e-08 -2.856824716201065493e-06 1.063322062948939306e-06 8.753679998669372456e-07 -9.654031523933876357e-05 8.289907743739215835e-05 -6.690225904437783078e-05 -8.554000861425149784e-08 2.183680732764026701e-09 2.337405942336762314e-07 8.113104240707673592e-08 1.266815726592864335e-09 3.568874064081035463e-08 -2.301580789899992117e-08 -8.001257557199324627e-08 -8.450909134500858148e-08 -1.163384830944461979e-09
-1.684147539959177644e-06 -6.860405035330294723e-06 -8.139792803977999975e-05 4.967849850895432549e-05 2.812052826513667509e-04 -6.955119187577032090e-03 7.449637521647637685e-03 -4.608900413283157672e-03 -4.857608045805077865e-06 5.727956948462430802e-07 8.113104240707673592e-08 9.558581146457987903e-04 1.244496677094677183e-07 2.363833891917394218e-06 -1.895864255075715601e-06 -3.582124033318893732e-06 -9.533016903241837908e-07 -1.349702186006595910e-07
-2.801370134315151546e-08 -2.065059513103992906e-07 3.468877632388827626e-07 5.081541162666074939e-07 8.319559789264509406e-06 -1.265182117519739983e-04 1.572135278869813205e-04 -8.073981093568852793e-05 -6.919392666049466676e-08 1.652241712683825508e-08 1.266815726592864335e-09 1.244496677094677183e-07 1.853015741208698874e-06 3.995447766861194017e-08 -3.797888640880543919e-08 -3.310591583292196878e-08 5.808708095041598692e-08 -3.206619581336272257e-09
-7.094191171403955345e-07 -1.198774014627067209e-06 -6.541826123301131338e-05 2.675004390853954065e-05 5.179190986423673449e-05 -2.731533556760156606e-03 2.528576532621506189e-03 -1.866810177218787385e-03 -2.258619150210702064e-06 1.132561574889928010e-07 3.568874064081035463e-08 2.363833891917394218e-06 3.995447766861194017e-08 2.074264795096151224e-04 -6.806642122089028764e-07 -1.993545612394977311e-06 -1.754971370647192932e-06 -3.925442902778116172e-08
4.834517066073939319e-07 2.275112688403248145e-06 1.773729195139718022e-05 -1.320770527040804757e-05 -9.277597659099071168e-05 2.032373784794704562e-03 -2.248691908773910002e-03 1.336522632155450526e-03 1.356015495211966612e-06 -1.875752089303020801e-07 -2.301580789899992117e-08 -1.895864255075715601e-06 -3.797888640880543919e-08 -6.806642122089028764e-07 2.300478668555123540e-04 9.406572604230155799e-07 2.894233563557117489e-08 4.192678282434043050e-08
1.470515308406117770e-06 -4.257927639750130178e-06 2.597303100805955947e-04 -7.867008382823465461e-05 1.584432027972659330e-04 4.871776661479903375e-03 -2.811231630427118034e-03 3.572102591930267565e-03 5.528804014695724763e-06 2.757131940325409057e-07 -8.001257557199324627e-08 -3.582124033318893732e-06 -3.310591583292196878e-08 -1.993545612394977311e-06 9.406572604230155799e-07 1.432514250639449309e-02 9.034266537028251198e-06 1.119323355250739342e-08
1.355462870054174928e-06 -1.594227034494195974e-05 4.606393869662321616e-04 -1.139017676891285950e-04 6.197733039403141098e-04 3.082143154643194813e-03 1.739833459347590438e-03 2.762390710332269551e-03 6.605883034678967010e-06 1.163946190585826661e-06 -8.450909134500858148e-08 -9.533016903241837908e-07 5.808708095041598692e-08 -1.754971370647192932e-06 2.894233563557117489e-08 9.034266537028251198e-06 3.664455152526185748e-03 -1.147533793881692133e-07
2.717113510559500728e-08 2.732812375392427304e-07 -1.680062922564578359e-06 -2.415139636790467520e-07 -1.094643989609555444e-05 1.312670488249274880e-04 -1.787894022895617689e-04 8.153169016705295933e-05 5.794415416437719439e-08 -2.155103444713112665e-08 -1.163384830944461979e-09 -1.349702186006595910e-07 -3.206619581336272257e-09 -3.925442902778116172e-08 4.192678282434043050e-08 1.119323355250739342e-08 -1.147533793881692133e-07 8.262245713406210298e-06
2.765022697173208821e-04 2.727269524019086719e-08 8.491239464596889844e-06 -6.610425049352163239e-06 -3.848343416203390410e-06 8.252637235310053077e-04 -5.351776716998813332e-04 9.056277594727238540e-04 6.890981270380348282e-07 -2.594743949885469910e-08 -8.055005389110790995e-09 -5.094458151236345289e-07 -1.264965814195936786e-08 -2.519344300565966597e-07 1.351639913116420815e-07 5.657415043879310696e-07 6.044472803694848467e-07 1.940118947150391113e-09
2.727269524019086719e-08 1.217440132878930964e-02 -1.342406261160041246e-05 1.949772035323454780e-05 -3.863185735066223701e-04 -8.430058995914893778e-04 -3.897328830363258872e-03 -5.297946594010283228e-03 -2.265684769352543885e-06 -5.449191519279836502e-07 -8.630029222626330773e-09 -2.582161483216361187e-06 -1.772662137421578001e-08 -5.662280863126135108e-08 9.844319570792306543e-07 -2.611369921249497943e-06 -7.341307578621831113e-06 1.760791622187485648e-07
8.491239464596889844e-06 -1.342406261160041246e-05 2.239859563622666805e+00 -9.224012018613896849e-04 1.197729934553891764e-03 -4.374670669083075003e-02 -2.337675843894553365e-02 -1.767577828025012066e-01 -5.492365597225353707e-06 8.847431671099918965e-06 -1.011568651437983030e-06 -3.919106232588354040e-05 1.754013892553762458e-06 -9.823592042124508752e-06 1.438772139693384749e-05 4.068100388255855313e-05 7.130160056129354010e-05 2.473810678738295429e-06
-6.610425049352163239e-06 1.949772035323454780e-05 -9.224012018613896849e-04 6.366858594382596159e-02 -6.954527873208835595e-04 -2.498398333375283914e-02 1.237541442313448183e-02 -2.449297226900621835e-02 -2.643670106106239839e-05 -9.204867747327015019e-07 3.361039100085960023e-07 1.533577155589700030e-05 2.327796981914576764e-07 9.034515529871706558e-06 -3.854398838234662978e-06 -2.698666092335307988e-05 -3.969880598560324175e-05 5.132903499876041077e-08
-3.848343416203390410e-06 -3.863185735066223701e-04 1.197729934553891764e-03 -6.954527873208835595e-04 2.964215989099240556e+00 8.204988105343997279e-03 1.534825644231710418e-01 1.557193906069694600e-01 6.869620922992381311e-05 2.189374054086669789e-05 3.699861662885510992e-07 1.021149585802514221e-04 1.146059883658457770e-06 6.320669527326515528e-06 -3.772770844798977271e-05 8.985948572148573206e-05 2.685566888882330062e-04 -6.281863737483716806e-06
8.252637235310053077e-04 -8.430058995914893778e-04 -4.374670669083075003e-02 -2.498398333375283914e-02 8.204988105343997279e-03 4.224923143153051569e+03 -2.049809202840354505e+00 7.479050089921290834e+00 3.892481842996077610e-03 -1.836636746722853308e-04 -2.823228622105410061e-05 -1.866542993355396534e-03 -8.537392700527666946e-05 -1.177630054723762454e-03 4.123478834333081438e-04 2.718257435575790245e-03 3.065469479730416336e-03 -4.026879773779289855e-05
-5.351776716998813332e-04 -3.897328830363258872e-03 -2.337675843894553365e-02 1.237541442313448183e-02 1.534825644231710418e-01 -2.049809202840354505e+00 1.198227700511556577e+03 -5.626515809022923920e-01 -1.149943431124226005e-03 2.720043896727799442e-04 2.700888046186193314e-05 2.448826839480942527e-03 4.219025676402341472e-05 7.542490032909871878e-04 -7.626261467815942299e-04 -6.899351890949996687e-04 9.327698256479875468e-04 -7.209201634680743930e-05
9.056277594727238540e-04 -5.297946594010283228e-03 -1.767577828025012066e-01 -2.449297226900621835e-02 1.557193906069694600e-01 7.479050089921290834e+00 -5.626515809022923920e-01 3.373226144120981644e+03 6.099397534976731643e-03 -1.580615048112031507e-04 -1.503185138948722836e-05 -6.141809914780994688e-04 -1.334230223827839398e-04 -1.324892056922820230e-03 -1.427712421837868111e-04 3.921617389280020183e-03 5.867282349215224152e-03 -1.711020157570248786e-04
6.890981270380348282e-07 -2.265684769352543885e-06 -5.492365597225353707e-06 -2.643670106106239839e-05 6.869620922992381311e-05 3.892481842996077610e-03 -1.149943431124226005e-03 6.099397534976731643e-03 1.219762337504582544e-03 -3.198212468091454096e-08 -2.518894149289951568e-08 -1.259685397376950683e-06 -5.898669351621453065e-08 -9.719064795792704387e-07 2.385623600765001757e-07 2.720774145955669983e-06 3.820498998259575851e-06 -4.898946699971950250e-08
-2.594743949885469910e-08 -5.449191519279836502e-07 8.847431671099918965e-06 -9.204867747327015019e-07 2.189374054086669789e-05 -1.836636746722853308e-04 2.720043896727799442e-04 -1.580615048112031507e-04 -3.198212468091454096e-08 8.453310234247303641e-06 6.654724063097808809e-10 1.787994890212111729e-07 5.849080242314108967e-09 4.004165889510237041e-08 -5.704464911856837627e-08 7.371630724309104272e-08 3.464356739626595068e-07 -5.866426436835955408e-09
-8.055005389110790995e-09 -8.630029222626330773e-09 -1.011568651437983030e-06 3.361039100085960023e-07 3.699861662885510992e-07 -2.823228622105410061e-05 2.700888046186193314e-05 -1.503185138948722836e-05 -2.518894149289951568e-08 6.654724063097808809e-10 7.479991588542838577e-08 2.635681062448514323e-08 3.560200746585863722e-10 1.108661162178332718e-08 -7.626786848923720681e-09 -2.432921835062944636e-08 -2.475654604642486218e-08 -4.627555878358879603e-10
-5.094458151236345289e-07 -2.582161483216361187e-06 -3.919106232588354040e-05 1.533577155589700030e-05 1.021149585802514221e-04 -1.866542993355396534e-03 2.448826839480942527e-03 -6.141809914780994688e-04 -1.259685397376950683e-06 1.787994890212111729e-07 2.635681062448514323e-08 3.059278920533508922e-04 3.316179385395962497e-08 7.113768375463152032e-07 -6.420012448544830431e-07 -9.742229869934778269e-07 3.527011841084608453e-09 -5.540126295003023298e-08
-1.264965814195936786e-08 -1.772662137421578001e-08 1.754013892553762458e-06 2.327796981914576764e-07 1.146059883658457770e-06 -8.537392700527666946e-05 4.219025676402341472e-05 -1.334230223827839398e-04 -5.898669351621453065e-08 5.849080242314108967e-09 3.560200746585863722e-10 3.316179385395962497e-08 5.937978220360378346e-07 1.841683512400587403e-08 -7.737539619914290547e-09 -3.210155882481031981e-08 -1.998611447225155753e-08 5.002718649054912083e-10
-2.519344300565966597e-07 -5.662280863126135108e-08 -9.823592042124508752e-06 9.034515529871706558e-06 6.320669527326515528e-06 -1.177630054723762454e-03 7.542490032909871878e-04 -1.324892056922820230e-03 -9.719064795792704387e-07 4.004165889510237041e-08 1.108661162178332718e-08 7.113768375463152032e-07 1.841683512400587403e-08 6.641455373663108369e-05 -1.879529680576569557e-07 -7.833723016152377111e-07 -8.224332408806448429e-07 -2.239763555614200985e-09
1.351639913116420815e-07 9.844319570792306543e-07 1.438772139693384749e-05 -3.854398838234662978e-06 -3.772770844798977271e-05 4.123478834333081438e-04 -7.626261467815942299e-04 -1.427712421837868111e-04 2.385623600765001757e-07 -5.704464911856837627e-08 -7.626786848923720681e-09 -6.420012448544830431e-07 -7.737539619914290547e-09 -1.879529680576569557e-07 7.363873093461548885e-05 1.869694801701606662e-07 -1.952706085172749305e-07 2.151000191038785092e-08
5.657415043879310696e-07 -2.611369921249497943e-06 4.068100388255855313e-05 -2.698666092335307988e-05 8.985948572148573206e-05 2.718257435575790245e-03 -6.899351890949996687e-04 3.921617389280020183e-03 2.720774145955669983e-06 7.371630724309104272e-08 -2.432921835062944636e-08 -9.742229869934778269e-07 -3.210155882481031981e-08 -7.833723016152377111e-07 1.869694801701606662e-07 4.584601063263841862e-03 3.887184516591988760e-06 -3.583901781862632388e-08
6.044472803694848467e-07 -7.341307578621831113e-06 7.130160056129354010e-05 -3.969880598560324175e-05 2.685566888882330062e-04 3.065469479730416336e-03 9.327698256479875468e-04 5.867282349215224152e-03 3.820498998259575851e-06 3.464356739626595068e-07 -2.475654604642486218e-08 3.527011841084608453e-09 -1.998611447225155753e-08 -8.224332408806448429e-07 -1.952706085172749305e-07 3.887184516591988760e-06 1.174412367146748229e-03 -1.074223471753909389e-07
1.940118947150391113e-09 1.760791622187485648e-07 2.473810678738295429e-06 5.132903499876041077e-08 -6.281863737483716806e-06 -4.026879773779289855e-05 -7.209201634680743930e-05 -1.711020157570248786e-04 -4.898946699971950250e-08 -5.866426436835955408e-09 -4.627555878358879603e-10 -5.540126295003023298e-08 5.002718649054912083e-10 -2.239763555614200985e-09 2.151000191038785092e-08 -3.583901781862632388e-08 -1.074223471753909389e-07 2.646716309868724803e-06
8.848096080127481049e-05 -1.391306656388072011e-08 2.801199208055155876e-06 -2.118270120532936759e-06 -1.231226280066260423e-06 2.691833480556831662e-04 -1.751621068787283892e-04 2.916526646476545054e-04 2.252298172763645205e-07 -8.134926030646336231e-09 -2.579175372305385902e-09 -1.642042930285004186e-07 -4.037219923502070436e-09 -8.065594652431035734e-08 4.324442729935875523e-08 1.876696592917919906e-07 1.911962923972808861e-07 1.037853539603392684e-09
-1.391306656388072011e-08 3.897994363686454761e-03 -1.240620363529374474e-05 6.522560231419511992e-06 -1.236454645269694072e-04 -7.620694522260548732e-04 -8.700906149363881728e-04 -1.874133627885303695e-03 -1.180585315890873848e-06 -1.906192203967684157e-07 -2.609672635031246332e-09 -7.122043193120680426e-07 -6.702780110255334693e-09 -1.455378888296200807e-08 3.157954513052188708e-07 -1.475998767611218560e-06 -2.134215835480305150e-06 1.608221679907900483e-08
2.801199208055155876e-06 -1.240620363529374474e-05 7.167851528204204348e-01 -2.962194765216710443e-04 3.833608492145639196e-04 -1.217233376357437259e-02 -8.879551196486533057e-03 -5.589912198133904081e-02 -6.726640628973362030e-08 2.891452418282965071e-06 -3.242657003759655233e-07 -1.296443909795281526e-05 5.651070315878572625e-07 -3.156778591012259901e-06 4.601187103236082061e-06 1.539385511841516403e-05 2.201878648955082172e-05 9.410079493713817065e-07
-2.118270120532936759e-06 6.522560231419511992e-06 -2.962194765216710443e-04 2.037398421534698106e-02 -2.225479401798219575e-04 -8.058675946174461216e-03 4.008997528930989540e-03 -7.860921756317557074e-03 -8.518784069672989901e-06 -2.966610730410413259e-07 1.075729416515266167e-07 4.922232206414829522e-06 7.435598528767203551e-08 2.891507046740714762e-06 -1.233306902681607369e-06 -8.718719885819773820e-06 -1.267575435756196418e-05 1.120733713668394870e-08
-1.231226280066260423e-06 -1.236454645269694072e-04 3.833608492145639196e-04 -2.225479401798219575e-04 9.485491167648459898e-01 2.630893492214795432e-03 4.911036345487020116e-02 4.983212880745317014e-02 2.198768890973109519e-05 7.006171772545448168e-06 1.183939383519403711e-07 3.267555914972116821e-05 3.667502485266095665e-07 2.022575883357644618e-06 -1.207287506640726703e-05 2.876192579859861560e-05 8.593582698618662595e-05 -2.009763159223887844e-06
2.691833480556831662e-04 -7.620694522260548732e-04 -1.217233376357437259e-02 -8.058675946174461216e-03 2.630893492214795432e-03 1.352086281179358593e+03 -7.408575459038305722e-01 2.433562497324877949e+00 1.348194827395108849e-03 -5.511372691555091111e-05 -9.068550117739434437e-06 -6.229880162855418093e-04 -2.708762567522007581e-05 -3.776446261530725930e-04 1.317762794525170148e-04 1.014061564445079564e-03 9.325282845338874046e-04 -3.818131449278711923e-06
-1.751621068787283892e-04 -8.700906149363881728e-04 -8.879551196486533057e-03 4.008997528930989540e-03 4.911036345487020116e-02 -7.408575459038305722e-01 3.834979026728829012e+02 -2.108882872080817539e-01 -4.465629442215321909e-04 8.423927333097023433e-05 8.669049456785832454e-06 8.033036252893752940e-04 1.332317141599443356e-05 2.419746992504441660e-04 -2.439063026822096514e-04 -3.312356349948053090e-04 3.355723458202955413e-04 -3.001446833129142586e-05
2.916526646476545054e-04 -1.874133627885303695e-03 -5.589912198133904081e-02 -7.860921756317557074e-03 4.983212880745317014e-02 2.433562497324877949e+00 -2.108882872080817539e-01 1.079446989641358641e+03 1.989068555478249855e-03 -4.925097459985024298e-05 -4.822619543969296705e-06 -2.058692687236666813e-04 -4.261110076877541334e-05 -4.242570858517719676e-04 -4.575036773394506142e-05 1.307293464280869563e-03 1.859945013553245549e-03 -5.145947309909539789e-05
2.252298172763645205e-07 -1.180585315890873848e-06 -6.726640628973362030e-08 -8.518784069672989901e-06 2.198768890973109519e-05 1.348194827395108849e-03 -4.465629442215321909e-04 1.989068555478249855e-03 3.904188914574127319e-04 -6.848679318612851036e-09 -8.092126044008261228e-09 -4.268759990000697347e-07 -1.866102764708466531e-08 -3.117531528197665013e-07 7.617797561975613800e-08 1.004103698899461023e-06 1.177751505871074417e-06 -7.285490276724447328e-09
-8.134926030646336231e-09 -1.906192203967684157e-07 2.891452418282965071e-06 -2.966610730410413259e-07 7.006171772545448168e-06 -5.511372691555091111e-05 8.423927333097023433e-05 -4.925097459985024298e-05 -6.848679318612851036e-09 2.705180002513955493e-06 2.118220321549863581e-10 5.636798116963530436e-08 1.879362200858339565e-09 1.278683328672598497e-08 -1.826006376894106856e-08 2.834814153438464793e-08 1.092615953981902837e-07 -1.578035778082639885e-09
-2.579175372305385902e-09 -2.609672635031246332e-09 -3.242657003759655233e-07 1.075729416515266167e-07 1.183939383519403711e-07 -9.068550117739434437e-06 8.669049456785832454e-06 -4.822619543969296705e-06 -8.092126044008261228e-09 2.118220321549863581e-10 2.393598364391140374e-08 8.442109201307260184e-09 1.138548141377060815e-10 3.547963544730221859e-09 -2.440517769540273238e-09 -7.829859018472886311e-09 -7.907150678633584964e-09 -1.508803323334146213e-10
-1.642042930285004186e-07 -7.122043193120680426e-07 -1.296443909795281526e-05 4.922232206414829522e-06 3.267555914972116821e-05 -6.229880162855418093e-04 8.033036252893752940e-04 -2.058692687236666813e-04 -4.268759990000697347e-07 5.636798116963530436e-08 8.442109201307260184e-09 9.790287984453506401e-05 1.055800317693124331e-08 2.278266772379707687e-07 -2.053998338314480995e-07 -3.451727098873558909e-07 1.234994628046917138e-08 -1.982979554854009213e-08
-4.037219923502070436e-09 -6.702780110255334693e-09 5.651070315878572625e-07 7.435598528767203551e-08 3.667502485266095665e-07 -2.708762567522007581e-05 1.332317141599443356e-05 -4.261110076877541334e-05 -1.866102764708466531e-08 1.879362200858339565e-09 1.138548141377060815e-10 1.055800317693124331e-08 1.900157886270860964e-07 5.891706768441777428e-09 -2.476378994655766569e-09 -9.970688631308444141e-09 -6.496890151643479597e-09 1.790635272734554936e-10
-8.065594652431035734e-08 -1.455378888296200807e-08 -3.156778591012259901e-06 2.891507046740714762e-06 2.022575883357644618e-06 -3.776446261530725930e-04 2.419746992504441660e-04 -4.242570858517719676e-04 -3.117531528197665013e-07 1.278683328672598497e-08 3.547963544730221859e-09 2.278266772379707687e-07 5.891706768441777428e-09 2.125266301146692819e-05 -6.014368203757325357e-08 -2.517236358630390484e-07 -2.628279438364656101e-07 -7.823979770158674658e-10
4.324442729935875523e-08 3.157954513052188708e-07 4.601187103236082061e-06 -1.233306902681607369e-06 -1.207287506640726703e-05 1.317762794525170148e-04 -2.439063026822096514e-04 -4.575036773394506142e-05 7.617797561975613800e-08 -1.826006376894106856e-08 -2.440517769540273238e-09 -2.053998338314480995e-07 -2.476378994655766569e-09 -6.014368203757325357e-08 2.356439417542450899e-05 5.960254923525168781e-08 -6.241014911723150282e-08 6.868884791541823303e-09
1.876696592917919906e-07 -1.475998767611218560e-06 1.539385511841516403e-05 -8.718719885819773820e-06 2.876192579859861560e-05 1.014061564445079564e-03 -3.312356349948053090e-04 1.307293464280869563e-03 1.004103698899461023e-06 2.834814153438464793e-08 -7.829859018472886311e-09 -3.451727098873558909e-07 -9.970688631308444141e-09 -2.517236358630390484e-07 5.960254923525168781e-08 1.467259930809114736e-03 1.180915048080104275e-06 3.264044636902841628e-10
1.911962923972808861e-07 -2.134215835480305150e-06 2.201878648955082172e-05 -1.267575435756196418e-05 8.593582698618662595e-05 9.325282845338874046e-04 3.355723458202955413e-04 1.859945013553245549e-03 1.177751505871074417e-06 1.092615953981902837e-07 -7.907150678633584964e-09 1.234994628046917138e-08 -6.496890151643479597e-09 -2.628279438364656101e-07 -6.241014911723150282e-08 1.180915048080104275e-06 3.758331045201998457e-04 -3.833531471501630420e-08
1.037853539603392684e-09 1.608221679907900483e-08 9.410079493713817065e-07 1.120733713668394870e-08 -2.009763159223887844e-06 -3.818131449278711923e-06 -3.001446833129142586e-05 -5.145947309909539789e-05 -7.285490276724447328e-09 -1.578035778082639885e-09 -1.508803323334146213e-10 -1.982979554854009213e-08 1.790635272734554936e-10 -7.823979770158674658e-10 6.868884791541823303e-09 3.264044636902841628e-10 -3.833531471501630420e-08 8.476908312654728702e-07
8.848096080127481049e-05 -1.391306656388072011e-08 2.801199208055155876e-06 -2.118270120532936759e-06 -1.231226280066260423e-06 2.691833480556831662e-04 -1.751621068787283892e-04 2.916526646476545054e-04 2.252298172763645205e-07 -8.134926030646336231e-09 -2.579175372305385902e-09 -1.642042930285004186e-07 -4.037219923502070436e-09 -8.065594652431035734e-08 4.324442729935875523e-08 1.876696592917919906e-07 1.911962923972808861e-07 1.037853539603392684e-09
-1.391306656388072011e-08 3.897994363686454761e-03 -1.240620363529374474e-05 6.522560231419511992e-06 -1.236454645269694072e-04 -7.620694522260548732e-04 -8.700906149363881728e-04 -1.874133627885303695e-03 -1.180585315890873848e-06 -1.906192203967684157e-07 -2.609672635031246332e-09 -7.122043193120680426e-07 -6.702780110255334693e-09 -1.455378888296200807e-08 3.157954513052188708e-07 -1.475998767611218560e-06 -2.134215835480305150e-06 1.608221679907900483e-08
2.801199208055155876e-06 -1.240620363529374474e-05 7.167851528204204348e-01 -2.962194765216710443e-04 3.833608492145639196e-04 -1.217233376357437259e-02 -8.879551196486533057e-03 -5.589912198133904081e-02 -6.726640628973362030e-08 2.891452418282965071e-06 -3.242657003759655233e-07 -1.296443909795281526e-05 5.651070315878572625e-07 -3.156778591012259901e-06 4.601187103236082061e-06 1.539385511841516403e-05 2.201878648955082172e-05 9.410079493713817065e-07
-2.118270120532936759e-06 6.522560231419511992e-06 -2.962194765216710443e-04 2.037398421534698106e-02 -2.225479401798219575e-04 -8.058675946174461216e-03 4.008997528930989540e-03 -7.860921756317557074e-03 -8.518784069672989901e-06 -2.966610730410413259e-07 1.075729416515266167e-07 4.922232206414829522e-06 7.435598528767203551e-08 2.891507046740714762e-06 -1.233306902681607369e-06 -8.718719885819773820e-06 -1.267575435756196418e-05 1.120733713668394870e-08
-1.231226280066260423e-06 -1.236454645269694072e-04 3.833608492145639196e-04 -2.225479401798219575e-04 9.485491167648459898e-01 2.630893492214795432e-03 4.911036345487020116e-02 4.983212880745317014e-02 2.198768890973109519e-05 7.006171772545448168e-06 1.183939383519403711e-07 3.267555914972116821e-05 3.667502485266095665e-07 2.022575883357644618e-06 -1.207287506640726703e-05 2.876192579859861560e-05 8.593582698618662595e-05 -2.009763159223887844e-06
2.691833480556831662e-04 -7.620694522260548732e-04 -1.217233376357437259e-02 -8.058675946174461216e-03 2.630893492214795432e-03 1.352086281179358593e+03 -7.408575459038305722e-01 2.433562497324877949e+00 1.348194827395108849e-03 -5.511372691555091111e-05 -9.068550117739434437e-06 -6.229880162855418093e-04 -2.708762567522007581e-05 -3.776446261530725930e-04 1.317762794525170148e-04 1.014061564445079564e-03 9.325282845338874046e-04 -3.818131449278711923e-06
-1.751621068787283892e-04 -8.700906149363881728e-04 -8.879551196486533057e-03 4.008997528930989540e-03 4.911036345487020116e-02 -7.408575459038305722e-01 3.834979026728829012e+02 -2.108882872080817539e-01 -4.465629442215321909e-04 8.423927333097023433e-05 8.669049456785832454e-06 8.033036252893752940e-04 1.332317141599443356e-05 2.419746992504441660e-04 -2.439063026822096514e-04 -3.312356349948053090e-04 3.355723458202955413e-04 -3.001446833129142586e-05
2.916526646476545054e-04 -1.874133627885303695e-03 -5.589912198133904081e-02 -7.860921756317557074e-03 4.983212880745317014e-02 2.433562497324877949e+00 -2.108882872080817539e-01 1.079446989641358641e+03 1.989068555478249855e-03 -4.925097459985024298e-05 -4.822619543969296705e-06 -2.058692687236666813e-04 -4.261110076877541334e-05 -4.242570858517719676e-04 -4.575036773394506142e-05 1.307293464280869563e-03 1.859945013553245549e-03 -5.145947309909539789e-05
2.252298172763645205e-07 -1.180585315890873848e-06 -6.726640628973362030e-08 -8.518784069672989901e-06 2.198768890973109519e-05 1.348194827395108849e-03 -4.465629442215321909e-04 1.989068555478249855e-03 3.904188914574127319e-04 -6.848679318612851036e-09 -8.092126044008261228e-09 -4.268759990000697347e-07 -1.866102764708466531e-08 -3.117531528197665013e-07 7.617797561975613800e-08 1.004103698899461023e-06 1.177751505871074417e-06 -7.285490276724447328e-09
-8.134926030646336231e-09 -1.906192203967684157e-07 2.891452418282965071e-06 -2.966610730410413259e-07 7.006171772545448168e-06 -5.511372691555091111e-05 8.423927333097023433e-05 -4.925097459985024298e-05 -6.848679318612851036e-09 2.705180002513955493e-06 2.118220321549863581e-10 5.636798116963530436e-08 1.879362200858339565e-09 1.278683328672598497e-08 -1.826006376894106856e-08 2.834814153438464793e-08 1.092615953981902837e-07 -1.578035778082639885e-09
-2.579175372305385902e-09 -2.609672635031246332e-09 -3.242657003759655233e-07 1.075729416515266167e-07 1.183939383519403711e-07 -9.068550117739434437e-06 8.669049456785832454e-06 -4.822619543969296705e-06 -8.092126044008261228e-09 2.118220321549863581e-10 2.393598364391140374e-08 8.442109201307260184e-09 1.138548141377060815e-10 3.547963544730221859e-09 -2.440517769540273238e-09 -7.829859018472886311e-09 -7.907150678633584964e-09 -1.508803323334146213e-10
-1.642042930285004186e-07 -7.122043193120680426e-07 -1.296443909795281526e-05 4.922232206414829522e-06 3.267555914972116821e-05 -6.229880162855418093e-04 8.033036252893752940e-04 -2.058692687236666813e-04 -4.268759990000697347e-07 5.636798116963530436e-08 8.442109201307260184e-09 9.790287984453506401e-05 1.055800317693124331e-08 2.278266772379707687e-07 -2.053998338314480995e-07 -3.451727098873558909e-07 1.234994628046917138e-08 -1.982979554854009213e-08
-4.037219923502070436e-09 -6.702780110255334693e-09 5.651070315878572625e-07 7.435598528767203551e-08 3.667502485266095665e-07 -2.708762567522007581e-05 1.332317141599443356e-05 -4.261110076877541334e-05 -1.866102764708466531e-08 1.879362200858339565e-09 1.138548141377060815e-10 1.055800317693124331e-08 1.900157886270860964e-07 5.891706768441777428e-09 -2.476378994655766569e-09 -9.970688631308444141e-09 -6.496890151643479597e-09 1.790635272734554936e-10
-8.065594652431035734e-08 -1.455378888296200807e-08 -3.156778591012259901e-06 2.891507046740714762e-06 2.022575883357644618e-06 -3.776446261530725930e-04 2.419746992504441660e-04 -4.242570858517719676e-04 -3.117531528197665013e-07 1.278683328672598497e-08 3.547963544730221859e-09 2.278266772379707687e-07 5.891706768441777428e-09 2.125266301146692819e-05 -6.014368203757325357e-08 -2.517236358630390484e-07 -2.628279438364656101e-07 -7.823979770158674658e-10
4.324442729935875523e-08 3.157954513052188708e-07 4.601187103236082061e-06 -1.233306902681607369e-06 -1.207287506640726703e-05 1.317762794525170148e-04 -2.439063026822096514e-04 -4.575036773394506142e-05 7.617797561975613800e-08 -1.826006376894106856e-08 -2.440517769540273238e-09 -2.053998338314480995e-07 -2.476378994655766569e-09 -6.014368203757325357e-08 2.356439417542450899e-05 5.960254923525168781e-08 -6.241014911723150282e-08 6.868884791541823303e-09
