{
    "R": [
        [
            0.010933254694076012,
            1.565230441920635e-05,
            -0.0010258130840089758,
            -0.0013222400757498195,
            -0.00042573900560350595,
            -0.034341775374807405,
            0.0025303433011613237,
            0.006629533057986538,
            -4.04922887439391e-06,
            3.4830329035171387e-05,
            -2.2569395404546182e-07,
            -1.0884818014369682e-05,
            1.8712908227183893e-06,
            3.1393177413747355e-06,
            -3.9203299652518696e-07,
            -0.00010510589378281357,
            7.206604392604203e-05,
            5.759896908068535e-05
        ],
        [
            0.0,
            0.022383443636130852,
            -0.0005507099041653955,
            -0.001275363238574453,
            0.00034526863717301354,
            0.014074476315252079,
            0.00543114352815346,
            -0.00853357676998195,
            2.5826530509600098e-06,
            1.3391712442039348e-05,
            -6.765977170134189e-07,
            -3.1227632682271206e-06,
            4.5303370963121574e-06,
            1.0665105419844546e-06,
            7.674128058113498e-07,
            -5.354938279590005e-05,
            1.2974571736461778e-05,
            9.260433929794625e-05
        ],
        [
            0.0,
            0.0,
            0.3596703598832146,
            0.0023907484908294954,
            0.00015645114634562547,
            0.02491597662086601,
            0.0014693977985311515,
            -0.010850375708631012,
            -2.2749669856396016e-06,
            -6.756292282452651e-05,
            1.1592922355854698e-07,
            9.875148341719821e-06,
            -6.1873260006735135e-06,
            -4.031372266338562e-06,
            -1.6854498076693247e-06,
            0.00013858917956503677,
            -0.00012073318031543287,
            -0.00025285984057790505
        ],
        [
            0.0,
            0.0,
            0.0,
            0.7283323000166374,
            -0.0004900792085352918,
            -0.009187666995493305,
            -0.01748134362092976,
            0.016124378848562507,
            -2.9476299611451426e-06,
            -2.8369958983936266e-05,
            1.4756946066121546e-06,
            7.3222658445748825e-06,
            -7.537591462827121e-06,
            -1.770268391917457e-06,
            -1.0388882149780234e-06,
            0.0001574280553715382,
            -4.71184619304807e-05,
            -0.00013324029576439092
        ],
        [
            0.0,
            0.0,
            0.0,
            0.0,
            0.195179716515389,
            0.1817845877138877,
            -0.009241455738856348,
            -0.053594704943323586,
            1.8108885342841286e-05,
            -3.0654739112040866e-05,
            -2.1505936709960946e-06,
            1.7747890119731517e-06,
            1.962265065657954e-05,
            2.1629622515979335e-06,
            3.442548150006377e-06,
            0.00019014869866694928,
            -0.00019535240360530397,
            0.0003464557673950789
        ],
        [
            0.0,
            0.0,
            0.0,
            0.0,
            0.0,
            48.15802279998362,
            -0.013037107332385283,
            -0.012530264505170505,
            4.94576042909335e-06,
            -9.593888065651972e-06,
            -3.1495092602243724e-07,
            -1.1346402137995485e-06,
            6.342247757038232e-06,
            1.8467012199635772e-06,
            9.197989679061277e-07,
            0.00011892147687522026,
            -7.707191949525485e-05,
            0.00013075199059530315
        ],
        [
            0.0,
            0.0,
            0.0,
            0.0,
            0.0,
            0.0,
            12.746908446857825,
            -0.012658924667615541,
            -2.9595611052936496e-06,
            -1.2816234223782607e-05,
            -1.2381387680951636e-06,
            5.1427196281795155e-06,
            -5.221982241086526e-06,
            -5.098611372536868e-06,
            -9.499840582157665e-07,
            -0.0002402384133829099,
            6.0661740563985224e-05,
            -0.00023061714004693983
        ],
        [
            0.0,
            0.0,
            0.0,
            0.0,
            0.0,
            0.0,
            0.0,
            7.5323665350471325,
            -4.620007179932681e-06,
            4.0174843224855275e-05,
            2.3789603945998337e-06,
            1.050569482165925e-06,
            -8.370191849935111e-06,
            7.254532587347695e-07,
            -1.36243174538575e-07,
            1.4703395221452627e-05,
            0.00011329259611049906,
            1.1307255125598745e-05
        ],
        [
            0.0,
            0.0,
            0.0,
            0.0,
            0.0,
            0.0,
            0.0,
            0.0,
            0.003836277959183091,
            5.797200709415281e-06,
            -1.4051294799023679e-07,
            5.088245474702287e-06,
            6.910640286731573e-06,
            2.955314372533172e-07,
            2.514316811475594e-06,
            7.705756400224307e-05,
            -3.6742297788133767e-05,
            0.00021526788838003097
        ],
        [
            0.0,
            0.0,
            0.0,
            0.0,
            0.0,
            0.0,
            0.0,
            0.0,
            0.0,
            0.01015195021525259,
            8.882717331503867e-07,
            -1.0912012041795344e-05,
            5.190884071097586e-06,
            5.482166792848345e-06,
            2.192877536609564e-06,
            -0.00011186530289889284,
            0.00016568243329188474,
            0.00033747385770527635
        ],
        [
            0.0,
            0.0,
            0.0,
            0.0,
            0.0,
            0.0,
            0.0,
            0.0,
            0.0,
            0.0,
            0.0007451624080361302,
            2.5387713838665725e-06,
            -3.7914660687119606e-06,
            5.548393255216688e-07,
            1.8576312790096693e-07,
            9.278777294518288e-05,
            2.1419025883378058e-05,
            3.354809801547066e-05
        ],
        [
            0.0,
            0.0,
            0.0,
            0.0,
            0.0,
            0.0,
            0.0,
            0.0,
            0.0,
            0.0,
            0.0,
            0.006962372410050234,
            -4.486049432694997e-06,
            -4.284816836844078e-06,
            4.743205362169681e-07,
            -1.6775676431642468e-05,
            4.98811761539901e-06,
            -8.620449185953001e-05
        ],
        [
            0.0,
            0.0,
            0.0,
            0.0,
            0.0,
            0.0,
            0.0,
            0.0,
            0.0,
            0.0,
            0.0,
            0.0,
            0.0031777781144445546,
            5.846601875623374e-06,
            2.0588225901896016e-06,
            0.00012123643591102192,
            -7.671211068207294e-05,
            0.0003401283585623949
        ],
        [
            0.0,
            0.0,
            0.0,
            0.0,
            0.0,
            0.0,
            0.0,
            0.0,
            0.0,
            0.0,
            0.0,
            0.0,
            0.0,
            0.004369467875237066,
            2.3393061219331526e-07,
            6.375797674516175e-05,
            -1.6872972924011467e-05,
            0.00011876408527946371
        ],
        [
            0.0,
            0.0,
            0.0,
            0.0,
            0.0,
            0.0,
            0.0,
            0.0,
            0.0,
            0.0,
            0.0,
            0.0,
            0.0,
            0.0,
            0.0007485781768965731,
            6.622081294807519e-05,
            7.46849378249691e-07,
            0.00033012167786845685
        ],
        [
            0.0,
            0.0,
            0.0,
            0.0,
            0.0,
            0.0,
            0.0,
            0.0,
            0.0,
            0.0,
            0.0,
            0.0,
            0.0,
            0.0,
            0.0,
            0.09175457880491615,
            -9.964294964685973e-05,
            0.0001365341333426693
        ],
        [
            0.0,
            0.0,
            0.0,
            0.0,
            0.0,
            0.0,
            0.0,
            0.0,
            0.0,
            0.0,
            0.0,
            0.0,
            0.0,
            0.0,
            0.0,
            0.0,
            0.0417706965986207,
            -5.335036993178508e-05
        ],
        [
            0.0,
            0.0,
            0.0,
            0.0,
            0.0,
            0.0,
            0.0,
            0.0,
            0.0,
            0.0,
            0.0,
            0.0,
            0.0,
            0.0,
            0.0,
            0.0,
            0.0,
            0.0792608284058543
        ]
    ],
    "RDR": [
        [
            [
                0.010933254694076012,
                1.565230441920635e-05,
                -0.0010258130840089758,
                -0.0013222400757498195,
                -0.00042573900560350595,
                -0.034341775374807405,
                0.0025303433011613237,
                0.006629533057986538,
                -4.04922887439391e-06,
                3.4830329035171387e-05,
                -2.2569395404546182e-07,
                -1.0884818014369682e-05,
                1.8712908227183893e-06,
                3.1393177413747355e-06,
                -3.9203299652518696e-07,
                -0.00010510589378281357,
                7.206604392604203e-05,
                5.759896908068535e-05
            ],
            [
                0.0,
                0.022383443636130852,
                -0.0005507099041653955,
                -0.001275363238574453,
                0.00034526863717301354,
                0.014074476315252079,
                0.00543114352815346,
                -0.00853357676998195,
                2.5826530509600098e-06,
                1.3391712442039348e-05,
                -6.765977170134189e-07,
                -3.1227632682271206e-06,
                4.5303370963121574e-06,
                1.0665105419844546e-06,
                7.674128058113498e-07,
                -5.354938279590005e-05,
                1.2974571736461778e-05,
                9.260433929794625e-05
            ],
            [
                0.0,
                0.0,
                0.3596703598832146,
                0.0023907484908294954,
                0.00015645114634562547,
                0.02491597662086601,
                0.0014693977985311515,
                -0.010850375708631012,
                -2.2749669856396016e-06,
                -6.756292282452651e-05,
                1.1592922355854698e-07,
                9.875148341719821e-06,
                -6.1873260006735135e-06,
                -4.031372266338562e-06,
                -1.6854498076693247e-06,
                0.00013858917956503677,
                -0.00012073318031543287,
                -0.00025285984057790505
            ],
            [
                0.0,
                0.0,
                0.0,
                0.7283323000166374,
                -0.0004900792085352918,
                -0.009187666995493305,
                -0.01748134362092976,
                0.016124378848562507,
                -2.9476299611451426e-06,
                -2.8369958983936266e-05,
                1.4756946066121546e-06,
                7.3222658445748825e-06,
                -7.537591462827121e-06,
                -1.770268391917457e-06,
                -1.0388882149780234e-06,
                0.0001574280553715382,
                -4.71184619304807e-05,
                -0.00013324029576439092
            ],
            [
                0.0,
                0.0,
                0.0,
                0.0,
                0.195179716515389,
                0.1817845877138877,
                -0.009241455738856348,
                -0.053594704943323586,
                1.8108885342841286e-05,
                -3.0654739112040866e-05,
                -2.1505936709960946e-06,
                1.7747890119731517e-06,
                1.962265065657954e-05,
                2.1629622515979335e-06,
                3.442548150006377e-06,
                0.00019014869866694928,
                -0.00019535240360530397,
                0.0003464557673950789
            ],
            [
                0.0,
                0.0,
                0.0,
                0.0,
                0.0,
                48.15802279998362,
                -0.013037107332385283,
                -0.012530264505170505,
                4.94576042909335e-06,
                -9.593888065651972e-06,
                -3.1495092602243724e-07,
                -1.1346402137995485e-06,
                6.342247757038232e-06,
                1.8467012199635772e-06,
                9.197989679061277e-07,
                0.00011892147687522026,
                -7.707191949525485e-05,
                0.00013075199059530315
            ],
            [
                0.0,
                0.0,
                0.0,
                0.0,
                0.0,
                0.0,
                12.746908446857825,
                -0.012658924667615541,
                -2.9595611052936496e-06,
                -1.2816234223782607e-05,
                -1.2381387680951636e-06,
                5.1427196281795155e-06,
                -5.221982241086526e-06,
                -5.098611372536868e-06,
                -9.499840582157665e-07,
                -0.0002402384133829099,
                6.0661740563985224e-05,
                -0.00023061714004693983
            ],
            [
                0.0,
                0.0,
                0.0,
                0.0,
                0.0,
                0.0,
                0.0,
                7.5323665350471325,
                -4.620007179932681e-06,
                4.0174843224855275e-05,
                2.3789603945998337e-06,
                1.050569482165925e-06,
                -8.370191849935111e-06,
                7.254532587347695e-07,
                -1.36243174538575e-07,
                1.4703395221452627e-05,
                0.00011329259611049906,
                1.1307255125598745e-05
            ],
            [
                0.0,
                0.0,
                0.0,
                0.0,
                0.0,
                0.0,
                0.0,
                0.0,
                0.003836277959183091,
                5.797200709415281e-06,
                -1.4051294799023679e-07,
                5.088245474702287e-06,
                6.910640286731573e-06,
                2.955314372533172e-07,
                2.514316811475594e-06,
                7.705756400224307e-05,
                -3.6742297788133767e-05,
                0.00021526788838003097
            ],
            [
                0.0,
                0.0,
                0.0,
                0.0,
                0.0,
                0.0,
                0.0,
                0.0,
                0.0,
                0.01015195021525259,
                8.882717331503867e-07,
                -1.0912012041795344e-05,
                5.190884071097586e-06,
                5.482166792848345e-06,
                2.192877536609564e-06,
                -0.00011186530289889284,
                0.00016568243329188474,
                0.00033747385770527635
            ],
            [
                0.0,
                0.0,
                0.0,
                0.0,
                0.0,
                0.0,
                0.0,
                0.0,
                0.0,
                0.0,
                0.0007451624080361302,
                2.5387713838665725e-06,
                -3.7914660687119606e-06,
                5.548393255216688e-07,
                1.8576312790096693e-07,
                9.278777294518288e-05,
                2.1419025883378058e-05,
                3.354809801547066e-05
            ],
            [
                0.0,
                0.0,
                0.0,
                0.0,
                0.0,
                0.0,
                0.0,
                0.0,
                0.0,
                0.0,
                0.0,
                0.006962372410050234,
                -4.486049432694997e-06,
                -4.284816836844078e-06,
                4.743205362169681e-07,
                -1.6775676431642468e-05,
                4.98811761539901e-06,
                -8.620449185953001e-05
            ],
            [
                0.0,
                0.0,
                0.0,
                0.0,
                0.0,
                0.0,
                0.0,
                0.0,
                0.0,
                0.0,
                0.0,
                0.0,
                0.0031777781144445546,
                5.846601875623374e-06,
                2.0588225901896016e-06,
                0.00012123643591102192,
                -7.671211068207294e-05,
                0.0003401283585623949
            ],
            [
                0.0,
                0.0,
                0.0,
                0.0,
                0.0,
                0.0,
                0.0,
                0.0,
                0.0,
                0.0,
                0.0,
                0.0,
                0.0,
                0.004369467875237066,
                2.3393061219331526e-07,
                6.375797674516175e-05,
                -1.6872972924011467e-05,
                0.00011876408527946371
            ],
            [
                0.0,
                0.0,
                0.0,
                0.0,
                0.0,
                0.0,
                0.0,
                0.0,
                0.0,
                0.0,
                0.0,
                0.0,
                0.0,
                0.0,
                0.0007485781768965731,
                6.622081294807519e-05,
                7.46849378249691e-07,
                0.00033012167786845685
            ],
            [
                0.0,
                0.0,
                0.0,
                0.0,
                0.0,
                0.0,
                0.0,
                0.0,
                0.0,
                0.0,
                0.0,
                0.0,
                0.0,
                0.0,
                0.0,
                0.09175457880491615,
                -9.964294964685973e-05,
                0.0001365341333426693
            ],
            [
                0.0,
                0.0,
                0.0,
                0.0,
                0.0,
                0.0,
                0.0,
                0.0,
                0.0,
                0.0,
                0.0,
                0.0,
                0.0,
                0.0,
                0.0,
                0.0,
                0.0417706965986207,
                -5.335036993178508e-05
            ],
            [
                0.0,
                0.0,
                0.0,
                0.0,
                0.0,
                0.0,
                0.0,
                0.0,
                0.0,
                0.0,
                0.0,
                0.0,
                0.0,
                0.0,
                0.0,
                0.0,
                0.0,
                0.0792608284058543
            ]
        ],
        [
            [
                0.0021866509388152023,
                3.13046088384127e-06,
                -0.00020516261680179516,
                -0.00026444801514996394,
                -8.514780112070119e-05,
                -0.006868355074961481,
                0.0005060686602322647,
                0.0013259066115973077,
                -8.09845774878782e-07,
                6.966065807034278e-06,
                -4.513879080909237e-08,
                -2.1769636028739364e-06,
                3.7425816454367787e-07,
                6.278635482749472e-07,
                -7.840659930503739e-08,
                -2.1021178756562715e-05,
                1.4413208785208407e-05,
                1.151979381613707e-05
            ],
            [
                0.0,
                0.00447668872722617,
                -0.0001101419808330791,
                -0.00025507264771489063,
                6.905372743460271e-05,
                0.002814895263050416,
                0.001086228705630692,
                -0.0017067153539963903,
                5.16530610192002e-07,
                2.67834248840787e-06,
                -1.3531954340268378e-07,
                -6.245526536454242e-07,
                9.060674192624315e-07,
                2.1330210839689093e-07,
                1.5348256116226996e-07,
                -1.0709876559180011e-05,
                2.594914347292356e-06,
                1.8520867859589252e-05
            ],
            [
                0.0,
                0.0,
                0.07193407197664292,
                0.0004781496981658991,
                3.1290229269125095e-05,
                0.004983195324173202,
                0.0002938795597062303,
                -0.0021700751417262024,
                -4.5499339712792036e-07,
                -1.3512584564905303e-05,
                2.31858447117094e-08,
                1.975029668343964e-06,
                -1.2374652001347028e-06,
                -8.062744532677124e-07,
                -3.37089961533865e-07,
                2.7717835913007357e-05,
                -2.4146636063086575e-05,
                -5.0571968115581016e-05
            ],
            [
                0.0,
                0.0,
                0.0,
                0.14566646000332747,
                -9.801584170705837e-05,
                -0.001837533399098661,
                -0.003496268724185952,
                0.0032248757697125015,
                -5.895259922290286e-07,
                -5.673991796787253e-06,
                2.951389213224309e-07,
                1.4644531689149765e-06,
                -1.5075182925654244e-06,
                -3.5405367838349144e-07,
                -2.077776429956047e-07,
                3.1485611074307645e-05,
                -9.423692386096141e-06,
                -2.6648059152878186e-05
            ],
            [
                0.0,
                0.0,
                0.0,
                0.0,
                0.0390359433030778,
                0.03635691754277754,
                -0.0018482911477712698,
                -0.010718940988664718,
                3.6217770685682575e-06,
                -6.130947822408173e-06,
                -4.301187341992189e-07,
                3.5495780239463034e-07,
                3.924530131315908e-06,
                4.3259245031958673e-07,
                6.885096300012755e-07,
                3.8029739733389857e-05,
                -3.9070480721060795e-05,
                6.929115347901579e-05
            ],
            [
                0.0,
                0.0,
                0.0,
                0.0,
                0.0,
                9.631604559996724,
                -0.002607421466477057,
                -0.0025060529010341014,
                9.891520858186702e-07,
                -1.9187776131303945e-06,
                -6.299018520448744e-08,
                -2.269280427599097e-07,
                1.2684495514076465e-06,
                3.6934024399271545e-07,
                1.8395979358122554e-07,
                2.3784295375044053e-05,
                -1.541438389905097e-05,
                2.6150398119060632e-05
            ],
            [
                0.0,
                0.0,
                0.0,
                0.0,
                0.0,
                0.0,
                2.549381689371565,
                -0.0025317849335231082,
                -5.9191222105873e-07,
                -2.5632468447565215e-06,
                -2.4762775361903275e-07,
                1.0285439256359032e-06,
                -1.0443964482173052e-06,
                -1.0197222745073737e-06,
                -1.8999681164315331e-07,
                -4.804768267658198e-05,
                1.2132348112797045e-05,
                -4.612342800938797e-05
            ],
            [
                0.0,
                0.0,
                0.0,
                0.0,
                0.0,
                0.0,
                0.0,
                1.5064733070094265,
                -9.240014359865363e-07,
                8.034968644971055e-06,
                4.7579207891996674e-07,
                2.1011389643318503e-07,
                -1.6740383699870222e-06,
                1.450906517469539e-07,
                -2.7248634907715e-08,
                2.940679044290526e-06,
                2.2658519222099813e-05,
                2.261451025119749e-06
            ],
            [
                0.0,
                0.0,
                0.0,
                0.0,
                0.0,
                0.0,
                0.0,
                0.0,
                0.0007672555918366182,
                1.1594401418830563e-06,
                -2.810258959804736e-08,
                1.0176490949404575e-06,
                1.3821280573463148e-06,
                5.910628745066344e-08,
                5.028633622951188e-07,
                1.5411512800448614e-05,
                -7.348459557626753e-06,
                4.3053577676006195e-05
            ],
            [
                0.0,
                0.0,
                0.0,
                0.0,
                0.0,
                0.0,
                0.0,
                0.0,
                0.0,
                0.002030390043050518,
                1.7765434663007734e-07,
                -2.182402408359069e-06,
                1.0381768142195173e-06,
                1.096433358569669e-06,
                4.385755073219128e-07,
                -2.237306057977857e-05,
                3.313648665837695e-05,
                6.749477154105528e-05
            ],
            [
                0.0,
                0.0,
                0.0,
                0.0,
                0.0,
                0.0,
                0.0,
                0.0,
                0.0,
                0.0,
                0.00014903248160722606,
                5.077542767733145e-07,
                -7.582932137423921e-07,
                1.1096786510433378e-07,
                3.715262558019339e-08,
                1.855755458903658e-05,
                4.283805176675612e-06,
                6.709619603094133e-06
            ],
            [
                0.0,
                0.0,
                0.0,
                0.0,
                0.0,
                0.0,
                0.0,
                0.0,
                0.0,
                0.0,
                0.0,
                0.0013924744820100468,
                -8.972098865389994e-07,
                -8.569633673688157e-07,
                9.486410724339362e-08,
                -3.3551352863284935e-06,
                9.97623523079802e-07,
                -1.7240898371906e-05
            ],
            [
                0.0,
                0.0,
                0.0,
                0.0,
                0.0,
                0.0,
                0.0,
                0.0,
                0.0,
                0.0,
                0.0,
                0.0,
                0.0006355556228889109,
                1.1693203751246749e-06,
                4.1176451803792035e-07,
                2.4247287182204385e-05,
                -1.534242213641459e-05,
                6.802567171247899e-05
            ],
            [
                0.0,
                0.0,
                0.0,
                0.0,
                0.0,
                0.0,
                0.0,
                0.0,
                0.0,
                0.0,
                0.0,
                0.0,
                0.0,
                0.0008738935750474133,
                4.6786122438663056e-08,
                1.2751595349032352e-05,
                -3.3745945848022936e-06,
                2.3752817055892743e-05
            ],
            [
                0.0,
                0.0,
                0.0,
                0.0,
                0.0,
                0.0,
                0.0,
                0.0,
                0.0,
                0.0,
                0.0,
                0.0,
                0.0,
                0.0,
                0.00014971563537931462,
                1.3244162589615039e-05,
                1.4936987564993822e-07,
                6.602433557369137e-05
            ],
            [
                0.0,
                0.0,
                0.0,
                0.0,
                0.0,
                0.0,
                0.0,
                0.0,
                0.0,
                0.0,
                0.0,
                0.0,
                0.0,
                0.0,
                0.0,
                0.01835091576098323,
                -1.9928589929371947e-05,
                2.730682666853386e-05
            ],
            [
                0.0,
                0.0,
                0.0,
                0.0,
                0.0,
                0.0,
                0.0,
                0.0,
                0.0,
                0.0,
                0.0,
                0.0,
                0.0,
                0.0,
                0.0,
                0.0,
                0.00835413931972414,
                -1.0670073986357017e-05
            ],
            [
                0.0,
                0.0,
                0.0,
                0.0,
                0.0,
                0.0,
                0.0,
                0.0,
                0.0,
                0.0,
                0.0,
                0.0,
                0.0,
                0.0,
                0.0,
                0.0,
                0.0,
                0.01585216568117086
            ]
        ]
    ],
    "allnames": [
        "m1_flow_nominal",
        "m2_flow_nominal",
        "tau1",
        "tau2",
        "tau_m",
        "nominalUa.hasValue",
        "workingPressure.hasValue",
        "flowCoefficient.hasValue",
        "waterFlowRateMax",
        "c1",
        "c2",
        "c3",
        "c4",
        "eps_motor",
        "f_motorToAir",
        "kp",
        "Ti",
        "Td"
    ],
    "alpha_count": 1440,
    "cov": [
        [
            0.004141567923496506,
            -0.011490319997727285,
            0.012120165282297155,
            -0.0020141411879528535,
            -0.09004201433321078,
            38.57030102818525,
            4.58199891108721,
            -2.334940036385526,
            -0.0032289701618932838,
            0.011805555090474772,
            7.918675424590816e-05,
            -0.0003708361881299248,
            0.0003295578894189756,
            0.00107816181956899,
            0.0003730949784552498,
            -0.015386197706490839,
            -0.007590385429695963,
            0.009977741508765176
        ],
        [
            -0.011490319997727285,
            0.07536062900928812,
            -0.093117587191901,
            0.009195285663881265,
            0.5723429823636026,
            -194.03405831210495,
            -33.51890201625852,
            10.871539034793807,
            0.01929857632825597,
            -0.07454990976494226,
            -0.0002264869551550491,
            0.0016266112941323515,
            -0.003988904155232791,
            -0.00705634575280036,
            -0.002494494668399526,
            0.028941081345216214,
            0.05800443746724866,
            -0.024425112860309694
        ],
        [
            0.012120165282297155,
            -0.093117587191901,
            1.4145189745876314,
            0.5021750074116315,
            -0.5996512227959978,
            148.03566830775281,
            30.99170115932047,
            -13.770436852101355,
            -0.014583484464529135,
            0.06287645019052503,
            -0.00046387200410711286,
            -0.001228639399167558,
            0.0012481999199367155,
            0.002304750339980558,
            0.0019533810163486166,
            0.18780217988767292,
            -0.11814187090406729,
            -0.04824237231865984
        ],
        [
            -0.0020141411879528535,
            0.009195285663881265,
            0.5021750074116315,
            5.707710856125578,
            0.1466663009565224,
            -283.33862831128846,
            14.539513213024089,
            -23.408160281093426,
            0.004487109473901047,
            -0.006219319675408338,
            -0.0023669608275600075,
            -0.0011991485199402477,
            0.0032712356532481166,
            0.01655902698832515,
            -0.0017616909675428705,
            0.1032594867816108,
            -0.1308775398157215,
            0.18721256093021535
        ],
        [
            -0.09004201433321078,
            0.5723429823636026,
            -0.5996512227959978,
            0.1466663009565224,
            4.681977687616059,
            -1542.3630525596323,
            -256.60920655680786,
            91.37069743805523,
            0.15227106572155766,
            -0.5836779688291854,
            -0.001969092682469961,
            0.01565758717150935,
            -0.03152227856633444,
            -0.055784876998934134,
            -0.020075798601014636,
            0.28400961196986135,
            0.447734534957921,
            -0.19371265683754865
        ],
        [
            38.57030102818525,
            -194.03405831210495,
            148.03566830775281,
            -283.33862831128846,
            -1542.3630525596323,
            654152.6454491626,
            89507.15087573294,
            -28578.974833080963,
            -56.429475712152346,
            217.89238880159476,
            0.3523902649401803,
            -7.242129267054956,
            9.01097780331859,
            18.28859505274563,
            6.925403741214995,
            -120.35181268231918,
            -172.56118391190833,
            43.1985706215638
        ],
        [
            4.58199891108721,
            -33.51890201625852,
            30.99170115932047,
            14.539513213024089,
            -256.60920655680786,
            89507.15087573294,
            16414.26488516762,
            -5030.587312961461,
            -9.028879833688446,
            34.924158603998976,
            0.03593326303026568,
            -0.9498825166234959,
            2.004073101778064,
            3.3794164862489673,
            1.1499666705098088,
            -10.496765207672258,
            -30.222520380770494,
            10.029815992310166
        ],
        [
            -2.334940036385526,
            10.871539034793807,
            -13.770436852101355,
            -23.408160281093426,
            91.37069743805523,
            -28578.974833080963,
            -5030.587312961461,
            2703.586910767208,
            2.9028337028438522,
            -11.119155752007126,
            -0.06347134564588208,
            0.37204444497384115,
            -0.5689603037616289,
            -1.1871096691189367,
            -0.4106963965708577,
            10.19598304768917,
            8.374461825440193,
            -9.227962706055038
        ],
        [
            -0.0032289701618932838,
            0.01929857632825597,
            -0.014583484464529135,
            0.004487109473901047,
            0.15227106572155766,
            -56.429475712152346,
            -9.028879833688446,
            2.9028337028438522,
            0.0054096597730689325,
            -0.02058243259905893,
            -3.5146073620131006e-05,
            0.0006247876125737771,
            -0.0010648068986660831,
            -0.0019072578821630723,
            -0.0006756154672910007,
            0.009034266008822168,
            0.016798444932768428,
            -0.0057337800213053845
        ],
        [
            0.011805555090474772,
            -0.07454990976494226,
            0.06287645019052503,
            -0.006219319675408338,
            -0.5836779688291854,
            217.89238880159476,
            34.924158603998976,
            -11.119155752007126,
            -0.02058243259905893,
            0.08101749061342062,
            0.0001489647464730646,
            -0.0023164150024300493,
            0.004017031600326253,
            0.007199174506684085,
            0.0026211375654773793,
            -0.03123000874214145,
            -0.06622945831756838,
            0.022447091468217977
        ],
        [
            7.918675424590816e-05,
            -0.0002264869551550491,
            -0.00046387200410711286,
            -0.0023669608275600075,
            -0.001969092682469961,
            0.3523902649401803,
            0.03593326303026568,
            -0.06347134564588208,
            -3.5146073620131006e-05,
            0.0001489647464730646,
            9.979602180269567e-06,
            9.704428951358973e-06,
            3.1005426066081506e-06,
            9.978983341903844e-06,
            8.643773653526642e-06,
            -0.0006357033795686601,
            0.00024268380616833702,
            0.00047450266552943903
        ],
        [
            -0.0003708361881299248,
            0.0016266112941323515,
            -0.001228639399167558,
            -0.0011991485199402477,
            0.01565758717150935,
            -7.242129267054956,
            -0.9498825166234959,
            0.37204444497384115,
            0.0006247876125737771,
            -0.0023164150024300493,
            9.704428951358973e-06,
            0.0002611563974219803,
            -0.00010556708918318779,
            -0.00018673809810440805,
            -7.879434645907567e-05,
            0.0017564854285821183,
            0.0023245507148960745,
            -0.0003590751212678621
        ],
        [
            0.0003295578894189756,
            -0.003988904155232791,
            0.0012481999199367155,
            0.0032712356532481166,
            -0.03152227856633444,
            9.01097780331859,
            2.004073101778064,
            -0.5689603037616289,
            -0.0010648068986660831,
            0.004017031600326253,
            3.1005426066081506e-06,
            -0.00010556708918318779,
            0.00031266448869250426,
            0.0004256809028528015,
            0.000139997917602685,
            -0.00026366541489841614,
            -0.003579046617785188,
            0.001172200094348875
        ],
        [
            0.00107816181956899,
            -0.00705634575280036,
            0.002304750339980558,
            0.01655902698832515,
            -0.055784876998934134,
            18.28859505274563,
            3.3794164862489673,
            -1.1871096691189367,
            -0.0019072578821630723,
            0.007199174506684085,
            9.978983341903844e-06,
            -0.00018673809810440805,
            0.0004256809028528015,
            0.0008557437121710768,
            0.000242965913550709,
            -0.004307845730871316,
            -0.005975524214951121,
            0.002684324065172226
        ],
        [
            0.0003730949784552498,
            -0.002494494668399526,
            0.0019533810163486166,
            -0.0017616909675428705,
            -0.020075798601014636,
            6.925403741214995,
            1.1499666705098088,
            -0.4106963965708577,
            -0.0006756154672910007,
            0.0026211375654773793,
            8.643773653526642e-06,
            -7.879434645907567e-05,
            0.000139997917602685,
            0.000242965913550709,
            9.273226314983677e-05,
            -0.001223059167997054,
            -0.0020221941394660695,
            0.000867877269398399
        ],
        [
            -0.015386197706490839,
            0.028941081345216214,
            0.18780217988767292,
