3.298614431216053051e-04 1.278081387410215061e-07 -3.378583564424465389e-06 -1.823148585675522241e-06 -6.900943166174024146e-06 -1.740786740417308871e-03 3.187883539158968852e-04 5.905216178308366143e-04 6.372573664533110206e-08 1.032807403562908799e-08 6.318861041213355419e-08 -3.600327596160865203e-08 1.406920901272915710e-08 -1.328006671416374271e-08 2.597718498555556801e-08 -2.883584754903685982e-07 1.316928558306700980e-06 -4.553830759848415446e-08
1.278081387410215061e-07 2.740689847421767800e-02 -1.087100603036618928e-04 -5.866203659375342666e-05 -2.220462905361693634e-04 -5.601194344258209057e-02 1.025740536454830716e-02 1.900075563054537051e-02 2.050453552948993018e-06 3.323184197828722491e-07 2.033170859154935594e-06 -1.158449458562551261e-06 4.526940154162356614e-07 -4.273023963458842935e-07 8.358477132354679322e-07 -9.278286791456036406e-06 4.237378778983184522e-05 -1.465250768779258772e-06
-3.378583564424465389e-06 -1.087100603036618928e-04 2.531739812082982155e+01 1.550719654034903808e-03 5.869750980937611488e-03 1.480664951314571542e+00 -2.711525378561761568e-01 -5.022813204023435230e-01 -5.420334527871280283e-05 -8.784773507335002249e-06 -5.374648059249824872e-05 3.062338861570196378e-05 -1.196687922431742619e-05 1.129565665813133100e-05 -2.209547352865670988e-05 2.452697267045688616e-04 -1.120142929858550370e-03 3.873362223973146411e-05
-1.823148585675522241e-06 -5.866203659375342666e-05 1.550719654034903808e-03 1.046459252431808196e+01 3.167430372848239421e-03 7.989952476751381871e-01 -1.463191176030680107e-01 -2.710406480825818254e-01 -2.924916622584741838e-05 -4.740432518532627843e-06 -2.900263326591481571e-05 1.652496869729478909e-05 -6.457557883870382700e-06 6.095353294615499344e-06 -1.192314191597140527e-05 1.323522555602764687e-04 -6.044506401527868734e-04 2.090140653853735697e-05
-6.900943166174024146e-06 -2.220462905361693634e-04 5.869750980937611488e-03 3.167430372848239421e-03 5.773241137026611902e+00 3.024339780954417911e+00 -5.538440051661350783e-01 -1.025937283903730179e+00 -1.107133205534975324e-04 -1.794338412705714564e-05 -1.097801492483989544e-04 6.254995928408229103e-05 -2.444301045948853339e-05 2.307200136861444555e-05 -4.513122263913492351e-05 5.009769366647573484e-04 -2.287953679269824538e-03 7.911555851719027791e-05
-1.740786740417308871e-03 -5.601194344258209057e-02 1.480664951314571542e+00 7.989952476751381871e-01 3.024339780954417911e+00 3.492569651925311191e+05 -1.397090625493944742e+02 -2.587962220980743382e+02 -2.792781736731079004e-02 -4.526280598817469282e-03 -2.769242168365756984e-02 1.577844319441641316e-02 -6.165833782304507536e-03 5.819992005475562238e-03 -1.138450673440111367e-02 1.263731619868406764e-01 -5.771442151682066868e-01 1.995717279668456773e-02
3.187883539158968852e-04 1.025740536454830716e-02 -2.711525378561761568e-01 -1.463191176030680107e-01 -5.538440051661350783e-01 -1.397090625493944742e+02 1.637066689491840589e+04 4.739306643760420457e+01 5.114390361713417807e-03 8.288927689744333017e-04 5.071282610046647620e-03 -2.889488882536918497e-03 1.129142333373174198e-03 -1.065808710597406558e-03 2.084832149591256054e-03 -2.314257763663476672e-02 1.056917829472027587e-01 -3.654735021215198103e-03
5.905216178308366143e-04 1.900075563054537051e-02 -5.022813204023435230e-01 -2.710406480825818254e-01 -1.025937283903730179e+00 -2.587962220980743382e+02 4.739306643760420457e+01 3.602992102618554054e+04 9.473865759268692774e-03 1.535435949684031643e-03 9.394013220922745044e-03 -5.352471721944010788e-03 2.091616425990028977e-03 -1.974297606386910160e-03 3.861930458749349235e-03 -4.286917078020588412e-02 1.957828191988272848e-01 -6.770009038788141545e-03
6.372573664533110206e-08 2.050453552948993018e-06 -5.420334527871280283e-05 -2.924916622584741838e-05 -1.107133205534975324e-04 -2.792781736731079004e-02 5.114390361713417807e-03 9.473865759268692774e-03 1.341196584973902662e-03 1.656955207241339023e-07 1.013748513997281810e-06 -5.776083263591817912e-07 2.257153565610396056e-07 -2.130549763550924010e-07 4.167575850328037418e-07 -4.626197254857666021e-06 2.112776907604928082e-05 -7.305808967283429740e-07
1.032807403562908799e-08 3.323184197828722491e-07 -8.784773507335002249e-06 -4.740432518532627843e-06 -1.794338412705714564e-05 -4.526280598817469282e-03 8.288927689744333017e-04 1.535435949684031643e-03 1.656955207241339023e-07 1.193439381839776482e-04 1.642989199849444479e-07 -9.361337933895046865e-08 3.658184332203606599e-08 -3.452996678094604167e-08 6.754418889003361332e-08 -7.497709758541429016e-07 3.424192088034480874e-06 -1.184057491939473683e-07
6.318861041213355419e-08 2.033170859154935594e-06 -5.374648059249824872e-05 -2.900263326591481571e-05 -1.097801492483989544e-04 -2.769242168365756984e-02 5.071282610046647620e-03 9.394013220922745044e-03 1.013748513997281810e-06 1.642989199849444479e-07 1.124094844693728987e-03 -5.727398289367424087e-07 2.238128655797391611e-07 -2.112591961422953368e-07 4.132448530725436488e-07 -4.587204344985786662e-06 2.094968907859321943e-05 -7.244230367213292603e-07
-3.600327596160865203e-08 -1.158449458562551261e-06 3.062338861570196378e-05 1.652496869729478909e-05 6.254995928408229103e-05 1.577844319441641316e-02 -2.889488882536918497e-03 -5.352471721944010788e-03 -5.776083263591817912e-07 -9.361337933895046865e-08 -5.727398289367424087e-07 2.548260313154653792e-03 -1.275229239995831129e-07 1.203701598837208886e-07 -2.354564910961910155e-07 2.613673300419665211e-06 -1.193660427547014536e-05 4.127579691009687519e-07
1.406920901272915710e-08 4.526940154162356614e-07 -1.196687922431742619e-05 -6.457557883870382700e-06 -2.444301045948853339e-05 -6.165833782304507536e-03 1.129142333373174198e-03 2.091616425990028977e-03 2.257153565610396056e-07 3.658184332203606599e-08 2.238128655797391611e-07 -1.275229239995831129e-07 1.994654046641307354e-03 -4.703774567918592629e-08 9.201069897551900993e-08 -1.021360278264825471e-06 4.664536100351083363e-06 -1.612958261115875858e-07
-1.328006671416374271e-08 -4.273023963458842935e-07 1.129565665813133100e-05 6.095353294615499344e-06 2.307200136861444555e-05 5.819992005475562238e-03 -1.065808710597406558e-03 -1.974297606386910160e-03 -2.130549763550924010e-07 -3.452996678094604167e-08 -2.112591961422953368e-07 1.203701598837208886e-07 -4.703774567918592629e-08 7.720374084299194911e-04 -8.684981648266113917e-08 9.640721537566114433e-07 -4.402902149455762044e-06 1.522487390399872427e-07
2.597718498555556801e-08 8.358477132354679322e-07 -2.209547352865670988e-05 -1.192314191597140527e-05 -4.513122263913492351e-05 -1.138450673440111367e-02 2.084832149591256054e-03 3.861930458749349235e-03 4.167575850328037418e-07 6.754418889003361332e-08 4.132448530725436488e-07 -2.354564910961910155e-07 9.201069897551900993e-08 -8.684981648266113917e-08 6.785779889358847664e-04 -1.885824914633005899e-06 8.612532306613099602e-06 -2.978142913725846399e-07
-2.883584754903685982e-07 -9.278286791456036406e-06 2.452697267045688616e-04 1.323522555602764687e-04 5.009769366647573484e-04 1.263731619868406764e-01 -2.314257763663476672e-02 -4.286917078020588412e-02 -4.626197254857666021e-06 -7.497709758541429016e-07 -4.587204344985786662e-06 2.613673300419665211e-06 -1.021360278264825471e-06 9.640721537566114433e-07 -1.885824914633005899e-06 4.899730165212937139e-02 -9.560299499069793054e-05 3.305873022315328078e-06
1.316928558306700980e-06 4.237378778983184522e-05 -1.120142929858550370e-03 -6.044506401527868734e-04 -2.287953679269824538e-03 -5.771442151682066868e-01 1.056917829472027587e-01 1.957828191988272848e-01 2.112776907604928082e-05 3.424192088034480874e-06 2.094968907859321943e-05 -1.193660427547014536e-05 4.664536100351083363e-06 -4.402902149455762044e-06 8.612532306613099602e-06 -9.560299499069793054e-05 8.850159913400390543e-01 -1.509786936492579531e-05
-4.553830759848415446e-08 -1.465250768779258772e-06 3.873362223973146411e-05 2.090140653853735697e-05 7.911555851719027791e-05 1.995717279668456773e-02 -3.654735021215198103e-03 -6.770009038788141545e-03 -7.305808967283429740e-07 -1.184057491939473683e-07 -7.244230367213292603e-07 4.127579691009687519e-07 -1.612958261115875858e-07 1.522487390399872427e-07 -2.978142913725846399e-07 3.305873022315328078e-06 -1.509786936492579531e-05 2.101051794259981703e-02
1.060677367827074757e-04 -7.024903053183258148e-07 -1.355695168062857436e-04 1.892740166386747697e-05 -5.440258512127441536e-05 -2.031500001766227241e-03 -1.939205357244629981e-03 2.268926141367815993e-03 -2.996184673266860261e-07 2.090484875792008712e-08 -8.694488222705380965e-08 -7.189213520090587682e-07 -1.189825946859953315e-07 2.367098115023287429e-07 9.802653951783539575e-08 -1.630268471578216836e-06 -1.279837319545252778e-05 -8.135604889304585562e-07
-7.024903053183258148e-07 8.771286703447310484e-03 1.604520834546087848e-04 -4.709606133997869411e-05 4.716612287919926139e-06 -1.578333758224493080e-02 6.245643840272377227e-03 3.060725776845357390e-03 1.120710708722890325e-06 8.079183834846896514e-08 8.061884710133534814e-07 6.562425329608914123e-07 3.241272127122865516e-07 -4.865421190577560251e-07 1.372319945852310765e-07 -7.363172321351205845e-07 3.275103099459024804e-05 6.910260340156070329e-07
-1.355695168062857436e-04 1.604520834546087848e-04 8.136888635311239071e+00 -4.627974197418376762e-03 1.558632072596250612e-02 8.610532227733271871e-01 4.493246131909019447e-01 -7.069983126157419751e-01 6.670066347411154255e-05 -7.433452847899631799e-06 1.094637560380940228e-05 1.955869507236046676e-04 2.860190684980602245e-05 -5.966956191774611259e-05 -3.063246831704055038e-05 4.824159721107914764e-04 3.113522452479786790e-03 2.222363413501678630e-04
1.892740166386747697e-05 -4.709606133997869411e-05 -4.627974197418376762e-03 3.349412998277566444e+00 -9.751011573628226700e-04 1.994998349026073370e-01 -1.245955082647490636e-01 -7.483505136847662213e-03 -2.155261113093260577e-05 -8.463576895807585029e-07 -1.336399564078044571e-05 -2.166500088407686265e-05 -6.771368597588782333e-06 1.113142145792896482e-05 -3.971762913228013504e-07 -1.624710003957700359e-05 -6.971176387891786985e-04 -2.375417534473477806e-05
-5.440258512127441536e-05 4.716612287919926139e-06 1.558632072596250612e-02 -9.751011573628226700e-04 1.852757172238425953e+00 1.118074863478614178e+00 3.082517328307333299e-02 -5.403040013952850051e-01 -2.810521376333211391e-06 -7.535784932157703872e-06 -2.420661315136980399e-05 9.211920043015287907e-05 4.764669870195602420e-06 -1.717723940778075850e-05 -2.358625672641913960e-05 3.170757590108773654e-04 6.153088163052378807e-04 1.067554777389436100e-04
-2.031500001766227241e-03 -1.578333758224493080e-02 8.610532227733271871e-01 1.994998349026073370e-01 1.118074863478614178e+00 1.117664743289643229e+05 -3.882949954154102556e+01 -8.880374254081733909e+01 -8.015475527412441181e-03 -1.499086139769601443e-03 -8.553007636272619285e-03 7.085961987611608809e-03 -1.617509780148813870e-03 1.168588480004673948e-03 -3.901360601694903087e-03 4.486784960547236800e-02 -1.466216128540840102e-01 8.686870076728385112e-03
-1.939205357244629981e-03 6.245643840272377227e-03 4.493246131909019447e-01 -1.245955082647490636e-01 3.082517328307333299e-02 -3.882949954154102556e+01 5.246750045629697524e+03 6.874711451075620872e+00 2.912221787677356059e-03 1.950896425135051164e-04 2.049989225831010901e-03 1.895181001191581678e-03 8.535566447948959683e-04 -1.301563905071328586e-03 3.095317228905596833e-04 -1.274921183748004699e-03 8.651769423685735927e-02 2.015387227951851833e-03
2.268926141367815993e-03 3.060725776845357390e-03 -7.069983126157419751e-01 -7.483505136847662213e-03 -5.403040013952850051e-01 -8.880374254081733909e+01 6.874711451075620872e+00 1.153802315977909711e+04 1.731809411171174535e-03 5.628270845049632588e-04 2.570797736781333092e-03 -4.586127538574304684e-03 1.677437849722070097e-04 3.469599331643115391e-04 1.600219710524655552e-03 -1.996519691024122717e-02 8.954020748267337015e-03 -5.411753655910695598e-03
-2.996184673266860261e-07 1.120710708722890325e-06 6.670066347411154255e-05 -2.155261113093260577e-05 -2.810521376333211391e-06 -8.015475527412441181e-03 2.912221787677356059e-03 1.731809411171174535e-03 4.293828912824745447e-04 4.202389383608758944e-08 3.913702301363868931e-07 2.572405700363361209e-07 1.493981573096117305e-07 -2.187602218419738469e-07 7.729761243963299973e-08 -5.192456322799547435e-07 1.502232150524618559e-05 2.655253339914032352e-07
2.090484875792008712e-08 8.079183834846896514e-08 -7.433452847899631799e-06 -8.463576895807585029e-07 -7.535784932157703872e-06 -1.499086139769601443e-03 1.950896425135051164e-04 5.628270845049632588e-04 4.202389383608758944e-08 3.819066512100663662e-05 4.889241701677071890e-08 -5.426941967325088900e-08 7.462055979951361012e-09 -2.767885246688006649e-09 2.469757848463958376e-08 -2.927871008797407327e-07 6.413812017032696506e-07 -6.535082786207852395e-08
-8.694488222705380965e-08 8.061884710133534814e-07 1.094637560380940228e-05 -1.336399564078044571e-05 -2.420661315136980399e-05 -8.553007636272619285e-03 2.049989225831010901e-03 2.570797736781333092e-03 3.913702301363868931e-07 4.889241701677071890e-08 3.597327774630626018e-04 -3.523451708102684657e-08 9.746256600971952233e-08 -1.180300787920198486e-07 1.134633584711749180e-07 -1.146039507841577389e-06 9.470491368734826733e-06 -6.460594688523613721e-08
-7.189213520090587682e-07 6.562425329608914123e-07 1.955869507236046676e-04 -2.166500088407686265e-05 9.211920043015287907e-05 7.085961987611608809e-03 1.895181001191581678e-03 -4.586127538574304684e-03 2.572405700363361209e-07 -5.426941967325088900e-08 -3.523451708102684657e-08 8.164205305087890181e-04 1.297792902122648222e-07 -2.943522833448100747e-07 -1.992802662809384952e-07 2.961019867476102683e-06 1.444261928464726835e-05 1.235835974506050664e-06
-1.189825946859953315e-07 3.241272127122865516e-07 2.860190684980602245e-05 -6.771368597588782333e-06 4.764669870195602420e-06 -1.617509780148813870e-03 8.535566447948959683e-04 1.677437849722070097e-04 1.493981573096117305e-07 7.462055979951361012e-09 9.746256600971952233e-08 1.297792902122648222e-07 6.383190727544097408e-04 -7.315843849849641215e-08 7.809306134531196257e-09 4.404547632965073206e-08 4.680548724756814248e-06 1.410580071927653399e-07
2.367098115023287429e-07 -4.865421190577560251e-07 -5.966956191774611259e-05 1.113142145792896482e-05 -1.717723940778075850e-05 1.168588480004673948e-03 -1.301563905071328586e-03 3.469599331643115391e-04 -2.187602218419738469e-07 -2.767885246688006649e-09 -1.180300787920198486e-07 -2.943522833448100747e-07 -7.315843849849641215e-08 2.471653553582534935e-04 1.442335290535121122e-08 -4.152075307792044121e-07 -7.629566840689472714e-06 -3.272482929151178992e-07
9.802653951783539575e-08 1.372319945852310765e-07 -3.063246831704055038e-05 -3.971762913228013504e-07 -2.358625672641913960e-05 -3.901360601694903087e-03 3.095317228905596833e-04 1.600219710524655552e-03 7.729761243963299973e-08 2.469757848463958376e-08 1.134633584711749180e-07 -1.992802662809384952e-07 7.809306134531196257e-09 1.442335290535121122e-08 2.171606740270271322e-04 -8.729153829573220775e-07 4.399468773625701958e-07 -2.352806636538217105e-07
-1.630268471578216836e-06 -7.363172321351205845e-07 4.824159721107914764e-04 -1.624710003957700359e-05 3.170757590108773654e-04 4.486784960547236800e-02 -1.274921183748004699e-03 -1.996519691024122717e-02 -5.192456322799547435e-07 -2.927871008797407327e-07 -1.146039507841577389e-06 2.961019867476102683e-06 4.404547632965073206e-08 -4.152075307792044121e-07 -8.729153829573220775e-07 1.568375582249359815e-02 9.112076369737019999e-06 3.457603921647393079e-06
-1.279837319545252778e-05 3.275103099459024804e-05 3.113522452479786790e-03 -6.971176387891786985e-04 6.153088163052378807e-04 -1.466216128540840102e-01 8.651769423685735927e-02 8.954020748267337015e-03 1.502232150524618559e-05 6.413812017032696506e-07 9.470491368734826733e-06 1.444261928464726835e-05 4.680548724756814248e-06 -7.629566840689472714e-06 4.399468773625701958e-07 9.112076369737019999e-06 2.835464009509406913e-01 1.579545956214627609e-05
-8.135604889304585562e-07 6.910260340156070329e-07 2.222363413501678630e-04 -2.375417534473477806e-05 1.067554777389436100e-04 8.686870076728385112e-03 2.015387227951851833e-03 -5.411753655910695598e-03 2.655253339914032352e-07 -6.535082786207852395e-08 -6.460594688523613721e-08 1.235835974506050664e-06 1.410580071927653399e-07 -3.272482929151178992e-07 -2.352806636538217105e-07 3.457603921647393079e-06 1.579545956214627609e-05 6.724612399275214057e-03
3.398143174411049331e-05 -5.120146932338721171e-07 -3.882966211731804219e-05 8.150404401571366189e-06 -1.630660128126010916e-05 1.970628867878738641e-04 -4.972721491715279864e-04 -8.965257586525421948e-05 -2.169866308031105738e-07 8.810320629603205747e-10 -7.836340133998688906e-09 -2.136843990416674443e-07 4.572430832382933010e-08 1.209510492406230894e-08 6.600283348065895922e-08 -7.025929320146146420e-07 -4.531716268851932495e-06 -5.418970574094675521e-07
-5.120146932338721171e-07 2.808886755586060321e-03 1.845444145736556651e-05 -3.019625219610045288e-05 -6.453736678250047512e-06 -1.117086809447314331e-02 1.108013788692379991e-03 6.872537168034997986e-03 1.233579710716866449e-06 6.781714930013069519e-08 1.135909094484650634e-07 9.172909842548825896e-08 -5.016848893707308922e-07 3.041618701217536266e-07 -2.063022226191213170e-07 1.071344735984189585e-06 1.363193139702595579e-05 2.255247351748640701e-06
-3.882966211731804219e-05 1.845444145736556651e-05 2.604325694119741463e+00 -1.241202826517158811e-03 5.113842039956149887e-03 3.725460635125272257e-01 1.579003250898090294e-01 -3.196488908840304788e-01 7.475666616882604392e-06 -3.043856997955279899e-06 5.791503296604364404e-06 6.446245476256361900e-05 1.874867085288743588e-05 -2.638325719899039861e-05 -5.836301098493992886e-06 1.336568714628014263e-04 9.463723130559026104e-04 3.887355945539224905e-05
8.150404401571366189e-06 -3.019625219610045288e-05 -1.241202826517158811e-03 1.071922414858278882e+00 -2.539867588645888883e-04 1.084523304831399582e-01 -3.337870911805963792e-02 -4.535172511589227740e-02 -1.327468371024859033e-05 -5.767237079896117194e-07 -3.223971294094864532e-06 -6.070697714680891806e-06 2.246185523950703305e-06 2.100005487901136075e-07 1.696823154814349681e-06 -1.472602843344887095e-05 -2.460508236646060201e-04 -2.242877581083606092e-05
-1.630660128126010916e-05 -6.453736678250047512e-06 5.113842039956149887e-03 -2.539867588645888883e-04 5.929128540977558481e-01 3.812708136229909228e-01 1.328178896154155048e-02 -1.955126382474668412e-01 -4.257080512631560370e-06 -2.572491153534339646e-06 -7.192007972261060252e-06 2.993201094551836732e-05 3.847996656307880369e-06 -7.261455806355575796e-06 -6.587372380883545145e-06 9.644863400028043886e-05 1.848042469546247197e-04 2.635562519072954336e-05
1.970628867878738641e-04 -1.117086809447314331e-02 3.725460635125272257e-01 1.084523304831399582e-01 3.812708136229909228e-01 3.578332318750607374e+04 -9.798656647136372300e+00 -4.579878745391948058e+01 -5.145605650663362743e-03 -6.034788011711888101e-04 -2.311088921134856096e-03 2.616338341667858239e-03 1.268028031833606968e-03 -9.823854286530881840e-04 -5.104271686927972906e-04 1.050284222379183410e-02 -5.621449883148469523e-02 -3.219793130567629932e-03
-4.972721491715279864e-04 1.108013788692379991e-03 1.579003250898090294e-01 -3.337870911805963792e-02 1.328178896154155048e-02 -9.798656647136372300e+00 1.679342255821402432e+03 -3.294065512258306794e-01 5.563824043612465402e-04 4.441788505701371249e-05 7.179683260959699234e-04 6.572186370244917451e-04 5.329775496466571984e-04 -6.138698644319185837e-04 2.064427839253911402e-04 -9.689232705128402161e-04 2.633299823227758588e-02 -2.281177562535860242e-04
-8.965257586525421948e-05 6.872537168034997986e-03 -3.196488908840304788e-01 -4.535172511589227740e-02 -1.955126382474668412e-01 -4.579878745391948058e+01 -3.294065512258306794e-01 3.708904042523423868e+03 3.039075184928280611e-03 2.992832681096370992e-04 4.125841469842283019e-04 -1.803447669946600489e-03 -1.665695810719103418e-03 1.417033021539038182e-03 -1.985535033124793622e-04 -2.677031527826731830e-03 1.181594897655325292e-02 4.045210516395184031e-03
-2.169866308031105738e-07 1.233579710716866449e-06 7.475666616882604392e-06 -1.327468371024859033e-05 -4.257080512631560370e-06 -5.145605650663362743e-03 5.563824043612465402e-04 3.039075184928280611e-03 1.377714590087737452e-04 3.114215352825105299e-08 6.435500463917866958e-08 3.244768987103827514e-08 -2.074688952699435565e-07 1.239000805898447237e-07 -8.077144253018826041e-08 3.849389054164423750e-07 6.136052270116572353e-06 9.426780306242243405e-07
8.810320629603205747e-10 6.781714930013069519e-08 -3.043856997955279899e-06 -5.767237079896117194e-07 -2.572491153534339646e-06 -6.034788011711888101e-04 4.441788505701371249e-05 2.992832681096370992e-04 3.114215352825105299e-08 1.222186148852613778e-05 1.272552924314561807e-08 -1.975800538312175253e-08 -9.855499903351821977e-09 8.414114046833149841e-09 2.842998260096008278e-09 -6.726057477719421959e-08 2.689780728205064806e-07 2.022453183665065614e-08
-7.836340133998688906e-09 1.135909094484650634e-07 5.791503296604364404e-06 -3.223971294094864532e-06 -7.192007972261060252e-06 -2.311088921134856096e-03 7.179683260959699234e-04 4.125841469842283019e-04 6.435500463917866958e-08 1.272552924314561807e-08 1.151245361105296584e-04 -3.045342630389070276e-09 7.331511034152437953e-08 -6.976861459180521480e-08 5.371956264117039720e-08 -4.576777610602618782e-07 2.811253357690443004e-06 -1.622178758957263835e-07
-2.136843990416674443e-07 9.172909842548825896e-08 6.446245476256361900e-05 -6.070697714680891806e-06 2.993201094551836732e-05 2.616338341667858239e-03 6.572186370244917451e-04 -1.803447669946600489e-03 3.244768987103827514e-08 -1.975800538312175253e-08 -3.045342630389070276e-09 2.612613106641594818e-04 7.603542468245794797e-08 -1.204029152804762519e-07 -4.950820133739640734e-08 8.730337441405202831e-07 4.442007648368396434e-06 2.795296734278143128e-07
4.572430832382933010e-08 -5.016848893707308922e-07 1.874867085288743588e-05 2.246185523950703305e-06 3.847996656307880369e-06 1.268028031833606968e-03 5.329775496466571984e-04 -1.665695810719103418e-03 -2.074688952699435565e-07 -9.855499903351821977e-09 7.331511034152437953e-08 7.603542468245794797e-08 2.044387365757614674e-04 -1.575782161542460754e-07 7.550219757985639863e-08 -3.672262602102035334e-07 5.782635259161965423e-07 -5.483365315461717822e-07
1.209510492406230894e-08 3.041618701217536266e-07 -2.638325719899039861e-05 2.100005487901136075e-07 -7.261455806355575796e-06 -9.823854286530881840e-04 -6.138698644319185837e-04 1.417033021539038182e-03 1.239000805898447237e-07 8.414114046833149841e-09 -6.976861459180521480e-08 -1.204029152804762519e-07 -1.575782161542460754e-07 7.919482497871771899e-05 -5.083647716806667192e-08 1.567781124677368464e-07 -1.743016341444520947e-06 3.460736956798475805e-07
6.600283348065895922e-08 -2.063022226191213170e-07 -5.836301098493992886e-06 1.696823154814349681e-06 -6.587372380883545145e-06 -5.104271686927972906e-04 2.064427839253911402e-04 -1.985535033124793622e-04 -8.077144253018826041e-08 2.842998260096008278e-09 5.371956264117039720e-08 -4.950820133739640734e-08 7.550219757985639863e-08 -5.083647716806667192e-08 6.952158819997515042e-05 -4.369342803859423006e-07 -2.392548711628367001e-07 -3.205753502550485515e-07
-7.025929320146146420e-07 1.071344735984189585e-06 1.336568714628014263e-04 -1.472602843344887095e-05 9.644863400028043886e-05 1.050284222379183410e-02 -9.689232705128402161e-04 -2.677031527826731830e-03 3.849389054164423750e-07 -6.726057477719421959e-08 -4.576777610602618782e-07 8.730337441405202831e-07 -3.672262602102035334e-07 1.567781124677368464e-07 -4.369342803859423006e-07 5.019625069053246409e-03 4.900932369745495670e-06 2.387643605996028490e-06
-4.531716268851932495e-06 1.363193139702595579e-05 9.463723130559026104e-04 -2.460508236646060201e-04 1.848042469546247197e-04 -5.621449883148469523e-02 2.633299823227758588e-02 1.181594897655325292e-02 6.136052270116572353e-06 2.689780728205064806e-07 2.811253357690443004e-06 4.442007648368396434e-06 5.782635259161965423e-07 -1.743016341444520947e-06 -2.392548711628367001e-07 4.900932369745495670e-06 9.073963507138611828e-02 8.144041097090357851e-06
-5.418970574094675521e-07 2.255247351748640701e-06 3.887355945539224905e-05 -2.242877581083606092e-05 2.635562519072954336e-05 -3.219793130567629932e-03 -2.281177562535860242e-04 4.045210516395184031e-03 9.426780306242243405e-07 2.022453183665065614e-08 -1.622178758957263835e-07 2.795296734278143128e-07 -5.483365315461717822e-07 3.460736956798475805e-07 -3.205753502550485515e-07 2.387643605996028490e-06 8.144041097090357851e-06 2.153870001159751985e-03
1.090778022106633721e-05 -6.698237811109861508e-09 -1.531836967002555587e-05 7.427238665353921476e-06 -5.101684475077106588e-06 -7.983007877032101849e-06 -1.973099120302598580e-04 -1.992074299339026462e-05 -6.316019930982786862e-08 4.327920256652214775e-09 -4.985178258563718210e-08 -2.812676401663820057e-08 -1.571609554126114099e-08 -7.626048761626800811e-09 3.989999894983950589e-08 6.632375040585170596e-08 -1.301037661890160524e-06 -1.331664854330108148e-07
-6.698237811109861508e-09 8.995760720021027607e-04 -7.575530851027574241e-06 1.279448432631059191e-05 -1.522635861215640191e-06 -3.905742261229667479e-03 1.766305821417250648e-04 2.240071581743912753e-03 4.239897496817795353e-07 4.055599920822682974e-08 -1.842769828820260130e-07 2.169307373496430486e-07 -3.019617439013088681e-07 4.375762800198864908e-08 2.149477780563039034e-08 1.699619824392627212e-06 5.057085141661327358e-06 9.092021921995443651e-07
-1.531836967002555587e-05 -7.575530851027574241e-06 8.336323902667016617e-01 -8.105965682073307038e-04 1.626441576662786270e-03 1.253092398851738398e-01 5.380365228386651405e-02 -1.030398228978880448e-01 1.853861917035208590e-06 -1.321123165266819409e-06 5.914742275878781889e-06 1.717491024807341361e-05 8.602994619800469545e-06 -7.456406126676751239e-06 -3.478597831849845415e-06 1.779333245438854985e-05 2.900474709588461231e-04 8.987464934693870745e-06
7.427238665353921476e-06 1.279448432631059191e-05 -8.105965682073307038e-04 3.437038558302731861e-01 -6.463742906171052931e-05 2.455220515043746859e-02 -1.613776892707128804e-02 -1.325953433945781419e-02 -3.351084471898134108e-06 3.936475548667491766e-07 -7.797468324516494608e-06 3.809692667410854498e-06 -3.618135657941223640e-06 -1.575724355237228676e-06 3.226641801420621383e-06 3.689545967625457835e-05 -5.742722255330241072e-05 -1.426560150290741199e-06
-5.101684475077106588e-06 -1.522635861215640191e-06 1.626441576662786270e-03 -6.463742906171052931e-05 1.897325152874021204e-01 1.217613786540053117e-01 4.118343421860027817e-03 -6.253377178525958147e-02 -1.340599054866828620e-06 -8.092280872065050938e-07 -2.464901769472873786e-06 9.717217373002964750e-06 1.126580633144780682e-06 -2.363358319891629865e-06 -2.043122946731652647e-06 3.186879199313050892e-05 5.965217774174257260e-05 8.572733637375689646e-06
-7.983007877032101849e-06 -3.905742261229667479e-03 1.253092398851738398e-01 2.455220515043746859e-02 1.217613786540053117e-01 1.145081308838260702e+04 -3.055129395533626724e+00 -1.467408392612685830e+01 -1.659814611907877357e-03 -2.016370068792546063e-04 -6.398073163857759173e-04 7.524278390974604167e-04 4.697036121908238849e-04 -2.901434040830409844e-04 -2.028990874187475439e-04 2.747529017828745281e-03 -1.830277672605974681e-02 -1.115109644974527758e-03
-1.973099120302598580e-04 1.766305821417250648e-04 5.380365228386651405e-02 -1.613776892707128804e-02 4.118343421860027817e-03 -3.055129395533626724e+00 5.374327555189063332e+02 -1.153380212508882258e-01 1.709367194497919012e-04 9.632528842267378561e-06 2.833567123777872552e-04 1.647331451924704019e-04 2.049151130627471654e-04 -1.834211172595460852e-04 4.479849648046811331e-05 -6.397227778981216893e-04 8.257723384806021916e-03 -1.185612861101526243e-04
-1.992074299339026462e-05 2.240071581743912753e-03 -1.030398228978880448e-01 -1.325953433945781419e-02 -6.253377178525958147e-02 -1.467408392612685830e+01 -1.153380212508882258e-01 1.186851573398311302e+03 9.741357592266563668e-04 9.682264457739787476e-05 1.197169628160372963e-04 -5.666372593186957919e-04 -5.409134171277193721e-04 4.504613638963877228e-04 -5.865436500218565295e-05 -7.809472038773025617e-04 3.819874199117801253e-03 1.304930325799248192e-03
-6.316019930982786862e-08 4.239897496817795353e-07 1.853861917035208590e-06 -3.351084471898134108e-06 -1.340599054866828620e-06 -1.659814611907877357e-03 1.709367194497919012e-04 9.741357592266563668e-04 4.408803472901254164e-05 1.071842946621927391e-08 1.178306979431623301e-08 1.787402023968022615e-08 -7.203764785371852824e-08 3.750858271179853986e-08 -2.235215795188449326e-08 1.773627898044740948e-07 1.991285706642612054e-06 3.091455574093106346e-07
4.327920256652214775e-09 4.055599920822682974e-08 -1.321123165266819409e-06 3.936475548667491766e-07 -8.092280872065050938e-07 -2.016370068792546063e-04 9.632528842267378561e-06 9.682264457739787476e-05 1.071842946621927391e-08 3.911481116233854204e-06 -1.608205912076387896e-09 -1.493077373153149057e-09 -6.794913110463938369e-09 1.313162788203176004e-09 3.162884331849239803e-09 1.340935741158665892e-08 1.039634610245437398e-07 1.129993427610441722e-08
-4.985178258563718210e-08 -1.842769828820260130e-07 5.914742275878781889e-06 -7.797468324516494608e-06 -2.464901769472873786e-06 -6.398073163857759173e-04 2.833567123777872552e-04 1.197169628160372963e-04 1.178306979431623301e-08 -1.608205912076387896e-09 3.690632046911525641e-05 -5.748672290372449970e-08 6.606779041196285055e-08 -6.185448656256073225e-09 -9.174681840627571932e-09 -5.552223718621141996e-07 6.902556414439152555e-07 -1.084055483931039670e-07
-2.812676401663820057e-08 2.169307373496430486e-07 1.717491024807341361e-05 3.809692667410854498e-06 9.717217373002964750e-06 7.524278390974604167e-04 1.647331451924704019e-04 -5.666372593186957919e-04 1.787402023968022615e-08 -1.493077373153149057e-09 -5.748672290372449970e-08 8.365166638769276457e-05 -1.189331706369642549e-08 -5.225167604279082692e-08 6.572985133362816013e-09 6.269053243939239202e-07 1.599429014271124969e-06 1.374825399148982424e-07
-1.571609554126114099e-08 -3.019617439013088681e-07 8.602994619800469545e-06 -3.618135657941223640e-06 1.126580633144780682e-06 4.697036121908238849e-04 2.049151130627471654e-04 -5.409134171277193721e-04 -7.203764785371852824e-08 -6.794913110463938369e-09 6.606779041196285055e-08 -1.189331706369642549e-08 6.544770700693871028e-05 -4.007887092040897891e-08 7.260624197488987156e-09 -3.795334267356152372e-07 5.085270452717365629e-08 -2.116818400781479524e-07
-7.626048761626800811e-09 4.375762800198864908e-08 -7.456406126676751239e-06 -1.575724355237228676e-06 -2.363358319891629865e-06 -2.901434040830409844e-04 -1.834211172595460852e-04 4.504613638963877228e-04 3.750858271179853986e-08 1.313162788203176004e-09 -6.185448656256073225e-09 -5.225167604279082692e-08 -4.007887092040897891e-08 2.534626335916454512e-05 -2.266981667045208610e-08 -4.909067696056757121e-08 -6.086001451455712743e-07 9.702481823773477704e-08
3.989999894983950589e-08 2.149477780563039034e-08 -3.478597831849845415e-06 3.226641801420621383e-06 -2.043122946731652647e-06 -2.028990874187475439e-04 4.479849648046811331e-05 -5.865436500218565295e-05 -2.235215795188449326e-08 3.162884331849239803e-09 -9.174681840627571932e-09 6.572985133362816013e-09 7.260624197488987156e-09 -2.266981667045208610e-08 2.225736589693222295e-05 2.231815178527569588e-08 6.475456044520720750e-09 -8.017500170387341266e-08
6.632375040585170596e-08 1.699619824392627212e-06 1.779333245438854985e-05 3.689545967625457835e-05 3.186879199313050892e-05 2.747529017828745281e-03 -6.397227778981216893e-04 -7.809472038773025617e-04 1.773627898044740948e-07 1.340935741158665892e-08 -5.552223718621141996e-07 6.269053243939239202e-07 -3.795334267356152372e-07 -4.909067696056757121e-08 2.231815178527569588e-08 1.608793817118315790e-03 2.855715036777761266e-06 1.111479715999987268e-06
-1.301037661890160524e-06 5.057085141661327358e-06 2.900474709588461231e-04 -5.742722255330241072e-05 5.965217774174257260e-05 -1.830277672605974681e-02 8.257723384806021916e-03 3.819874199117801253e-03 1.991285706642612054e-06 1.039634610245437398e-07 6.902556414439152555e-07 1.599429014271124969e-06 5.085270452717365629e-08 -6.086001451455712743e-07 6.475456044520720750e-09 2.855715036777761266e-06 2.903734256128999436e-02 2.784028112423070361e-06
-1.331664854330108148e-07 9.092021921995443651e-07 8.987464934693870745e-06 -1.426560150290741199e-06 8.572733637375689646e-06 -1.115109644974527758e-03 -1.185612861101526243e-04 1.304930325799248192e-03 3.091455574093106346e-07 1.129993427610441722e-08 -1.084055483931039670e-07 1.374825399148982424e-07 -2.116818400781479524e-07 9.702481823773477704e-08 -8.017500170387341266e-08 1.111479715999987268e-06 2.784028112423070361e-06 6.892864194888341858e-04
1.090778022106633721e-05 -6.698237811109861508e-09 -1.531836967002555587e-05 7.427238665353921476e-06 -5.101684475077106588e-06 -7.983007877032101849e-06 -1.973099120302598580e-04 -1.992074299339026462e-05 -6.316019930982786862e-08 4.327920256652214775e-09 -4.985178258563718210e-08 -2.812676401663820057e-08 -1.571609554126114099e-08 -7.626048761626800811e-09 3.989999894983950589e-08 6.632375040585170596e-08 -1.301037661890160524e-06 -1.331664854330108148e-07
-6.698237811109861508e-09 8.995760720021027607e-04 -7.575530851027574241e-06 1.279448432631059191e-05 -1.522635861215640191e-06 -3.905742261229667479e-03 1.766305821417250648e-04 2.240071581743912753e-03 4.239897496817795353e-07 4.055599920822682974e-08 -1.842769828820260130e-07 2.169307373496430486e-07 -3.019617439013088681e-07 4.375762800198864908e-08 2.149477780563039034e-08 1.699619824392627212e-06 5.057085141661327358e-06 9.092021921995443651e-07
-1.531836967002555587e-05 -7.575530851027574241e-06 8.336323902667016617e-01 -8.105965682073307038e-04 1.626441576662786270e-03 1.253092398851738398e-01 5.380365228386651405e-02 -1.030398228978880448e-01 1.853861917035208590e-06 -1.321123165266819409e-06 5.914742275878781889e-06 1.717491024807341361e-05 8.602994619800469545e-06 -7.456406126676751239e-06 -3.478597831849845415e-06 1.779333245438854985e-05 2.900474709588461231e-04 8.987464934693870745e-06
7.427238665353921476e-06 1.279448432631059191e-05 -8.105965682073307038e-04 3.437038558302731861e-01 -6.463742906171052931e-05 2.455220515043746859e-02 -1.613776892707128804e-02 -1.325953433945781419e-02 -3.351084471898134108e-06 3.936475548667491766e-07 -7.797468324516494608e-06 3.809692667410854498e-06 -3.618135657941223640e-06 -1.575724355237228676e-06 3.226641801420621383e-06 3.689545967625457835e-05 -5.742722255330241072e-05 -1.426560150290741199e-06
-5.101684475077106588e-06 -1.522635861215640191e-06 1.626441576662786270e-03 -6.463742906171052931e-05 1.897325152874021204e-01 1.217613786540053117e-01 4.118343421860027817e-03 -6.253377178525958147e-02 -1.340599054866828620e-06 -8.092280872065050938e-07 -2.464901769472873786e-06 9.717217373002964750e-06 1.126580633144780682e-06 -2.363358319891629865e-06 -2.043122946731652647e-06 3.186879199313050892e-05 5.965217774174257260e-05 8.572733637375689646e-06
-7.983007877032101849e-06 -3.905742261229667479e-03 1.253092398851738398e-01 2.455220515043746859e-02 1.217613786540053117e-01 1.145081308838260702e+04 -3.055129395533626724e+00 -1.467408392612685830e+01 -1.659814611907877357e-03 -2.016370068792546063e-04 -6.398073163857759173e-04 7.524278390974604167e-04 4.697036121908238849e-04 -2.901434040830409844e-04 -2.028990874187475439e-04 2.747529017828745281e-03 -1.830277672605974681e-02 -1.115109644974527758e-03
-1.973099120302598580e-04 1.766305821417250648e-04 5.380365228386651405e-02 -1.613776892707128804e-02 4.118343421860027817e-03 -3.055129395533626724e+00 5.374327555189063332e+02 -1.153380212508882258e-01 1.709367194497919012e-04 9.632528842267378561e-06 2.833567123777872552e-04 1.647331451924704019e-04 2.049151130627471654e-04 -1.834211172595460852e-04 4.479849648046811331e-05 -6.397227778981216893e-04 8.257723384806021916e-03 -1.185612861101526243e-04
-1.992074299339026462e-05 2.240071581743912753e-03 -1.030398228978880448e-01 -1.325953433945781419e-02 -6.253377178525958147e-02 -1.467408392612685830e+01 -1.153380212508882258e-01 1.186851573398311302e+03 9.741357592266563668e-04 9.682264457739787476e-05 1.197169628160372963e-04 -5.666372593186957919e-04 -5.409134171277193721e-04 4.504613638963877228e-04 -5.865436500218565295e-05 -7.809472038773025617e-04 3.819874199117801253e-03 1.304930325799248192e-03
-6.316019930982786862e-08 4.239897496817795353e-07 1.853861917035208590e-06 -3.351084471898134108e-06 -1.340599054866828620e-06 -1.659814611907877357e-03 1.709367194497919012e-04 9.741357592266563668e-04 4.408803472901254164e-05 1.071842946621927391e-08 1.178306979431623301e-08 1.787402023968022615e-08 -7.203764785371852824e-08 3.750858271179853986e-08 -2.235215795188449326e-08 1.773627898044740948e-07 1.991285706642612054e-06 3.091455574093106346e-07
4.327920256652214775e-09 4.055599920822682974e-08 -1.321123165266819409e-06 3.936475548667491766e-07 -8.092280872065050938e-07 -2.016370068792546063e-04 9.632528842267378561e-06 9.682264457739787476e-05 1.071842946621927391e-08 3.911481116233854204e-06 -1.608205912076387896e-09 -1.493077373153149057e-09 -6.794913110463938369e-09 1.313162788203176004e-09 3.162884331849239803e-09 1.340935741158665892e-08 1.039634610245437398e-07 1.129993427610441722e-08
-4.985178258563718210e-08 -1.842769828820260130e-07 5.914742275878781889e-06 -7.797468324516494608e-06 -2.464901769472873786e-06 -6.398073163857759173e-04 2.833567123777872552e-04 1.197169628160372963e-04 1.178306979431623301e-08 -1.608205912076387896e-09 3.690632046911525641e-05 -5.748672290372449970e-08 6.606779041196285055e-08 -6.185448656256073225e-09 -9.174681840627571932e-09 -5.552223718621141996e-07 6.902556414439152555e-07 -1.084055483931039670e-07
-2.812676401663820057e-08 2.169307373496430486e-07 1.717491024807341361e-05 3.809692667410854498e-06 9.717217373002964750e-06 7.524278390974604167e-04 1.647331451924704019e-04 -5.666372593186957919e-04 1.787402023968022615e-08 -1.493077373153149057e-09 -5.748672290372449970e-08 8.365166638769276457e-05 -1.189331706369642549e-08 -5.225167604279082692e-08 6.572985133362816013e-09 6.269053243939239202e-07 1.599429014271124969e-06 1.374825399148982424e-07
-1.571609554126114099e-08 -3.019617439013088681e-07 8.602994619800469545e-06 -3.618135657941223640e-06 1.126580633144780682e-06 4.697036121908238849e-04 2.049151130627471654e-04 -5.409134171277193721e-04 -7.203764785371852824e-08 -6.794913110463938369e-09 6.606779041196285055e-08 -1.189331706369642549e-08 6.544770700693871028e-05 -4.007887092040897891e-08 7.260624197488987156e-09 -3.795334267356152372e-07 5.085270452717365629e-08 -2.116818400781479524e-07
-7.626048761626800811e-09 4.375762800198864908e-08 -7.456406126676751239e-06 -1.575724355237228676e-06 -2.363358319891629865e-06 -2.901434040830409844e-04 -1.834211172595460852e-04 4.504613638963877228e-04 3.750858271179853986e-08 1.313162788203176004e-09 -6.185448656256073225e-09 -5.225167604279082692e-08 -4.007887092040897891e-08 2.534626335916454512e-05 -2.266981667045208610e-08 -4.909067696056757121e-08 -6.086001451455712743e-07 9.702481823773477704e-08
3.989999894983950589e-08 2.149477780563039034e-08 -3.478597831849845415e-06 3.226641801420621383e-06 -2.043122946731652647e-06 -2.028990874187475439e-04 4.479849648046811331e-05 -5.865436500218565295e-05 -2.235215795188449326e-08 3.162884331849239803e-09 -9.174681840627571932e-09 6.572985133362816013e-09 7.260624197488987156e-09 -2.266981667045208610e-08 2.225736589693222295e-05 2.231815178527569588e-08 6.475456044520720750e-09 -8.017500170387341266e-08
