{
    "R": [
        [
            0.003672638695049542,
            4.621740794859755e-05,
            0.0002521604743341404,
            3.2141616444687494e-05,
            0.004033744800273081,
            0.029265688898067098,
            -0.04879675529649346,
            -0.011365783991299463,
            -0.00010972598329499261,
            1.986638011796396e-05,
            5.010717741452971e-06,
            8.174507032291719e-08,
            -3.983321028311083e-06,
            1.2526170963132693e-06,
            -5.631559756793349e-06,
            -1.0050673793597553e-05,
            4.903015068016838e-05,
            -4.731950004393432e-05
        ],
        [
            0.0,
            0.07364707020982196,
            0.00038019594464529195,
            -0.00016592549054146097,
            2.739213708500748e-06,
            0.00315148899775409,
            -0.05683887125737067,
            -0.00041755973679716377,
            -4.323612412544216e-05,
            -1.0666376798940514e-06,
            -5.145248843666695e-07,
            5.553501958195358e-08,
            -3.0634981957279773e-06,
            -4.7623035554656515e-07,
            9.563822837480768e-08,
            -4.639530860304382e-05,
            7.135997030966078e-05,
            3.679601215430945e-05
        ],
        [
            0.0,
            0.0,
            0.5579257870227394,
            -4.304149177982674e-05,
            0.00016276901227288204,
            -0.000786513568965588,
            -0.011148180338928296,
            -0.0018440064227986045,
            -1.3071010052215906e-05,
            6.402142241864667e-07,
            -1.1978979191248024e-07,
            2.351559387063227e-08,
            -1.4453986828731724e-06,
            -1.8493365927234938e-07,
            -1.885523841877808e-07,
            -2.3874565475319858e-05,
            2.530474426224227e-05,
            2.6488965464032408e-06
        ],
        [
            0.0,
            0.0,
            0.0,
            0.07304981887818181,
            0.0029698072765664096,
            -0.028026195725393048,
            0.13590103472899243,
            -0.003305498579082811,
            0.00012870147984611925,
            5.308205544743554e-06,
            3.4328177792748687e-06,
            -5.0168004669551795e-08,
            5.343685425497459e-06,
            6.242656991954881e-07,
            -2.278224100575089e-06,
            3.424951849822397e-05,
            -0.00016602564798674118,
            -9.237229481902857e-05
        ],
        [
            0.0,
            0.0,
            0.0,
            0.0,
            0.9535013146255517,
            -0.012811234969588706,
            0.056920844010292536,
            -0.006375387770712037,
            5.0911046795903816e-05,
            1.3149500418156842e-05,
            6.230967961535626e-06,
            3.786182352916304e-08,
            1.924204289326777e-06,
            8.856371591769119e-07,
            -5.172176833136323e-06,
            -1.160151410716668e-06,
            -0.00010034583650440364,
            -7.137357313139081e-05
        ],
        [
            0.0,
            0.0,
            0.0,
            0.0,
            0.0,
            16.63215377344952,
            -0.0829626196323793,
            -0.0003307026607353521,
            -0.00011028456432485296,
            4.534174988769016e-06,
            -8.089177693500525e-08,
            1.8806488375524626e-08,
            -2.688229808034836e-06,
            5.23684767304655e-07,
            -5.458237341677638e-07,
            1.985346857713583e-05,
            8.424859773071071e-05,
            2.7105315333667132e-05
        ],
        [
            0.0,
            0.0,
            0.0,
            0.0,
            0.0,
            0.0,
            26.222767353405047,
            -0.0032206445291911544,
            0.00019641631896934503,
            -1.1997953622578343e-06,
            1.5975702528451911e-06,
            -6.352953559823811e-08,
            5.9815143323988595e-06,
            -1.4977947426535192e-07,
            -5.277437999070837e-07,
            2.95520398469272e-06,
            -0.00019116987368304018,
            -9.907017609416747e-05
        ],
        [
            0.0,
            0.0,
            0.0,
            0.0,
            0.0,
            0.0,
            0.0,
            2.3944427197450775,
            5.0602387126414585e-05,
            -1.6565196668630625e-05,
            -2.090577604401913e-06,
            -7.083319737583783e-08,
            5.515046690485757e-06,
            -3.612515349923595e-07,
            3.921560637370794e-06,
            6.784612622143917e-05,
            -4.65233121061999e-05,
            9.593332259974499e-05
        ],
        [
            0.0,
            0.0,
            0.0,
            0.0,
            0.0,
            0.0,
            0.0,
            0.0,
            0.023134606912406836,
            -1.1089092466432569e-05,
            1.3050829707532353e-06,
            -9.165732162611324e-08,
            1.0015814110865564e-05,
            -7.153567321853913e-07,
            1.1272270357307742e-06,
            8.99580801023057e-06,
            -0.00026810250741698987,
            -7.136141657708207e-05
        ],
        [
            0.0,
            0.0,
            0.0,
            0.0,
            0.0,
            0.0,
            0.0,
            0.0,
            0.0,
            0.0046020540047971275,
            3.4036862584976463e-06,
            3.84546366598711e-08,
            -1.9113793138520993e-06,
            9.305313952970341e-07,
            -3.806437802973648e-06,
            1.506867940767711e-06,
            9.649299002123767e-06,
            -5.002857980900608e-05
        ],
        [
            0.0,
            0.0,
            0.0,
            0.0,
            0.0,
            0.0,
            0.0,
            0.0,
            0.0,
            0.0,
            0.002458176125932178,
            1.1247495866692475e-08,
            1.1052806353185288e-06,
            5.580667261071924e-07,
            -2.3828233881402322e-06,
            1.234720048466831e-05,
            -4.386647518293449e-05,
            -2.8214165482529495e-05
        ],
        [
            0.0,
            0.0,
            0.0,
            0.0,
            0.0,
            0.0,
            0.0,
            0.0,
            0.0,
            0.0,
            0.0,
            4.305879537270926e-05,
            -2.9966470725221614e-06,
            -4.733582082834245e-08,
            -1.182701334629457e-06,
            -3.522407431920356e-05,
            5.5218958328072584e-05,
            4.891052328331422e-06
        ],
        [
            0.0,
            0.0,
            0.0,
            0.0,
            0.0,
            0.0,
            0.0,
            0.0,
            0.0,
            0.0,
            0.0,
            0.0,
            0.0028053539007753623,
            1.442804757551441e-07,
            2.1041099843518886e-07,
            3.6394178741104014e-05,
            -9.612012987038705e-05,
            -1.2265483056661922e-05
        ],
        [
            0.0,
            0.0,
            0.0,
            0.0,
            0.0,
            0.0,
            0.0,
            0.0,
            0.0,
            0.0,
            0.0,
            0.0,
            0.0,
            0.00028699527906407535,
            -4.22142670424243e-06,
            7.422209068211447e-05,
            -3.857243074846506e-05,
            -4.3707977484546295e-05
        ],
        [
            0.0,
            0.0,
            0.0,
            0.0,
            0.0,
            0.0,
            0.0,
            0.0,
            0.0,
            0.0,
            0.0,
            0.0,
            0.0,
            0.0,
            0.0012153271782205455,
            -2.739515697099653e-06,
            3.062088129037532e-05,
            5.648775452199196e-05
        ],
        [
            0.0,
            0.0,
            0.0,
            0.0,
            0.0,
            0.0,
            0.0,
            0.0,
            0.0,
            0.0,
            0.0,
            0.0,
            0.0,
            0.0,
            0.0,
            0.0362068145502561,
            -4.264683971734277e-05,
            2.550534828976716e-06
        ],
        [
            0.0,
            0.0,
            0.0,
            0.0,
            0.0,
            0.0,
            0.0,
            0.0,
            0.0,
            0.0,
            0.0,
            0.0,
            0.0,
            0.0,
            0.0,
            0.0,
            0.04067065968874682,
            5.446735343638014e-05
        ],
        [
            0.0,
            0.0,
            0.0,
            0.0,
            0.0,
            0.0,
            0.0,
            0.0,
            0.0,
            0.0,
            0.0,
            0.0,
            0.0,
            0.0,
            0.0,
            0.0,
            0.0,
            0.0350598706594911
        ]
    ],
    "RDR": [
        [
            [
                0.003672638695049542,
                4.621740794859755e-05,
                0.0002521604743341404,
                3.2141616444687494e-05,
                0.004033744800273081,
                0.029265688898067098,
                -0.04879675529649346,
                -0.011365783991299463,
                -0.00010972598329499261,
                1.986638011796396e-05,
                5.010717741452971e-06,
                8.174507032291719e-08,
                -3.983321028311083e-06,
                1.2526170963132693e-06,
                -5.631559756793349e-06,
                -1.0050673793597553e-05,
                4.903015068016838e-05,
                -4.731950004393432e-05
            ],
            [
                0.0,
                0.07364707020982196,
                0.00038019594464529195,
                -0.00016592549054146097,
                2.739213708500748e-06,
                0.00315148899775409,
                -0.05683887125737067,
                -0.00041755973679716377,
                -4.323612412544216e-05,
                -1.0666376798940514e-06,
                -5.145248843666695e-07,
                5.553501958195358e-08,
                -3.0634981957279773e-06,
                -4.7623035554656515e-07,
                9.563822837480768e-08,
                -4.639530860304382e-05,
                7.135997030966078e-05,
                3.679601215430945e-05
            ],
            [
                0.0,
                0.0,
                0.5579257870227394,
                -4.304149177982674e-05,
                0.00016276901227288204,
                -0.000786513568965588,
                -0.011148180338928296,
                -0.0018440064227986045,
                -1.3071010052215906e-05,
                6.402142241864667e-07,
                -1.1978979191248024e-07,
                2.351559387063227e-08,
                -1.4453986828731724e-06,
                -1.8493365927234938e-07,
                -1.885523841877808e-07,
                -2.3874565475319858e-05,
                2.530474426224227e-05,
                2.6488965464032408e-06
            ],
            [
                0.0,
                0.0,
                0.0,
                0.07304981887818181,
                0.0029698072765664096,
                -0.028026195725393048,
                0.13590103472899243,
                -0.003305498579082811,
                0.00012870147984611925,
                5.308205544743554e-06,
                3.4328177792748687e-06,
                -5.0168004669551795e-08,
                5.343685425497459e-06,
                6.242656991954881e-07,
                -2.278224100575089e-06,
                3.424951849822397e-05,
                -0.00016602564798674118,
                -9.237229481902857e-05
            ],
            [
                0.0,
                0.0,
                0.0,
                0.0,
                0.9535013146255517,
                -0.012811234969588706,
                0.056920844010292536,
                -0.006375387770712037,
                5.0911046795903816e-05,
                1.3149500418156842e-05,
                6.230967961535626e-06,
                3.786182352916304e-08,
                1.924204289326777e-06,
                8.856371591769119e-07,
                -5.172176833136323e-06,
                -1.160151410716668e-06,
                -0.00010034583650440364,
                -7.137357313139081e-05
            ],
            [
                0.0,
                0.0,
                0.0,
                0.0,
                0.0,
                16.63215377344952,
                -0.0829626196323793,
                -0.0003307026607353521,
                -0.00011028456432485296,
                4.534174988769016e-06,
                -8.089177693500525e-08,
                1.8806488375524626e-08,
                -2.688229808034836e-06,
                5.23684767304655e-07,
                -5.458237341677638e-07,
                1.985346857713583e-05,
                8.424859773071071e-05,
                2.7105315333667132e-05
            ],
            [
                0.0,
                0.0,
                0.0,
                0.0,
                0.0,
                0.0,
                26.222767353405047,
                -0.0032206445291911544,
                0.00019641631896934503,
                -1.1997953622578343e-06,
                1.5975702528451911e-06,
                -6.352953559823811e-08,
                5.9815143323988595e-06,
                -1.4977947426535192e-07,
                -5.277437999070837e-07,
                2.95520398469272e-06,
                -0.00019116987368304018,
                -9.907017609416747e-05
            ],
            [
                0.0,
                0.0,
                0.0,
                0.0,
                0.0,
                0.0,
                0.0,
                2.3944427197450775,
                5.0602387126414585e-05,
                -1.6565196668630625e-05,
                -2.090577604401913e-06,
                -7.083319737583783e-08,
                5.515046690485757e-06,
                -3.612515349923595e-07,
                3.921560637370794e-06,
                6.784612622143917e-05,
                -4.65233121061999e-05,
                9.593332259974499e-05
            ],
            [
                0.0,
                0.0,
                0.0,
                0.0,
                0.0,
                0.0,
                0.0,
                0.0,
                0.023134606912406836,
                -1.1089092466432569e-05,
                1.3050829707532353e-06,
                -9.165732162611324e-08,
                1.0015814110865564e-05,
                -7.153567321853913e-07,
                1.1272270357307742e-06,
                8.99580801023057e-06,
                -0.00026810250741698987,
                -7.136141657708207e-05
            ],
            [
                0.0,
                0.0,
                0.0,
                0.0,
                0.0,
                0.0,
                0.0,
                0.0,
                0.0,
                0.0046020540047971275,
                3.4036862584976463e-06,
                3.84546366598711e-08,
                -1.9113793138520993e-06,
                9.305313952970341e-07,
                -3.806437802973648e-06,
                1.506867940767711e-06,
                9.649299002123767e-06,
                -5.002857980900608e-05
            ],
            [
                0.0,
                0.0,
                0.0,
                0.0,
                0.0,
                0.0,
                0.0,
                0.0,
                0.0,
                0.0,
                0.002458176125932178,
                1.1247495866692475e-08,
                1.1052806353185288e-06,
                5.580667261071924e-07,
                -2.3828233881402322e-06,
                1.234720048466831e-05,
                -4.386647518293449e-05,
                -2.8214165482529495e-05
            ],
            [
                0.0,
                0.0,
                0.0,
                0.0,
                0.0,
                0.0,
                0.0,
                0.0,
                0.0,
                0.0,
                0.0,
                4.305879537270926e-05,
                -2.9966470725221614e-06,
                -4.733582082834245e-08,
                -1.182701334629457e-06,
                -3.522407431920356e-05,
                5.5218958328072584e-05,
                4.891052328331422e-06
            ],
            [
                0.0,
                0.0,
                0.0,
                0.0,
                0.0,
                0.0,
                0.0,
                0.0,
                0.0,
                0.0,
                0.0,
                0.0,
                0.0028053539007753623,
                1.442804757551441e-07,
                2.1041099843518886e-07,
                3.6394178741104014e-05,
                -9.612012987038705e-05,
                -1.2265483056661922e-05
            ],
            [
                0.0,
                0.0,
                0.0,
                0.0,
                0.0,
                0.0,
                0.0,
                0.0,
                0.0,
                0.0,
                0.0,
                0.0,
                0.0,
                0.00028699527906407535,
                -4.22142670424243e-06,
                7.422209068211447e-05,
                -3.857243074846506e-05,
                -4.3707977484546295e-05
            ],
            [
                0.0,
                0.0,
                0.0,
                0.0,
                0.0,
                0.0,
                0.0,
                0.0,
                0.0,
                0.0,
                0.0,
                0.0,
                0.0,
                0.0,
                0.0012153271782205455,
                -2.739515697099653e-06,
                3.062088129037532e-05,
                5.648775452199196e-05
            ],
            [
                0.0,
                0.0,
                0.0,
                0.0,
                0.0,
                0.0,
                0.0,
                0.0,
                0.0,
                0.0,
                0.0,
                0.0,
                0.0,
                0.0,
                0.0,
                0.0362068145502561,
                -4.264683971734277e-05,
                2.550534828976716e-06
            ],
            [
                0.0,
                0.0,
                0.0,
                0.0,
                0.0,
                0.0,
                0.0,
                0.0,
                0.0,
                0.0,
                0.0,
                0.0,
                0.0,
                0.0,
                0.0,
                0.0,
                0.04067065968874682,
                5.446735343638014e-05
            ],
            [
                0.0,
                0.0,
                0.0,
                0.0,
                0.0,
                0.0,
                0.0,
                0.0,
                0.0,
                0.0,
                0.0,
                0.0,
                0.0,
                0.0,
                0.0,
                0.0,
                0.0,
                0.0350598706594911
            ]
        ],
        [
            [
                0.0007345277390099084,
                9.243481589719512e-06,
                5.0432094866828085e-05,
                6.428323288937499e-06,
                0.0008067489600546162,
                0.00585313777961342,
                -0.009759351059298692,
                -0.002273156798259893,
                -2.1945196658998525e-05,
                3.973276023592792e-06,
                1.0021435482905942e-06,
                1.6349014064583437e-08,
                -7.966642056622167e-07,
                2.5052341926265386e-07,
                -1.12631195135867e-06,
                -2.0101347587195106e-06,
                9.806030136033677e-06,
                -9.463900008786865e-06
            ],
            [
                0.0,
                0.014729414041964393,
                7.60391889290584e-05,
                -3.3185098108292196e-05,
                5.478427417001496e-07,
                0.0006302977995508181,
                -0.011367774251474136,
                -8.351194735943276e-05,
                -8.647224825088432e-06,
                -2.1332753597881028e-07,
                -1.029049768733339e-07,
                1.1107003916390717e-08,
                -6.126996391455955e-07,
                -9.524607110931304e-08,
                1.9127645674961536e-08,
                -9.279061720608764e-06,
                1.4271994061932156e-05,
                7.35920243086189e-06
            ],
            [
                0.0,
                0.0,
                0.11158515740454789,
                -8.608298355965349e-06,
                3.255380245457641e-05,
                -0.0001573027137931176,
                -0.002229636067785659,
                -0.00036880128455972093,
                -2.6142020104431814e-06,
                1.2804284483729336e-07,
                -2.395795838249605e-08,
                4.7031187741264545e-09,
                -2.890797365746345e-07,
                -3.698673185446988e-08,
                -3.771047683755616e-08,
                -4.774913095063972e-06,
                5.060948852448455e-06,
                5.297793092806482e-07
            ],
            [
                0.0,
                0.0,
                0.0,
                0.014609963775636363,
                0.0005939614553132819,
                -0.00560523914507861,
                0.027180206945798487,
                -0.0006610997158165622,
                2.574029596922385e-05,
                1.061641108948711e-06,
                6.865635558549738e-07,
                -1.003360093391036e-08,
                1.0687370850994918e-06,
                1.248531398390976e-07,
                -4.5564482011501785e-07,
                6.849903699644794e-06,
                -3.320512959734824e-05,
                -1.8474458963805715e-05
            ],
            [
                0.0,
                0.0,
                0.0,
                0.0,
                0.19070026292511033,
                -0.0025622469939177413,
                0.011384168802058508,
                -0.0012750775541424076,
                1.0182209359180764e-05,
                2.6299000836313686e-06,
                1.2461935923071253e-06,
                7.572364705832608e-09,
                3.8484085786535547e-07,
                1.7712743183538238e-07,
                -1.0344353666272645e-06,
                -2.3203028214333363e-07,
                -2.006916730088073e-05,
                -1.4274714626278162e-05
            ],
            [
                0.0,
                0.0,
                0.0,
                0.0,
                0.0,
                3.326430754689904,
                -0.016592523926475863,
                -6.614053214707043e-05,
                -2.2056912864970593e-05,
                9.068349977538033e-07,
                -1.617835538700105e-08,
                3.761297675104925e-09,
                -5.376459616069672e-07,
                1.04736953460931e-07,
                -1.0916474683355277e-07,
                3.9706937154271665e-06,
                1.6849719546142142e-05,
                5.4210630667334265e-06
            ],
            [
                0.0,
                0.0,
                0.0,
                0.0,
                0.0,
                0.0,
                5.2445534706810095,
                -0.0006441289058382309,
                3.928326379386901e-05,
                -2.399590724515669e-07,
                3.195140505690382e-07,
                -1.2705907119647622e-08,
                1.196302866479772e-06,
                -2.9955894853070386e-08,
                -1.0554875998141674e-07,
                5.91040796938544e-07,
                -3.8233974736608036e-05,
                -1.9814035218833496e-05
            ],
            [
                0.0,
                0.0,
                0.0,
                0.0,
                0.0,
                0.0,
                0.0,
                0.47888854394901553,
                1.0120477425282918e-05,
                -3.313039333726125e-06,
                -4.181155208803826e-07,
                -1.4166639475167568e-08,
                1.1030093380971514e-06,
                -7.22503069984719e-08,
                7.843121274741588e-07,
                1.3569225244287835e-05,
                -9.304662421239981e-06,
                1.9186664519948998e-05
            ],
            [
                0.0,
                0.0,
                0.0,
                0.0,
                0.0,
                0.0,
                0.0,
                0.0,
                0.004626921382481368,
                -2.217818493286514e-06,
                2.6101659415064706e-07,
                -1.833146432522265e-08,
                2.003162822173113e-06,
                -1.4307134643707827e-07,
                2.2544540714615486e-07,
                1.799161602046114e-06,
                -5.362050148339798e-05,
                -1.4272283315416415e-05
            ],
            [
                0.0,
                0.0,
                0.0,
                0.0,
                0.0,
                0.0,
                0.0,
                0.0,
                0.0,
                0.0009204108009594255,
                6.807372516995293e-07,
                7.690927331974219e-09,
                -3.822758627704199e-07,
                1.8610627905940683e-07,
                -7.612875605947297e-07,
                3.013735881535422e-07,
                1.9298598004247534e-06,
                -1.0005715961801216e-05
            ],
            [
                0.0,
                0.0,
                0.0,
                0.0,
                0.0,
                0.0,
                0.0,
                0.0,
                0.0,
                0.0,
                0.0004916352251864356,
                2.249499173338495e-09,
                2.2105612706370577e-07,
                1.1161334522143849e-07,
                -4.7656467762804645e-07,
                2.469440096933662e-06,
                -8.773295036586898e-06,
                -5.642833096505899e-06
            ],
            [
                0.0,
                0.0,
                0.0,
                0.0,
                0.0,
                0.0,
                0.0,
                0.0,
                0.0,
                0.0,
                0.0,
                8.611759074541851e-06,
                -5.993294145044324e-07,
                -9.46716416566849e-09,
                -2.365402669258914e-07,
                -7.0448148638407125e-06,
                1.1043791665614517e-05,
                9.782104656662845e-07
            ],
            [
                0.0,
                0.0,
                0.0,
                0.0,
                0.0,
                0.0,
                0.0,
                0.0,
                0.0,
                0.0,
                0.0,
                0.0,
                0.0005610707801550725,
                2.8856095151028824e-08,
                4.2082199687037774e-08,
                7.278835748220803e-06,
                -1.9224025974077413e-05,
                -2.4530966113323846e-06
            ],
            [
                0.0,
                0.0,
                0.0,
                0.0,
                0.0,
                0.0,
                0.0,
                0.0,
                0.0,
                0.0,
                0.0,
                0.0,
                0.0,
                5.7399055812815074e-05,
                -8.442853408484861e-07,
                1.4844418136422895e-05,
                -7.714486149693011e-06,
                -8.741595496909259e-06
            ],
            [
                0.0,
                0.0,
                0.0,
                0.0,
                0.0,
                0.0,
                0.0,
                0.0,
                0.0,
                0.0,
                0.0,
                0.0,
                0.0,
                0.0,
                0.0002430654356441091,
                -5.479031394199306e-07,
                6.124176258075065e-06,
                1.1297550904398392e-05
            ],
            [
                0.0,
                0.0,
                0.0,
                0.0,
                0.0,
                0.0,
                0.0,
                0.0,
                0.0,
                0.0,
                0.0,
                0.0,
                0.0,
                0.0,
                0.0,
                0.0072413629100512205,
                -8.529367943468554e-06,
                5.101069657953432e-07
            ],
            [
                0.0,
                0.0,
                0.0,
                0.0,
                0.0,
                0.0,
                0.0,
                0.0,
                0.0,
                0.0,
                0.0,
                0.0,
                0.0,
                0.0,
                0.0,
                0.0,
                0.008134131937749365,
                1.0893470687276028e-05
            ],
            [
                0.0,
                0.0,
                0.0,
                0.0,
                0.0,
                0.0,
                0.0,
                0.0,
                0.0,
                0.0,
                0.0,
                0.0,
                0.0,
                0.0,
                0.0,
                0.0,
                0.0,
                0.0070119741318982205
            ]
        ]
    ],
    "allnames": [
        "m1_flow_nominal",
        "m2_flow_nominal",
        "tau1",
        "tau2",
        "tau_m",
        "nominalUa.hasValue",
        "workingPressure.hasValue",
        "flowCoefficient.hasValue",
        "waterFlowRateMax",
        "c1",
        "c2",
        "c3",
        "c4",
        "eps_motor",
        "f_motorToAir",
        "kp",
        "Ti",
        "Td"
    ],
    "alpha_count": 1200,
    "cov": [
        [
            0.00436984696987503,
            0.06282531743933553,
            -0.7517250031435002,
            -0.0019627141813950556,
            -0.47660343522004966,
            -35.86241938023537,
            -12.03589522147499,
            -4.308112005846955,
            0.005382686042280665,
            -0.012755127947063172,
            -0.00764094003956799,
            -4.4012765497371977e-07,
            -0.00017483342820327706,
            -0.00012140004565706126,
            -0.0006822172343616405,
            0.011336798979720801,
            -0.007744578689738236,
            0.024371474184698132
        ],
        [
            0.06282531743933553,
            1.7612725910941527,
            -14.746471292470114,
            -0.117769033972466,
            -6.436976162872243,
            -821.0875475625238,
            -350.46817484334923,
            -82.01016443015028,
            0.06891287864813432,
            -0.2944244159928024,
            -0.14505898550062216,
            -0.00024208404982977742,
            0.009428304994569899,
            -0.0010061537149111679,
            -0.017123419639350972,
            0.4001780105896817,
            0.01193920047527283,
            0.4597926168184587
        ],
        [
            -0.7517250031435002,
            -14.746471292470114,
            247.86840110261534,
            -0.5540867238435767,
            188.57405209937767,
            10125.74819123088,
            5156.443737812126,
            1087.5453260069553,
            0.20948558566639366,
            3.2590916892386694,
            2.100772022523936,
            0.000698342081857549,
            0.044616223252281415,
            0.019525847756361847,
            0.24302850151296837,
            -5.209933944413076,
            1.5545060809465714,
            -8.873737597880723
        ],
        [
            -0.0019627141813950556,
            -0.117769033972466,
            -0.5540867238435767,
            0.39051661513107416,
            -3.767843288744364,
            -12.259605658085231,
            11.147807468105704,
            0.7469854878219172,
            0.01936915201250866,
            0.0240639559315381,
            -0.020437524316357973,
            -0.00012872390651638845,
            -0.02274341453135391,
            -0.001225925823411289,
            -0.0023186615840921146,
            -0.018052776368387542,
            -0.12078577552258588,
            0.13145016826467218
        ],
        [
            -0.47660343522004966,
            -6.436976162872243,
            188.57405209937767,
            -3.767843288744364,
            301.02144741166217,
            7343.138410613697,
            6666.964040813171,
            817.4903058052532,
            1.189628436615037,
            1.4671579823484462,
            2.4038578221352336,
            0.003664131720011706,
            0.8679766948165398,
            0.04999531057011442,
            0.2433589676680747,
            -3.928048504827145,
            5.287954408821606,
            -10.284265282683133
        ],
        [
            -35.86241938023537,
            -821.0875475625238,
            10125.74819123088,
            -12.259605658085231,
            7343.138410613697,
            513188.711374628,
            246378.3952360057,
            49942.943327544766,
            -11.655298513845617,
            163.0072800075183,
            103.65299941490065,
            0.13016434259898643,
            5.8354732365181485,
            1.2357503045847116,
            11.760050588213963,
            -229.52374484610218,
            70.95920238820311,
            -390.28330658729817
        ],
        [
            -12.03589522147499,
            -350.46817484334923,
            5156.443737812126,
            11.147807468105704,
            6666.964040813171,
            246378.3952360057,
            322081.046490306,
            27219.73106699474,
            52.52291883996876,
            53.09876500999184,
            81.64091724793373,
            0.16721092039439991,
            29.94556606585534,
            1.09797779959882,
            7.186503327916074,
            -185.31460703441974,
            118.52025736073745,
            -310.6461213737539
        ],
        [
            -4.308112005846955,
            -82.01016443015028,
            1087.5453260069553,
            0.7469854878219172,
            817.4903058052532,
            49942.943327544766,
            27219.73106699474,
            5659.407211546132,
            -1.829348559154799,
            16.228644827008296,
            10.958644378404358,
            0.00755042953582852,
            0.865567894386728,
            0.13667392539439285,
            1.120577563879681,
            -22.775616194788554,
            10.270612627394865,
            -39.48116236728075
        ],
        [
            0.005382686042280665,
            0.06891287864813432,
            0.20948558566639366,
            0.01936915201250866,
            1.189628436615037,
            -11.655298513845617,
            52.52291883996876,
            -1.829348559154799,
            0.042501828523285635,
            -0.012523993124141809,
            0.005340031331106334,
            2.599528054861274e-05,
            0.006146023131021546,
            -4.093254760283308e-05,
            0.00033370943194773784,
            -0.027119519261811803,
            0.013579280369302147,
            -0.048110757451632014
        ],
        [
            -0.012755127947063172,
            -0.2944244159928024,
            3.2590916892386694,
            0.0240639559315381,
            1.4671579823484462,
            163.0072800075183,
            53.09876500999184,
            16.228644827008296,
            -0.012523993124141809,
            0.05977676336136642,
            0.026372841928388957,
            1.1148394658854397e-05,
            -0.004854326582369121,
            0.00017640422569748,
            0.0033388016128746115,
            -0.07016276884103083,
            -0.0073889368741844545,
            -0.09181389459367816
        ],
        [
            -0.00764094003956799,
            -0.14505898550062216,
            2.100772022523936,
            -0.020437524316357973,
            2.4038578221352336,
            103.65299941490065,
            81.64091724793373,
            10.958644378404358,
            0.005340031331106334,
            0.026372841928388957,
            0.02985917205242302,
            5.3189613709538126e-05,
            0.008731000535167123,
            0.000515530671044085,
            0.002716838799921762,
            -0.051709829072204706,
            0.04864444027260835,
            -0.11095021610394397
        ],
        [
            -4.4012765497371977e-07,
            -0.00024208404982977742,
            0.000698342081857549,
            -0.00012872390651638845,
            0.003664131720011706,
            0.13016434259898643,
            0.16721092039439991,
            0.00755042953582852,
            2.599528054861274e-05,
            1.1148394658854397e-05,
            5.3189613709538126e-05,
            3.4102579386986696e-07,
            3.4581326294195933e-05,
            1.3994691676116691e-06,
            4.804601646017311e-06,
            -7.541635681643818e-05,
            0.00012335747694276042,
            -0.00019296536144396725
        ],
        [
            -0.00017483342820327706,
            0.009428304994569899,
            0.044616223252281415,
            -0.02274341453135391,
            0.8679766948165398,
            5.8354732365181485,
            29.94556606585534,
            0.865567894386728,
            0.006146023131021546,
            -0.004854326582369121,
            0.008731000535167123,
            3.4581326294195933e-05,
            0.0073972366335416,
            0.0002724583325990899,
            0.0004846501502220733,
            -0.005698715250003106,
            0.03177054324696116,
            -0.03329558034961223
        ],
        [
            -0.00012140004565706126,
            -0.0010061537149111679,
            0.019525847756361847,
            -0.001225925823411289,
            0.04999531057011442,
            1.2357503045847116,
            1.09797779959882,
            0.13667392539439285,
            -4.093254760283308e-05,
            0.00017640422569748,
            0.000515530671044085,
            1.3994691676116691e-06,
            0.0002724583325990899,
            1.849519068806333e-05,
            4.214432822501922e-05,
            -0.0001639507035207781,
            0.0014903294417576516,
            -0.0017360446352904344
        ],
        [
            -0.0006822172343616405,
            -0.017123419639350972,
            0.24302850151296837,
            -0.0023186615840921146,
            0.2433589676680747,
            11.760050588213963,
            7.186503327916074,
            1.120577563879681,
            0.00033370943194773784,
            0.0033388016128746115,
            0.002716838799921762,
            4.804601646017311e-06,
            0.0004846501502220733,
            4.214432822501922e-05,
            0.0003463763616479595,
            -0.0061696025977998155,
            0.0030054765955937405,
            -0.010963968542231035
        ],
        [
            0.011336798979720801,
            0.4001780105896817,
            -5.209933944413076,
            -0.018052776368387542,
            -3.928048504827145,
            -229.52374484610218,
