4.088997979166434055e-04 -8.647312519895481728e-07 -1.775560502060102566e-06 2.544122168944262453e-06 2.797153554163835944e-05 -2.683153961984064209e-04 1.004548183768129693e-03 -9.738187440263767293e-06 1.131824393060081086e-06 2.770295610162304835e-08 3.067483540173302166e-08 -2.821758365997019652e-10 4.510629735128559917e-08 3.424094112750740136e-09 -1.838064269449819795e-08 1.864214624473949219e-07 -1.362919679679153377e-06 -5.999445997483478561e-07
-8.647312519895481728e-07 1.652719299898462724e-01 1.636007856571831834e-04 -2.344163351033188322e-04 -2.577307382846340603e-03 2.472267747060515053e-02 -9.255943230561869406e-02 8.972801063413925887e-04 -1.042867081779260747e-04 -2.552560376283123485e-06 -2.826390407877199377e-06 2.599978345295583314e-08 -4.156110521829491161e-06 -3.154972676854435969e-07 1.693599053490366674e-06 -1.717694085015330236e-05 1.255799113150120176e-04 5.527911200757921372e-05
-1.775560502060102566e-06 1.636007856571831834e-04 9.496973711558574394e+00 -4.813291813953879264e-04 -5.292008563494325808e-03 5.076329729147830566e-02 -1.900531196447943494e-01 1.842393359137344975e-03 -2.141328412782192501e-04 -5.241195311056906571e-06 -5.803452991992654687e-06 5.338559055772645595e-08 -8.533779330605294528e-06 -6.478133937235421626e-07 3.477482256811294257e-06 -3.526956803004908101e-05 2.578543678976932818e-04 1.135051007394379690e-04
2.544122168944262453e-06 -2.344163351033188322e-04 -4.813291813953879264e-04 1.627502670437795118e-01 7.582685179698287967e-03 -7.273648510321868710e-02 2.723187153602105171e-01 -2.639884016038076577e-03 3.068214842371504679e-04 7.509877116074316426e-06 8.315511296981213709e-06 -7.649385322691516949e-08 1.222767523533046895e-05 9.282231804541979963e-07 -4.982730631481720769e-06 5.053620522095747481e-05 -3.694681273696326569e-04 -1.626364422639544824e-04
2.797153554163835944e-05 -2.577307382846340603e-03 -5.292008563494325808e-03 7.582685179698287967e-03 2.766768451620087177e+01 -7.997065561842934267e-01 2.994027849107709027e+00 -2.902439610871919082e-02 3.373371041705550046e-03 8.256788814225041488e-05 9.142549152304532787e-05 -8.410172122911139421e-07 1.344380614310628083e-04 1.020541701950635604e-05 -5.478299299232849848e-05 5.556239703159127855e-04 -4.062144099200554193e-03 -1.788118149624710190e-03
-2.683153961984064209e-04 2.472267747060515053e-02 5.076329729147830566e-02 -7.273648510321868710e-02 -7.997065561842934267e-01 8.432616282263497851e+03 -2.872004532488185902e+01 2.784149025260960197e-01 -3.235887376408366767e-02 -7.920278665851178445e-04 -8.769939334979791768e-04 8.067410750105434713e-06 -1.289589613817407766e-03 -9.789489414632332931e-05 5.255028079452439766e-04 -5.329791977659646338e-03 3.896589094186622693e-02 1.715242372203401935e-02
1.004548183768129693e-03 -9.255943230561869406e-02 -1.900531196447943494e-01 2.723187153602105171e-01 2.994027849107709027e+00 -2.872004532488185902e+01 2.094330368496933079e+04 -1.042359807261151960e+00 1.211486494217266785e-01 2.965279540960429148e-03 3.283384686652934033e-03 -3.020364441083843039e-05 4.828104994051827560e-03 3.665094866272398575e-04 -1.967434216469990914e-03 1.995425132839150420e-02 -1.458847145156525471e-01 -6.421709801717664923e-02
-9.738187440263767293e-06 8.972801063413925887e-04 1.842393359137344975e-03 -2.639884016038076577e-03 -2.902439610871919082e-02 2.784149025260960197e-01 -1.042359807261151960e+00 1.736053692791957417e+02 -1.174426747533587013e-03 -2.874570722365393100e-05 -3.182944933231624435e-05 2.927970558351142265e-07 -4.680411768501367215e-05 -3.552978480358028526e-06 1.907249795077584778e-05 -1.934384460654814950e-04 1.414220559628933793e-03 6.225267712050357952e-04
1.131824393060081086e-06 -1.042867081779260747e-04 -2.141328412782192501e-04 3.068214842371504679e-04 3.373371041705550046e-03 -3.235887376408366767e-02 1.211486494217266785e-01 -1.174426747533587013e-03 1.626137390367397156e-02 3.340980324220753363e-06 3.699389377435281342e-06 -3.403044478689772760e-08 5.439825677674404101e-06 4.129462219488593885e-07 -2.216708042404636579e-06 2.248245406607399883e-05 -1.643683012238005643e-04 -7.235340142145667947e-05
2.770295610162304835e-08 -2.552560376283123485e-06 -5.241195311056906571e-06 7.509877116074316426e-06 8.256788814225041488e-05 -7.920278665851178445e-04 2.965279540960429148e-03 -2.874570722365393100e-05 3.340980324220753363e-06 6.444657553914195447e-04 9.054763455735131264e-08 -8.329418625633831222e-10 1.331472027578894919e-07 1.010742578895193836e-08 -5.425697304757647287e-08 5.502889333965278138e-07 -4.023139862704466755e-06 -1.770948846545423370e-06
3.067483540173302166e-08 -2.826390407877199377e-06 -5.803452991992654687e-06 8.315511296981213709e-06 9.142549152304532787e-05 -8.769939334979791768e-04 3.283384686652934033e-03 -3.182944933231624435e-05 3.699389377435281342e-06 9.054763455735131264e-08 1.842867237598864723e-04 -9.222970443882618647e-10 1.474307836974894115e-07 1.119171619353529806e-08 -6.007747734665629280e-08 6.093220663315691773e-07 -4.454728680719383974e-06 -1.960930240563285110e-06
-2.821758365997019652e-10 2.599978345295583314e-08 5.338559055772645595e-08 -7.649385322691516949e-08 -8.410172122911139421e-07 8.067410750105434713e-06 -3.020364441083843039e-05 2.927970558351142265e-07 -3.403044478689772760e-08 -8.329418625633831222e-10 -9.222970443882618647e-10 5.652164816349316305e-08 -1.356206290451308119e-09 -1.029518769551030614e-10 5.526488474697614139e-10 -5.605114471651118834e-09 4.097876242347049176e-08 1.803847107565372744e-08
4.510629735128559917e-08 -4.156110521829491161e-06 -8.533779330605294528e-06 1.222767523533046895e-05 1.344380614310628083e-04 -1.289589613817407766e-03 4.828104994051827560e-03 -4.680411768501367215e-05 5.439825677674404101e-06 1.331472027578894919e-07 1.474307836974894115e-07 -1.356206290451308119e-09 2.400142251560733473e-04 1.645703626068295377e-08 -8.834187769301954219e-08 8.959872790417247314e-07 -6.550526314494149449e-06 -2.883480917096572900e-06
3.424094112750740136e-09 -3.154972676854435969e-07 -6.478133937235421626e-07 9.282231804541979963e-07 1.020541701950635604e-05 -9.789489414632332931e-05 3.665094866272398575e-04 -3.552978480358028526e-06 4.129462219488593885e-07 1.010742578895193836e-08 1.119171619353529806e-08 -1.029518769551030614e-10 1.645703626068295377e-08 2.499731066144605683e-06 -6.706178983440604924e-09 6.801588575034929606e-08 -4.972613560851041424e-07 -2.188898360591788409e-07
-1.838064269449819795e-08 1.693599053490366674e-06 3.477482256811294257e-06 -4.982730631481720769e-06 -5.478299299232849848e-05 5.255028079452439766e-04 -1.967434216469990914e-03 1.907249795077584778e-05 -2.216708042404636579e-06 -5.425697304757647287e-08 -6.007747734665629280e-08 5.526488474697614139e-10 -8.834187769301954219e-08 -6.706178983440604924e-09 4.494090644546394945e-05 -3.651113702954431448e-07 2.669314280219753519e-06 1.175007384019861729e-06
1.864214624473949219e-07 -1.717694085015330236e-05 -3.526956803004908101e-05 5.053620522095747481e-05 5.556239703159127855e-04 -5.329791977659646338e-03 1.995425132839150420e-02 -1.934384460654814950e-04 2.248245406607399883e-05 5.502889333965278138e-07 6.093220663315691773e-07 -5.605114471651118834e-09 8.959872790417247314e-07 6.801588575034929606e-08 -3.651113702954431448e-07 3.994617631734009161e-02 -2.707290926226598566e-05 -1.191724351298318279e-05
-1.362919679679153377e-06 1.255799113150120176e-04 2.578543678976932818e-04 -3.694681273696326569e-04 -4.062144099200554193e-03 3.896589094186622693e-02 -1.458847145156525471e-01 1.414220559628933793e-03 -1.643683012238005643e-04 -4.023139862704466755e-06 -4.454728680719383974e-06 4.097876242347049176e-08 -6.550526314494149449e-06 -4.972613560851041424e-07 2.669314280219753519e-06 -2.707290926226598566e-05 5.046227965042469898e-02 8.712647942002274320e-05
-5.999445997483478561e-07 5.527911200757921372e-05 1.135051007394379690e-04 -1.626364422639544824e-04 -1.788118149624710190e-03 1.715242372203401935e-02 -6.421709801717664923e-02 6.225267712050357952e-04 -7.235340142145667947e-05 -1.770948846545423370e-06 -1.960930240563285110e-06 1.803847107565372744e-08 -2.883480917096572900e-06 -2.188898360591788409e-07 1.175007384019861729e-06 -1.191724351298318279e-05 8.712647942002274320e-05 3.747794941375338224e-02
1.312484698170999792e-04 -1.173939820093341255e-06 -6.702538392898580116e-06 1.032835387353351889e-06 6.734953805261059885e-05 9.718598796863493110e-04 -1.667063858947808157e-03 1.337045050579696278e-05 -2.283537122346874406e-06 3.250433814587896652e-07 1.160258730239831807e-07 3.285964662100702166e-10 1.594865285476285180e-08 4.092420976138579329e-08 -9.819471978299591964e-08 1.804728175778697597e-06 -2.772620287383681629e-08 -6.272301358352034164e-08
-1.173939820093341255e-06 5.288902744659822880e-02 6.609365329330387255e-05 -7.550316733416796429e-05 -9.555554974757447025e-04 5.541886721882062147e-03 -2.516459328636099640e-02 2.501983159111620630e-04 -2.744514298115489605e-05 -1.525081573434526615e-06 -1.142362741538072714e-06 7.381581095403799051e-09 -1.333348263499283211e-06 -1.901778063963062897e-07 7.487392107361843521e-07 -9.405709782327873448e-06 3.927070835130832280e-05 1.739976588185757178e-05
-6.702538392898580116e-06 6.609365329330387255e-05 3.039125538063221388e+00 -1.573750727724991711e-04 -2.587843298172888551e-03 4.480303712197301446e-05 -3.036196460901276206e-02 3.370653784409608053e-04 -2.800214771779077231e-05 -6.519592130217882549e-06 -3.483755953536706537e-06 1.066786539693054127e-08 -2.754006717974533777e-06 -8.172910019906474493e-07 2.526606569237785533e-06 -3.801281501598197761e-05 7.625845093594879262e-05 3.434197073181740017e-05
1.032835387353351889e-06 -7.550316733416796429e-05 -1.573750727724991711e-04 5.208020488646506602e-02 2.458348485653201205e-03 -2.269809506577900177e-02 8.605613592835303916e-02 -8.357601560198679854e-04 9.673814972516627377e-05 2.575813415507088590e-06 2.718960721899664462e-06 -2.424929201339590685e-08 3.913683160007212708e-06 3.187802113265794002e-07 -1.644882291773091995e-06 1.712450228803730158e-05 -1.180067849925374386e-04 -5.197307807409577100e-05
6.734953805261059885e-05 -9.555554974757447025e-04 -2.587843298172888551e-03 2.458348485653201205e-03 8.862173672693593574e+00 -1.016885058248014340e-01 6.681592316972855272e-01 -6.884020604850431269e-03 6.937278730509200721e-04 7.252110763127358269e-05 4.474175509677111816e-05 -2.080501954299156019e-07 4.324101655366323365e-05 9.072800185254393550e-06 -3.098994633471774618e-05 4.322344911216107009e-04 -1.240339478470206189e-03 -5.533515759987981319e-04
9.718598796863493110e-04 5.541886721882062147e-03 4.480303712197301446e-05 -2.269809506577900177e-02 -1.016885058248014340e-01 2.701230411283940157e+03 -1.444164329786655898e+01 1.326303295168779484e-01 -1.734158902848324801e-02 5.815066816235383998e-04 -1.617132044450768096e-07 3.687772224978279552e-06 -4.086688614819303862e-04 7.385167589432761596e-05 -7.561658860753664219e-05 2.902809721720670758e-03 1.354759832988007909e-02 5.830120000856790601e-03
-1.667063858947808157e-03 -2.516459328636099640e-02 -3.036196460901276206e-02 8.605613592835303916e-02 6.681592316972855272e-01 -1.444164329786655898e+01 6.711729509983624666e+03 -4.154059237536300575e-01 5.190268422131332632e-02 -6.208303580056940500e-04 5.233864666299650617e-04 -1.174482803949826072e-05 1.537473930272835465e-03 -8.045209710084034321e-05 -1.712763142886584305e-04 -2.278342836982608262e-03 -4.871071775795449837e-02 -2.119120019894726523e-02
1.337045050579696278e-05 2.501983159111620630e-04 3.370653784409608053e-04 -8.357601560198679854e-04 -6.884020604850431269e-03 1.326303295168779484e-01 -4.154059237536300575e-01 5.555439678832488681e+01 -4.847188657755148412e-04 3.815807881631912053e-06 -5.813645279642472951e-06 1.109373846910390577e-07 -1.491497263345259730e-05 5.024546682164844111e-07 2.303445119759451142e-06 9.929838648199709831e-06 4.693613405835014049e-04 2.045290944451958110e-04
-2.283537122346874406e-06 -2.744514298115489605e-05 -2.800214771779077231e-05 9.673814972516627377e-05 6.937278730509200721e-04 -1.734158902848324801e-02 5.190268422131332632e-02 -4.847188657755148412e-04 5.221115895324482219e-03 -1.019395370321551358e-06 4.822374834132576712e-07 -1.365672824107116732e-08 1.730739313832528138e-06 -1.309434083330954494e-07 -9.957583292255045137e-08 -4.332654588266701931e-06 -5.529558626740585655e-05 -2.400690738628759815e-05
3.250433814587896652e-07 -1.525081573434526615e-06 -6.519592130217882549e-06 2.575813415507088590e-06 7.252110763127358269e-05 5.815066816235383998e-04 -6.208303580056940500e-04 3.815807881631912053e-06 -1.019395370321551358e-06 2.064786302304366151e-04 1.128164340219609523e-07 6.412888237472400060e-11 4.380274670236442849e-08 3.467464723176916630e-08 -9.023324235210778696e-08 1.553638139906383917e-06 -9.650109606813368105e-07 -4.646674973505185032e-07
1.160258730239831807e-07 -1.142362741538072714e-06 -3.483755953536706537e-06 2.718960721899664462e-06 4.474175509677111816e-05 -1.617132044450768096e-07 5.233864666299650617e-04 -5.813645279642472951e-06 4.822374834132576712e-07 1.128164340219609523e-07 5.899991534130161099e-05 -1.840570623045594286e-10 4.757948800630511023e-08 1.414269198574770029e-08 -4.370345350719796186e-08 6.577250069571848608e-07 -1.317215402880485913e-06 -5.932219359904963392e-07
3.285964662100702166e-10 7.381581095403799051e-09 1.066786539693054127e-08 -2.424929201339590685e-08 -2.080501954299156019e-07 3.687772224978279552e-06 -1.174482803949826072e-05 1.109373846910390577e-07 -1.365672824107116732e-08 6.412888237472400060e-11 -1.840570623045594286e-10 1.808736550474091369e-08 -4.324019527604843322e-10 8.709413648555022735e-12 8.030361178910316931e-11 3.142103179450061338e-11 1.354033120236169711e-08 5.907494520644297298e-09
1.594865285476285180e-08 -1.333348263499283211e-06 -2.754006717974533777e-06 3.913683160007212708e-06 4.324101655366323365e-05 -4.086688614819303862e-04 1.537473930272835465e-03 -1.491497263345259730e-05 1.730739313832528138e-06 4.380274670236442849e-08 4.757948800630511023e-08 -4.324019527604843322e-10 7.680455777760852995e-05 5.416864720727288816e-09 -2.861848596131557977e-08 2.933149961213775864e-07 -2.094624008550975112e-06 -9.222250942439084424e-07
4.092420976138579329e-08 -1.901778063963062897e-07 -8.172910019906474493e-07 3.187802113265794002e-07 9.072800185254393550e-06 7.385167589432761596e-05 -8.045209710084034321e-05 5.024546682164844111e-07 -1.309434083330954494e-07 3.467464723176916630e-08 1.414269198574770029e-08 8.709413648555022735e-12 5.416864720727288816e-09 8.038744225936122414e-07 -1.132542377995861145e-08 1.952923437290405955e-07 -1.185121952052341263e-07 -5.719141646922348252e-08
-9.819471978299591964e-08 7.487392107361843521e-07 2.526606569237785533e-06 -1.644882291773091995e-06 -3.098994633471774618e-05 -7.561658860753664219e-05 -1.712763142886584305e-04 2.303445119759451142e-06 -9.957583292255045137e-08 -9.023324235210778696e-08 -4.370345350719796186e-08 8.030361178910316931e-11 -2.861848596131557977e-08 -1.132542377995861145e-08 1.440236581896565551e-05 -5.190302282812080459e-07 7.600529904168453216e-07 3.462114227864067737e-07
1.804728175778697597e-06 -9.405709782327873448e-06 -3.801281501598197761e-05 1.712450228803730158e-05 4.322344911216107009e-04 2.902809721720670758e-03 -2.278342836982608262e-03 9.929838648199709831e-06 -4.332654588266701931e-06 1.553638139906383917e-06 6.577250069571848608e-07 3.142103179450061338e-11 2.933149961213775864e-07 1.952923437290405955e-07 -5.190302282812080459e-07 1.279037946441516534e-02 -6.883953423446022768e-06 -3.250353226368665361e-06
-2.772620287383681629e-08 3.927070835130832280e-05 7.625845093594879262e-05 -1.180067849925374386e-04 -1.240339478470206189e-03 1.354759832988007909e-02 -4.871071775795449837e-02 4.693613405835014049e-04 -5.529558626740585655e-05 -9.650109606813368105e-07 -1.317215402880485913e-06 1.354033120236169711e-08 -2.094624008550975112e-06 -1.185121952052341263e-07 7.600529904168453216e-07 -6.883953423446022768e-06 1.614834592461892801e-02 2.801227362025222089e-05
-6.272301358352034164e-08 1.739976588185757178e-05 3.434197073181740017e-05 -5.197307807409577100e-05 -5.533515759987981319e-04 5.830120000856790601e-03 -2.119120019894726523e-02 2.045290944451958110e-04 -2.400690738628759815e-05 -4.646674973505185032e-07 -5.932219359904963392e-07 5.907494520644297298e-09 -9.222250942439084424e-07 -5.719141646922348252e-08 3.462114227864067737e-07 -3.250353226368665361e-06 2.801227362025222089e-05 1.199298552655190565e-02
4.210694921062553255e-05 1.052219987261126110e-06 2.871011495991643072e-06 -2.083812846677791129e-07 4.542714651464782344e-05 2.812754450113579430e-04 -7.460490717203411854e-04 -6.638098943524696190e-05 -1.027291022589432583e-06 1.722934587057824874e-07 5.659485556847912984e-08 9.127528680329319760e-10 -2.996767401607785932e-08 1.177097603138010465e-08 -5.577546604697699432e-08 -5.421826127343600296e-08 4.144338725553367199e-07 -1.520068947232961295e-07
1.052219987261126110e-06 1.694346555914042277e-02 8.781111485581878824e-05 -3.132293423506008362e-05 1.152893780901706358e-05 1.378423695833987149e-03 -1.087800876585675453e-02 -8.590136828428116423e-04 -1.272376689282311847e-05 4.194210102164375022e-07 -1.068419894655080373e-07 1.309527301098704317e-08 -8.927741903745554533e-07 -7.846332976745595701e-08 -8.406100805246621670e-08 -1.140564257985833161e-05 1.819243837881586104e-05 3.814479584578249191e-06
2.871011495991643072e-06 8.781111485581878824e-05 9.727543377890788268e-01 -7.551823949063908939e-05 2.865171885830118583e-04 -1.373139105654779413e-03 -1.964060868114859276e-02 -3.190905827039229158e-03 -2.280566177532446017e-05 1.101388085928079633e-06 -2.059975159390654629e-07 4.111691823477678450e-08 -2.518596240328693921e-06 -3.233805544592300023e-07 -3.284220789921435540e-07 -4.165671172347022093e-05 4.416491521926853471e-05 4.829971063076542221e-06
-2.083812846677791129e-07 -3.132293423506008362e-05 -7.551823949063908939e-05 1.666836850474395088e-02 6.669185410201275291e-04 -7.114323171988022436e-03 2.860425910895962598e-02 8.696868726111190990e-05 3.244368023413179324e-05 4.817856714208933132e-07 7.724275708147370253e-07 -1.181051896037540123e-08 1.428287883645657359e-06 1.086544141326859718e-07 -4.042125164255195071e-07 8.648459239128644319e-06 -3.988537783510148505e-05 -1.596962676759734178e-05
4.542714651464782344e-05 1.152893780901706358e-05 2.865171885830118583e-04 6.669185410201275291e-04 2.841201194021790943e+00 -3.914470056211293708e-02 1.665690544673051887e-01 -1.790499864754539067e-02 1.560909148788076992e-04 3.837998739168408058e-05 1.864326565625411646e-05 1.128909737608998307e-07 6.043518994964557821e-06 2.608902605522983283e-06 -1.532859296030351134e-05 -2.069632859332697104e-06 -3.028406149725565151e-04 -2.063914988899516717e-04
2.812754450113579430e-04 1.378423695833987149e-03 -1.373139105654779413e-03 -7.114323171988022436e-03 -3.914470056211293708e-02 8.644019526723361651e+02 -4.562519633083237380e+00 6.198753017572522506e-02 -5.467274363714460725e-03 1.671946565624677630e-04 -5.436588276730551516e-06 9.566884236956617234e-07 -1.210726361251448374e-04 2.399899417599804267e-05 -1.746074374619401506e-05 1.103648478778700755e-03 4.218136581196373948e-03 1.902134377832515695e-03
-7.460490717203411854e-04 -1.087800876585675453e-02 -1.964060868114859276e-02 2.860425910895962598e-02 1.665690544673051887e-01 -4.562519633083237380e+00 2.148174091037359176e+03 6.883693714395863403e-03 1.719565872401003850e-02 -3.337700975213011992e-04 1.289652734057840247e-04 -5.356342135214379725e-06 5.613869127381648696e-04 -2.312335457042282924e-05 -6.620979493467501041e-06 5.209331282579124367e-04 -1.642502319929260018e-02 -6.520124032254191043e-03
-6.638098943524696190e-05 -8.590136828428116423e-04 -3.190905827039229158e-03 8.696868726111190990e-05 -1.790499864754539067e-02 6.198753017572522506e-02 6.883693714395863403e-03 1.782387776749379782e+01 3.992860142975537130e-05 -4.368450570735557976e-05 -1.466298816558917854e-05 -4.956372409676220139e-07 1.829258246794597320e-05 1.032050318559226632e-06 1.675349053042408053e-05 4.186495072601973842e-04 -1.282010346934234419e-04 1.522196114620553466e-04
-1.027291022589432583e-06 -1.272376689282311847e-05 -2.280566177532446017e-05 3.244368023413179324e-05 1.560909148788076992e-04 -5.467274363714460725e-03 1.719565872401003850e-02 3.992860142975537130e-05 1.671575666653176903e-03 -5.146758585278021214e-07 1.005831956664177039e-07 -6.599344007819858332e-09 6.506423067381729168e-07 -3.824517886881342657e-08 3.535675930192316970e-08 3.572926990109380957e-07 -1.886302266187609423e-05 -7.318034081919678229e-06
1.722934587057824874e-07 4.194210102164375022e-07 1.101388085928079633e-06 4.817856714208933132e-07 3.837998739168408058e-05 1.671946565624677630e-04 -3.337700975213011992e-04 -4.368450570735557976e-05 -5.146758585278021214e-07 6.611655472713583745e-05 4.847266219825887236e-08 5.337686639719340849e-10 -8.271606016987500223e-09 1.025396826267477372e-08 -4.435156108361257575e-08 9.568618737586164964e-08 -3.978381020109749974e-08 -2.325412999770445276e-07
5.659485556847912984e-08 -1.068419894655080373e-07 -2.059975159390654629e-07 7.724275708147370253e-07 1.864326565625411646e-05 -5.436588276730551516e-06 1.289652734057840247e-04 -1.466298816558917854e-05 1.005831956664177039e-07 4.847266219825887236e-08 1.888350000878455130e-05 8.742909788295439406e-11 8.870966608077185185e-09 4.285629521297365115e-09 -1.839759163876304261e-08 9.601021433508368573e-08 -3.448111417769853193e-07 -2.137360836329859337e-07
9.127528680329319760e-10 1.309527301098704317e-08 4.111691823477678450e-08 -1.181051896037540123e-08 1.128909737608998307e-07 9.566884236956617234e-07 -5.356342135214379725e-06 -4.956372409676220139e-07 -6.599344007819858332e-09 5.337686639719340849e-10 8.742909788295439406e-11 5.794027585618761284e-09 -4.019939414479813157e-10 -7.171094885023209085e-12 -1.573618934312867375e-10 -4.738575318523222278e-09 7.514836159133263125e-09 8.986584890087159265e-10
-2.996767401607785932e-08 -8.927741903745554533e-07 -2.518596240328693921e-06 1.428287883645657359e-06 6.043518994964557821e-06 -1.210726361251448374e-04 5.613869127381648696e-04 1.829258246794597320e-05 6.506423067381729168e-07 -8.271606016987500223e-09 8.870966608077185185e-09 -4.019939414479813157e-10 2.458890678580879333e-05 2.165841403777075908e-09 -1.208321036254438403e-09 3.000766801691264315e-07 -8.084594374795200657e-07 -2.520443482907971794e-07
1.177097603138010465e-08 -7.846332976745595701e-08 -3.233805544592300023e-07 1.086544141326859718e-07 2.608902605522983283e-06 2.399899417599804267e-05 -2.312335457042282924e-05 1.032050318559226632e-06 -3.824517886881342657e-08 1.025396826267477372e-08 4.285629521297365115e-09 -7.171094885023209085e-12 2.165841403777075908e-09 2.572561502720195743e-07 -3.323849903373763893e-09 7.028308967417402357e-08 -4.314346497126642948e-08 -1.667442698221363631e-08
-5.577546604697699432e-08 -8.406100805246621670e-08 -3.284220789921435540e-07 -4.042125164255195071e-07 -1.532859296030351134e-05 -1.746074374619401506e-05 -6.620979493467501041e-06 1.675349053042408053e-05 3.535675930192316970e-08 -4.435156108361257575e-08 -1.839759163876304261e-08 -1.573618934312867375e-10 -1.208321036254438403e-09 -3.323849903373763893e-09 4.614277188984163201e-06 -2.289521936998030002e-08 1.472661778043877204e-07 1.406934662993666933e-07
-5.421826127343600296e-08 -1.140564257985833161e-05 -4.165671172347022093e-05 8.648459239128644319e-06 -2.069632859332697104e-06 1.103648478778700755e-03 5.209331282579124367e-04 4.186495072601973842e-04 3.572926990109380957e-07 9.568618737586164964e-08 9.601021433508368573e-08 -4.738575318523222278e-09 3.000766801691264315e-07 7.028308967417402357e-08 -2.289521936998030002e-08 4.096635953999655695e-03 -4.691869353689700840e-06 -2.643435012425589398e-07
4.144338725553367199e-07 1.819243837881586104e-05 4.416491521926853471e-05 -3.988537783510148505e-05 -3.028406149725565151e-04 4.218136581196373948e-03 -1.642502319929260018e-02 -1.282010346934234419e-04 -1.886302266187609423e-05 -3.978381020109749974e-08 -3.448111417769853193e-07 7.514836159133263125e-09 -8.084594374795200657e-07 -4.314346497126642948e-08 1.472661778043877204e-07 -4.691869353689700840e-06 5.169138511157844555e-03 8.444105114036866994e-06
-1.520068947232961295e-07 3.814479584578249191e-06 4.829971063076542221e-06 -1.596962676759734178e-05 -2.063914988899516717e-04 1.902134377832515695e-03 -6.520124032254191043e-03 1.522196114620553466e-04 -7.318034081919678229e-06 -2.325412999770445276e-07 -2.137360836329859337e-07 8.986584890087159265e-10 -2.520443482907971794e-07 -1.667442698221363631e-08 1.406934662993666933e-07 -2.643435012425589398e-07 8.444105114036866994e-06 3.837917386063557576e-03
1.348827498437520255e-05 1.697398408169096352e-07 9.260943154016109695e-07 1.180445442761999834e-07 1.481448723943780441e-05 1.074823014843230193e-04 -1.792128516947655672e-04 -4.174241808602103870e-05 -4.029838921015495186e-07 7.296203635179732050e-08 1.840255586723142710e-08 3.002201083974916227e-10 -1.462929894337981549e-08 4.600410018000711413e-09 -2.068268427628304201e-08 -3.691249348568674799e-08 1.800700286120960172e-07 -1.737874268917516843e-07
1.697398408169096352e-07 5.423893086539242729e-03 2.801197163229221204e-05 -1.221844074930677426e-05 3.881642933044165059e-07 2.334505157657756110e-04 -4.188271601684715427e-03 -3.127734832807702698e-05 -3.189285119599521472e-06 -7.763656750522495093e-08 -3.766166789768062695e-08 4.093769531518873791e-09 -2.258017654813969287e-07 -3.501507771564265986e-08 6.783199225195824739e-09 -3.417343066185601891e-06 5.257718790042164716e-06 2.707731505932436070e-06
9.260943154016109695e-07 2.801197163229221204e-05 3.112813919588043321e-01 -2.406893752926118869e-05 9.183122171538487079e-05 -4.302383686383969854e-04 -6.253771810779798317e-03 -1.031843490715900809e-03 -7.336760325613816581e-06 3.617960094059335508e-07 -6.576592924207675077e-08 1.316168328251757643e-08 -8.085943634140136780e-07 -1.030444577252510462e-07 -1.065819328559144311e-07 -1.334040942349636997e-05 1.415766359529459485e-05 1.479945277417699085e-06
1.180445442761999834e-07 -1.221844074930677426e-05 -2.406893752926118869e-05 5.336306455057101238e-03 2.170660744080067184e-04 -2.046856934677459237e-03 9.935888417625526534e-03 -2.416827345822809164e-04 9.405829592520234501e-06 3.885514177865717621e-07 2.510182983107680774e-07 -3.672363057500620329e-09 3.907977466543277719e-07 4.572973597228387271e-08 -1.666126185886706153e-07 2.510323839310549064e-06 -1.213949719828763437e-05 -6.755519739938416451e-06
1.481448723943780441e-05 3.881642933044165059e-07 9.183122171538487079e-05 2.170660744080067184e-04 9.091898743462836219e-01 -1.218083085249532446e-02 5.447889554517579974e-02 -6.134905277319782982e-03 4.848111603725859697e-05 1.263406747562352440e-05 5.971621999109425220e-06 3.628602768849644756e-08 1.834289677163557922e-06 8.513314761056187033e-07 -4.961189999781025225e-06 -1.049046405288472657e-06 -9.597086178783619263e-05 -6.851946656044914175e-05
1.074823014843230193e-04 2.334505157657756110e-04 -4.302383686383969854e-04 -2.046856934677459237e-03 -1.218083085249532446e-02 2.766303557700925921e+02 -1.385983492021864771e+00 -5.658473462954696949e-03 -1.841866263070071098e-03 7.567340376777365637e-05 -1.376324887243364449e-06 3.162622166672906957e-07 -4.501055854169356592e-05 8.716467000565413168e-06 -9.112474126634159964e-06 3.288393450472926996e-04 1.408814142823280966e-03 4.530520414048892406e-04
-1.792128516947655672e-04 -4.188271601684715427e-03 -6.253771810779798317e-03 9.935888417625526534e-03 5.447889554517579974e-02 -1.385983492021864771e+00 6.876678556033232326e+02 -8.463998506749094430e-02 5.188074979568670086e-03 -3.128417603402583740e-05 4.250669319278716364e-05 -1.679550822500796893e-06 1.582952335435980091e-04 -3.867822579356030294e-06 -1.412616971322439183e-05 8.382869421964299155e-05 -5.054998068280702923e-03 -2.616570977922758751e-03
-4.174241808602103870e-05 -3.127734832807702698e-05 -1.031843490715900809e-03 -2.416827345822809164e-04 -6.134905277319782982e-03 -5.658473462954696949e-03 -8.463998506749094430e-02 5.733550747707278461e+00 1.211076800038617769e-04 -3.998996150305627071e-05 -5.118473788394303568e-06 -1.704788495218103415e-07 1.320637506168229218e-05 -8.860937970194097847e-07 9.496652647055566976e-06 1.625093958700192726e-04 -1.102547610993830535e-04 2.312948966959032918e-04
-4.029838921015495186e-07 -3.189285119599521472e-06 -7.336760325613816581e-06 9.405829592520234501e-06 4.848111603725859697e-05 -1.841866263070071098e-03 5.188074979568670086e-03 1.211076800038617769e-04 5.352965756593944940e-04 -2.589052229430043337e-07 3.064254301578602241e-08 -2.154799899401151028e-09 2.348364580727663436e-07 -1.664395485461709025e-08 2.629265936600619204e-08 2.177083145400365300e-07 -6.286912941516022782e-06 -1.680467679687849844e-06
7.296203635179732050e-08 -7.763656750522495093e-08 3.617960094059335508e-07 3.885514177865717621e-07 1.263406747562352440e-05 7.567340376777365637e-05 -3.128417603402583740e-05 -3.998996150305627071e-05 -2.589052229430043337e-07 2.117991774208995623e-05 1.588199624757044729e-08 1.811329312517349108e-10 -9.041184631537689205e-09 4.339060729383106744e-09 -1.778894161425691372e-08 5.798601045663452428e-09 4.747497998908424027e-08 -2.331967601765924165e-07
1.840255586723142710e-08 -3.766166789768062695e-08 -6.576592924207675077e-08 2.510182983107680774e-07 5.971621999109425220e-06 -1.376324887243364449e-06 4.250669319278716364e-05 -5.118473788394303568e-06 3.064254301578602241e-08 1.588199624757044729e-08 6.042726079290929583e-06 2.814656962188395639e-11 2.733907561405821586e-09 1.388738582569065390e-09 -5.946174816580584156e-09 3.031645407695196793e-08 -1.093527955549527969e-07 -7.099800051706313465e-08
3.002201083974916227e-10 4.093769531518873791e-09 1.316168328251757643e-08 -3.672363057500620329e-09 3.628602768849644756e-08 3.162622166672906957e-07 -1.679550822500796893e-06 -1.704788495218103415e-07 -2.154799899401151028e-09 1.811329312517349108e-10 2.814656962188395639e-11 1.854093542030899223e-09 -1.315572787844513329e-10 -1.811830288654202236e-12 -5.199771272048043229e-11 -1.527675783032076714e-09 2.432233711583624223e-09 2.150802440663858783e-10
-1.462929894337981549e-08 -2.258017654813969287e-07 -8.085943634140136780e-07 3.907977466543277719e-07 1.834289677163557922e-06 -4.501055854169356592e-05 1.582952335435980091e-04 1.320637506168229218e-05 2.348364580727663436e-07 -9.041184631537689205e-09 2.733907561405821586e-09 -1.315572787844513329e-10 7.870257699451929165e-06 3.940536579127700084e-10 6.299770090998668636e-10 1.030409146995703561e-07 -2.757259534262484511e-07 -3.576936968837079476e-08
4.600410018000711413e-09 -3.501507771564265986e-08 -1.030444577252510462e-07 4.572973597228387271e-08 8.513314761056187033e-07 8.716467000565413168e-06 -3.867822579356030294e-06 -8.860937970194097847e-07 -1.664395485461709025e-08 4.339060729383106744e-09 1.388738582569065390e-09 -1.811830288654202236e-12 3.940536579127700084e-10 8.237143361354352358e-08 -1.231812563990767750e-09 2.132988405437393919e-08 -1.099050207897662146e-08 -1.276101921556782575e-08
-2.068268427628304201e-08 6.783199225195824739e-09 -1.065819328559144311e-07 -1.666126185886706153e-07 -4.961189999781025225e-06 -9.112474126634159964e-06 -1.412616971322439183e-05 9.496652647055566976e-06 2.629265936600619204e-08 -1.778894161425691372e-08 -5.946174816580584156e-09 -5.199771272048043229e-11 6.299770090998668636e-10 -1.231812563990767750e-09 1.477140507034117101e-06 -3.380125927478770301e-09 3.755291901921955757e-08 7.026726847666674143e-08
-3.691249348568674799e-08 -3.417343066185601891e-06 -1.334040942349636997e-05 2.510323839310549064e-06 -1.049046405288472657e-06 3.288393450472926996e-04 8.382869421964299155e-05 1.625093958700192726e-04 2.177083145400365300e-07 5.798601045663452428e-09 3.031645407695196793e-08 -1.527675783032076714e-09 1.030409146995703561e-07 2.132988405437393919e-08 -3.380125927478770301e-09 1.310950741121896671e-03 -1.567461487542275127e-06 8.964186705927599784e-08
1.800700286120960172e-07 5.257718790042164716e-06 1.415766359529459485e-05 -1.213949719828763437e-05 -9.597086178783619263e-05 1.408814142823280966e-03 -5.054998068280702923e-03 -1.102547610993830535e-04 -6.286912941516022782e-06 4.747497998908424027e-08 -1.093527955549527969e-07 2.432233711583624223e-09 -2.757259534262484511e-07 -1.099050207897662146e-08 3.755291901921955757e-08 -1.567461487542275127e-06 1.654284566784609703e-03 2.279496782608502457e-06
-1.737874268917516843e-07 2.707731505932436070e-06 1.479945277417699085e-06 -6.755519739938416451e-06 -6.851946656044914175e-05 4.530520414048892406e-04 -2.616570977922758751e-03 2.312948966959032918e-04 -1.680467679687849844e-06 -2.331967601765924165e-07 -7.099800051706313465e-08 2.150802440663858783e-10 -3.576936968837079476e-08 -1.276101921556782575e-08 7.026726847666674143e-08 8.964186705927599784e-08 2.279496782608502457e-06 1.229248150552280120e-03
1.348827498437520255e-05 1.697398408169096352e-07 9.260943154016109695e-07 1.180445442761999834e-07 1.481448723943780441e-05 1.074823014843230193e-04 -1.792128516947655672e-04 -4.174241808602103870e-05 -4.029838921015495186e-07 7.296203635179732050e-08 1.840255586723142710e-08 3.002201083974916227e-10 -1.462929894337981549e-08 4.600410018000711413e-09 -2.068268427628304201e-08 -3.691249348568674799e-08 1.800700286120960172e-07 -1.737874268917516843e-07
1.697398408169096352e-07 5.423893086539242729e-03 2.801197163229221204e-05 -1.221844074930677426e-05 3.881642933044165059e-07 2.334505157657756110e-04 -4.188271601684715427e-03 -3.127734832807702698e-05 -3.189285119599521472e-06 -7.763656750522495093e-08 -3.766166789768062695e-08 4.093769531518873791e-09 -2.258017654813969287e-07 -3.501507771564265986e-08 6.783199225195824739e-09 -3.417343066185601891e-06 5.257718790042164716e-06 2.707731505932436070e-06
9.260943154016109695e-07 2.801197163229221204e-05 3.112813919588043321e-01 -2.406893752926118869e-05 9.183122171538487079e-05 -4.302383686383969854e-04 -6.253771810779798317e-03 -1.031843490715900809e-03 -7.336760325613816581e-06 3.617960094059335508e-07 -6.576592924207675077e-08 1.316168328251757643e-08 -8.085943634140136780e-07 -1.030444577252510462e-07 -1.065819328559144311e-07 -1.334040942349636997e-05 1.415766359529459485e-05 1.479945277417699085e-06
1.180445442761999834e-07 -1.221844074930677426e-05 -2.406893752926118869e-05 5.336306455057101238e-03 2.170660744080067184e-04 -2.046856934677459237e-03 9.935888417625526534e-03 -2.416827345822809164e-04 9.405829592520234501e-06 3.885514177865717621e-07 2.510182983107680774e-07 -3.672363057500620329e-09 3.907977466543277719e-07 4.572973597228387271e-08 -1.666126185886706153e-07 2.510323839310549064e-06 -1.213949719828763437e-05 -6.755519739938416451e-06
1.481448723943780441e-05 3.881642933044165059e-07 9.183122171538487079e-05 2.170660744080067184e-04 9.091898743462836219e-01 -1.218083085249532446e-02 5.447889554517579974e-02 -6.134905277319782982e-03 4.848111603725859697e-05 1.263406747562352440e-05 5.971621999109425220e-06 3.628602768849644756e-08 1.834289677163557922e-06 8.513314761056187033e-07 -4.961189999781025225e-06 -1.049046405288472657e-06 -9.597086178783619263e-05 -6.851946656044914175e-05
1.074823014843230193e-04 2.334505157657756110e-04 -4.302383686383969854e-04 -2.046856934677459237e-03 -1.218083085249532446e-02 2.766303557700925921e+02 -1.385983492021864771e+00 -5.658473462954696949e-03 -1.841866263070071098e-03 7.567340376777365637e-05 -1.376324887243364449e-06 3.162622166672906957e-07 -4.501055854169356592e-05 8.716467000565413168e-06 -9.112474126634159964e-06 3.288393450472926996e-04 1.408814142823280966e-03 4.530520414048892406e-04
-1.792128516947655672e-04 -4.188271601684715427e-03 -6.253771810779798317e-03 9.935888417625526534e-03 5.447889554517579974e-02 -1.385983492021864771e+00 6.876678556033232326e+02 -8.463998506749094430e-02 5.188074979568670086e-03 -3.128417603402583740e-05 4.250669319278716364e-05 -1.679550822500796893e-06 1.582952335435980091e-04 -3.867822579356030294e-06 -1.412616971322439183e-05 8.382869421964299155e-05 -5.054998068280702923e-03 -2.616570977922758751e-03
-4.174241808602103870e-05 -3.127734832807702698e-05 -1.031843490715900809e-03 -2.416827345822809164e-04 -6.134905277319782982e-03 -5.658473462954696949e-03 -8.463998506749094430e-02 5.733550747707278461e+00 1.211076800038617769e-04 -3.998996150305627071e-05 -5.118473788394303568e-06 -1.704788495218103415e-07 1.320637506168229218e-05 -8.860937970194097847e-07 9.496652647055566976e-06 1.625093958700192726e-04 -1.102547610993830535e-04 2.312948966959032918e-04
-4.029838921015495186e-07 -3.189285119599521472e-06 -7.336760325613816581e-06 9.405829592520234501e-06 4.848111603725859697e-05 -1.841866263070071098e-03 5.188074979568670086e-03 1.211076800038617769e-04 5.352965756593944940e-04 -2.589052229430043337e-07 3.064254301578602241e-08 -2.154799899401151028e-09 2.348364580727663436e-07 -1.664395485461709025e-08 2.629265936600619204e-08 2.177083145400365300e-07 -6.286912941516022782e-06 -1.680467679687849844e-06
7.296203635179732050e-08 -7.763656750522495093e-08 3.617960094059335508e-07 3.885514177865717621e-07 1.263406747562352440e-05 7.567340376777365637e-05 -3.128417603402583740e-05 -3.998996150305627071e-05 -2.589052229430043337e-07 2.117991774208995623e-05 1.588199624757044729e-08 1.811329312517349108e-10 -9.041184631537689205e-09 4.339060729383106744e-09 -1.778894161425691372e-08 5.798601045663452428e-09 4.747497998908424027e-08 -2.331967601765924165e-07
1.840255586723142710e-08 -3.766166789768062695e-08 -6.576592924207675077e-08 2.510182983107680774e-07 5.971621999109425220e-06 -1.376324887243364449e-06 4.250669319278716364e-05 -5.118473788394303568e-06 3.064254301578602241e-08 1.588199624757044729e-08 6.042726079290929583e-06 2.814656962188395639e-11 2.733907561405821586e-09 1.388738582569065390e-09 -5.946174816580584156e-09 3.031645407695196793e-08 -1.093527955549527969e-07 -7.099800051706313465e-08
3.002201083974916227e-10 4.093769531518873791e-09 1.316168328251757643e-08 -3.672363057500620329e-09 3.628602768849644756e-08 3.162622166672906957e-07 -1.679550822500796893e-06 -1.704788495218103415e-07 -2.154799899401151028e-09 1.811329312517349108e-10 2.814656962188395639e-11 1.854093542030899223e-09 -1.315572787844513329e-10 -1.811830288654202236e-12 -5.199771272048043229e-11 -1.527675783032076714e-09 2.432233711583624223e-09 2.150802440663858783e-10
-1.462929894337981549e-08 -2.258017654813969287e-07 -8.085943634140136780e-07 3.907977466543277719e-07 1.834289677163557922e-06 -4.501055854169356592e-05 1.582952335435980091e-04 1.320637506168229218e-05 2.348364580727663436e-07 -9.041184631537689205e-09 2.733907561405821586e-09 -1.315572787844513329e-10 7.870257699451929165e-06 3.940536579127700084e-10 6.299770090998668636e-10 1.030409146995703561e-07 -2.757259534262484511e-07 -3.576936968837079476e-08
4.600410018000711413e-09 -3.501507771564265986e-08 -1.030444577252510462e-07 4.572973597228387271e-08 8.513314761056187033e-07 8.716467000565413168e-06 -3.867822579356030294e-06 -8.860937970194097847e-07 -1.664395485461709025e-08 4.339060729383106744e-09 1.388738582569065390e-09 -1.811830288654202236e-12 3.940536579127700084e-10 8.237143361354352358e-08 -1.231812563990767750e-09 2.132988405437393919e-08 -1.099050207897662146e-08 -1.276101921556782575e-08
-2.068268427628304201e-08 6.783199225195824739e-09 -1.065819328559144311e-07 -1.666126185886706153e-07 -4.961189999781025225e-06 -9.112474126634159964e-06 -1.412616971322439183e-05 9.496652647055566976e-06 2.629265936600619204e-08 -1.778894161425691372e-08 -5.946174816580584156e-09 -5.199771272048043229e-11 6.299770090998668636e-10 -1.231812563990767750e-09 1.477140507034117101e-06 -3.380125927478770301e-09 3.755291901921955757e-08 7.026726847666674143e-08
