{
    "R": [
        [
            1.0697590534527054e-06,
            5.829226119863059e-09,
            5.781133485823871e-07,
            3.2781682258716217e-07,
            -9.416742872750804e-09,
            5.789353463836261e-06,
            1.7481410251084217e-05,
            -1.2884051568843688e-06,
            -6.515503217825388e-09,
            3.1478414898045285e-10,
            -9.85812647700648e-10,
            -1.3921671126091333e-09,
            1.0660234868827484e-10,
            7.408666556988402e-11,
            1.2150166721049135e-09,
            1.5344368099250616e-08,
            -2.7357338467704257e-08,
            1.1752725211011175e-08
        ],
        [
            0.0,
            1.5160386911980797e-06,
            -1.0518842691857618e-07,
            -3.1318627656937963e-07,
            -2.0054043212343026e-08,
            -1.5135718558407652e-06,
            -7.262593482759348e-06,
            1.8561045789933056e-06,
            -3.763020816636162e-09,
            1.9034815474373373e-10,
            -7.745901132374322e-10,
            -8.140632310117505e-10,
            2.04101695971247e-10,
            -1.642722239612447e-10,
            1.1566900302998623e-09,
            1.0632921282796372e-08,
            -2.0429625910501342e-08,
            1.2555821527626005e-08
        ],
        [
            0.0,
            0.0,
            0.0003954276822502986,
            6.677297324812292e-08,
            -6.278926808927391e-08,
            -5.221186354129924e-07,
            2.4371141519896585e-05,
            1.1034357401548137e-05,
            -1.87128594892768e-09,
            -4.6397651365444874e-10,
            -1.7414238652171633e-10,
            1.1049711364240123e-09,
            -1.9865541634591665e-10,
            -7.010401473440873e-11,
            -1.7081184365210593e-09,
            -7.601339585316282e-10,
            5.555685865194281e-09,
            1.0007157311484406e-09
        ],
        [
            0.0,
            0.0,
            0.0,
            0.00010279572944954137,
            3.31511232700015e-08,
            3.4008352404504026e-06,
            1.678715907075049e-05,
            -9.47576155729058e-06,
            -3.900378729734641e-09,
            1.119164382823528e-10,
            -9.093957323382515e-10,
            -2.653028340178596e-10,
            -7.644248219662726e-11,
            2.6940237857955255e-10,
            4.907679717877093e-10,
            5.214074016435683e-09,
            -3.142282339679453e-09,
            -5.27933117729536e-09
        ],
        [
            0.0,
            0.0,
            0.0,
            0.0,
            2.4403733897742755e-05,
            9.895152216566055e-06,
            -6.6447981096488214e-06,
            -9.52082062715388e-06,
            3.996114308050205e-09,
            3.988689199601895e-10,
            2.8837853095523154e-10,
            -2.2166907423910745e-09,
            1.4075035880896492e-10,
            1.1711113885050976e-10,
            -4.0375403164395635e-11,
            8.076427085557568e-10,
            4.817140267628728e-09,
            5.395321418975362e-10
        ],
        [
            0.0,
            0.0,
            0.0,
            0.0,
            0.0,
            0.0025264550832981222,
            8.68052321489949e-06,
            6.314729923997613e-06,
            3.5426645436597434e-09,
            1.2633903845705283e-10,
            2.0559806954778507e-10,
            -1.187494758764189e-09,
            1.3389963846696468e-12,
            -4.675263029828675e-11,
            9.570481644743411e-10,
            -4.110678254563329e-09,
            1.1862025964761107e-08,
            6.7703127403462026e-09
        ],
        [
            0.0,
            0.0,
            0.0,
            0.0,
            0.0,
            0.0,
            0.009790225741150073,
            1.8406713603167506e-06,
            4.931756251191389e-10,
            -6.496545462925261e-11,
            -9.318727696122184e-11,
            8.913957189033672e-10,
            -9.774429982309841e-11,
            1.0146418146136615e-10,
            -1.6078321092763418e-09,
            -3.306950483553089e-09,
            -7.067557189966862e-09,
            -1.2231792822742903e-09
        ],
        [
            0.0,
            0.0,
            0.0,
            0.0,
            0.0,
            0.0,
            0.0,
            0.004475065017913398,
            2.0344262338499024e-09,
            -5.110437026605037e-10,
            3.843260730369618e-10,
            3.1467589293806353e-10,
            -1.5241526180039676e-10,
            -4.601864565125322e-11,
            -1.5705728946992185e-10,
            -1.633060659502309e-08,
            1.3236218237212624e-08,
            -2.834755921692019e-09
        ],
        [
            0.0,
            0.0,
            0.0,
            0.0,
            0.0,
            0.0,
            0.0,
            0.0,
            2.0482019431724242e-06,
            7.229232059297777e-11,
            1.1675793379098624e-09,
            -2.0037900145553213e-10,
            2.450389976497111e-11,
            5.2938969565743646e-11,
            -3.5629295337295957e-10,
            -1.3511865089804991e-08,
            1.2061022973208775e-08,
            -6.295854417766347e-09
        ],
        [
            0.0,
            0.0,
            0.0,
            0.0,
            0.0,
            0.0,
            0.0,
            0.0,
            0.0,
            8.028834088043965e-08,
            -2.33087881477704e-10,
            -1.898944764501443e-09,
            4.995107820252793e-10,
            1.2428874907781142e-10,
            2.332487068585914e-09,
            2.526899105249958e-08,
            -3.0841464491098487e-08,
            9.4534257469698e-09
        ],
        [
            0.0,
            0.0,
            0.0,
            0.0,
            0.0,
            0.0,
            0.0,
            0.0,
            0.0,
            0.0,
            2.536290976910409e-07,
            1.2036055262790776e-09,
            3.17075850181939e-11,
            -1.2989631897043795e-10,
            5.841140261589541e-10,
            -1.6102158844329637e-08,
            2.6020474131432838e-08,
            -6.529607124951176e-09
        ],
        [
            0.0,
            0.0,
            0.0,
            0.0,
            0.0,
            0.0,
            0.0,
            0.0,
            0.0,
            0.0,
            0.0,
            1.3683407618847867e-06,
            -1.0706081100618125e-10,
            3.122732884939822e-12,
            -3.918223077057864e-11,
            -5.42054513695023e-09,
            -4.033549749679633e-09,
            -3.213439842007701e-09
        ],
        [
            0.0,
            0.0,
            0.0,
            0.0,
            0.0,
            0.0,
            0.0,
            0.0,
            0.0,
            0.0,
            0.0,
            0.0,
            7.098454006555e-08,
            6.45700050847593e-12,
            1.497000799915706e-09,
            8.594680704697925e-09,
            -1.3859118808235198e-08,
            7.367094464842153e-09
        ],
        [
            0.0,
            0.0,
            0.0,
            0.0,
            0.0,
            0.0,
            0.0,
            0.0,
            0.0,
            0.0,
            0.0,
            0.0,
            0.0,
            9.52513241444955e-08,
            -5.802330734177995e-10,
            2.557748920146278e-09,
            -3.4737643877778386e-09,
            -3.970930500943527e-09
        ],
        [
            0.0,
            0.0,
            0.0,
            0.0,
            0.0,
            0.0,
            0.0,
            0.0,
            0.0,
            0.0,
            0.0,
            0.0,
            0.0,
            0.0,
            7.049559657779351e-07,
            3.2038310724252064e-09,
            -9.705224423139792e-09,
            7.2785077072052845e-09
        ],
        [
            0.0,
            0.0,
            0.0,
            0.0,
            0.0,
            0.0,
            0.0,
            0.0,
            0.0,
            0.0,
            0.0,
            0.0,
            0.0,
            0.0,
            0.0,
            4.298668842367834e-06,
            -1.9726275584047778e-08,
            5.970053658596898e-09
        ],
        [
            0.0,
            0.0,
            0.0,
            0.0,
            0.0,
            0.0,
            0.0,
            0.0,
            0.0,
            0.0,
            0.0,
            0.0,
            0.0,
            0.0,
            0.0,
            0.0,
            5.628963162705777e-06,
            -5.820407778910445e-09
        ],
        [
            0.0,
            0.0,
            0.0,
            0.0,
            0.0,
            0.0,
            0.0,
            0.0,
            0.0,
            0.0,
            0.0,
            0.0,
            0.0,
            0.0,
            0.0,
            0.0,
            0.0,
            2.872933071971994e-06
        ]
    ],
    "RDR": [
        [
            [
                1.0697590534527054e-06,
                5.829226119863059e-09,
                5.781133485823871e-07,
                3.2781682258716217e-07,
                -9.416742872750804e-09,
                5.789353463836261e-06,
                1.7481410251084217e-05,
                -1.2884051568843688e-06,
                -6.515503217825388e-09,
                3.1478414898045285e-10,
                -9.85812647700648e-10,
                -1.3921671126091333e-09,
                1.0660234868827484e-10,
                7.408666556988402e-11,
                1.2150166721049135e-09,
                1.5344368099250616e-08,
                -2.7357338467704257e-08,
                1.1752725211011175e-08
            ],
            [
                0.0,
                1.5160386911980797e-06,
                -1.0518842691857618e-07,
                -3.1318627656937963e-07,
                -2.0054043212343026e-08,
                -1.5135718558407652e-06,
                -7.262593482759348e-06,
                1.8561045789933056e-06,
                -3.763020816636162e-09,
                1.9034815474373373e-10,
                -7.745901132374322e-10,
                -8.140632310117505e-10,
                2.04101695971247e-10,
                -1.642722239612447e-10,
                1.1566900302998623e-09,
                1.0632921282796372e-08,
                -2.0429625910501342e-08,
                1.2555821527626005e-08
            ],
            [
                0.0,
                0.0,
                0.0003954276822502986,
                6.677297324812292e-08,
                -6.278926808927391e-08,
                -5.221186354129924e-07,
                2.4371141519896585e-05,
                1.1034357401548137e-05,
                -1.87128594892768e-09,
                -4.6397651365444874e-10,
                -1.7414238652171633e-10,
                1.1049711364240123e-09,
                -1.9865541634591665e-10,
                -7.010401473440873e-11,
                -1.7081184365210593e-09,
                -7.601339585316282e-10,
                5.555685865194281e-09,
                1.0007157311484406e-09
            ],
            [
                0.0,
                0.0,
                0.0,
                0.00010279572944954137,
                3.31511232700015e-08,
                3.4008352404504026e-06,
                1.678715907075049e-05,
                -9.47576155729058e-06,
                -3.900378729734641e-09,
                1.119164382823528e-10,
                -9.093957323382515e-10,
                -2.653028340178596e-10,
                -7.644248219662726e-11,
                2.6940237857955255e-10,
                4.907679717877093e-10,
                5.214074016435683e-09,
                -3.142282339679453e-09,
                -5.27933117729536e-09
            ],
            [
                0.0,
                0.0,
                0.0,
                0.0,
                2.4403733897742755e-05,
                9.895152216566055e-06,
                -6.6447981096488214e-06,
                -9.52082062715388e-06,
                3.996114308050205e-09,
                3.988689199601895e-10,
                2.8837853095523154e-10,
                -2.2166907423910745e-09,
                1.4075035880896492e-10,
                1.1711113885050976e-10,
                -4.0375403164395635e-11,
                8.076427085557568e-10,
                4.817140267628728e-09,
                5.395321418975362e-10
            ],
            [
                0.0,
                0.0,
                0.0,
                0.0,
                0.0,
                0.0025264550832981222,
                8.68052321489949e-06,
                6.314729923997613e-06,
                3.5426645436597434e-09,
                1.2633903845705283e-10,
                2.0559806954778507e-10,
                -1.187494758764189e-09,
                1.3389963846696468e-12,
                -4.675263029828675e-11,
                9.570481644743411e-10,
                -4.110678254563329e-09,
                1.1862025964761107e-08,
                6.7703127403462026e-09
            ],
            [
                0.0,
                0.0,
                0.0,
                0.0,
                0.0,
                0.0,
                0.009790225741150073,
                1.8406713603167506e-06,
                4.931756251191389e-10,
                -6.496545462925261e-11,
                -9.318727696122184e-11,
                8.913957189033672e-10,
                -9.774429982309841e-11,
                1.0146418146136615e-10,
                -1.6078321092763418e-09,
                -3.306950483553089e-09,
                -7.067557189966862e-09,
                -1.2231792822742903e-09
            ],
            [
                0.0,
                0.0,
                0.0,
                0.0,
                0.0,
                0.0,
                0.0,
                0.004475065017913398,
                2.0344262338499024e-09,
                -5.110437026605037e-10,
                3.843260730369618e-10,
                3.1467589293806353e-10,
                -1.5241526180039676e-10,
                -4.601864565125322e-11,
                -1.5705728946992185e-10,
                -1.633060659502309e-08,
                1.3236218237212624e-08,
                -2.834755921692019e-09
            ],
            [
                0.0,
                0.0,
                0.0,
                0.0,
                0.0,
                0.0,
                0.0,
                0.0,
                2.0482019431724242e-06,
                7.229232059297777e-11,
                1.1675793379098624e-09,
                -2.0037900145553213e-10,
                2.450389976497111e-11,
                5.2938969565743646e-11,
                -3.5629295337295957e-10,
                -1.3511865089804991e-08,
                1.2061022973208775e-08,
                -6.295854417766347e-09
            ],
            [
                0.0,
                0.0,
                0.0,
                0.0,
                0.0,
                0.0,
                0.0,
                0.0,
                0.0,
                8.028834088043965e-08,
                -2.33087881477704e-10,
                -1.898944764501443e-09,
                4.995107820252793e-10,
                1.2428874907781142e-10,
                2.332487068585914e-09,
                2.526899105249958e-08,
                -3.0841464491098487e-08,
                9.4534257469698e-09
            ],
            [
                0.0,
                0.0,
                0.0,
                0.0,
                0.0,
                0.0,
                0.0,
                0.0,
                0.0,
                0.0,
                2.536290976910409e-07,
                1.2036055262790776e-09,
                3.17075850181939e-11,
                -1.2989631897043795e-10,
                5.841140261589541e-10,
                -1.6102158844329637e-08,
                2.6020474131432838e-08,
                -6.529607124951176e-09
            ],
            [
                0.0,
                0.0,
                0.0,
                0.0,
                0.0,
                0.0,
                0.0,
                0.0,
                0.0,
                0.0,
                0.0,
                1.3683407618847867e-06,
                -1.0706081100618125e-10,
                3.122732884939822e-12,
                -3.918223077057864e-11,
                -5.42054513695023e-09,
                -4.033549749679633e-09,
                -3.213439842007701e-09
            ],
            [
                0.0,
                0.0,
                0.0,
                0.0,
                0.0,
                0.0,
                0.0,
                0.0,
                0.0,
                0.0,
                0.0,
                0.0,
                7.098454006555e-08,
                6.45700050847593e-12,
                1.497000799915706e-09,
                8.594680704697925e-09,
                -1.3859118808235198e-08,
                7.367094464842153e-09
            ],
            [
                0.0,
                0.0,
                0.0,
                0.0,
                0.0,
                0.0,
                0.0,
                0.0,
                0.0,
                0.0,
                0.0,
                0.0,
                0.0,
                9.52513241444955e-08,
                -5.802330734177995e-10,
                2.557748920146278e-09,
                -3.4737643877778386e-09,
                -3.970930500943527e-09
            ],
            [
                0.0,
                0.0,
                0.0,
                0.0,
                0.0,
                0.0,
                0.0,
                0.0,
                0.0,
                0.0,
                0.0,
                0.0,
                0.0,
                0.0,
                7.049559657779351e-07,
                3.2038310724252064e-09,
                -9.705224423139792e-09,
                7.2785077072052845e-09
            ],
            [
                0.0,
                0.0,
                0.0,
                0.0,
                0.0,
                0.0,
                0.0,
                0.0,
                0.0,
                0.0,
                0.0,
                0.0,
                0.0,
                0.0,
                0.0,
                4.298668842367834e-06,
                -1.9726275584047778e-08,
                5.970053658596898e-09
            ],
            [
                0.0,
                0.0,
                0.0,
                0.0,
                0.0,
                0.0,
                0.0,
                0.0,
                0.0,
                0.0,
                0.0,
                0.0,
                0.0,
                0.0,
                0.0,
                0.0,
                5.628963162705777e-06,
                -5.820407778910445e-09
            ],
            [
                0.0,
                0.0,
                0.0,
                0.0,
                0.0,
                0.0,
                0.0,
                0.0,
                0.0,
                0.0,
                0.0,
                0.0,
                0.0,
                0.0,
                0.0,
                0.0,
                0.0,
                2.872933071971994e-06
            ]
        ],
        [
            [
                2.1395181069054108e-07,
                1.1658452239726119e-09,
                1.1562266971647742e-07,
                6.556336451743244e-08,
                -1.883348574550161e-09,
                1.1578706927672521e-06,
                3.4962820502168436e-06,
                -2.5768103137687375e-07,
                -1.3031006435650776e-09,
                6.295682979609057e-11,
                -1.971625295401296e-10,
                -2.784334225218267e-10,
                2.132046973765497e-11,
                1.4817333113976805e-11,
                2.4300333442098273e-10,
                3.068873619850123e-09,
                -5.471467693540852e-09,
                2.350545042202235e-09
            ],
            [
                0.0,
                3.0320773823961596e-07,
                -2.1037685383715238e-08,
                -6.263725531387593e-08,
                -4.0108086424686054e-09,
                -3.0271437116815305e-07,
                -1.4525186965518696e-06,
                3.712209157986611e-07,
                -7.526041633272324e-10,
                3.806963094874675e-11,
                -1.5491802264748646e-10,
                -1.628126462023501e-10,
                4.08203391942494e-11,
                -3.2854444792248945e-11,
                2.3133800605997245e-10,
                2.1265842565592743e-09,
                -4.0859251821002685e-09,
                2.5111643055252013e-09
            ],
            [
                0.0,
                0.0,
                7.908553645005973e-05,
                1.3354594649624584e-08,
                -1.2557853617854783e-08,
                -1.0442372708259848e-07,
                4.874228303979317e-06,
                2.2068714803096273e-06,
                -3.74257189785536e-10,
                -9.279530273088975e-11,
                -3.482847730434327e-11,
                2.2099422728480247e-10,
                -3.973108326918333e-11,
                -1.4020802946881746e-11,
                -3.4162368730421187e-10,
                -1.5202679170632565e-10,
                1.1111371730388562e-09,
                2.0014314622968814e-10
            ],
            [
                0.0,
                0.0,
                0.0,
                2.0559145889908275e-05,
                6.6302246540003e-09,
                6.801670480900805e-07,
                3.357431814150098e-06,
                -1.8951523114581163e-06,
                -7.800757459469283e-10,
                2.2383287656470563e-11,
                -1.8187914646765031e-10,
                -5.306056680357192e-11,
                -1.5288496439325453e-11,
                5.3880475715910514e-11,
                9.815359435754185e-11,
                1.0428148032871367e-09,
                -6.284564679358906e-10,
                -1.055866235459072e-09
            ],
            [
                0.0,
                0.0,
                0.0,
                0.0,
                4.880746779548551e-06,
                1.979030443313211e-06,
                -1.3289596219297644e-06,
                -1.904164125430776e-06,
                7.992228616100411e-10,
                7.977378399203791e-11,
                5.767570619104631e-11,
                -4.433381484782149e-10,
                2.8150071761792987e-11,
                2.3422227770101953e-11,
                -8.075080632879127e-12,
                1.6152854171115138e-10,
                9.634280535257455e-10,
                1.0790642837950725e-10
            ],
            [
                0.0,
                0.0,
                0.0,
                0.0,
                0.0,
                0.0005052910166596245,
                1.736104642979898e-06,
                1.2629459847995226e-06,
                7.085329087319487e-10,
                2.5267807691410568e-11,
                4.1119613909557015e-11,
                -2.374989517528378e-10,
                2.6779927693392936e-13,
                -9.35052605965735e-12,
                1.9140963289486824e-10,
                -8.221356509126659e-10,
                2.3724051929522216e-09,
                1.3540625480692407e-09
            ],
            [
                0.0,
                0.0,
                0.0,
                0.0,
                0.0,
                0.0,
                0.001958045148230015,
                3.6813427206335016e-07,
                9.86351250238278e-11,
                -1.2993090925850523e-11,
                -1.863745539224437e-11,
                1.7827914378067345e-10,
                -1.9548859964619683e-11,
                2.029283629227323e-11,
                -3.215664218552684e-10,
                -6.613900967106178e-10,
                -1.4135114379933726e-09,
                -2.4463585645485807e-10
            ],
            [
                0.0,
                0.0,
                0.0,
                0.0,
                0.0,
                0.0,
                0.0,
                0.0008950130035826796,
                4.068852467699805e-10,
                -1.0220874053210074e-10,
                7.686521460739237e-11,
                6.29351785876127e-11,
                -3.048305236007935e-11,
                -9.203729130250645e-12,
                -3.141145789398437e-11,
                -3.266121319004618e-09,
                2.647243647442525e-09,
                -5.669511843384038e-10
            ],
            [
                0.0,
                0.0,
                0.0,
                0.0,
                0.0,
                0.0,
                0.0,
                0.0,
                4.096403886344849e-07,
                1.4458464118595555e-11,
                2.335158675819725e-10,
                -4.0075800291106427e-11,
                4.9007799529942226e-12,
                1.058779391314873e-11,
                -7.125859067459192e-11,
                -2.7023730179609984e-09,
                2.412204594641755e-09,
                -1.2591708835532694e-09
            ],
            [
                0.0,
                0.0,
                0.0,
                0.0,
                0.0,
                0.0,
                0.0,
                0.0,
                0.0,
                1.605766817608793e-08,
                -4.661757629554081e-11,
                -3.7978895290028865e-10,
                9.990215640505586e-11,
                2.4857749815562284e-11,
                4.664974137171828e-10,
                5.053798210499916e-09,
                -6.168292898219697e-09,
                1.8906851493939602e-09
            ],
            [
                0.0,
                0.0,
                0.0,
                0.0,
                0.0,
                0.0,
                0.0,
                0.0,
                0.0,
                0.0,
                5.072581953820818e-08,
                2.407211052558155e-10,
                6.34151700363878e-12,
                -2.597926379408759e-11,
                1.1682280523179082e-10,
                -3.2204317688659276e-09,
                5.204094826286568e-09,
                -1.3059214249902354e-09
            ],
            [
                0.0,
                0.0,
                0.0,
                0.0,
                0.0,
                0.0,
                0.0,
                0.0,
                0.0,
                0.0,
                0.0,
                2.7366815237695736e-07,
                -2.1412162201236252e-11,
                6.245465769879645e-13,
                -7.836446154115728e-12,
                -1.084109027390046e-09,
                -8.067099499359267e-10,
                -6.426879684015403e-10
            ],
            [
                0.0,
                0.0,
                0.0,
                0.0,
                0.0,
                0.0,
                0.0,
                0.0,
                0.0,
                0.0,
                0.0,
                0.0,
                1.419690801311e-08,
                1.291400101695186e-12,
                2.994001599831412e-10,
                1.7189361409395852e-09,
                -2.7718237616470397e-09,
                1.4734188929684308e-09
            ],
            [
                0.0,
                0.0,
                0.0,
                0.0,
                0.0,
                0.0,
                0.0,
                0.0,
                0.0,
                0.0,
                0.0,
                0.0,
                0.0,
                1.9050264828899103e-08,
                -1.1604661468355992e-10,
                5.115497840292556e-10,
                -6.947528775555678e-10,
                -7.941861001887054e-10
            ],
            [
                0.0,
                0.0,
                0.0,
                0.0,
                0.0,
                0.0,
                0.0,
                0.0,
                0.0,
                0.0,
                0.0,
                0.0,
                0.0,
                0.0,
                1.4099119315558704e-07,
                6.407662144850413e-10,
                -1.9410448846279585e-09,
                1.455701541441057e-09
            ],
            [
                0.0,
                0.0,
                0.0,
                0.0,
                0.0,
                0.0,
                0.0,
                0.0,
                0.0,
                0.0,
                0.0,
                0.0,
                0.0,
                0.0,
                0.0,
                8.597337684735668e-07,
                -3.945255116809556e-09,
                1.1940107317193795e-09
            ],
            [
                0.0,
                0.0,
                0.0,
                0.0,
                0.0,
                0.0,
                0.0,
                0.0,
                0.0,
                0.0,
                0.0,
                0.0,
                0.0,
                0.0,
                0.0,
                0.0,
                1.1257926325411554e-06,
                -1.1640815557820891e-09
            ],
            [
                0.0,
                0.0,
                0.0,
                0.0,
                0.0,
                0.0,
                0.0,
                0.0,
                0.0,
                0.0,
                0.0,
                0.0,
                0.0,
                0.0,
                0.0,
                0.0,
                0.0,
                5.745866143943988e-07
            ]
        ]
    ],
    "allnames": [
        "m1_flow_nominal",
        "m2_flow_nominal",
        "tau1",
        "tau2",
        "tau_m",
        "nominalUa.hasValue",
        "workingPressure.hasValue",
        "flowCoefficient.hasValue",
        "waterFlowRateMax",
        "c1",
        "c2",
        "c3",
        "c4",
        "eps_motor",
        "f_motorToAir",
        "kp",
        "Ti",
        "Td"
    ],
    "alpha_count": 2169,
    "cov": [
        [
            0.016915323570673223,
            0.004687334941226137,
            2.293377393836233,
            0.5271015345345644,
            0.10645888287689596,
            15.051157125902805,
            -1.2444210817674903,
            -6.351818742527221,
            0.003915223372175378,
            2.369831001924182e-05,
            0.0017531643885524842,
            -0.004082569811036554,
            0.00015349908914388263,
            0.0004545044660139591,
            0.0020466529045348233,
            0.007527434204592133,
            -0.008697254019440942,
            0.009413251934077396
        ],
        [
            0.004687334941226137,
            0.0016307836574973615,
            0.7211895186649849,
            0.16398819884014101,
            0.042548550645705736,
            4.451874168880217,
            0.03744718253667758,
            -2.6727060355958523,
            0.0012300796702637076,
            2.5776107056161847e-05,
            0.0005511407900764805,
            -0.0014080937240455304,
            6.131377811684787e-05,
            0.00011837292457024332,
            0.00034822612447485825,
            0.0027059742185802757,
            -0.004102856187994303,
            0.0028250292486407423
        ],
        [
            2.293377393836233,
            0.7211895186649849,
            404.2214144935255,
            78.2014343591917,
            19.11534543866021,
            2100.5302071682254,
            460.47994255459633,
            -1360.0594349263408,
            0.6173099881441954,
            0.011927235430147778,
            0.2466380335777555,
            -0.6257923773734655,
            0.024370515939125256,
            0.0620693832744363,
            0.16672168661828898,
            1.1851347254252098,
            -1.842471617765898,
            1.410500896910623
        ],
        [
            0.5271015345345644,
            0.16398819884014101,
            78.2014343591917,
            20.438531915938697,
            3.9395442881402416,
            463.44205835830513,
            29.26651353166047,
            -205.04605370565113,
            0.14026347564606823,
            0.0010535899659324596,
            0.054333799022236756,
            -0.12899115775414044,
            0.006339815749223636,
            0.014215832783304728,
            0.04974298104472527,
            0.2621010862358717,
            -0.3872715532857576,
            0.3048502679241843
        ],
        [
            0.10645888287689596,
            0.042548550645705736,
            19.11534543866021,
            3.9395442881402416,
            1.9538712125029483,
            113.50843598456673,
            35.03565092980199,
            -105.58349975362538,
            0.03699804196535236,
            0.002263425171193872,
            0.019699814815412636,
            -0.05854676412898687,
            0.0025852198135532275,
            0.0018253003322141943,
            -0.008778255314952126,
            0.1143564395068548,
            -0.19951352140324194,
            0.07214009890718723
        ],
        [
            15.051157125902805,
            4.451874168880217,
            2100.5302071682254,
            463.44205835830513,
            113.50843598456673,
            14448.880926100197,
            -2392.372005103706,
            -6474.672508990794,
            3.2606590151740065,
            0.06608052126688786,
            1.772970045434365,
            -4.378427303894927,
            0.14353839961844778,
            0.3957527944811005,
            1.5063656486507915,
            7.644352152527078,
            -8.901340718648521,
            8.654407782509349
        ],
        [
            -1.2444210817674903,
            0.03744718253667758,
            460.47994255459633,
            29.26651353166047,
            35.03565092980199,
            -2392.372005103706,
            15414.731306683414,
            -5359.988671226003,
            1.3726457724276893,
            0.05294320647954332,
            -0.16854351175964472,
            0.0020892135323991876,
            0.06896886491431847,
            -0.041830427628073735,
            -1.2587990622708674,
            1.4312321330175832,
            -7.835237633723244,
            0.8113483662766899
        ],
        [
            -6.351818742527221,
            -2.6727060355958523,
            -1360.0594349263408,
            -205.04605370565113,
            -105.58349975362538,
            -6474.672508990794,
            -5359.988671226003,
            11710.020691926165,
            -2.8035721924589057,
            -0.12451975525958127,
            -0.9851295998914361,
            2.9665727817147762,
            -0.13751929963552284,
            -0.14474106808446946,
            0.21649486230176307,
            -5.629759171422398,
            12.032851249341475,
            -4.826592985038472
        ],
        [
            0.003915223372175378,
            0.0012300796702637076,
            0.6173099881441954,
            0.14026347564606823,
            0.03699804196535236,
            3.2606590151740065,
            1.3726457724276893,
            -2.8035721924589057,
            0.001607302384857483,
            1.61259424979472e-05,
            0.00042304774257119997,
            -0.0010735244290100631,
            6.571728721695871e-05,
            9.600559630728645e-05,
            0.0002886061924711561,
            0.0022104406982423478,
            -0.004432765628370251,
            0.0022908674709436064
        ],
        [
            2.369831001924182e-05,
            2.5776107056161847e-05,
            0.011927235430147778,
            0.0010535899659324596,
            0.002263425171193872,
            0.06608052126688786,
            0.05294320647954332,
            -0.12451975525958127,
            1.61259424979472e-05,
            4.35181971029701e-06,
            1.9734553610498936e-05,
            -7.061567863659721e-05,
            2.1432301923452175e-06,
            -6.733121208383701e-07,
            -3.703190639397047e-05,
            0.00012150205672848728,
            -0.0002210811290929375,
            3.401775505156762e-05
        ],
        [
            0.0017531643885524842,
            0.0005511407900764805,
            0.2466380335777555,
            0.054333799022236756,
            0.019699814815412636,
            1.772970045434365,
            -0.16854351175964472,
            -0.9851295998914361,
            0.00042304774257119997,
            1.9734553610498936e-05,
            0.000269610323877699,
            -0.0007244262856275535,
            2.4150085270129903e-05,
            4.0502117482645566e-05,
            5.740647352030816e-05,
            0.0012838389803594428,
            -0.0017254070381945682,
            0.0010567310337415675
        ],
        [
            -0.004082569811036554,
            -0.0014080937240455304,
            -0.6257923773734655,
            -0.12899115775414044,
            -0.05854676412898687,
            -4.378427303894927,
            0.0020892135323991876,
            2.9665727817147762,
            -0.0010735244290100631,
            -7.061567863659721e-05,
            -0.0007244262856275535,
            0.002075447447236687,
            -6.900779983207417e-05,
            -8.566438935548005e-05,
            0.00010296998176373222,
            -0.0036758440519604574,
            0.005336059632695042,
            -0.0025962779838975616
        ],
        [
            0.00015349908914388263,
            6.131377811684787e-05,
            0.024370515939125256,
            0.006339815749223636,
            0.0025852198135532275,
            0.14353839961844778,
            0.06896886491431847,
            -0.13751929963552284,
            6.571728721695871e-05,
            2.1432301923452175e-06,
            2.4150085270129903e-05,
            -6.900779983207417e-05,
            4.628485192792859e-06,
            2.4764186022890204e-06,
            -5.8284590228797995e-06,
            0.00014384128690262424,
            -0.00030426231538632515,
            0.00010063212462739332
        ],
        [
            0.0004545044660139591,
            0.00011837292457024332,
            0.0620693832744363,
            0.014215832783304728,
            0.0018253003322141943,
            0.3957527944811005,
            -0.041830427628073735,
            -0.14474106808446946,
            9.600559630728645e-05,
            -6.733121208383701e-07,
            4.0502117482645566e-05,
            -8.566438935548005e-05,
            2.4764186022890204e-06,
            1.4042211468379124e-05,
            6.923781518831163e-05,
            0.00014719059161250527,
            -0.0001143478837399664,
            0.0002477222376649037
        ],
        [
            0.0020466529045348233,
            0.00034822612447485825,
            0.16672168661828898,
            0.04974298104472527,
            -0.008778255314952126,
            1.5063656486507915,
            -1.2587990622708674,
            0.21649486230176307,
            0.0002886061924711561,
            -3.703190639397047e-05,
            5.740647352030816e-05,
            0.00010296998176373222,
            -5.8284590228797995e-06,
            6.923781518831163e-05,
            0.0007130851527216962,
            -0.00023521609085277664,
