9.232403284737223737e-04 5.148209041935707320e-06 -3.385018960242125669e-04 1.259821873615382995e-04 5.700457645098444160e-06 3.679873649980711352e-03 -5.525540720680266991e-04 -3.541517826262017242e-03 -3.804660153924022686e-06 3.778561179695146721e-07 -9.554085019953357295e-07 -1.055256994010645446e-06 1.511122253210561447e-07 4.066757077551967524e-08 1.638496513832469081e-06 1.414260350982490320e-05 -2.549770907914223827e-05 9.120422254895080470e-06
5.148209041935707320e-06 1.852290126443327306e-03 -3.150575797001705595e-04 1.172567820199760008e-04 5.305649421590200795e-06 3.425009134018048088e-03 -5.142847075420043127e-04 -3.296235701815124469e-03 -3.541153044505371619e-06 3.516861660174045253e-07 -8.892378264318063742e-07 -9.821709077543555992e-07 1.406463376776872970e-07 3.785097386841268146e-08 1.525015818399729463e-06 1.316310036900313506e-05 -2.373176222859033467e-05 8.488750566009481240e-06
-3.385018960242125669e-04 -3.150575797001705595e-04 1.258967857458127213e+02 -7.709796302392523011e-03 -3.488538196912010256e-04 -2.251991083348542921e-01 3.381493392773544243e-02 2.167320762848414517e-01 2.328357317880548789e-04 -2.312385395244487149e-05 5.846862235229631515e-05 6.457910154512007004e-05 -9.247692077953769630e-06 -2.488754111663484168e-06 -1.002719085006554997e-04 -8.654921344820203956e-04 1.560396332964977990e-03 -5.581471416689807400e-04
1.259821873615382995e-04 1.172567820199760008e-04 -7.709796302392523011e-03 8.482085558342866705e+00 1.298349220205890868e-04 8.381364061211531158e-02 -1.258509742999278959e-02 -8.066241685044822640e-02 -8.665580645517401940e-05 8.606137027218837974e-06 -2.176060170555481867e-05 -2.403477370748664950e-05 3.441766470765206965e-06 9.262538569945290550e-07 3.731876988637318352e-05 3.221151595512844988e-04 -5.807416309531982868e-04 2.077288151201934162e-04
5.700457645098444160e-06 5.305649421590200795e-06 -3.488538196912010256e-04 1.298349220205890868e-04 4.792146624869693672e-01 3.792410009676722062e-03 -5.694520500206307805e-04 -3.649823045917628597e-03 -3.921012682387960013e-06 3.894115560224973247e-07 -9.846264059409613095e-07 -1.087528422854496093e-06 1.557334763097373057e-07 4.191124944714494127e-08 1.688604330181619167e-06 1.457510670613113424e-05 -2.627746937345822465e-05 9.399339200715154841e-06
3.679873649980711352e-03 3.425009134018048088e-03 -2.251991083348542921e-01 8.381364061211531158e-02 3.792410009676722062e-03 5.114319556227294015e+03 -3.676040985236070369e-01 -2.356106911050063868e+00 -2.531170679527163826e-03 2.513807510239695719e-04 -6.356157683958693584e-04 -7.020431403974107792e-04 1.005321943554587753e-04 2.705538959857562743e-05 1.090061704996907882e-03 9.408814950088604731e-03 -1.696315860160980959e-02 6.067649793290435557e-03
-5.525540720680266991e-04 -5.142847075420043127e-04 3.381493392773544243e-02 -1.258509742999278959e-02 -5.694520500206307805e-04 -3.676040985236070369e-01 7.724922802048741141e+04 3.537829261977940010e-01 3.800697521446854787e-04 -3.774625729841055144e-05 9.544134242207635366e-05 1.054157921960304200e-04 -1.509548388035937375e-05 -4.062521465691696321e-06 -1.636789985723054110e-04 -1.412787369488415542e-03 2.547115268619183290e-03 -9.110923145915413588e-04
-3.541517826262017242e-03 -3.296235701815124469e-03 2.167320762848414517e-01 -8.066241685044822640e-02 -3.649823045917628597e-03 -2.356106911050063868e+00 3.537829261977940010e-01 1.609541086582892967e+04 2.436003769559908372e-03 -2.419293420400964623e-04 6.117178980965825739e-04 6.756477349529189762e-04 -9.675238670897335367e-05 -2.603816154403066878e-05 -1.049077584495965556e-03 -9.055062493766330781e-03 1.632537806770237993e-02 -5.839518404814184049e-03
-3.804660153924022686e-06 -3.541153044505371619e-06 2.328357317880548789e-04 -8.665580645517401940e-05 -3.921012682387960013e-06 -2.531170679527163826e-03 3.800697521446854787e-04 2.436003769559908372e-03 3.380606974956499190e-03 -2.599052081283839207e-07 6.571698425662629231e-07 7.258498026473592511e-07 -1.039412953900644183e-07 -2.797285247963083893e-08 -1.127026286443817764e-06 -9.727872949234110257e-06 1.753838847607625901e-05 -6.273407076522438684e-06
3.778561179695146721e-07 3.516861660174045253e-07 -2.312385395244487149e-05 8.606137027218837974e-06 3.894115560224973247e-07 2.513807510239695719e-04 -3.774625729841055144e-05 -2.419293420400964623e-04 -2.599052081283839207e-07 5.154074861351107537e-06 -6.526618292112614385e-08 -7.208706627171373362e-08 1.032282852709074156e-08 2.778096602290721924e-09 1.119295180690567654e-07 9.661142283384234357e-07 -1.741807971515288261e-06 6.230373143662879068e-07
-9.554085019953357295e-07 -8.892378264318063742e-07 5.846862235229631515e-05 -2.176060170555481867e-05 -9.846264059409613095e-07 -6.356157683958693584e-04 9.544134242207635366e-05 6.117178980965825739e-04 6.571698425662629231e-07 -6.526618292112614385e-08 5.181263117143444465e-05 1.822720149934244641e-07 -2.610125301773779422e-08 -7.024412168991405539e-09 -2.830135813655005511e-07 -2.442818056283695893e-06 4.404158264716038793e-06 -1.575348707874877835e-06
-1.055256994010645446e-06 -9.821709077543555992e-07 6.457910154512007004e-05 -2.403477370748664950e-05 -1.087528422854496093e-06 -7.020431403974107792e-04 1.054157921960304200e-04 6.756477349529189762e-04 7.258498026473592511e-07 -7.208706627171373362e-08 1.822720149934244641e-07 1.510995004703077123e-03 -2.882906080685447098e-08 -7.758524290563468079e-09 -3.125909603192994557e-07 -2.698113773956604216e-06 4.864431080386257661e-06 -1.739986339370793503e-06
1.511122253210561447e-07 1.406463376776872970e-07 -9.247692077953769630e-06 3.441766470765206965e-06 1.557334763097373057e-07 1.005321943554587753e-04 -1.509548388035937375e-05 -9.675238670897335367e-05 -1.039412953900644183e-07 1.032282852709074156e-08 -2.610125301773779422e-08 -2.882906080685447098e-08 4.056677571113793486e-06 1.111016441879831860e-09 4.476285482796693871e-08 3.863684191301958135e-07 -6.965838744970797816e-07 2.491650936813469380e-07
4.066757077551967524e-08 3.785097386841268146e-08 -2.488754111663484168e-06 9.262538569945290550e-07 4.191124944714494127e-08 2.705538959857562743e-05 -4.062521465691696321e-06 -2.603816154403066878e-05 -2.797285247963083893e-08 2.778096602290721924e-09 -7.024412168991405539e-09 -7.758524290563468079e-09 1.111016441879831860e-09 7.317994755209550652e-06 1.204665316100669987e-08 1.039801048328116896e-07 -1.874657987267981567e-07 6.705572008185646179e-08
1.638496513832469081e-06 1.525015818399729463e-06 -1.002719085006554997e-04 3.731876988637318352e-05 1.688604330181619167e-06 1.090061704996907882e-03 -1.636789985723054110e-04 -1.049077584495965556e-03 -1.127026286443817764e-06 1.119295180690567654e-07 -2.830135813655005511e-07 -3.125909603192994557e-07 4.476285482796693871e-08 1.204665316100669987e-08 3.993728348253539171e-04 4.189358646891529480e-06 -7.552997433069642885e-06 2.701675106022944870e-06
1.414260350982490320e-05 1.316310036900313506e-05 -8.654921344820203956e-04 3.221151595512844988e-04 1.457510670613113424e-05 9.408814950088604731e-03 -1.412787369488415542e-03 -9.055062493766330781e-03 -9.727872949234110257e-06 9.661142283384234357e-07 -2.442818056283695893e-06 -2.698113773956604216e-06 3.863684191301958135e-07 1.039801048328116896e-07 4.189358646891529480e-06 1.489644271360434681e-02 -6.519333248795131238e-05 2.331937817034220056e-05
-2.549770907914223827e-05 -2.373176222859033467e-05 1.560396332964977990e-03 -5.807416309531982868e-04 -2.627746937345822465e-05 -1.696315860160980959e-02 2.547115268619183290e-03 1.632537806770237993e-02 1.753838847607625901e-05 -1.741807971515288261e-06 4.404158264716038793e-06 4.864431080386257661e-06 -6.965838744970797816e-07 -1.874657987267981567e-07 -7.552997433069642885e-06 -6.519333248795131238e-05 2.551650428716734434e-02 -4.204252209155279234e-05
9.120422254895080470e-06 8.488750566009481240e-06 -5.581471416689807400e-04 2.077288151201934162e-04 9.399339200715154841e-06 6.067649793290435557e-03 -9.110923145915413588e-04 -5.839518404814184049e-03 -6.273407076522438684e-06 6.230373143662879068e-07 -1.575348707874877835e-06 -1.739986339370793503e-06 2.491650936813469380e-07 6.705572008185646179e-08 2.701675106022944870e-06 2.331937817034220056e-05 -4.204252209155279234e-05 6.655926410482170333e-03
2.956948815963341749e-04 1.640970348163926129e-06 5.214634840671722557e-05 3.860163841314362393e-05 -1.024027509053931189e-05 6.311273648024369465e-04 1.293236915480169445e-03 -7.656480552952293450e-05 -1.616749606847237792e-06 7.238044188221459496e-08 -3.536723320043422668e-07 -7.216586984454406046e-08 2.147066611075425647e-08 1.394923717254021553e-09 4.800287670356256946e-07 4.761224994080388586e-06 -8.676396416091714371e-06 2.956218405857808816e-06
1.640970348163926129e-06 5.927330020540217933e-04 -1.048345363479183146e-04 3.756503414062608702e-05 1.999751938663007667e-06 1.109678837000518167e-03 -2.013631093725968115e-04 -1.081242665742425434e-03 -1.123176475673505543e-06 1.137542529903746008e-07 -2.833562385722870933e-07 -3.209399413046168822e-07 4.567970259279084029e-08 1.240310037211414926e-08 4.891135394593858740e-07 4.206295807112798956e-06 -7.581221376574133307e-06 2.715457057060212246e-06
5.214634840671722557e-05 -1.048345363479183146e-04 4.038678535664481473e+01 -3.532447351675595953e-03 -7.615964446231853792e-03 -4.119563677549351599e-01 9.252263091401926598e-01 7.266575269092002687e-01 -1.738399026734348469e-04 -3.758853021433645238e-05 -1.111076038990445054e-05 1.858222382976014160e-04 -1.968246616584445034e-05 -8.023483434962303299e-06 -5.963642200599289766e-05 -1.304142420048616817e-04 1.776610821476600854e-04 -1.551672671827028830e-04
3.860163841314362393e-05 3.756503414062608702e-05 -3.532447351675595953e-03 2.714278748735335256e+00 1.216407960603556088e-04 3.044803447493241166e-02 -1.378666846920535705e-02 -3.282736181606434739e-02 -2.507925045206047646e-05 3.076169518868970301e-06 -6.645116427875198167e-06 -9.453845119557694853e-06 1.279851797889048927e-06 3.735357794788828711e-07 1.223604084064110670e-05 1.015127971175726047e-04 -1.824041879645839717e-04 6.622304799085878386e-05
-1.024027509053931189e-05 1.999751938663007667e-06 -7.615964446231853792e-03 1.216407960603556088e-04 1.539128917412711517e-01 2.676779350845674005e-02 -6.893017194416359295e-02 -5.058611566915539176e-02 1.741682708298378010e-05 2.394310018247401611e-06 1.926937109394574592e-06 -1.276503770391333428e-05 1.307139001589659729e-06 5.567668663054131764e-07 2.611606688673415996e-06 -6.353557804299278199e-06 1.577507451710674960e-05 1.245507664086804397e-06
6.311273648024369465e-04 1.109678837000518167e-03 -4.119563677549351599e-01 3.044803447493241166e-02 2.676779350845674005e-02 1.637739681906708711e+03 -3.231424734218964367e+00 -2.992244765443066168e+00 3.571340794910260794e-05 1.832429775352624717e-04 -1.018496496219310841e-04 -7.870565922382152368e-04 8.911721429459412149e-05 3.326784082752624904e-05 4.426327396381985477e-04 2.511802490876388627e-03 -4.332854258357058536e-03 1.861829185724227188e-03
1.293236915480169445e-03 -2.013631093725968115e-04 9.252263091401926598e-01 -1.378666846920535705e-02 -6.893017194416359295e-02 -3.231424734218964367e+00 2.472812992931521148e+04 6.134833075970585803e+00 -2.153513079543744983e-03 -2.886423806537292188e-04 -2.426494377924206971e-04 1.546752573907470138e-03 -1.580335466819778945e-04 -6.750804670015275581e-05 -3.047602592355960999e-04 8.904056886688656780e-04 -2.131735958599635921e-03 -7.681496477854688821e-05
-7.656480552952293450e-05 -1.081242665742425434e-03 7.266575269092002687e-01 -3.282736181606434739e-02 -5.058611566915539176e-02 -2.992244765443066168e+00 6.134833075970585803e+00 5.154860007470772871e+03 -8.559171978946948645e-04 -2.762199297878491634e-04 -6.282591781714502929e-07 1.303812975335429938e-03 -1.410878605611986896e-04 -5.592461915811711934e-05 -5.171255976451953834e-04 -1.932590747872292613e-03 3.105859846368647353e-03 -1.714287967776449793e-03
-1.616749606847237792e-06 -1.123176475673505543e-06 -1.738399026734348469e-04 -2.507925045206047646e-05 1.741682708298378010e-05 3.571340794910260794e-05 -2.153513079543744983e-03 -8.559171978946948645e-04 1.082412145809758409e-03 -8.056573045593851411e-09 2.844913797624908018e-07 -1.786555521538358719e-07 8.347845963386195431e-09 9.030413940755165667e-09 -2.921026310471974600e-07 -3.477534062595357703e-06 6.412621906433118304e-06 -2.065810952939945797e-06
7.238044188221459496e-08 1.137542529903746008e-07 -3.758853021433645238e-05 3.076169518868970301e-06 2.394310018247401611e-06 1.832429775352624717e-04 -2.886423806537292188e-04 -2.762199297878491634e-04 -8.056573045593851411e-09 1.658434641186347310e-06 -1.186584889205622391e-08 -7.301986704183239831e-08 8.361268121955030125e-09 3.074834748426710834e-09 4.414981420445046855e-08 2.648342892857465288e-07 -4.600901746144495403e-07 1.922825259246396406e-07
-3.536723320043422668e-07 -2.833562385722870933e-07 -1.111076038990445054e-05 -6.645116427875198167e-06 1.926937109394574592e-06 -1.018496496219310841e-04 -2.426494377924206971e-04 -6.282591781714502929e-07 2.844913797624908018e-07 -1.186584889205622391e-08 1.658895130666359873e-05 8.984243069051660396e-09 -3.356123820079437303e-09 -8.862614783583624406e-11 -8.233359741887985020e-08 -8.254834968315425478e-07 1.505432512504023363e-06 -5.111145401895011558e-07
-7.216586984454406046e-08 -3.209399413046168822e-07 1.858222382976014160e-04 -9.453845119557694853e-06 -1.276503770391333428e-05 -7.870565922382152368e-04 1.546752573907470138e-03 1.303812975335429938e-03 -1.786555521538358719e-07 -7.301986704183239831e-08 8.984243069051660396e-09 4.837916781250340076e-04 -3.689632103255465392e-08 -1.444100663266201118e-08 -1.456136927739343386e-07 -6.209188887559441559e-07 1.024374281171789794e-06 -5.180109742595957498e-07
2.147066611075425647e-08 4.567970259279084029e-08 -1.968246616584445034e-05 1.279851797889048927e-06 1.307139001589659729e-06 8.911721429459412149e-05 -1.580335466819778945e-04 -1.410878605611986896e-04 8.347845963386195431e-09 8.361268121955030125e-09 -3.356123820079437303e-09 -3.689632103255465392e-08 1.300938692286381490e-06 1.566378177610666138e-09 1.893984703806616396e-08 9.908548032259651905e-08 -1.690137335719697624e-07 7.580563340052445526e-08
1.394923717254021553e-09 1.240310037211414926e-08 -8.023483434962303299e-06 3.735357794788828711e-07 5.567668663054131764e-07 3.326784082752624904e-05 -6.750804670015275581e-05 -5.592461915811711934e-05 9.030413940755165667e-09 3.074834748426710834e-09 -8.862614783583624406e-11 -1.444100663266201118e-08 1.566378177610666138e-09 2.342281602558264561e-06 5.849659423058707671e-09 2.266308886174651581e-08 -3.669866887430809304e-08 1.976065738600083241e-08
4.800287670356256946e-07 4.891135394593858740e-07 -5.963642200599289766e-05 1.223604084064110670e-05 2.611606688673415996e-06 4.426327396381985477e-04 -3.047602592355960999e-04 -5.171255976451953834e-04 -2.921026310471974600e-07 4.414981420445046855e-08 -8.233359741887985020e-08 -1.456136927739343386e-07 1.893984703806616396e-08 5.849659423058707671e-09 1.278069109941325362e-04 1.300147702109119106e-06 -2.328176951935211973e-06 8.580664633128042787e-07
4.761224994080388586e-06 4.206295807112798956e-06 -1.304142420048616817e-04 1.015127971175726047e-04 -6.353557804299278199e-06 2.511802490876388627e-03 8.904056886688656780e-04 -1.932590747872292613e-03 -3.477534062595357703e-06 2.648342892857465288e-07 -8.254834968315425478e-07 -6.209188887559441559e-07 9.908548032259651905e-08 2.266308886174651581e-08 1.300147702109119106e-06 4.767076817922959696e-03 -2.133412459083700244e-05 7.496614521066437017e-06
-8.676396416091714371e-06 -7.581221376574133307e-06 1.776610821476600854e-04 -1.824041879645839717e-04 1.577507451710674960e-05 -4.332854258357058536e-03 -2.131735958599635921e-03 3.105859846368647353e-03 6.412621906433118304e-06 -4.600901746144495403e-07 1.505432512504023363e-06 1.024374281171789794e-06 -1.690137335719697624e-07 -3.669866887430809304e-08 -2.328176951935211973e-06 -2.133412459083700244e-05 8.166317989363439458e-03 -1.352914549827069084e-05
2.956218405857808816e-06 2.715457057060212246e-06 -1.551672671827028830e-04 6.622304799085878386e-05 1.245507664086804397e-06 1.861829185724227188e-03 -7.681496477854688821e-05 -1.714287967776449793e-03 -2.065810952939945797e-06 1.922825259246396406e-07 -5.111145401895011558e-07 -5.180109742595957498e-07 7.580563340052445526e-08 1.976065738600083241e-08 8.580664633128042787e-07 7.496614521066437017e-06 -1.352914549827069084e-05 2.129901955847917326e-03
9.464615150246031823e-05 4.594967967215171463e-07 2.437462768410297422e-05 1.620698478425054882e-05 -2.584743529852700695e-06 4.793402042689752442e-04 4.206422548200056881e-04 1.658670851855928354e-04 -4.641403898244951548e-07 2.051319636687978044e-08 -1.094339600933355659e-07 -3.752304977470337813e-08 3.823377826153906009e-09 5.566339547969543628e-10 1.610857364903261039e-07 1.421519021780497591e-06 -2.409830411033999990e-06 9.485805069833370891e-07
4.594967967215171463e-07 1.898555303778198735e-04 -5.475082488646267992e-05 1.389792069629726374e-06 -1.269088756159633872e-06 -4.099452840478874714e-04 -8.320909770987294383e-05 -8.710526949735138309e-04 -5.062015652116452430e-07 4.370633457619987488e-08 -1.009925923083783310e-07 -6.290135958313964115e-08 2.302210939348830956e-08 3.664887624393747971e-09 1.358952515154875998e-07 1.627542965072065123e-06 -3.437158633470187638e-06 8.618010561258038415e-07
2.437462768410297422e-05 -5.475082488646267992e-05 1.292625570764217890e+01 1.152269562518131233e-04 -2.213434729489242251e-03 -4.218790426984955072e-02 2.982719933688346980e-01 2.940498054630261704e-01 -3.843032361306668554e-05 -1.288423530739744532e-05 -2.346439031044837178e-06 5.479991674575147696e-05 -7.283135841988081385e-06 -2.531883529884405445e-06 -1.666753411916482570e-05 -7.471853081116125949e-05 1.753275683633097825e-04 -4.881633988833119955e-05
1.620698478425054882e-05 1.389792069629726374e-06 1.152269562518131233e-04 8.691937160147968910e-01 1.510693107907183153e-04 5.468559310699632608e-02 -3.308924655098938183e-03 2.033946519954353202e-02 5.974917154987668933e-07 5.552454831937536234e-07 -1.520274038319278830e-06 -5.363237042797861061e-06 -8.417371947527128153e-08 1.373959883597336265e-07 5.126913080363681223e-06 1.594578839816428916e-05 1.031447128438553055e-06 2.161111838581255675e-05
-2.584743529852700695e-06 -1.269088756159633872e-06 -2.213434729489242251e-03 1.510693107907183153e-04 4.927226307300228841e-02 1.663595741396515365e-02 -2.185962384214372445e-02 -1.064886802627240843e-02 7.121788001873003119e-06 6.891206620481903367e-07 7.254684513995796300e-07 -4.504647321983489171e-06 3.296261741849366860e-07 1.813733279703768665e-07 1.053241343712016400e-06 -5.002918059670119490e-06 1.571460824609147947e-05 4.739356023907195714e-07
4.793402042689752442e-04 -4.099452840478874714e-04 -4.218790426984955072e-02 5.468559310699632608e-02 1.663595741396515365e-02 5.273108859144356302e+02 -9.546941929841484820e-01 1.262131608645898906e+00 6.319566083353156394e-04 2.775625865571901849e-05 1.102957848102117625e-05 -4.201086290460734601e-04 -7.012632976365571556e-06 1.193129908397577748e-05 2.288173015386186745e-04 -3.863732587664037805e-04 2.888159472060392897e-03 6.259914057948847864e-04
4.206422548200056881e-04 -8.320909770987294383e-05 2.982719933688346980e-01 -3.308924655098938183e-03 -2.185962384214372445e-02 -9.546941929841484820e-01 7.913003524788836330e+03 2.017613194475934790e+00 -6.738974267339487576e-04 -9.312334360083647272e-05 -7.657742004214274643e-05 4.908322287225691700e-04 -5.144258699908026334e-05 -2.157102864958736216e-05 -9.538415410911261735e-05 2.557254678546735634e-04 -5.772619668513970410e-04 -2.383958084029908262e-05
1.658670851855928354e-04 -8.710526949735138309e-04 2.940498054630261704e-01 2.033946519954353202e-02 -1.064886802627240843e-02 1.262131608645898906e+00 2.017613194475934790e+00 1.651078566610090093e+03 1.519802446781510770e-04 -1.095846039403654910e-04 2.973673240628380205e-05 3.017484205175869640e-04 -6.953274717712819037e-05 -1.701356700286615851e-05 -1.056513835548187740e-04 -1.435238926054113956e-03 3.927618687474841719e-03 -5.278414749944871330e-04
-4.641403898244951548e-07 -5.062015652116452430e-07 -3.843032361306668554e-05 5.974917154987668933e-07 7.121788001873003119e-06 6.319566083353156394e-04 -6.738974267339487576e-04 1.519802446781510770e-04 3.464909444963257929e-04 -8.503189786189522584e-09 9.940668622385259396e-08 -8.945120912215888174e-08 -4.145689720626739421e-09 3.136392545397833991e-09 -7.674702006986601582e-08 -1.341159369445223242e-06 2.872200294986437853e-06 -6.552640096692620033e-07
2.051319636687978044e-08 4.370633457619987488e-08 -1.288423530739744532e-05 5.552454831937536234e-07 6.891206620481903367e-07 2.775625865571901849e-05 -9.312334360083647272e-05 -1.095846039403654910e-04 -8.503189786189522584e-09 5.309939557216270382e-07 -4.213589232445397981e-09 -2.175982502218531963e-08 3.014863739183917031e-09 9.716717216862339687e-10 1.329555569630625911e-08 9.611106623401173193e-08 -1.880453749635510584e-07 6.124198704543633545e-08
-1.094339600933355659e-07 -1.009925923083783310e-07 -2.346439031044837178e-06 -1.520274038319278830e-06 7.254684513995796300e-07 1.102957848102117625e-05 -7.657742004214274643e-05 2.973673240628380205e-05 9.940668622385259396e-08 -4.213589232445397981e-09 5.309052767511355480e-06 6.056601875266262336e-10 -1.553176358165030841e-09 -1.102082894377112784e-11 -2.517097102844716633e-08 -2.802070002299052980e-07 5.393935292784248165e-07 -1.631492451811228180e-07
-3.752304977470337813e-08 -6.290135958313964115e-08 5.479991674575147696e-05 -5.363237042797861061e-06 -4.504647321983489171e-06 -4.201086290460734601e-04 4.908322287225691700e-04 3.017484205175869640e-04 -8.945120912215888174e-08 -2.175982502218531963e-08 6.056601875266262336e-10 1.548220898121264208e-04 -9.958456054934791970e-09 -4.688001725123159413e-09 -5.113143373557354149e-08 -1.367794669179903859e-07 1.054206160654853859e-07 -1.673349067540943076e-07
3.823377826153906009e-09 2.302210939348830956e-08 -7.283135841988081385e-06 -8.417371947527128153e-08 3.296261741849366860e-07 -7.012632976365571556e-06 -5.144258699908026334e-05 -6.953274717712819037e-05 -4.145689720626739421e-09 3.014863739183917031e-09 -1.553176358165030841e-09 -9.958456054934791970e-09 4.166907085856143152e-07 4.871177811009723337e-10 5.103065800140551783e-09 4.478210502167166946e-08 -1.010450985696426279e-07 2.392596486312545862e-08
5.566339547969543628e-10 3.664887624393747971e-09 -2.531883529884405445e-06 1.373959883597336265e-07 1.813733279703768665e-07 1.193129908397577748e-05 -2.157102864958736216e-05 -1.701356700286615851e-05 3.136392545397833991e-09 9.716717216862339687e-10 -1.102082894377112784e-11 -4.688001725123159413e-09 4.871177811009723337e-10 7.495306238408388061e-07 1.906543019221005270e-09 6.779103638893439933e-09 -1.004439105041366994e-08 6.335417278698150384e-09
1.610857364903261039e-07 1.358952515154875998e-07 -1.666753411916482570e-05 5.126913080363681223e-06 1.053241343712016400e-06 2.288173015386186745e-04 -9.538415410911261735e-05 -1.056513835548187740e-04 -7.674702006986601582e-08 1.329555569630625911e-08 -2.517097102844716633e-08 -5.113143373557354149e-08 5.103065800140551783e-09 1.906543019221005270e-09 4.090056124262303933e-05 3.839677652286386592e-07 -6.297963932196887215e-07 2.753954475179228407e-07
1.421519021780497591e-06 1.627542965072065123e-06 -7.471853081116125949e-05 1.594578839816428916e-05 -5.002918059670119490e-06 -3.863732587664037805e-04 2.557254678546735634e-04 -1.435238926054113956e-03 -1.341159369445223242e-06 9.611106623401173193e-08 -2.802070002299052980e-07 -1.367794669179903859e-07 4.478210502167166946e-08 6.779103638893439933e-09 3.839677652286386592e-07 1.525902545541082565e-03 -8.399958473549560552e-06 2.387801104028224847e-06
-2.409830411033999990e-06 -3.437158633470187638e-06 1.753275683633097825e-04 1.031447128438553055e-06 1.571460824609147947e-05 2.888159472060392897e-03 -5.772619668513970410e-04 3.927618687474841719e-03 2.872200294986437853e-06 -1.880453749635510584e-07 5.393935292784248165e-07 1.054206160654853859e-07 -1.010450985696426279e-07 -1.004439105041366994e-08 -6.297963932196887215e-07 -8.399958473549560552e-06 2.618871653731147386e-03 -4.289402763077150228e-06
9.485805069833370891e-07 8.618010561258038415e-07 -4.881633988833119955e-05 2.161111838581255675e-05 4.739356023907195714e-07 6.259914057948847864e-04 -2.383958084029908262e-05 -5.278414749944871330e-04 -6.552640096692620033e-07 6.124198704543633545e-08 -1.631492451811228180e-07 -1.673349067540943076e-07 2.392596486312545862e-08 6.335417278698150384e-09 2.753954475179228407e-07 2.387801104028224847e-06 -4.289402763077150228e-06 6.815689079843488584e-04
3.029590422186539310e-05 1.301455404630714351e-07 1.146119728481251249e-05 8.150288746101364609e-06 -7.574847489813902617e-07 1.447671650277093441e-04 3.289851238466471933e-04 4.309253589363700858e-05 -1.507482321525336026e-07 6.584713677425556635e-09 -3.688328398454166658e-08 -1.515071255338435786e-08 9.129021117482971083e-10 2.225719507448180620e-09 3.967486437203120306e-08 4.312208098197467760e-07 -8.067040510135278787e-07 2.494573596178187513e-07
1.301455404630714351e-07 6.078500836113466223e-05 -2.429061884252948659e-05 -5.036271870260189237e-06 -5.348711990016313651e-07 -1.152395992793463339e-04 -3.860656310408419199e-04 -2.602731403518182139e-04 -1.578732527780534307e-07 1.394813625064623302e-08 -2.887002720036673401e-08 -1.431590700765967336e-08 7.941384461667692633e-09 -2.613566968476353627e-09 6.544074821499229717e-08 5.645746003787497662e-07 -1.034137789247012325e-06 3.757943746304511656e-07
1.146119728481251249e-05 -2.429061884252948659e-05 4.137869166407956101e+00 1.224771680450028070e-03 -6.803923343767523477e-04 -1.695543450232178326e-02 1.733482420269521207e-01 9.009429268090961285e-02 -1.318873493127123542e-05 -4.114743216991504400e-06 -1.498059828253938221e-06 1.627622333720055831e-05 -2.455073638329844253e-06 1.040932090647650208e-08 -1.009176244241639421e-05 -3.339422535482873007e-05 4.185417071547139123e-05 -3.729815187963127525e-05
8.150288746101364609e-06 -5.036271870260189237e-06 1.224771680450028070e-03 2.791036641282546582e-01 7.093437847031056097e-05 1.470211458272217137e-02 6.200680654481404569e-02 3.269058952819521233e-03 -5.301455947578432607e-07 1.843267233837151973e-07 -1.091390039491865061e-06 -2.736078492482195378e-06 -1.277016020077109113e-07 7.083010244535984965e-07 -2.211394739218386471e-06 -2.575449542553487197e-06 -1.120668741455530895e-05 -1.063320186610189795e-05
-7.574847489813902617e-07 -5.348711990016313651e-07 -6.803923343767523477e-04 7.093437847031056097e-05 1.576765493174721311e-02 5.257791242041840937e-03 -5.513506341565489917e-03 -3.483743529597401606e-03 2.262025974741841719e-06 2.206747942987780107e-07 2.179392052359527861e-07 -1.465445848187137805e-06 1.031131250735384824e-07 7.364637253306583473e-08 2.465437610450526970e-07 -1.781311977532230326e-06 4.757646939935611526e-06 -2.606057397563506626e-07
1.447671650277093441e-04 -1.152395992793463339e-04 -1.695543450232178326e-02 1.470211458272217137e-02 5.257791242041840937e-03 1.687476200757481593e+02 -4.889445870509889214e-01 4.133052240031190872e-01 2.043243232388852065e-04 8.862664887893822278e-06 5.288976731781994445e-06 -1.314682907899625936e-04 -1.950939096621127753e-06 1.885631184423057631e-06 8.442607383218061156e-05 -1.013057397955455225e-04 9.577685905933028959e-04 2.513622603419474731e-04
3.289851238466471933e-04 -3.860656310408419199e-04 1.733482420269521207e-01 6.200680654481404569e-02 -5.513506341565489917e-03 -4.889445870509889214e-01 2.536296909525729461e+03 4.331885432406106795e-01 -2.629521084928415002e-04 -2.936348984942734091e-05 -6.417365121341229344e-05 9.018607677186061774e-05 -2.306975975563180906e-05 3.666363480110791060e-05 -2.831336008348889774e-04 -4.216899095827262981e-04 -9.412921187693691627e-04 -1.158458368687922220e-03
4.309253589363700858e-05 -2.602731403518182139e-04 9.009429268090961285e-02 3.269058952819521233e-03 -3.483743529597401606e-03 4.133052240031190872e-01 4.331885432406106795e-01 5.283560543712718527e+02 5.106364776429333108e-05 -3.508946877645505435e-05 1.155347338737869544e-05 9.999501229720233987e-05 -2.191103121812693752e-05 -7.682267380310475646e-06 -2.083228583896119359e-05 -4.334114316967890759e-04 1.295701535392734284e-03 -1.097932152716058770e-04
-1.507482321525336026e-07 -1.578732527780534307e-07 -1.318873493127123542e-05 -5.301455947578432607e-07 2.262025974741841719e-06 2.043243232388852065e-04 -2.629521084928415002e-04 5.106364776429333108e-05 1.108776433110581671e-04 -2.726007457457220364e-09 3.226387088153353408e-08 -2.785941300534802787e-08 -1.251037118124029278e-09 5.053349963662235824e-10 -2.166969398594899384e-08 -4.234117297004456135e-07 9.277576972583859194e-07 -1.965213313329045414e-07
6.584713677425556635e-09 1.394813625064623302e-08 -4.114743216991504400e-06 1.843267233837151973e-07 2.206747942987780107e-07 8.862664887893822278e-06 -2.936348984942734091e-05 -3.508946877645505435e-05 -2.726007457457220364e-09 1.699181117904679867e-07 -1.352530313161762872e-09 -6.970194295344532825e-09 9.640597896297861905e-10 3.155275696296955134e-10 4.227948460492341033e-09 3.070246160297544887e-08 -6.025427485768014420e-08 1.947611928090834900e-08
-3.688328398454166658e-08 -2.887002720036673401e-08 -1.498059828253938221e-06 -1.091390039491865061e-06 2.179392052359527861e-07 5.288976731781994445e-06 -6.417365121341229344e-05 1.155347338737869544e-05 3.226387088153353408e-08 -1.352530313161762872e-09 1.699277374696460834e-06 8.353015802822699116e-10 -4.336336942681382011e-10 -4.213990035172350933e-10 -5.631763244859413499e-09 -8.483664400190685605e-08 1.798626506405067551e-07 -4.116942853919419527e-08
-1.515071255338435786e-08 -1.431590700765967336e-08 1.627622333720055831e-05 -2.736078492482195378e-06 -1.465445848187137805e-06 -1.314682907899625936e-04 9.018607677186061774e-05 9.999501229720233987e-05 -2.785941300534802787e-08 -6.970194295344532825e-09 8.353015802822699116e-10 4.954415026846764386e-05 -3.079845017857642346e-09 -2.204677620081851204e-09 -1.227706033688888279e-08 -3.562691182466732029e-08 4.596915665997509412e-08 -3.493696049075838689e-08
9.129021117482971083e-10 7.941384461667692633e-09 -2.455073638329844253e-06 -1.277016020077109113e-07 1.031131250735384824e-07 -1.950939096621127753e-06 -2.306975975563180906e-05 -2.191103121812693752e-05 -1.251037118124029278e-09 9.640597896297861905e-10 -4.336336942681382011e-10 -3.079845017857642346e-09 1.333515851887536081e-07 8.626756337539318498e-11 2.036601170675326195e-09 1.513479872881198772e-08 -3.112559037240713946e-08 9.495098914101692447e-09
2.225719507448180620e-09 -2.613566968476353627e-09 1.040932090647650208e-08 7.083010244535984965e-07 7.364637253306583473e-08 1.885631184423057631e-06 3.666363480110791060e-05 -7.682267380310475646e-06 5.053349963662235824e-10 3.155275696296955134e-10 -4.213990035172350933e-10 -2.204677620081851204e-09 8.626756337539318498e-11 2.403087281354844062e-07 -2.050909531438733519e-09 -3.134793159068387113e-09 -1.118390293539745384e-08 -1.009551787586182091e-08
3.967486437203120306e-08 6.544074821499229717e-08 -1.009176244241639421e-05 -2.211394739218386471e-06 2.465437610450526970e-07 8.442607383218061156e-05 -2.831336008348889774e-04 -2.083228583896119359e-05 -2.166969398594899384e-08 4.227948460492341033e-09 -5.631763244859413499e-09 -1.227706033688888279e-08 2.036601170675326195e-09 -2.050909531438733519e-09 1.310360888226820962e-05 1.536244630582435588e-07 -1.553241794015562007e-07 1.584184233439554187e-07
4.312208098197467760e-07 5.645746003787497662e-07 -3.339422535482873007e-05 -2.575449542553487197e-06 -1.781311977532230326e-06 -1.013057397955455225e-04 -4.216899095827262981e-04 -4.334114316967890759e-04 -4.234117297004456135e-07 3.070246160297544887e-08 -8.483664400190685605e-08 -3.562691182466732029e-08 1.513479872881198772e-08 -3.134793159068387113e-09 1.536244630582435588e-07 4.883501172455622426e-04 -2.595876232664770692e-06 9.042072679468925803e-07
-8.067040510135278787e-07 -1.034137789247012325e-06 4.185417071547139123e-05 -1.120668741455530895e-05 4.757646939935611526e-06 9.577685905933028959e-04 -9.412921187693691627e-04 1.295701535392734284e-03 9.277576972583859194e-07 -6.025427485768014420e-08 1.798626506405067551e-07 4.596915665997509412e-08 -3.112559037240713946e-08 -1.118390293539745384e-08 -1.553241794015562007e-07 -2.595876232664770692e-06 8.381773300170226697e-04 -1.162084890114009673e-06
2.494573596178187513e-07 3.757943746304511656e-07 -3.729815187963127525e-05 -1.063320186610189795e-05 -2.606057397563506626e-07 2.513622603419474731e-04 -1.158458368687922220e-03 -1.097932152716058770e-04 -1.965213313329045414e-07 1.947611928090834900e-08 -4.116942853919419527e-08 -3.493696049075838689e-08 9.495098914101692447e-09 -1.009551787586182091e-08 1.584184233439554187e-07 9.042072679468925803e-07 -1.162084890114009673e-06 2.184222824083940234e-04
9.696087230358731008e-06 4.589298799307600417e-08 4.296874605738935864e-06 2.105428121360900450e-06 -2.586672622312934042e-07 5.108473324373509185e-05 1.210479420163919698e-04 3.387125393695296902e-05 -4.273783504405449357e-08 2.099683298846376849e-09 -1.057014896156217511e-08 -5.434209857909103917e-09 4.556738807147380283e-10 5.922855692027494116e-10 1.302851628185471799e-08 1.230279902459692342e-07 -2.549380833036138376e-07 8.516768334185626412e-08
4.589298799307600417e-08 1.946410224417121395e-05 -5.861364695308844149e-06 -3.138577929141744812e-06 -2.205895663758583825e-07 -2.241926525988181560e-05 -7.562739612540499243e-05 -2.228429480167003644e-05 -3.380693018010103265e-08 4.440848032471775043e-09 -5.494369832590336136e-09 -6.361159519461311773e-09 3.038053294640258494e-09 -1.200703962664191445e-09 2.195127427378592070e-08 1.352109496092677872e-07 -3.211813651138495361e-07 1.364798466151707399e-07
4.296874605738935864e-06 -5.861364695308844149e-06 1.324401425050126369e+00 1.656396392898937047e-04 -2.250508719638699185e-04 -3.283244120896043877e-03 6.257192652783473419e-02 3.787044332323714207e-02 -1.743708279280980938e-06 -1.320060419911911397e-06 7.546340273382326948e-08 4.944596617806996204e-06 -7.119994690811831341e-07 -5.066520776702993814e-08 -3.079653656846859252e-06 -1.742198371030908381e-05 1.483714434980592267e-05 -9.530871821338752874e-06
2.105428121360900450e-06 -3.138577929141744812e-06 1.656396392898937047e-04 8.949392586977041042e-02 2.855031060374618656e-05 2.993298546520761945e-03 1.417046259175504426e-02 -6.175070977978574377e-03 -2.147969959579243051e-06 6.165453970504579417e-08 -7.924409142867844986e-07 -6.648315563018661158e-07 -9.967383089684569933e-08 2.697873047310656102e-07 -8.272316521761179892e-07 4.556291221204641598e-06 -4.739423624699928770e-06 -5.323316028452239827e-06
-2.586672622312934042e-07 -2.205895663758583825e-07 -2.250508719638699185e-04 2.855031060374618656e-05 5.045838995522748845e-03 1.627092823904471462e-03 -1.947925613946259590e-03 -1.348560125032828225e-03 6.598064427479058338e-07 7.070236647432767489e-08 5.539349443032906408e-08 -4.621214962094854210e-07 3.109243710786275220e-08 2.496306614854538007e-08 7.502281213174871145e-08 -3.958455170784553461e-07 1.485113164289017467e-06 -1.455700568838821004e-07
5.108473324373509185e-05 -2.241926525988181560e-05 -3.283244120896043877e-03 2.993298546520761945e-03 1.627092823904471462e-03 5.401544180354076730e+01 -1.027622955904387153e-01 2.006279240522823859e-01 8.411460835415938086e-05 2.810773235662358428e-06 5.888666519835157797e-06 -4.406489536270114638e-05 -6.749212414483221111e-08 1.950365977489889054e-07 2.814858116599934675e-05 -8.335995718553435138e-05 3.174052731522071123e-04 9.862108731228658154e-05
1.210479420163919698e-04 -7.562739612540499243e-05 6.257192652783473419e-02 1.417046259175504426e-02 -1.947925613946259590e-03 -1.027622955904387153e-01 8.117929792959504312e+02 3.652076763823976502e-01 -2.206843988475048449e-05 -9.480096187707618861e-06 -6.628870570040084076e-06 2.224773139400908675e-05 -5.536992319438677807e-06 1.037899053175735474e-05 -8.685037917575154419e-05 -3.037691620153232068e-04 -2.650255079676684753e-04 -3.104388298700443312e-04
3.387125393695296902e-05 -2.228429480167003644e-05 3.787044332323714207e-02 -6.175070977978574377e-03 -1.348560125032828225e-03 2.006279240522823859e-01 3.652076763823976502e-01 1.693624260728283275e+02 9.537519100431245133e-05 -1.133529712454944218e-05 2.140297611229789943e-05 2.358031140740897183e-05 -4.662073791919754237e-06 -4.181425642097108041e-06 -1.888848642575389349e-06 -3.536422290568679689e-04 4.606986425764177475e-04 4.159857545697832394e-05
-4.273783504405449357e-08 -3.380693018010103265e-08 -1.743708279280980938e-06 -2.147969959579243051e-06 6.598064427479058338e-07 8.411460835415938086e-05 -2.206843988475048449e-05 9.537519100431245133e-05 3.550249836767121418e-05 -9.015450820258404459e-10 1.517516599210794773e-08 -1.122124640553330806e-08 2.433289420458823108e-10 -3.103560860306668721e-10 -5.625455153698738352e-09 -1.943799595602945410e-07 3.095050121169958782e-07 -4.186509242993828788e-08
2.099683298846376849e-09 4.440848032471775043e-09 -1.320060419911911397e-06 6.165453970504579417e-08 7.070236647432767489e-08 2.810773235662358428e-06 -9.480096187707618861e-06 -1.133529712454944218e-05 -9.015450820258404459e-10 5.437383521253500380e-08 -4.393563472303412240e-10 -2.227349630643833519e-09 3.076304340477174971e-10 1.016059291520697571e-10 1.351177059101281515e-09 9.904264515907183280e-09 -1.929840362095858762e-08 6.203986781276174998e-09
-1.057014896156217511e-08 -5.494369832590336136e-09 7.546340273382326948e-08 -7.924409142867844986e-07 5.539349443032906408e-08 5.888666519835157797e-06 -6.628870570040084076e-06 2.140297611229789943e-05 1.517516599210794773e-08 -4.393563472303412240e-10 5.448554495044624675e-07 -2.493601957549081832e-10 5.434051664846529648e-12 -2.406021855894861174e-10 -1.508948345334606568e-09 -4.034022219261737062e-08 6.038382883683096946e-08 -8.464799792230622456e-09
-5.434209857909103917e-09 -6.361159519461311773e-09 4.944596617806996204e-06 -6.648315563018661158e-07 -4.621214962094854210e-07 -4.406489536270114638e-05 2.224773139400908675e-05 2.358031140740897183e-05 -1.122124640553330806e-08 -2.227349630643833519e-09 -2.493601957549081832e-10 1.585437372564592071e-05 -1.054107480721361812e-09 -6.552168197721723708e-10 -4.068066141068399057e-09 -5.128359325552246924e-09 1.336568751250169347e-08 -1.341887705918656922e-08
4.556738807147380283e-10 3.038053294640258494e-09 -7.119994690811831341e-07 -9.967383089684569933e-08 3.109243710786275220e-08 -6.749212414483221111e-08 -5.536992319438677807e-06 -4.662073791919754237e-06 2.433289420458823108e-10 3.076304340477174971e-10 5.434051664846529648e-12 -1.054107480721361812e-09 4.269164126780885284e-08 1.357266672590918649e-11 6.906202682228048349e-10 3.092574837984570151e-09 -9.584960322812508107e-09 3.663341533552445302e-09
5.922855692027494116e-10 -1.200703962664191445e-09 -5.066520776702993814e-08 2.697873047310656102e-07 2.496306614854538007e-08 1.950365977489889054e-07 1.037899053175735474e-05 -4.181425642097108041e-06 -3.103560860306668721e-10 1.016059291520697571e-10 -2.406021855894861174e-10 -6.552168197721723708e-10 1.357266672590918649e-11 7.690908482467915649e-08 -6.848262466996351198e-10 2.807340819355023887e-10 -3.854043014081503973e-09 -3.688876995554049439e-09
1.302851628185471799e-08 2.195127427378592070e-08 -3.079653656846859252e-06 -8.272316521761179892e-07 7.502281213174871145e-08 2.814858116599934675e-05 -8.685037917575154419e-05 -1.888848642575389349e-06 -5.625455153698738352e-09 1.351177059101281515e-09 -1.508948345334606568e-09 -4.068066141068399057e-09 6.906202682228048349e-10 -6.848262466996351198e-10 4.193233959269426764e-06 4.560016447800766222e-08 -4.894073183448479429e-08 5.196461344603450191e-08
