{
    "R": [
        [
            0.007857125477213163,
            0.00011916515458566404,
            -0.0005824385422364783,
            -0.0023984764990847107,
            0.0007498761409261518,
            0.014726306435711208,
            -0.05110374310407018,
            -0.04373988558275718,
            -4.594639141539084e-06,
            3.132959985711206e-06,
            1.5623539888945576e-07,
            8.1444688181953e-06,
            -2.4128079483839358e-05,
            1.914775719100368e-06,
            -2.9030576399167247e-06,
            6.225951999708656e-05,
            -3.304130175327589e-06,
            -0.00015411763988094497
        ],
        [
            0.0,
            0.02336233632128515,
            -0.001596281388759292,
            -0.00402312011564113,
            0.0006471542462641677,
            0.14635127719613686,
            -0.10165266638608875,
            -0.09287012841319991,
            -4.08856616280524e-06,
            6.3140264436724666e-06,
            3.709579132113012e-07,
            1.4554142286446963e-05,
            -4.0920024754995574e-05,
            2.2796328815639845e-06,
            -8.158634525435206e-06,
            9.026476423568853e-05,
            -3.1012554407948087e-06,
            -7.414540373632203e-05
        ],
        [
            0.0,
            0.0,
            1.927475038990897,
            0.0006910422151273115,
            0.0004358770034007374,
            -0.0888781661172925,
            0.019913417069489577,
            0.007907243414930923,
            -9.034740803580152e-07,
            3.1124301954254315e-07,
            -1.350137221253623e-07,
            -8.244270343163914e-08,
            5.643941949738818e-06,
            2.0679328711936246e-06,
            4.919744923801198e-06,
            -6.813438029686669e-05,
            -4.207513914007044e-06,
            -0.00026285269173427354
        ],
        [
            0.0,
            0.0,
            0.0,
            0.8689518047491742,
            -0.0001238378840181286,
            -0.03784807881261887,
            0.0658819461197181,
            0.02466248969011004,
            6.554998856177301e-06,
            -6.347167203645277e-07,
            -2.104851789610951e-07,
            -6.0423636925538655e-06,
            2.4136247088935095e-05,
            1.4944653056979616e-06,
            6.898259472431249e-06,
            -7.726166815227013e-05,
            -1.7251603565836862e-06,
            -0.0002850137321461176
        ],
        [
            0.0,
            0.0,
            0.0,
            0.0,
            0.44314117092407285,
            -0.2107932863572846,
            0.02033110188035593,
            0.00040141054676907527,
            -5.539785024399538e-06,
            1.6371545225584318e-06,
            -1.9483945642413822e-07,
            3.330098383633691e-06,
            -4.448241972468923e-06,
            5.206185645270399e-06,
            8.492577149541383e-06,
            -2.6719736541925855e-05,
            -1.0012705490404794e-05,
            -0.0006970345488869501
        ],
        [
            0.0,
            0.0,
            0.0,
            0.0,
            0.0,
            195.50676425066646,
            -0.011694935675113788,
            -0.03470206384213877,
            6.518208173479913e-06,
            2.2686428713564496e-06,
            1.6510814351161916e-07,
            1.2948861976752895e-06,
            -3.147260582143567e-06,
            -1.9855107030011934e-07,
            -4.011147692103324e-06,
            5.449385541927872e-05,
            2.6357952571644416e-06,
            4.4616235443154964e-05
        ],
        [
            0.0,
            0.0,
            0.0,
            0.0,
            0.0,
            0.0,
            24.662562672232063,
            0.03143961623120267,
            4.967091627954529e-06,
            -1.05717149943835e-06,
            -2.3207491146816246e-07,
            -6.519194048284829e-06,
            2.0841042124587e-05,
            2.0239095484970657e-06,
            7.777966861817126e-06,
            -4.031601293177497e-06,
            -2.4300533828655465e-06,
            -0.00043565558133612834
        ],
        [
            0.0,
            0.0,
            0.0,
            0.0,
            0.0,
            0.0,
            0.0,
            15.529676422367482,
            -1.701633638989785e-05,
            -1.2293954183440177e-05,
            -4.424111650842137e-07,
            -1.3037885830199665e-05,
            2.2259951353609912e-05,
            -6.085818737753287e-06,
            5.987577183134077e-06,
            -8.391047855321054e-05,
            3.767169736203682e-06,
            0.0005932165607837111
        ],
        [
            0.0,
            0.0,
            0.0,
            0.0,
            0.0,
            0.0,
            0.0,
            0.0,
            0.0077157923182507825,
            2.8715006194915525e-06,
            9.59616041867379e-08,
            -2.8481056953149387e-07,
            4.165436512897914e-06,
            1.2585255578399214e-06,
            -9.612688609337673e-07,
            4.994140073075847e-05,
            1.0236916104321533e-06,
            -0.0001941337412705522
        ],
        [
            0.0,
            0.0,
            0.0,
            0.0,
            0.0,
            0.0,
            0.0,
            0.0,
            0.0,
            0.0021259199773646206,
            1.701072159769354e-07,
            7.659761657629715e-06,
            -8.899807417406254e-06,
            5.4075468595264735e-06,
            1.5007299117480168e-07,
            1.1118936514772344e-05,
            -5.4200556237779435e-06,
            -0.0005915610598762747
        ],
        [
            0.0,
            0.0,
            0.0,
            0.0,
            0.0,
            0.0,
            0.0,
            0.0,
            0.0,
            0.0,
            9.27659415388021e-05,
            5.118816540632429e-06,
            -2.0015960054434017e-05,
            -2.084187886033904e-06,
            -1.2459117841885708e-05,
            0.00016553390371754493,
            7.300861590491879e-06,
            0.00033988338675880556
        ],
        [
            0.0,
            0.0,
            0.0,
            0.0,
            0.0,
            0.0,
            0.0,
            0.0,
            0.0,
            0.0,
            0.0,
            0.004552841084254832,
            -1.3028148665921336e-05,
            2.2482962557492902e-06,
            -1.0944198229474283e-06,
            -2.4788709486934552e-05,
            -3.5823718488725517e-06,
            -0.00015975966847585617
        ],
        [
            0.0,
            0.0,
            0.0,
            0.0,
            0.0,
            0.0,
            0.0,
            0.0,
            0.0,
            0.0,
            0.0,
            0.0,
            0.0056879004402258584,
            1.2269545378752799e-07,
            8.79273937837732e-06,
            -0.00011078381029933066,
            -2.923214481278655e-07,
            -0.00016350458122590847
        ],
        [
            0.0,
            0.0,
            0.0,
            0.0,
            0.0,
            0.0,
            0.0,
            0.0,
            0.0,
            0.0,
            0.0,
            0.0,
            0.0,
            0.0038427726285379746,
            4.140744541195356e-06,
            -3.185904856547401e-05,
            -5.494547259612991e-06,
            -0.00045757067024018055
        ],
        [
            0.0,
            0.0,
            0.0,
            0.0,
            0.0,
            0.0,
            0.0,
            0.0,
            0.0,
            0.0,
            0.0,
            0.0,
            0.0,
            0.0,
            0.00395340909773087,
            -0.00011483717602350722,
            -8.132035146746297e-06,
            -0.0005503771008657138
        ],
        [
            0.0,
            0.0,
            0.0,
            0.0,
            0.0,
            0.0,
            0.0,
            0.0,
            0.0,
            0.0,
            0.0,
            0.0,
            0.0,
            0.0,
            0.0,
            0.26670661320990663,
            1.6569009458945901e-06,
            1.520764948639288e-05
        ],
        [
            0.0,
            0.0,
            0.0,
            0.0,
            0.0,
            0.0,
            0.0,
            0.0,
            0.0,
            0.0,
            0.0,
            0.0,
            0.0,
            0.0,
            0.0,
            0.0,
            0.003770267724511534,
            0.0006497925200482532
        ],
        [
            0.0,
            0.0,
            0.0,
            0.0,
            0.0,
            0.0,
            0.0,
            0.0,
            0.0,
            0.0,
            0.0,
            0.0,
            0.0,
            0.0,
            0.0,
            0.0,
            0.0,
            0.29192955108426905
        ]
    ],
    "RDR": [
        [
            [
                0.007857125477213163,
                0.00011916515458566404,
                -0.0005824385422364783,
                -0.0023984764990847107,
                0.0007498761409261518,
                0.014726306435711208,
                -0.05110374310407018,
                -0.04373988558275718,
                -4.594639141539084e-06,
                3.132959985711206e-06,
                1.5623539888945576e-07,
                8.1444688181953e-06,
                -2.4128079483839358e-05,
                1.914775719100368e-06,
                -2.9030576399167247e-06,
                6.225951999708656e-05,
                -3.304130175327589e-06,
                -0.00015411763988094497
            ],
            [
                0.0,
                0.02336233632128515,
                -0.001596281388759292,
                -0.00402312011564113,
                0.0006471542462641677,
                0.14635127719613686,
                -0.10165266638608875,
                -0.09287012841319991,
                -4.08856616280524e-06,
                6.3140264436724666e-06,
                3.709579132113012e-07,
                1.4554142286446963e-05,
                -4.0920024754995574e-05,
                2.2796328815639845e-06,
                -8.158634525435206e-06,
                9.026476423568853e-05,
                -3.1012554407948087e-06,
                -7.414540373632203e-05
            ],
            [
                0.0,
                0.0,
                1.927475038990897,
                0.0006910422151273115,
                0.0004358770034007374,
                -0.0888781661172925,
                0.019913417069489577,
                0.007907243414930923,
                -9.034740803580152e-07,
                3.1124301954254315e-07,
                -1.350137221253623e-07,
                -8.244270343163914e-08,
                5.643941949738818e-06,
                2.0679328711936246e-06,
                4.919744923801198e-06,
                -6.813438029686669e-05,
                -4.207513914007044e-06,
                -0.00026285269173427354
            ],
            [
                0.0,
                0.0,
                0.0,
                0.8689518047491742,
                -0.0001238378840181286,
                -0.03784807881261887,
                0.0658819461197181,
                0.02466248969011004,
                6.554998856177301e-06,
                -6.347167203645277e-07,
                -2.104851789610951e-07,
                -6.0423636925538655e-06,
                2.4136247088935095e-05,
                1.4944653056979616e-06,
                6.898259472431249e-06,
                -7.726166815227013e-05,
                -1.7251603565836862e-06,
                -0.0002850137321461176
            ],
            [
                0.0,
                0.0,
                0.0,
                0.0,
                0.44314117092407285,
                -0.2107932863572846,
                0.02033110188035593,
                0.00040141054676907527,
                -5.539785024399538e-06,
                1.6371545225584318e-06,
                -1.9483945642413822e-07,
                3.330098383633691e-06,
                -4.448241972468923e-06,
                5.206185645270399e-06,
                8.492577149541383e-06,
                -2.6719736541925855e-05,
                -1.0012705490404794e-05,
                -0.0006970345488869501
            ],
            [
                0.0,
                0.0,
                0.0,
                0.0,
                0.0,
                195.50676425066646,
                -0.011694935675113788,
                -0.03470206384213877,
                6.518208173479913e-06,
                2.2686428713564496e-06,
                1.6510814351161916e-07,
                1.2948861976752895e-06,
                -3.147260582143567e-06,
                -1.9855107030011934e-07,
                -4.011147692103324e-06,
                5.449385541927872e-05,
                2.6357952571644416e-06,
                4.4616235443154964e-05
            ],
            [
                0.0,
                0.0,
                0.0,
                0.0,
                0.0,
                0.0,
                24.662562672232063,
                0.03143961623120267,
                4.967091627954529e-06,
                -1.05717149943835e-06,
                -2.3207491146816246e-07,
                -6.519194048284829e-06,
                2.0841042124587e-05,
                2.0239095484970657e-06,
                7.777966861817126e-06,
                -4.031601293177497e-06,
                -2.4300533828655465e-06,
                -0.00043565558133612834
            ],
            [
                0.0,
                0.0,
                0.0,
                0.0,
                0.0,
                0.0,
                0.0,
                15.529676422367482,
                -1.701633638989785e-05,
                -1.2293954183440177e-05,
                -4.424111650842137e-07,
                -1.3037885830199665e-05,
                2.2259951353609912e-05,
                -6.085818737753287e-06,
                5.987577183134077e-06,
                -8.391047855321054e-05,
                3.767169736203682e-06,
                0.0005932165607837111
            ],
            [
                0.0,
                0.0,
                0.0,
                0.0,
                0.0,
                0.0,
                0.0,
                0.0,
                0.0077157923182507825,
                2.8715006194915525e-06,
                9.59616041867379e-08,
                -2.8481056953149387e-07,
                4.165436512897914e-06,
                1.2585255578399214e-06,
                -9.612688609337673e-07,
                4.994140073075847e-05,
                1.0236916104321533e-06,
                -0.0001941337412705522
            ],
            [
                0.0,
                0.0,
                0.0,
                0.0,
                0.0,
                0.0,
                0.0,
                0.0,
                0.0,
                0.0021259199773646206,
                1.701072159769354e-07,
                7.659761657629715e-06,
                -8.899807417406254e-06,
                5.4075468595264735e-06,
                1.5007299117480168e-07,
                1.1118936514772344e-05,
                -5.4200556237779435e-06,
                -0.0005915610598762747
            ],
            [
                0.0,
                0.0,
                0.0,
                0.0,
                0.0,
                0.0,
                0.0,
                0.0,
                0.0,
                0.0,
                9.27659415388021e-05,
                5.118816540632429e-06,
                -2.0015960054434017e-05,
                -2.084187886033904e-06,
                -1.2459117841885708e-05,
                0.00016553390371754493,
                7.300861590491879e-06,
                0.00033988338675880556
            ],
            [
                0.0,
                0.0,
                0.0,
                0.0,
                0.0,
                0.0,
                0.0,
                0.0,
                0.0,
                0.0,
                0.0,
                0.004552841084254832,
                -1.3028148665921336e-05,
                2.2482962557492902e-06,
                -1.0944198229474283e-06,
                -2.4788709486934552e-05,
                -3.5823718488725517e-06,
                -0.00015975966847585617
            ],
            [
                0.0,
                0.0,
                0.0,
                0.0,
                0.0,
                0.0,
                0.0,
                0.0,
                0.0,
                0.0,
                0.0,
                0.0,
                0.0056879004402258584,
                1.2269545378752799e-07,
                8.79273937837732e-06,
                -0.00011078381029933066,
                -2.923214481278655e-07,
                -0.00016350458122590847
            ],
            [
                0.0,
                0.0,
                0.0,
                0.0,
                0.0,
                0.0,
                0.0,
                0.0,
                0.0,
                0.0,
                0.0,
                0.0,
                0.0,
                0.0038427726285379746,
                4.140744541195356e-06,
                -3.185904856547401e-05,
                -5.494547259612991e-06,
                -0.00045757067024018055
            ],
            [
                0.0,
                0.0,
                0.0,
                0.0,
                0.0,
                0.0,
                0.0,
                0.0,
                0.0,
                0.0,
                0.0,
                0.0,
                0.0,
                0.0,
                0.00395340909773087,
                -0.00011483717602350722,
                -8.132035146746297e-06,
                -0.0005503771008657138
            ],
            [
                0.0,
                0.0,
                0.0,
                0.0,
                0.0,
                0.0,
                0.0,
                0.0,
                0.0,
                0.0,
                0.0,
                0.0,
                0.0,
                0.0,
                0.0,
                0.26670661320990663,
                1.6569009458945901e-06,
                1.520764948639288e-05
            ],
            [
                0.0,
                0.0,
                0.0,
                0.0,
                0.0,
                0.0,
                0.0,
                0.0,
                0.0,
                0.0,
                0.0,
                0.0,
                0.0,
                0.0,
                0.0,
                0.0,
                0.003770267724511534,
                0.0006497925200482532
            ],
            [
                0.0,
                0.0,
                0.0,
                0.0,
                0.0,
                0.0,
                0.0,
                0.0,
                0.0,
                0.0,
                0.0,
                0.0,
                0.0,
                0.0,
                0.0,
                0.0,
                0.0,
                0.29192955108426905
            ]
        ],
        [
            [
                0.0015714250954426325,
                2.383303091713281e-05,
                -0.00011648770844729566,
                -0.00047969529981694214,
                0.00014997522818523037,
                0.0029452612871422416,
                -0.010220748620814037,
                -0.008747977116551437,
                -9.189278283078169e-07,
                6.265919971422412e-07,
                3.1247079777891154e-08,
                1.62889376363906e-06,
                -4.825615896767872e-06,
                3.829551438200736e-07,
                -5.80611527983345e-07,
                1.2451903999417312e-05,
                -6.608260350655178e-07,
                -3.082352797618899e-05
            ],
            [
                0.0,
                0.00467246726425703,
                -0.0003192562777518584,
                -0.0008046240231282261,
                0.00012943084925283354,
                0.02927025543922737,
                -0.02033053327721775,
                -0.018574025682639984,
                -8.177132325610481e-07,
                1.2628052887344933e-06,
                7.419158264226024e-08,
                2.9108284572893926e-06,
                -8.184004950999115e-06,
                4.5592657631279693e-07,
                -1.6317269050870414e-06,
                1.8052952847137705e-05,
                -6.202510881589618e-07,
                -1.4829080747264408e-05
            ],
            [
                0.0,
                0.0,
                0.3854950077981794,
                0.0001382084430254623,
                8.717540068014749e-05,
                -0.0177756332234585,
                0.003982683413897916,
                0.0015814486829861846,
                -1.8069481607160304e-07,
                6.224860390850863e-08,
                -2.700274442507246e-08,
                -1.6488540686327827e-08,
                1.1287883899477636e-06,
                4.1358657423872496e-07,
                9.839489847602396e-07,
                -1.362687605937334e-05,
                -8.415027828014088e-07,
                -5.257053834685471e-05
            ],
            [
                0.0,
                0.0,
                0.0,
                0.17379036094983485,
                -2.476757680362572e-05,
                -0.007569615762523774,
                0.013176389223943619,
                0.004932497938022008,
                1.3109997712354603e-06,
                -1.2694334407290556e-07,
                -4.209703579221902e-08,
                -1.208472738510773e-06,
                4.827249417787019e-06,
                2.9889306113959234e-07,
                1.37965189448625e-06,
                -1.5452333630454027e-05,
                -3.4503207131673723e-07,
                -5.700274642922352e-05
            ],
            [
                0.0,
                0.0,
                0.0,
                0.0,
                0.08862823418481458,
                -0.04215865727145692,
                0.004066220376071186,
                8.028210935381505e-05,
                -1.1079570048799075e-06,
                3.2743090451168637e-07,
                -3.896789128482765e-08,
                6.660196767267382e-07,
                -8.896483944937846e-07,
                1.0412371290540799e-06,
                1.6985154299082767e-06,
                -5.343947308385171e-06,
                -2.0025410980809587e-06,
                -0.00013940690977739002
            ],
            [
                0.0,
                0.0,
                0.0,
                0.0,
                0.0,
                39.101352850133296,
                -0.0023389871350227576,
                -0.006940412768427754,
                1.3036416346959828e-06,
                4.537285742712899e-07,
                3.302162870232384e-08,
                2.589772395350579e-07,
                -6.294521164287135e-07,
                -3.971021406002387e-08,
                -8.022295384206649e-07,
                1.0898771083855746e-05,
                5.271590514328884e-07,
                8.923247088630993e-06
            ],
            [
                0.0,
                0.0,
                0.0,
                0.0,
                0.0,
                0.0,
                4.932512534446413,
                0.006287923246240535,
                9.934183255909058e-07,
                -2.1143429988767e-07,
                -4.641498229363249e-08,
                -1.303838809656966e-06,
                4.1682084249174004e-06,
                4.0478190969941315e-07,
                1.5555933723634253e-06,
                -8.063202586354994e-07,
                -4.860106765731093e-07,
                -8.713111626722567e-05
            ],
            [
                0.0,
                0.0,
                0.0,
                0.0,
                0.0,
                0.0,
                0.0,
                3.1059352844734964,
                -3.4032672779795706e-06,
                -2.458790836688036e-06,
                -8.848223301684274e-08,
                -2.607577166039933e-06,
                4.4519902707219825e-06,
                -1.2171637475506575e-06,
                1.1975154366268155e-06,
                -1.678209571064211e-05,
                7.534339472407364e-07,
                0.00011864331215674222
            ],
            [
                0.0,
                0.0,
                0.0,
                0.0,
                0.0,
                0.0,
                0.0,
                0.0,
                0.0015431584636501567,
                5.743001238983105e-07,
                1.9192320837347582e-08,
                -5.6962113906298774e-08,
                8.330873025795827e-07,
                2.517051115679843e-07,
                -1.9225377218675347e-07,
                9.988280146151694e-06,
                2.0473832208643068e-07,
                -3.882674825411044e-05
            ],
            [
                0.0,
                0.0,
                0.0,
                0.0,
                0.0,
                0.0,
                0.0,
                0.0,
                0.0,
                0.00042518399547292413,
                3.402144319538708e-08,
                1.531952331525943e-06,
                -1.779961483481251e-06,
                1.0815093719052948e-06,
                3.0014598234960334e-08,
                2.223787302954469e-06,
                -1.0840111247555888e-06,
                -0.00011831221197525495
            ],
            [
                0.0,
                0.0,
                0.0,
                0.0,
                0.0,
                0.0,
                0.0,
                0.0,
                0.0,
                0.0,
                1.855318830776042e-05,
                1.0237633081264859e-06,
                -4.003192010886803e-06,
                -4.168375772067808e-07,
                -2.491823568377142e-06,
                3.3106780743508985e-05,
                1.4601723180983759e-06,
                6.797667735176112e-05
            ],
            [
                0.0,
                0.0,
                0.0,
                0.0,
                0.0,
                0.0,
                0.0,
                0.0,
                0.0,
                0.0,
                0.0,
                0.0009105682168509664,
                -2.605629733184267e-06,
                4.496592511498581e-07,
                -2.188839645894857e-07,
                -4.957741897386911e-06,
                -7.164743697745103e-07,
                -3.1951933695171234e-05
            ],
            [
                0.0,
                0.0,
                0.0,
                0.0,
                0.0,
                0.0,
                0.0,
                0.0,
                0.0,
                0.0,
                0.0,
                0.0,
                0.0011375800880451716,
                2.45390907575056e-08,
                1.7585478756754642e-06,
                -2.2156762059866134e-05,
                -5.846428962557311e-08,
                -3.27009162451817e-05
            ],
            [
                0.0,
                0.0,
                0.0,
                0.0,
                0.0,
                0.0,
                0.0,
                0.0,
                0.0,
                0.0,
                0.0,
                0.0,
                0.0,
                0.0007685545257075949,
                8.281489082390713e-07,
                -6.371809713094802e-06,
                -1.0989094519225983e-06,
                -9.151413404803612e-05
            ],
            [
                0.0,
                0.0,
                0.0,
                0.0,
                0.0,
                0.0,
                0.0,
                0.0,
                0.0,
                0.0,
                0.0,
                0.0,
                0.0,
                0.0,
                0.0007906818195461741,
                -2.2967435204701445e-05,
                -1.6264070293492594e-06,
                -0.00011007542017314276
            ],
            [
                0.0,
                0.0,
                0.0,
                0.0,
                0.0,
                0.0,
                0.0,
                0.0,
                0.0,
                0.0,
                0.0,
                0.0,
                0.0,
                0.0,
                0.0,
                0.053341322641981326,
                3.3138018917891807e-07,
                3.0415298972785764e-06
            ],
            [
                0.0,
                0.0,
                0.0,
                0.0,
                0.0,
                0.0,
                0.0,
                0.0,
                0.0,
                0.0,
                0.0,
                0.0,
                0.0,
                0.0,
                0.0,
                0.0,
                0.0007540535449023068,
                0.00012995850400965064
            ],
            [
                0.0,
                0.0,
                0.0,
                0.0,
                0.0,
                0.0,
                0.0,
                0.0,
                0.0,
                0.0,
                0.0,
                0.0,
                0.0,
                0.0,
                0.0,
                0.0,
                0.0,
                0.05838591021685381
            ]
        ]
    ],
    "allnames": [
        "m1_flow_nominal",
        "m2_flow_nominal",
        "tau1",
        "tau2",
        "tau_m",
        "nominalUa.hasValue",
        "workingPressure.hasValue",
        "flowCoefficient.hasValue",
        "waterFlowRateMax",
        "c1",
        "c2",
        "c3",
        "c4",
        "eps_motor",
        "f_motorToAir",
        "kp",
        "Ti",
        "Td"
    ],
    "alpha_count": 1320,
    "cov": [
        [
            0.006089399413073353,
            0.00798205000089377,
            -0.31648368842507607,
            -0.21745347389218084,
            0.2066572601844838,
            4.728579084099584,
            21.10009208597942,
            -8.476680556531116,
            -0.0013140586652283502,
            -0.0002784198821524353,
            1.2285705341685624e-05,
            0.005456534821200239,
            0.004914715930354691,
            -0.0005590913922768136,
            -0.0021510322296058714,
            0.003980787364329048,
            0.001674228017297832,
            0.06480249688049858
        ],
        [
            0.00798205000089377,
            0.11950436431003755,
            -0.1639023851851567,
            -1.6332567254189427,
            1.2466052066486744,
            -258.08380441371247,
            120.24506224910343,
            -56.5411317595716,
            0.04082844311631535,
            -0.010733071663601188,
            6.326557275141384e-06,
            0.04549789694556955,
            0.05270028623913281,
            -0.0004958363072822805,
            -0.014571198981288445,
            -0.2132714912242274,
            0.024277696291027148,
            0.9326186808901501
        ],
        [
            -0.31648368842507607,
            -0.1639023851851567,
            303.7665085008041,
            58.647184045931915,
            17.38368140338016,
            -12264.595422118673,
            141.7815251751207,
            -134.5073037653653,
            0.6149852733041875,
            -0.6687898484261398,
            -0.008410892359621194,
            1.681784938943409,
            1.8056620384689002,
            0.07271159791215484,
            -0.13394143582077023,
            -23.27063662459043,
            0.29316093413653704,
            13.247464076429461
        ],
        [
            -0.21745347389218084,
            -1.6332567254189427,
            58.647184045931915,
            51.66060686251176,
            -15.476016795285515,
            1168.2978602434707,
            -1645.6326015370848,
            962.9908857729154,
            -0.49750029756052455,
            0.04731017130851145,
            -0.0013736832155609934,
            -0.3935136614476075,
            -0.44726277936717546,
            0.017213816347847112,
            0.22337460708249618,
            0.42116158472534854,
            -0.3369804050039358,
            -11.479956604610857
        ],
        [
            0.2066572601844838,
            1.2466052066486744,
            17.38368140338016,
            -15.476016795285515,
            31.085146454604246,
            -5671.582977492528,
            2425.3401635518985,
            -981.0942843622253,
            0.5717373899623136,
            -0.31790437811776806,
            -0.0009546778596891066,
            1.1717956554346491,
            1.1976946228917942,
            -0.04960888591222338,
            -0.23780965269907245,
            -6.353945589401626,
            0.46199764768369006,
            17.033062920615535
        ],
        [
            4.728579084099584,
            -258.08380441371247,
            -12264.595422118673,
            1168.2978602434707,
            -5671.582977492528,
            3538769.0267317942,
            -471885.0367481978,
            167524.76310108844,
            -140.4743326657196,
            91.37500062686473,
            0.4242351047891408,
            -281.65611011949824,
            -289.34198355325486,
            8.298960283644432,
            39.76529235357531,
            1111.70081080908,
            -108.97091450740885,
            -4909.738278076013
        ],
        [
            21.10009208597942,
            120.24506224910343,
            141.7815251751207,
            -1645.6326015370848,
            2425.3401635518985,
            -471885.0367481978,
            228025.3209837806,
            -86523.37245586517,
            45.44765074445544,
            -23.986719630785416,
            -0.04085234521303746,
            95.70823949033114,
            97.31964364923678,
            -4.414317823399665,
            -21.536403886195718,
            -371.1373151029678,
            37.82040420681484,
            1522.4080174086039
        ],
        [
            -8.476680556531116,
            -56.5411317595716,
            -134.5073037653653,
            962.9908857729154,
            -981.0942843622253,
            167524.76310108844,
            -86523.37245586517,
            45180.15492342143,
            -23.61622086479195,
            9.884376577551073,
            0.014479228904898517,
            -38.819588272431325,
            -41.480107230424906,
            1.407037339302926,
            9.811122737637197,
            187.10033101856655,
            -16.95389230268662,
            -688.7163910461195
        ],
        [
            -0.0013140586652283502,
            0.04082844311631535,
            0.6149852733041875,
            -0.49750029756052455,
            0.5717373899623136,
            -140.4743326657196,
            45.44765074445544,
            -23.61622086479195,
            0.024165532380125664,
            -0.008003583733337948,
            -3.853944391954903e-05,
            0.025262631743842447,
            0.028164393728118717,
            -0.0003594139363419745,
            -0.00545882635654171,
            -0.21066438495676135,
            0.012413672119557313,
            0.45697557936286176
        ],
        [
            -0.0002784198821524353,
            -0.010733071663601188,
            -0.6687898484261398,
            0.04731017130851145,
            -0.31790437811776806,
            91.37500062686473,
            -23.986719630785416,
            9.884376577551073,
            -0.008003583733337948,
            0.005169260403504903,
            2.9333478728740594e-05,
            -0.016137590749512817,
            -0.016408586225757308,
            0.00036266441409379393,
            0.002308608085113217,
            0.09274359837317858,
            -0.0057236777167555255,
            -0.2336140051196546
        ],
        [
            1.2285705341685624e-05,
            6.326557275141384e-06,
            -0.008410892359621194,
            -0.0013736832155609934,
            -0.0009546778596891066,
            0.4242351047891408,
            -0.04085234521303746,
            0.014479228904898517,
            -3.853944391954903e-05,
            2.9333478728740594e-05,
            4.80932247733447e-07,
            -7.074111008859307e-05,
            -7.08988643679492e-05,
            -2.7596404151410166e-07,
            9.051946749054152e-06,
            0.0012968757889386426,
            -1.9748875488377054e-05,
            -0.00047012097146566933
        ],
        [
            0.005456534821200239,
            0.04549789694556955,
            1.681784938943409,
            -0.3935136614476075,
            1.1717956554346491,
            -281.65611011949824,
            95.70823949033114,
            -38.819588272431325,
            0.025262631743842447,
            -0.016137590749512817,
            -7.074111008859307e-05,
            0.05536237393600425,
            0.05575277744314874,
            -0.001631177588695992,
            -0.009256373464958362,
            -0.26486176090622726,
            0.01969633405067255,
            0.8177687809171965
        ],
        [
            0.004914715930354691,
            0.05270028623913281,
            1.8056620384689002,
            -0.44726277936717546,
            1.1976946228917942,
            -289.34198355325486,
            97.31964364923678,
            -41.480107230424906,
            0.028164393728118717,
            -0.016408586225757308,
            -7.08988643679492e-05,
            0.05575277744314874,
            0.05800007741942191,
            -0.00133249791740559,
            -0.009951864737771484,
            -0.2884724036503097,
            0.02065030622709918,
            0.8519016907563315
        ],
        [
            -0.0005590913922768136,
            -0.0004958363072822805,
            0.07271159791215484,
            0.017213816347847112,
            -0.04960888591222338,
            8.298960283644432,
            -4.414317823399665,
            1.407037339302926,
            -0.0003594139363419745,
            0.00036266441409379393,
            -2.7596404151410166e-07,
            -0.001631177588695992,
            -0.00133249791740559,
            0.00031627983611524663,
            0.00026276946291506586,
            0.006448932093912696,
            -0.0005488345496647722,
            -0.020418943948325042
        ],
        [
            -0.0021510322296058714,
            -0.014571198981288445,
            -0.13394143582077023,
            0.22337460708249618,
            -0.23780965269907245,
            39.76529235357531,
            -21.536403886195718,
            9.811122737637197,
            -0.00545882635654171,
            0.002308608085113217,
            9.051946749054152e-06,
            -0.009256373464958362,
            -0.009951864737771484,
            0.00026276946291506586,
            0.002726723970162976,
            0.0700739717897803,
            -0.003944831312557835,
            -0.1450590210207861
        ],
        [
            0.003980787364329048,
            -0.2132714912242274,
            -23.27063662459043,
            0.42116158472534854,
            -6.353945589401626,
            1111.70081080908,
            -371.1373151029678,
