1.881504523812992970e-03 1.962842133102937040e-05 -1.590572797724284961e-04 -2.984760797852233972e-04 4.893911554854650021e-05 3.723390104250682425e-02 -7.476506214014198674e-03 -1.506419075406774215e-02 1.065095296902611501e-06 1.152023301123439672e-06 4.953055012043093676e-08 1.526650827629821470e-06 -3.620661979750286699e-06 5.499227023929664284e-07 -8.130398625846658241e-07 1.647420242763720868e-05 -3.696732497016833980e-07 -5.365604787897047817e-05
1.962842133102937040e-05 1.661764361558933437e-02 -8.614997575871045400e-04 -1.616631887257336062e-03 2.650682586922276096e-04 2.016694662956393935e-01 -4.049489781409058853e-02 -8.159196926694121943e-02 5.768861012847654214e-06 6.239687966954509064e-06 2.682716376324187421e-07 8.268777888097809196e-06 -1.961054170121932571e-05 2.978538772202166840e-06 -4.403656629407272904e-06 8.922899610854857127e-05 -2.002256139801295822e-06 -2.906165144214157810e-04
-1.590572797724284961e-04 -8.614997575871045400e-04 1.133156841662145098e+02 1.310024204412337835e-02 -2.147958588750603984e-03 -1.634211747402899872e+00 3.281470365010718537e-01 6.611737370014293402e-01 -4.674748542503618444e-05 -5.056279248925676191e-05 -2.173916903569413732e-06 -6.700535390709743452e-05 1.589123936793004617e-04 -2.413634121732705843e-05 3.568466524702470935e-05 -7.230597488456320596e-04 1.622511610248462911e-05 2.354986754219575134e-03
-2.984760797852233972e-04 -1.616631887257336062e-03 1.310024204412337835e-02 2.299671217640246468e+01 -4.030713086685229311e-03 -3.066650684593999365e+00 6.157784238993158077e-01 1.240713693579344579e+00 -8.772315363022023993e-05 -9.488269953302164118e-05 -4.079424695836560835e-06 -1.257376926565465186e-04 2.982041963910516346e-04 -4.529261733391640741e-05 6.696341724578026020e-05 -1.356844776892397915e-03 3.044695002491286013e-05 4.419208069893261308e-03
4.893911554854650021e-05 2.650682586922276096e-04 -2.147958588750603984e-03 -4.030713086685229311e-03 5.971483840162886914e+00 5.028180895044205290e-01 -1.009650470523312665e-01 -2.034314805274707594e-01 1.438337556189245506e-05 1.555727815557583646e-05 6.688758332151729077e-07 2.061636387798401916e-05 -4.889453665682200482e-05 7.426325871056857813e-06 -1.097954119631603436e-05 2.224727132759207835e-04 -4.992181639621624168e-06 -7.245878280135545921e-04
3.723390104250682425e-02 2.016694662956393935e-01 -1.634211747402899872e+00 -3.066650684593999365e+00 5.028180895044205290e-01 1.165828740227463888e+06 -7.681631612180207469e+01 -1.547749183856155923e+02 1.094317247718671476e-02 1.183630208357264700e-02 5.088947011915852334e-04 1.568536014361967060e-02 -3.719998449079862934e-02 5.650103797197694212e-03 -8.353464213921617948e-03 1.692618858744301402e-01 -3.798156036790320805e-03 -5.512815501967716081e-01
-7.476506214014198674e-03 -4.049489781409058853e-02 3.281470365010718537e-01 6.157784238993158077e-01 -1.009650470523312665e-01 -7.681631612180207469e+01 1.852105123029867536e+04 3.107854956595993201e+01 -2.197371071414526249e-03 -2.376710030403576118e-03 -1.021852207050294730e-04 -3.149594571058882825e-03 7.469695826101455625e-03 -1.134531568458229745e-03 1.677361902869938361e-03 -3.398750885896265062e-02 7.626634979353892228e-04 1.106964304119568698e-01
-1.506419075406774215e-02 -8.159196926694121943e-02 6.611737370014293402e-01 1.240713693579344579e+00 -2.034314805274707594e-01 -1.547749183856155923e+02 3.107854956595993201e+01 7.349786219853029252e+03 -4.427417837921665544e-03 -4.788762590472397766e-03 -2.058899722522390923e-04 -6.346024741806905421e-03 1.505046870533401429e-02 -2.285934027812470959e-03 3.379666778190523659e-03 -6.848042415149505069e-02 1.536668075327494607e-03 2.230389564037800754e-01
1.065095296902611501e-06 5.768861012847654214e-06 -4.674748542503618444e-05 -8.772315363022023993e-05 1.438337556189245506e-05 1.094317247718671476e-02 -2.197371071414526249e-03 -4.427417837921665544e-03 1.814800712872892971e-03 3.385836382693207099e-07 1.455720023102164719e-08 4.486879658438338687e-07 -1.064125096125897563e-06 1.616241869079665172e-07 -2.389552316029137394e-07 4.841825152403761689e-06 -1.086482484623178295e-07 -1.576969831104838791e-05
1.152023301123439672e-06 6.239687966954509064e-06 -5.056279248925676191e-05 -9.488269953302164118e-05 1.555727815557583646e-05 1.183630208357264700e-02 -2.376710030403576118e-03 -4.788762590472397766e-03 3.385836382693207099e-07 1.377813640228485817e-04 1.574528956613153257e-08 4.853077401514785583e-07 -1.150973917181182899e-06 1.748151830963650817e-07 -2.584576192688562959e-07 5.236991855804527773e-06 -1.175156009221245189e-07 -1.705674596333873490e-05
4.953055012043093676e-08 2.682716376324187421e-07 -2.173916903569413732e-06 -4.079424695836560835e-06 6.688758332151729077e-07 5.088947011915852334e-04 -1.021852207050294730e-04 -2.058899722522390923e-04 1.455720023102164719e-08 1.574528956613153257e-08 2.620415151524183105e-07 2.086551489363517167e-08 -4.948543248791705843e-08 7.516073832641205046e-09 -1.111223015430281182e-08 2.251613203841100225e-07 -5.052512701548361329e-09 -7.333445512818527203e-07
1.526650827629821470e-06 8.268777888097809196e-06 -6.700535390709743452e-05 -1.257376926565465186e-04 2.061636387798401916e-05 1.568536014361967060e-02 -3.149594571058882825e-03 -6.346024741806905421e-03 4.486879658438338687e-07 4.853077401514785583e-07 2.086551489363517167e-08 6.323001335945592711e-04 -1.525260193549429562e-06 2.316634947366643093e-07 -3.425056923581738682e-07 6.940014097942228694e-06 -1.557306082543844692e-07 -2.260344501383703965e-05
-3.620661979750286699e-06 -1.961054170121932571e-05 1.589123936793004617e-04 2.982041963910516346e-04 -4.889453665682200482e-05 -3.719998449079862934e-02 7.469695826101455625e-03 1.505046870533401429e-02 -1.064125096125897563e-06 -1.150973917181182899e-06 -4.948543248791705843e-08 -1.525260193549429562e-06 9.848458284586769119e-04 -5.494217749787282357e-07 8.122992603977318413e-07 -1.645919599202762319e-05 3.693365124397369399e-07 5.360717230935809001e-05
5.499227023929664284e-07 2.978538772202166840e-06 -2.413634121732705843e-05 -4.529261733391640741e-05 7.426325871056857813e-06 5.650103797197694212e-03 -1.134531568458229745e-03 -2.285934027812470959e-03 1.616241869079665172e-07 1.748151830963650817e-07 7.516073832641205046e-09 2.316634947366643093e-07 -5.494217749787282357e-07 4.502971982173461845e-04 -1.233757271261585908e-07 2.499897971634338246e-06 -5.609651885461609031e-08 -8.142102529560292501e-06
-8.130398625846658241e-07 -4.403656629407272904e-06 3.568466524702470935e-05 6.696341724578026020e-05 -1.097954119631603436e-05 -8.353464213921617948e-03 1.677361902869938361e-03 3.379666778190523659e-03 -2.389552316029137394e-07 -2.584576192688562959e-07 -1.111223015430281182e-08 -3.425056923581738682e-07 8.122992603977318413e-07 -1.233757271261585908e-07 4.759145927938867563e-04 -3.696004355682814094e-06 8.293657596344129760e-08 1.203778984387793935e-05
1.647420242763720868e-05 8.922899610854857127e-05 -7.230597488456320596e-04 -1.356844776892397915e-03 2.224727132759207835e-04 1.692618858744301402e-01 -3.398750885896265062e-02 -6.848042415149505069e-02 4.841825152403761689e-06 5.236991855804527773e-06 2.251613203841100225e-07 6.940014097942228694e-06 -1.645919599202762319e-05 2.499897971634338246e-06 -3.696004355682814094e-06 2.170337205083356924e+00 -1.680500555942373753e-06 -2.439154533443914981e-04
-3.696732497016833980e-07 -2.002256139801295822e-06 1.622511610248462911e-05 3.044695002491286013e-05 -4.992181639621624168e-06 -3.798156036790320805e-03 7.626634979353892228e-04 1.536668075327494607e-03 -1.086482484623178295e-07 -1.175156009221245189e-07 -5.052512701548361329e-09 -1.557306082543844692e-07 3.693365124397369399e-07 -5.609651885461609031e-08 8.293657596344129760e-08 -1.680500555942373753e-06 4.326456954043854451e-04 5.473346505625819493e-06
-5.365604787897047817e-05 -2.906165144214157810e-04 2.354986754219575134e-03 4.419208069893261308e-03 -7.245878280135545921e-04 -5.512815501967716081e-01 1.106964304119568698e-01 2.230389564037800754e-01 -1.576969831104838791e-05 -1.705674596333873490e-05 -7.333445512818527203e-07 -2.260344501383703965e-05 5.360717230935809001e-05 -8.142102529560292501e-06 1.203778984387793935e-05 -2.439154533443914981e-04 5.473346505625819493e-06 2.594420289420520831e+00
6.021821187606530472e-04 6.919713799985900377e-06 -9.158910289332257188e-05 -1.275855113570670881e-04 2.053510042717659798e-06 1.282793766260198476e-02 -3.263287496345574148e-03 -4.504527464796758730e-03 2.387216225520902686e-07 3.054264593275650798e-07 1.924228126881043356e-08 4.747681634811538519e-07 -1.381712791826834562e-06 7.265695134833089867e-08 -4.285281355189188508e-07 7.089987766561076077e-06 3.744947350697520094e-08 -3.841522981795590748e-06
6.919713799985900377e-06 5.321697110000446485e-03 -5.338065296441557410e-04 -7.207820252140675942e-04 -1.495772819737554059e-06 7.032651653387697599e-02 -1.848242233054766051e-02 -2.410476164748722588e-02 1.198296131773508870e-06 1.595650473572843770e-06 1.073676716864165183e-07 2.558720136456815822e-06 -7.690639968010911306e-06 2.977207867412583721e-07 -2.477151860754477704e-06 4.008751256757746371e-05 3.472638306762519118e-07 -8.446965902289195634e-06
-9.158910289332257188e-05 -5.338065296441557410e-04 3.627746594103009414e+01 1.715589126740176690e-02 4.812537653133089691e-03 -8.920139162281097711e-01 4.569822989261793644e-01 8.384448284305265342e-02 2.631270212503669480e-05 9.373518387475721669e-06 -2.066887119113795097e-06 -1.587994884394908478e-05 1.410282616621418700e-04 3.403711828143035151e-05 7.946749839195683127e-05 -9.663038761708895924e-04 -5.775928080562017124e-05 -4.633682093729430546e-03
-1.275855113570670881e-04 -7.207820252140675942e-04 1.715589126740176690e-02 7.369166196957032788e+00 3.045275076231783104e-03 -1.272232497284086827e+00 4.744820254648260405e-01 2.963485267994649952e-01 4.459808647887404846e-06 -1.022066838167134964e-05 -2.386245843403859888e-06 -3.585218350448092652e-05 1.665038465400257698e-04 1.842290022925427434e-05 7.506521446280569622e-05 -1.013470633108464131e-03 -3.987628505909213074e-05 -2.832198269348517629e-03
2.053510042717659798e-06 -1.495772819737554059e-06 4.812537653133089691e-03 3.045275076231783104e-03 1.912713991861092699e+00 3.748595398562285658e-02 8.539181418317029482e-02 -1.078113966258633372e-01 1.840401518589429212e-05 1.352346459363179254e-05 -2.445007011282161721e-07 8.457092142259529593e-06 1.450872884777928707e-05 1.634123087614630049e-05 1.924195422242820980e-05 -1.745677928380881072e-04 -2.264843790855649699e-05 -2.033375450707520377e-03
1.282793766260198476e-02 7.032651653387697599e-02 -8.920139162281097711e-01 -1.272232497284086827e+00 3.748595398562285658e-02 3.730734786119108903e+05 -3.247944514799601023e+01 -4.666172420045943880e+01 2.575685605037232855e-03 3.214200914477424297e-03 1.936163970721866518e-04 4.894510841674133521e-03 -1.392752534889269561e-02 8.709339728822287213e-04 -4.200095326764317905e-03 7.065530504889387664e-02 1.971996580493878826e-04 -5.552112013795170581e-02
-3.263287496345574148e-03 -1.848242233054766051e-02 4.569822989261793644e-01 4.744820254648260405e-01 8.539181418317029482e-02 -3.247944514799601023e+01 5.934268862571861973e+03 7.211617976782530803e+00 1.800831485108188128e-04 -2.136854958655888764e-04 -6.204444567213327616e-05 -8.888453664836083040e-04 4.320126269674554910e-03 5.306534554795369705e-04 1.993030079957511334e-03 -2.660380727102473752e-02 -1.103141402245422058e-03 -7.986792788111750363e-02
-4.504527464796758730e-03 -2.410476164748722588e-02 8.384448284305265342e-02 2.963485267994649952e-01 -1.078113966258633372e-01 -4.666172420045943880e+01 7.211617976782530803e+00 2.352923578523999367e+03 -1.737300423330309825e-03 -1.730859050757495819e-03 -5.523548580982864009e-05 -2.073921814085562688e-03 4.115820860504825450e-03 -1.055822121763423009e-03 5.530143497580215914e-04 -1.620614696661107357e-02 9.806276902178826058e-04 1.132112614756419222e-01
2.387216225520902686e-07 1.198296131773508870e-06 2.631270212503669480e-05 4.459808647887404846e-06 1.840401518589429212e-05 2.575685605037232855e-03 1.800831485108188128e-04 -1.737300423330309825e-03 5.808397952566710489e-04 1.724706501062181539e-07 1.217348878998877071e-09 1.575367649172966139e-07 -1.142328626142437197e-07 1.565135907123826503e-07 9.429406782855399907e-08 -2.948261252579073704e-07 -1.927366193650102486e-07 -1.856506513170986969e-05
3.054264593275650798e-07 1.595650473572843770e-06 9.373518387475721669e-06 -1.022066838167134964e-05 1.352346459363179254e-05 3.214200914477424297e-03 -2.136854958655888764e-04 -1.730859050757495819e-03 1.724706501062181539e-07 4.412973897251283085e-05 2.908015525027591307e-09 1.639397550040994895e-07 -2.282053136518856037e-07 1.208242676171819142e-07 2.301993877569508177e-08 5.339894512330340629e-07 -1.354120565647558160e-07 -1.382833821361971539e-05
1.924228126881043356e-08 1.073676716864165183e-07 -2.066887119113795097e-06 -2.386245843403859888e-06 -2.445007011282161721e-07 1.936163970721866518e-04 -6.204444567213327616e-05 -5.523548580982864009e-05 1.217348878998877071e-09 2.908015525027591307e-09 8.396760849387015209e-08 6.213264686630538622e-09 -2.335359203079397960e-08 -1.076568380858295586e-09 -9.229302295421166406e-09 1.333243847283654047e-07 3.631625929812679228e-09 2.144823840627242368e-07
4.747681634811538519e-07 2.558720136456815822e-06 -1.587994884394908478e-05 -3.585218350448092652e-05 8.457092142259529593e-06 4.894510841674133521e-03 -8.888453664836083040e-04 -2.073921814085562688e-03 1.575367649172966139e-07 1.639397550040994895e-07 6.213264686630538622e-09 2.023379235314690702e-04 -4.575890032555644447e-07 8.825424499713396413e-08 -8.659038972841382274e-08 1.972280379070601706e-06 -7.112158163142773360e-08 -9.054878773125514492e-06
-1.381712791826834562e-06 -7.690639968010911306e-06 1.410282616621418700e-04 1.665038465400257698e-04 1.450872884777928707e-05 -1.392752534889269561e-02 4.320126269674554910e-03 4.115820860504825450e-03 -1.142328626142437197e-07 -2.282053136518856037e-07 -2.335359203079397960e-08 -4.575890032555644447e-07 3.156450872157592230e-04 5.315248604227165684e-08 6.330342135476111754e-07 -9.296416819405917427e-06 -2.269642559153167649e-07 -1.238328187675601459e-05
7.265695134833089867e-08 2.977207867412583721e-07 3.403711828143035151e-05 1.842290022925427434e-05 1.634123087614630049e-05 8.709339728822287213e-04 5.306534554795369705e-04 -1.055822121763423009e-03 1.565135907123826503e-07 1.208242676171819142e-07 -1.076568380858295586e-09 8.825424499713396413e-08 5.315248604227165684e-08 1.442011385239670609e-04 1.333020937963182041e-07 -1.066086794846178082e-06 -1.777911510572532851e-07 -1.628435909872637984e-05
-4.285281355189188508e-07 -2.477151860754477704e-06 7.946749839195683127e-05 7.506521446280569622e-05 1.924195422242820980e-05 -4.200095326764317905e-03 1.993030079957511334e-03 5.530143497580215914e-04 9.429406782855399907e-08 2.301993877569508177e-08 -9.229302295421166406e-09 -8.659038972841382274e-08 6.330342135476111754e-07 1.333020937963182041e-07 1.525742154644043409e-04 -4.223423893422977168e-06 -2.339172039208561944e-07 -1.843741252818639171e-05
7.089987766561076077e-06 4.008751256757746371e-05 -9.663038761708895924e-04 -1.013470633108464131e-03 -1.745677928380881072e-04 7.065530504889387664e-02 -2.660380727102473752e-02 -1.620614696661107357e-02 -2.948261252579073704e-07 5.339894512330340629e-07 1.333243847283654047e-07 1.972280379070601706e-06 -9.296416819405917427e-06 -1.066086794846178082e-06 -4.223423893422977168e-06 6.945407453020111532e-01 2.275181997991708358e-06 1.626743595085500401e-04
3.744947350697520094e-08 3.472638306762519118e-07 -5.775928080562017124e-05 -3.987628505909213074e-05 -2.264843790855649699e-05 1.971996580493878826e-04 -1.103141402245422058e-03 9.806276902178826058e-04 -1.927366193650102486e-07 -1.354120565647558160e-07 3.631625929812679228e-09 -7.112158163142773360e-08 -2.269642559153167649e-07 -1.777911510572532851e-07 -2.339172039208561944e-07 2.275181997991708358e-06 1.386875702124653481e-04 2.237140640166020505e-05
-3.841522981795590748e-06 -8.446965902289195634e-06 -4.633682093729430546e-03 -2.832198269348517629e-03 -2.033375450707520377e-03 -5.552112013795170581e-02 -7.986792788111750363e-02 1.132112614756419222e-01 -1.856506513170986969e-05 -1.382833821361971539e-05 2.144823840627242368e-07 -9.054878773125514492e-06 -1.238328187675601459e-05 -1.628435909872637984e-05 -1.843741252818639171e-05 1.626743595085500401e-04 2.237140640166020505e-05 8.319791152722320060e-01
1.926987001560403134e-04 2.202059913826442650e-06 -2.946295533195679876e-05 -4.067584227350440026e-05 9.685420556094631872e-07 4.091729109733131982e-03 -1.018306782288075970e-03 -1.432632582781874497e-03 7.840297918927644113e-08 9.712993401660229147e-08 6.145940637536846732e-09 1.491480341070479419e-07 -4.407845594776182954e-07 2.343102346003390750e-08 -1.365293941372543216e-07 2.386335292074868012e-06 1.304604585835182299e-08 -1.402337801169566374e-06
2.202059913826442650e-06 1.703298458050378234e-03 -1.663370368874290007e-04 -2.350465483111158433e-04 -9.514275833726431984e-06 2.288779275683939032e-02 -6.667159843659442413e-03 -7.969320587630940658e-03 3.250760642629318507e-07 5.282063371853193640e-07 3.469391342635608697e-08 8.993859910134401080e-07 -2.500566897812605635e-06 9.002487776740603112e-08 -8.100858929899420670e-07 9.417675334757051099e-06 8.030492208267392130e-08 2.317924513501144243e-06
-2.946295533195679876e-05 -1.663370368874290007e-04 1.160884560310314484e+01 5.434451881721421435e-03 1.426081039994359003e-03 -2.806112967379886802e-01 1.367424093451356237e-01 2.360487013039912901e-02 7.683962710598615206e-06 3.221422904209297450e-06 -6.571639662448214035e-07 -4.065347515561728907e-06 4.463020174509283811e-05 1.082573343944930294e-05 2.521023548027393596e-05 -3.522183649775683582e-04 -1.887157560285648508e-05 -1.419468638782107189e-03
-4.067584227350440026e-05 -2.350465483111158433e-04 5.434451881721421435e-03 2.358187567912326088e+00 1.086264200083200421e-03 -4.118561437160745409e-01 1.611466489799881496e-01 9.799589004922208690e-02 2.149318477434493080e-06 -3.488314054656463314e-06 -7.677583902181488062e-07 -1.246971426149556274e-05 5.377063803527251911e-05 5.960221462135611086e-06 2.423608369371683293e-05 -2.821227794526294953e-04 -1.237915536581477854e-05 -9.684156711484025095e-04
9.685420556094631872e-07 -9.514275833726431984e-06 1.426081039994359003e-03 1.086264200083200421e-03 6.122982087483809233e-01 2.249891850935718113e-03 4.646497292384261374e-02 -2.799599766185212335e-02 7.373566467513934302e-06 3.880073831217013192e-06 -8.678961489680150724e-08 6.571232573564922453e-07 5.648662006370265467e-06 5.362567972842304370e-06 6.599752599085857382e-06 3.084610089730222763e-05 -6.463912551664717111e-06 -7.783381659715286763e-04
4.091729109733131982e-03 2.288779275683939032e-02 -2.806112967379886802e-01 -4.118561437160745409e-01 2.249891850935718113e-03 1.193839265821019944e+05 -1.120535806776716647e+01 -1.520764813678038863e+01 7.612535224471247714e-04 1.047525275930481043e-03 6.231992744672869321e-05 1.653171904413480459e-03 -4.499478857788360639e-03 2.730409046143033344e-04 -1.362794814756036147e-03 1.893139843401915601e-02 2.986270892711271580e-05 -1.235127764395062624e-02
-1.018306782288075970e-03 -6.667159843659442413e-03 1.367424093451356237e-01 1.611466489799881496e-01 4.646497292384261374e-02 -1.120535806776716647e+01 1.900560611565942736e+03 2.849555835569086426e+00 1.812864589649012257e-04 -1.056564665988941583e-04 -2.056649740030567242e-05 -4.551508959322541985e-04 1.466242282316785380e-03 1.809208923392675774e-04 6.746212051445356133e-04 -1.289337803154643912e-03 -2.877222706802084118e-04 -3.619330090047090387e-02
-1.432632582781874497e-03 -7.969320587630940658e-03 2.360487013039912901e-02 9.799589004922208690e-02 -2.799599766185212335e-02 -1.520764813678038863e+01 2.849555835569086426e+00 7.531196621546127972e+02 -5.139164160831345305e-04 -5.665416882206651857e-04 -1.791738701788855661e-05 -7.216659058032950241e-04 1.345538621863868849e-03 -3.340872847292842055e-04 1.894867890123010188e-04 -2.731286476852885607e-03 3.359840705829225367e-04 3.261363027143614896e-02
7.840297918927644113e-08 3.250760642629318507e-07 7.683962710598615206e-06 2.149318477434493080e-06 7.373566467513934302e-06 7.612535224471247714e-04 1.812864589649012257e-04 -5.139164160831345305e-04 1.858783243437917313e-04 5.229975620311936775e-08 3.343145002638052100e-10 3.717234394070501436e-08 -3.005565332346875338e-08 5.094607168796982572e-08 3.303195367314065908e-08 4.658699215970093683e-07 -5.661300203915123867e-08 -6.765612284231032635e-06
9.712993401660229147e-08 5.282063371853193640e-07 3.221422904209297450e-06 -3.488314054656463314e-06 3.880073831217013192e-06 1.047525275930481043e-03 -1.056564665988941583e-04 -5.665416882206651857e-04 5.229975620311936775e-08 1.412238791488149753e-05 9.472161352465639404e-10 5.645172849203776059e-08 -7.498477442458511839e-08 3.840400041684324133e-08 6.504884498318777497e-09 2.000728183013513411e-09 -4.485800756950190988e-08 -4.176435877265885297e-06
6.145940637536846732e-09 3.469391342635608697e-08 -6.571639662448214035e-07 -7.677583902181488062e-07 -8.678961489680150724e-08 6.231992744672869321e-05 -2.056649740030567242e-05 -1.791738701788855661e-05 3.343145002638052100e-10 9.472161352465639404e-10 2.686995288130885973e-08 2.064503125720666032e-09 -7.510582585905927139e-09 -3.494653628704993705e-10 -2.969837824152633578e-09 3.943699584692775578e-08 1.132959296440646961e-09 7.338512186036606032e-08
1.491480341070479419e-07 8.993859910134401080e-07 -4.065347515561728907e-06 -1.246971426149556274e-05 6.571232573564922453e-07 1.653171904413480459e-03 -4.551508959322541985e-04 -7.216659058032950241e-04 3.717234394070501436e-08 5.645172849203776059e-08 2.064503125720666032e-09 6.476641340208305641e-05 -1.554005790209465535e-07 2.705169484135268280e-08 -3.165437317059494677e-08 -1.422821272710876940e-07 -2.974831140918116822e-08 -1.758883571411687044e-06
-4.407845594776182954e-07 -2.500566897812605635e-06 4.463020174509283811e-05 5.377063803527251911e-05 5.648662006370265467e-06 -4.499478857788360639e-03 1.466242282316785380e-03 1.345538621863868849e-03 -3.005565332346875338e-08 -7.498477442458511839e-08 -7.510582585905927139e-09 -1.554005790209465535e-07 1.010108320618946010e-04 1.759276821889410188e-08 2.045076590260307794e-07 -2.595207060212699223e-06 -6.919765762747271162e-08 -4.521595317889412437e-06
2.343102346003390750e-08 9.002487776740603112e-08 1.082573343944930294e-05 5.960221462135611086e-06 5.362567972842304370e-06 2.730409046143033344e-04 1.809208923392675774e-04 -3.340872847292842055e-04 5.094607168796982572e-08 3.840400041684324133e-08 -3.494653628704993705e-10 2.705169484135268280e-08 1.759276821889410188e-08 4.614444176006309776e-05 4.291346994456576279e-08 -2.908082222019778158e-07 -5.643824444157811837e-08 -5.285108751900451607e-06
-1.365293941372543216e-07 -8.100858929899420670e-07 2.521023548027393596e-05 2.423608369371683293e-05 6.599752599085857382e-06 -1.362794814756036147e-03 6.746212051445356133e-04 1.894867890123010188e-04 3.303195367314065908e-08 6.504884498318777497e-09 -2.969837824152633578e-09 -3.165437317059494677e-08 2.045076590260307794e-07 4.291346994456576279e-08 4.882460061030828563e-05 -1.184547514143053314e-06 -7.334477719872683116e-08 -6.145766153946417046e-06
2.386335292074868012e-06 9.417675334757051099e-06 -3.522183649775683582e-04 -2.821227794526294953e-04 3.084610089730222763e-05 1.893139843401915601e-02 -1.289337803154643912e-03 -2.731286476852885607e-03 4.658699215970093683e-07 2.000728183013513411e-09 3.943699584692775578e-08 -1.422821272710876940e-07 -2.595207060212699223e-06 -2.908082222019778158e-07 -1.184547514143053314e-06 2.222857647290567562e-01 1.023808688847104957e-06 3.873666687995099213e-06
1.304604585835182299e-08 8.030492208267392130e-08 -1.887157560285648508e-05 -1.237915536581477854e-05 -6.463912551664717111e-06 2.986270892711271580e-05 -2.877222706802084118e-04 3.359840705829225367e-04 -5.661300203915123867e-08 -4.485800756950190988e-08 1.132959296440646961e-09 -2.974831140918116822e-08 -6.919765762747271162e-08 -5.643824444157811837e-08 -7.334477719872683116e-08 1.023808688847104957e-06 4.438269519631489913e-05 6.723423020501394316e-06
-1.402337801169566374e-06 2.317924513501144243e-06 -1.419468638782107189e-03 -9.684156711484025095e-04 -7.783381659715286763e-04 -1.235127764395062624e-02 -3.619330090047090387e-02 3.261363027143614896e-02 -6.765612284231032635e-06 -4.176435877265885297e-06 7.338512186036606032e-08 -1.758883571411687044e-06 -4.521595317889412437e-06 -5.285108751900451607e-06 -6.145766153946417046e-06 3.873666687995099213e-06 6.723423020501394316e-06 2.663042543987557687e-01
6.173442076467217066e-05 9.362955720910658533e-07 -4.576292709117127972e-06 -1.884513080745551467e-05 5.891870931625155187e-06 1.157064374812746967e-04 -4.015285219239462904e-04 -3.436697693826701555e-04 -3.610065625758755297e-08 2.461605972282090166e-08 1.227561133056903770e-09 6.399211344981046196e-08 -1.895773480286984251e-07 1.504463308569265455e-08 -2.280968814440801367e-08 4.891808607681711489e-07 -2.596096538059519206e-08 -1.210921634796536064e-06
9.362955720910658533e-07 5.458129587229067388e-04 -3.736226904652496675e-05 -9.427530002531919219e-05 1.520839425922484530e-05 3.420862621488666294e-03 -2.380933565514105604e-03 -2.174875444417144737e-03 -9.606597865084916581e-08 1.478837489795721514e-07 8.685061344944940673e-09 3.409893038495503268e-07 -9.588626069230674171e-07 5.348572461272167538e-08 -1.909507070180977023e-07 2.116214945360548957e-06 -7.284630980917781252e-08 -1.750575311146218355e-06
-4.576292709117127972e-06 -3.736226904652496675e-05 3.715162913281887302e+00 1.339785617467926853e-03 8.386722470797246774e-04 -1.715526416908300655e-01 3.857464539156264804e-02 1.541473696225858191e-02 -1.732221141269232432e-06 5.880094316812766824e-07 -2.609187300487359285e-07 -1.868824120183836105e-07 1.095793022702068899e-05 3.981134816813902069e-06 9.497399867939445463e-06 -1.315076676266013550e-04 -8.103003116350863114e-06 -5.064338812678295795e-04
-1.884513080745551467e-05 -9.427530002531919219e-05 1.339785617467926853e-03 7.550996547011715743e-01 -1.117100829712223265e-04 -3.357368442244621637e-02 5.779352900675615440e-02 2.191451593423824479e-02 5.722822674250705190e-06 -5.842395752940955991e-07 -1.848619114880647246e-07 -5.328667186640443821e-06 2.119963247628354336e-05 1.286283571967937038e-06 6.037440851827496191e-06 -6.769622369622110304e-05 -1.481587173347394559e-06 -2.471768958304120683e-04
5.891870931625155187e-06 1.520839425922484530e-05 8.386722470797246774e-04 -1.117100829712223265e-04 1.963752838153871583e-01 -9.333948190569736625e-02 8.905962980833207962e-03 8.537318018448825812e-05 -2.462203726364738397e-06 7.321403187282814481e-07 -8.601694401272546954e-08 1.491942153500114701e-06 -2.016302712405429528e-06 2.310702614581363728e-06 3.757243891392442090e-06 -1.175564347192994686e-05 -4.443147032496579212e-06 -3.091275347683113627e-04
1.157064374812746967e-04 3.420862621488666294e-03 -1.715526416908300655e-01 -3.357368442244621637e-02 -9.333948190569736625e-02 3.822297026894117153e+04 -2.310617631758097090e+00 -6.800444827257397407e+00 1.274687714262594859e-03 4.441564886999000133e-04 3.239738690513306238e-05 2.549430226673951843e-04 -6.221322222948719215e-04 -3.979403823860341069e-05 -7.879318061357987006e-04 1.068265676642056461e-02 5.173631328487164702e-04 8.890734257071786564e-03
-4.015285219239462904e-04 -2.380933565514105604e-03 3.857464539156264804e-02 5.779352900675615440e-02 8.905962980833207962e-03 -2.310617631758097090e+00 6.082602295191450139e+02 7.892535463260863526e-01 1.233766303498896281e-04 -2.690336690386506765e-05 -5.791703111154599524e-06 -1.630228754372963569e-04 5.210350748022589927e-04 4.983302054073557779e-05 1.935743125144580648e-04 -1.194144492530427722e-04 -5.987907723989191889e-05 -1.076767483099770085e-02
-3.436697693826701555e-04 -2.174875444417144737e-03 1.541473696225858191e-02 2.191451593423824479e-02 8.537318018448825812e-05 -6.800444827257397407e+00 7.892535463260863526e-01 2.411842514285089862e+02 -2.635952603218631729e-04 -1.917690492833286657e-04 -6.931149691932100844e-06 -2.045802624447945169e-04 3.519480022892930893e-04 -9.468043785879773030e-05 9.446597933338005452e-05 -1.318681451959684021e-03 5.868776002537586840e-05 9.201455713258916216e-03
-3.610065625758755297e-08 -9.606597865084916581e-08 -1.732221141269232432e-06 5.722822674250705190e-06 -2.462203726364738397e-06 1.274687714262594859e-03 1.233766303498896281e-04 -2.635952603218631729e-04 5.953392011369459388e-05 2.232091551354389108e-08 7.454585862826570001e-10 -2.154530950132012128e-09 3.229978536239032676e-08 9.783807529336956325e-09 -7.465927353527910080e-09 3.861485176198429023e-07 7.915420966355591868e-09 -1.506621224648579077e-06
2.461605972282090166e-08 1.478837489795721514e-07 5.880094316812766824e-07 -5.842395752940955991e-07 7.321403187282814481e-07 4.441564886999000133e-04 -2.690336690386506765e-05 -1.917690492833286657e-04 2.232091551354389108e-08 4.519754263715985213e-06 3.705730909470637499e-10 1.658001215696727279e-08 -1.956596064539412551e-08 1.160046544582349721e-08 1.757968389704234017e-10 2.568993607443427411e-08 -1.160396978253963127e-08 -1.266893188217712410e-06
1.227561133056903770e-09 8.685061344944940673e-09 -2.609187300487359285e-07 -1.848619114880647246e-07 -8.601694401272546954e-08 3.239738690513306238e-05 -5.791703111154599524e-06 -6.931149691932100844e-06 7.454585862826570001e-10 3.705730909470637499e-10 8.606097416180176269e-09 4.909278826320115185e-10 -1.897042858080475915e-09 -1.905743944760007321e-10 -1.168215802841599940e-09 1.548352738940869981e-08 6.769954572895230851e-10 3.143607606445842192e-08
6.399211344981046196e-08 3.409893038495503268e-07 -1.868824120183836105e-07 -5.328667186640443821e-06 1.491942153500114701e-06 2.549430226673951843e-04 -1.630228754372963569e-04 -2.045802624447945169e-04 -2.154530950132012128e-09 1.658001215696727279e-08 4.909278826320115185e-10 2.072898681885648701e-05 -6.087025475772033417e-08 1.038933336978528259e-08 -5.335229634106351411e-09 -1.085456334859546902e-07 -1.643888560585036302e-08 -7.378445962759026034e-07
-1.895773480286984251e-07 -9.588626069230674171e-07 1.095793022702068899e-05 2.119963247628354336e-05 -2.016302712405429528e-06 -6.221322222948719215e-04 5.210350748022589927e-04 3.519480022892930893e-04 3.229978536239032676e-08 -1.956596064539412551e-08 -1.897042858080475915e-09 -6.087025475772033417e-08 3.235670891839620823e-05 4.598580477160090562e-10 5.113891870794480947e-08 -6.424582897299835662e-07 -1.498960324330631450e-09 -9.247878492751169271e-07
1.504463308569265455e-08 5.348572461272167538e-08 3.981134816813902069e-06 1.286283571967937038e-06 2.310702614581363728e-06 -3.979403823860341069e-05 4.983302054073557779e-05 -9.468043785879773030e-05 9.783807529336956325e-09 1.160046544582349721e-08 -1.905743944760007321e-10 1.038933336978528259e-08 4.598580477160090562e-10 1.476702536387575332e-05 1.595676538039439330e-08 -1.222972319099220903e-07 -2.127079444988822855e-08 -1.772434208504932607e-06
-2.280968814440801367e-08 -1.909507070180977023e-07 9.497399867939445463e-06 6.037440851827496191e-06 3.757243891392442090e-06 -7.879318061357987006e-04 1.935743125144580648e-04 9.446597933338005452e-05 -7.465927353527910080e-09 1.757968389704234017e-10 -1.168215802841599940e-09 -5.335229634106351411e-09 5.113891870794480947e-08 1.595676538039439330e-08 1.563002666794053832e-05 -4.599506008786882545e-07 -3.235307998003416052e-08 -2.191302235761197853e-06
4.891808607681711489e-07 2.116214945360548957e-06 -1.315076676266013550e-04 -6.769622369622110304e-05 -1.175564347192994686e-05 1.068265676642056461e-02 -1.194144492530427722e-04 -1.318681451959684021e-03 3.861485176198429023e-07 2.568993607443427411e-08 1.548352738940869981e-08 -1.085456334859546902e-07 -6.424582897299835662e-07 -1.222972319099220903e-07 -4.599506008786882545e-07 7.113250801563644754e-02 4.443751179800421418e-07 4.192502615394154021e-06
-2.596096538059519206e-08 -7.284630980917781252e-08 -8.103003116350863114e-06 -1.481587173347394559e-06 -4.443147032496579212e-06 5.173631328487164702e-04 -5.987907723989191889e-05 5.868776002537586840e-05 7.915420966355591868e-09 -1.160396978253963127e-08 6.769954572895230851e-10 -1.643888560585036302e-08 -1.498960324330631450e-09 -2.127079444988822855e-08 -3.235307998003416052e-08 4.443751179800421418e-07 1.421528293905493191e-05 2.475742943943109665e-06
-1.210921634796536064e-06 -1.750575311146218355e-06 -5.064338812678295795e-04 -2.471768958304120683e-04 -3.091275347683113627e-04 8.890734257071786564e-03 -1.076767483099770085e-02 9.201455713258916216e-03 -1.506621224648579077e-06 -1.266893188217712410e-06 3.143607606445842192e-08 -7.378445962759026034e-07 -9.247878492751169271e-07 -1.772434208504932607e-06 -2.191302235761197853e-06 4.192502615394154021e-06 2.475742943943109665e-06 8.522556207733661404e-02
6.173442076467217066e-05 9.362955720910658533e-07 -4.576292709117127972e-06 -1.884513080745551467e-05 5.891870931625155187e-06 1.157064374812746967e-04 -4.015285219239462904e-04 -3.436697693826701555e-04 -3.610065625758755297e-08 2.461605972282090166e-08 1.227561133056903770e-09 6.399211344981046196e-08 -1.895773480286984251e-07 1.504463308569265455e-08 -2.280968814440801367e-08 4.891808607681711489e-07 -2.596096538059519206e-08 -1.210921634796536064e-06
9.362955720910658533e-07 5.458129587229067388e-04 -3.736226904652496675e-05 -9.427530002531919219e-05 1.520839425922484530e-05 3.420862621488666294e-03 -2.380933565514105604e-03 -2.174875444417144737e-03 -9.606597865084916581e-08 1.478837489795721514e-07 8.685061344944940673e-09 3.409893038495503268e-07 -9.588626069230674171e-07 5.348572461272167538e-08 -1.909507070180977023e-07 2.116214945360548957e-06 -7.284630980917781252e-08 -1.750575311146218355e-06
-4.576292709117127972e-06 -3.736226904652496675e-05 3.715162913281887302e+00 1.339785617467926853e-03 8.386722470797246774e-04 -1.715526416908300655e-01 3.857464539156264804e-02 1.541473696225858191e-02 -1.732221141269232432e-06 5.880094316812766824e-07 -2.609187300487359285e-07 -1.868824120183836105e-07 1.095793022702068899e-05 3.981134816813902069e-06 9.497399867939445463e-06 -1.315076676266013550e-04 -8.103003116350863114e-06 -5.064338812678295795e-04
-1.884513080745551467e-05 -9.427530002531919219e-05 1.339785617467926853e-03 7.550996547011715743e-01 -1.117100829712223265e-04 -3.357368442244621637e-02 5.779352900675615440e-02 2.191451593423824479e-02 5.722822674250705190e-06 -5.842395752940955991e-07 -1.848619114880647246e-07 -5.328667186640443821e-06 2.119963247628354336e-05 1.286283571967937038e-06 6.037440851827496191e-06 -6.769622369622110304e-05 -1.481587173347394559e-06 -2.471768958304120683e-04
5.891870931625155187e-06 1.520839425922484530e-05 8.386722470797246774e-04 -1.117100829712223265e-04 1.963752838153871583e-01 -9.333948190569736625e-02 8.905962980833207962e-03 8.537318018448825812e-05 -2.462203726364738397e-06 7.321403187282814481e-07 -8.601694401272546954e-08 1.491942153500114701e-06 -2.016302712405429528e-06 2.310702614581363728e-06 3.757243891392442090e-06 -1.175564347192994686e-05 -4.443147032496579212e-06 -3.091275347683113627e-04
1.157064374812746967e-04 3.420862621488666294e-03 -1.715526416908300655e-01 -3.357368442244621637e-02 -9.333948190569736625e-02 3.822297026894117153e+04 -2.310617631758097090e+00 -6.800444827257397407e+00 1.274687714262594859e-03 4.441564886999000133e-04 3.239738690513306238e-05 2.549430226673951843e-04 -6.221322222948719215e-04 -3.979403823860341069e-05 -7.879318061357987006e-04 1.068265676642056461e-02 5.173631328487164702e-04 8.890734257071786564e-03
-4.015285219239462904e-04 -2.380933565514105604e-03 3.857464539156264804e-02 5.779352900675615440e-02 8.905962980833207962e-03 -2.310617631758097090e+00 6.082602295191450139e+02 7.892535463260863526e-01 1.233766303498896281e-04 -2.690336690386506765e-05 -5.791703111154599524e-06 -1.630228754372963569e-04 5.210350748022589927e-04 4.983302054073557779e-05 1.935743125144580648e-04 -1.194144492530427722e-04 -5.987907723989191889e-05 -1.076767483099770085e-02
-3.436697693826701555e-04 -2.174875444417144737e-03 1.541473696225858191e-02 2.191451593423824479e-02 8.537318018448825812e-05 -6.800444827257397407e+00 7.892535463260863526e-01 2.411842514285089862e+02 -2.635952603218631729e-04 -1.917690492833286657e-04 -6.931149691932100844e-06 -2.045802624447945169e-04 3.519480022892930893e-04 -9.468043785879773030e-05 9.446597933338005452e-05 -1.318681451959684021e-03 5.868776002537586840e-05 9.201455713258916216e-03
-3.610065625758755297e-08 -9.606597865084916581e-08 -1.732221141269232432e-06 5.722822674250705190e-06 -2.462203726364738397e-06 1.274687714262594859e-03 1.233766303498896281e-04 -2.635952603218631729e-04 5.953392011369459388e-05 2.232091551354389108e-08 7.454585862826570001e-10 -2.154530950132012128e-09 3.229978536239032676e-08 9.783807529336956325e-09 -7.465927353527910080e-09 3.861485176198429023e-07 7.915420966355591868e-09 -1.506621224648579077e-06
2.461605972282090166e-08 1.478837489795721514e-07 5.880094316812766824e-07 -5.842395752940955991e-07 7.321403187282814481e-07 4.441564886999000133e-04 -2.690336690386506765e-05 -1.917690492833286657e-04 2.232091551354389108e-08 4.519754263715985213e-06 3.705730909470637499e-10 1.658001215696727279e-08 -1.956596064539412551e-08 1.160046544582349721e-08 1.757968389704234017e-10 2.568993607443427411e-08 -1.160396978253963127e-08 -1.266893188217712410e-06
1.227561133056903770e-09 8.685061344944940673e-09 -2.609187300487359285e-07 -1.848619114880647246e-07 -8.601694401272546954e-08 3.239738690513306238e-05 -5.791703111154599524e-06 -6.931149691932100844e-06 7.454585862826570001e-10 3.705730909470637499e-10 8.606097416180176269e-09 4.909278826320115185e-10 -1.897042858080475915e-09 -1.905743944760007321e-10 -1.168215802841599940e-09 1.548352738940869981e-08 6.769954572895230851e-10 3.143607606445842192e-08
6.399211344981046196e-08 3.409893038495503268e-07 -1.868824120183836105e-07 -5.328667186640443821e-06 1.491942153500114701e-06 2.549430226673951843e-04 -1.630228754372963569e-04 -2.045802624447945169e-04 -2.154530950132012128e-09 1.658001215696727279e-08 4.909278826320115185e-10 2.072898681885648701e-05 -6.087025475772033417e-08 1.038933336978528259e-08 -5.335229634106351411e-09 -1.085456334859546902e-07 -1.643888560585036302e-08 -7.378445962759026034e-07
-1.895773480286984251e-07 -9.588626069230674171e-07 1.095793022702068899e-05 2.119963247628354336e-05 -2.016302712405429528e-06 -6.221322222948719215e-04 5.210350748022589927e-04 3.519480022892930893e-04 3.229978536239032676e-08 -1.956596064539412551e-08 -1.897042858080475915e-09 -6.087025475772033417e-08 3.235670891839620823e-05 4.598580477160090562e-10 5.113891870794480947e-08 -6.424582897299835662e-07 -1.498960324330631450e-09 -9.247878492751169271e-07
1.504463308569265455e-08 5.348572461272167538e-08 3.981134816813902069e-06 1.286283571967937038e-06 2.310702614581363728e-06 -3.979403823860341069e-05 4.983302054073557779e-05 -9.468043785879773030e-05 9.783807529336956325e-09 1.160046544582349721e-08 -1.905743944760007321e-10 1.038933336978528259e-08 4.598580477160090562e-10 1.476702536387575332e-05 1.595676538039439330e-08 -1.222972319099220903e-07 -2.127079444988822855e-08 -1.772434208504932607e-06
-2.280968814440801367e-08 -1.909507070180977023e-07 9.497399867939445463e-06 6.037440851827496191e-06 3.757243891392442090e-06 -7.879318061357987006e-04 1.935743125144580648e-04 9.446597933338005452e-05 -7.465927353527910080e-09 1.757968389704234017e-10 -1.168215802841599940e-09 -5.335229634106351411e-09 5.113891870794480947e-08 1.595676538039439330e-08 1.563002666794053832e-05 -4.599506008786882545e-07 -3.235307998003416052e-08 -2.191302235761197853e-06
