{
    "R": [
        [
            0.012031124014008267,
            -2.6089436000779043e-05,
            -0.0012951259407236882,
            -4.248554680253242e-05,
            0.0003625422772430459,
            -0.02800223400360165,
            0.00013887956168189328,
            -0.012275181948583245,
            -2.7318984403480184e-05,
            2.0272103990975191e-07,
            -2.5789613656713606e-07,
            -4.5934505300554875e-07,
            4.087044886111043e-06,
            -3.2790491856373773e-06,
            -1.776971040181681e-06,
            3.861492669966573e-05,
            -4.471877064206296e-05,
            1.685664448745112e-06
        ],
        [
            0.0,
            0.07032310156053322,
            0.00043379698674985535,
            -0.00010245834245155896,
            9.957994352192963e-05,
            0.03780966841223034,
            -0.01203067694916559,
            0.000499016042425804,
            1.5721730376566235e-05,
            -1.216794875911999e-07,
            -1.5656556111120154e-06,
            6.998716338264227e-07,
            8.621906092227563e-07,
            5.8470155842607e-07,
            5.493290701080529e-07,
            -2.7911494670586944e-05,
            3.500050877645746e-05,
            -2.4526493244290605e-06
        ],
        [
            0.0,
            0.0,
            2.441414581175357,
            -0.00027856503641384903,
            0.00019842382078314719,
            -0.010669661489761745,
            -0.022656870091305233,
            0.002756787318474256,
            2.473629152571012e-05,
            -1.4785800428768726e-07,
            -3.5593746521516034e-06,
            -1.8649541138142215e-06,
            1.0007073171988221e-06,
            -1.4391477237139705e-06,
            2.3787120931461527e-08,
            -4.36305863027034e-06,
            5.3345860195538536e-05,
            1.5159574543000318e-06
        ],
        [
            0.0,
            0.0,
            0.0,
            0.6855947505897931,
            -0.0002685105210576061,
            -0.011866455198767929,
            0.013951047010215222,
            0.0016732932798999782,
            -6.994879222487955e-06,
            5.000390828090564e-08,
            2.2905267285795483e-06,
            3.16695361091414e-07,
            -1.7770715534885152e-06,
            1.2062026245276661e-06,
            -2.270374779319953e-07,
            7.245993408282399e-06,
            -2.7433599762967348e-05,
            -8.238218594532649e-08
        ],
        [
            0.0,
            0.0,
            0.0,
            0.0,
            0.8218149909486576,
            0.08450792936307107,
            -0.018817815022143237,
            -0.0030184432246676725,
            -2.1656387078152382e-05,
            5.872285233298707e-08,
            -4.900607997448697e-06,
            1.9065652835020452e-06,
            2.985493442583884e-06,
            -2.9121533996823247e-06,
            4.549555610229264e-06,
            -3.849926410823828e-05,
            6.0141804337823606e-05,
            1.596329691349511e-06
        ],
        [
            0.0,
            0.0,
            0.0,
            0.0,
            0.0,
            86.41379707632048,
            -0.012188093100586089,
            0.0021142888307488705,
            -1.4338342763639133e-05,
            -2.3835683628243825e-08,
            -3.6062928044914424e-06,
            3.738684809633308e-06,
            7.28243129802957e-07,
            -5.031885526393249e-08,
            5.961616449681917e-06,
            -7.312586149088041e-05,
            7.277304226426872e-05,
            -1.4941887259592884e-06
        ],
        [
            0.0,
            0.0,
            0.0,
            0.0,
            0.0,
            0.0,
            41.50707701025111,
            0.0020500430578667887,
            -1.2235715507206871e-05,
            9.107008668136328e-08,
            3.289891715322746e-06,
            1.8600420150741418e-07,
            -2.476404799505073e-06,
            1.3910509801617403e-06,
            -4.6867165705200984e-07,
            1.6413720765753163e-05,
            -4.332928448717095e-05,
            5.053734533428546e-07
        ],
        [
            0.0,
            0.0,
            0.0,
            0.0,
            0.0,
            0.0,
            0.0,
            34.36189571721004,
            1.999001049195777e-06,
            -2.1665580681849653e-08,
            2.7087212947056146e-07,
            1.7065150115434505e-07,
            -1.2556051193376165e-06,
            7.025367539227582e-07,
            6.874634145936365e-07,
            -7.1823183367879815e-06,
            6.730255342048629e-06,
            1.1526019241202203e-07
        ],
        [
            0.0,
            0.0,
            0.0,
            0.0,
            0.0,
            0.0,
            0.0,
            0.0,
            0.02387915826884705,
            -3.68202845911925e-07,
            -4.733826933880293e-07,
            -2.9440881547357505e-06,
            3.9518376464996127e-07,
            2.092068640422401e-06,
            -5.096530171949653e-06,
            3.96803766050289e-06,
            2.761346943475012e-05,
            -4.483646931718269e-06
        ],
        [
            0.0,
            0.0,
            0.0,
            0.0,
            0.0,
            0.0,
            0.0,
            0.0,
            0.0,
            0.0002603979701076186,
            1.2579792397945201e-06,
            5.725341042054026e-07,
            -1.5294995826889636e-07,
            -1.1780773050822208e-06,
            9.246166119409238e-07,
            1.8908515963115158e-05,
            -3.681839809983131e-05,
            2.6411542084085512e-06
        ],
        [
            0.0,
            0.0,
            0.0,
            0.0,
            0.0,
            0.0,
            0.0,
            0.0,
            0.0,
            0.0,
            0.006065177971983208,
            -5.287460930227728e-07,
            -2.614806989320213e-06,
            2.0542897439818587e-06,
            -2.332078677708504e-06,
            2.853285353404745e-05,
            -5.923139468697893e-05,
            -4.905655709533882e-07
        ],
        [
            0.0,
            0.0,
            0.0,
            0.0,
            0.0,
            0.0,
            0.0,
            0.0,
            0.0,
            0.0,
            0.0,
            0.0019718547328244898,
            -8.147943847617589e-07,
            1.2690617479914634e-06,
            7.730190247217176e-06,
            -8.719408771310905e-05,
            5.29325527734217e-05,
            -2.287385450279366e-06
        ],
        [
            0.0,
            0.0,
            0.0,
            0.0,
            0.0,
            0.0,
            0.0,
            0.0,
            0.0,
            0.0,
            0.0,
            0.0,
            0.004669302391404475,
            -2.8794289314870346e-06,
            -8.679598775948358e-07,
            1.5632814892246905e-06,
            2.023950235148179e-05,
            -5.153640882809509e-07
        ],
        [
            0.0,
            0.0,
            0.0,
            0.0,
            0.0,
            0.0,
            0.0,
            0.0,
            0.0,
            0.0,
            0.0,
            0.0,
            0.0,
            0.003994535385004827,
            -4.98368945328538e-07,
            -1.0426095773646334e-05,
            -1.531348851741788e-05,
            -2.585857376440897e-06
        ],
        [
            0.0,
            0.0,
            0.0,
            0.0,
            0.0,
            0.0,
            0.0,
            0.0,
            0.0,
            0.0,
            0.0,
            0.0,
            0.0,
            0.0,
            0.0035987782122643146,
            -7.874338368640867e-05,
            8.197327279488379e-05,
            1.6974400208473838e-06
        ],
        [
            0.0,
            0.0,
            0.0,
            0.0,
            0.0,
            0.0,
            0.0,
            0.0,
            0.0,
            0.0,
            0.0,
            0.0,
            0.0,
            0.0,
            0.0,
            0.03535178863115216,
            -0.00011578209338323616,
            3.079297212495579e-06
        ],
        [
            0.0,
            0.0,
            0.0,
            0.0,
            0.0,
            0.0,
            0.0,
            0.0,
            0.0,
            0.0,
            0.0,
            0.0,
            0.0,
            0.0,
            0.0,
            0.0,
            0.04228529929515526,
            -8.596009380798631e-07
        ],
        [
            0.0,
            0.0,
            0.0,
            0.0,
            0.0,
            0.0,
            0.0,
            0.0,
            0.0,
            0.0,
            0.0,
            0.0,
            0.0,
            0.0,
            0.0,
            0.0,
            0.0,
            0.0045556628046326255
        ]
    ],
    "RDR": [
        [
            [
                0.012031124014008267,
                -2.6089436000779043e-05,
                -0.0012951259407236882,
                -4.248554680253242e-05,
                0.0003625422772430459,
                -0.02800223400360165,
                0.00013887956168189328,
                -0.012275181948583245,
                -2.7318984403480184e-05,
                2.0272103990975191e-07,
                -2.5789613656713606e-07,
                -4.5934505300554875e-07,
                4.087044886111043e-06,
                -3.2790491856373773e-06,
                -1.776971040181681e-06,
                3.861492669966573e-05,
                -4.471877064206296e-05,
                1.685664448745112e-06
            ],
            [
                0.0,
                0.07032310156053322,
                0.00043379698674985535,
                -0.00010245834245155896,
                9.957994352192963e-05,
                0.03780966841223034,
                -0.01203067694916559,
                0.000499016042425804,
                1.5721730376566235e-05,
                -1.216794875911999e-07,
                -1.5656556111120154e-06,
                6.998716338264227e-07,
                8.621906092227563e-07,
                5.8470155842607e-07,
                5.493290701080529e-07,
                -2.7911494670586944e-05,
                3.500050877645746e-05,
                -2.4526493244290605e-06
            ],
            [
                0.0,
                0.0,
                2.441414581175357,
                -0.00027856503641384903,
                0.00019842382078314719,
                -0.010669661489761745,
                -0.022656870091305233,
                0.002756787318474256,
                2.473629152571012e-05,
                -1.4785800428768726e-07,
                -3.5593746521516034e-06,
                -1.8649541138142215e-06,
                1.0007073171988221e-06,
                -1.4391477237139705e-06,
                2.3787120931461527e-08,
                -4.36305863027034e-06,
                5.3345860195538536e-05,
                1.5159574543000318e-06
            ],
            [
                0.0,
                0.0,
                0.0,
                0.6855947505897931,
                -0.0002685105210576061,
                -0.011866455198767929,
                0.013951047010215222,
                0.0016732932798999782,
                -6.994879222487955e-06,
                5.000390828090564e-08,
                2.2905267285795483e-06,
                3.16695361091414e-07,
                -1.7770715534885152e-06,
                1.2062026245276661e-06,
                -2.270374779319953e-07,
                7.245993408282399e-06,
                -2.7433599762967348e-05,
                -8.238218594532649e-08
            ],
            [
                0.0,
                0.0,
                0.0,
                0.0,
                0.8218149909486576,
                0.08450792936307107,
                -0.018817815022143237,
                -0.0030184432246676725,
                -2.1656387078152382e-05,
                5.872285233298707e-08,
                -4.900607997448697e-06,
                1.9065652835020452e-06,
                2.985493442583884e-06,
                -2.9121533996823247e-06,
                4.549555610229264e-06,
                -3.849926410823828e-05,
                6.0141804337823606e-05,
                1.596329691349511e-06
            ],
            [
                0.0,
                0.0,
                0.0,
                0.0,
                0.0,
                86.41379707632048,
                -0.012188093100586089,
                0.0021142888307488705,
                -1.4338342763639133e-05,
                -2.3835683628243825e-08,
                -3.6062928044914424e-06,
                3.738684809633308e-06,
                7.28243129802957e-07,
                -5.031885526393249e-08,
                5.961616449681917e-06,
                -7.312586149088041e-05,
                7.277304226426872e-05,
                -1.4941887259592884e-06
            ],
            [
                0.0,
                0.0,
                0.0,
                0.0,
                0.0,
                0.0,
                41.50707701025111,
                0.0020500430578667887,
                -1.2235715507206871e-05,
                9.107008668136328e-08,
                3.289891715322746e-06,
                1.8600420150741418e-07,
                -2.476404799505073e-06,
                1.3910509801617403e-06,
                -4.6867165705200984e-07,
                1.6413720765753163e-05,
                -4.332928448717095e-05,
                5.053734533428546e-07
            ],
            [
                0.0,
                0.0,
                0.0,
                0.0,
                0.0,
                0.0,
                0.0,
                34.36189571721004,
                1.999001049195777e-06,
                -2.1665580681849653e-08,
                2.7087212947056146e-07,
                1.7065150115434505e-07,
                -1.2556051193376165e-06,
                7.025367539227582e-07,
                6.874634145936365e-07,
                -7.1823183367879815e-06,
                6.730255342048629e-06,
                1.1526019241202203e-07
            ],
            [
                0.0,
                0.0,
                0.0,
                0.0,
                0.0,
                0.0,
                0.0,
                0.0,
                0.02387915826884705,
                -3.68202845911925e-07,
                -4.733826933880293e-07,
                -2.9440881547357505e-06,
                3.9518376464996127e-07,
                2.092068640422401e-06,
                -5.096530171949653e-06,
                3.96803766050289e-06,
                2.761346943475012e-05,
                -4.483646931718269e-06
            ],
            [
                0.0,
                0.0,
                0.0,
                0.0,
                0.0,
                0.0,
                0.0,
                0.0,
                0.0,
                0.0002603979701076186,
                1.2579792397945201e-06,
                5.725341042054026e-07,
                -1.5294995826889636e-07,
                -1.1780773050822208e-06,
                9.246166119409238e-07,
                1.8908515963115158e-05,
                -3.681839809983131e-05,
                2.6411542084085512e-06
            ],
            [
                0.0,
                0.0,
                0.0,
                0.0,
                0.0,
                0.0,
                0.0,
                0.0,
                0.0,
                0.0,
                0.006065177971983208,
                -5.287460930227728e-07,
                -2.614806989320213e-06,
                2.0542897439818587e-06,
                -2.332078677708504e-06,
                2.853285353404745e-05,
                -5.923139468697893e-05,
                -4.905655709533882e-07
            ],
            [
                0.0,
                0.0,
                0.0,
                0.0,
                0.0,
                0.0,
                0.0,
                0.0,
                0.0,
                0.0,
                0.0,
                0.0019718547328244898,
                -8.147943847617589e-07,
                1.2690617479914634e-06,
                7.730190247217176e-06,
                -8.719408771310905e-05,
                5.29325527734217e-05,
                -2.287385450279366e-06
            ],
            [
                0.0,
                0.0,
                0.0,
                0.0,
                0.0,
                0.0,
                0.0,
                0.0,
                0.0,
                0.0,
                0.0,
                0.0,
                0.004669302391404475,
                -2.8794289314870346e-06,
                -8.679598775948358e-07,
                1.5632814892246905e-06,
                2.023950235148179e-05,
                -5.153640882809509e-07
            ],
            [
                0.0,
                0.0,
                0.0,
                0.0,
                0.0,
                0.0,
                0.0,
                0.0,
                0.0,
                0.0,
                0.0,
                0.0,
                0.0,
                0.003994535385004827,
                -4.98368945328538e-07,
                -1.0426095773646334e-05,
                -1.531348851741788e-05,
                -2.585857376440897e-06
            ],
            [
                0.0,
                0.0,
                0.0,
                0.0,
                0.0,
                0.0,
                0.0,
                0.0,
                0.0,
                0.0,
                0.0,
                0.0,
                0.0,
                0.0,
                0.0035987782122643146,
                -7.874338368640867e-05,
                8.197327279488379e-05,
                1.6974400208473838e-06
            ],
            [
                0.0,
                0.0,
                0.0,
                0.0,
                0.0,
                0.0,
                0.0,
                0.0,
                0.0,
                0.0,
                0.0,
                0.0,
                0.0,
                0.0,
                0.0,
                0.03535178863115216,
                -0.00011578209338323616,
                3.079297212495579e-06
            ],
            [
                0.0,
                0.0,
                0.0,
                0.0,
                0.0,
                0.0,
                0.0,
                0.0,
                0.0,
                0.0,
                0.0,
                0.0,
                0.0,
                0.0,
                0.0,
                0.0,
                0.04228529929515526,
                -8.596009380798631e-07
            ],
            [
                0.0,
                0.0,
                0.0,
                0.0,
                0.0,
                0.0,
                0.0,
                0.0,
                0.0,
                0.0,
                0.0,
                0.0,
                0.0,
                0.0,
                0.0,
                0.0,
                0.0,
                0.0045556628046326255
            ]
        ],
        [
            [
                0.0024062248028016535,
                -5.217887200155809e-06,
                -0.00025902518814473766,
                -8.497109360506485e-06,
                7.250845544860918e-05,
                -0.0056004468007203306,
                2.7775912336378656e-05,
                -0.002455036389716649,
                -5.463796880696037e-06,
                4.0544207981950385e-08,
                -5.1579227313427215e-08,
                -9.186901060110975e-08,
                8.174089772222087e-07,
                -6.558098371274755e-07,
                -3.553942080363362e-07,
                7.722985339933146e-06,
                -8.943754128412593e-06,
                3.3713288974902245e-07
            ],
            [
                0.0,
                0.014064620312106644,
                8.675939734997107e-05,
                -2.0491668490311792e-05,
                1.991598870438593e-05,
                0.007561933682446068,
                -0.0024061353898331183,
                9.980320848516081e-05,
                3.1443460753132473e-06,
                -2.433589751823998e-08,
                -3.131311222224031e-07,
                1.3997432676528455e-07,
                1.724381218445513e-07,
                1.16940311685214e-07,
                1.0986581402161059e-07,
                -5.582298934117389e-06,
                7.000101755291492e-06,
                -4.905298648858121e-07
            ],
            [
                0.0,
                0.0,
                0.4882829162350715,
                -5.5713007282769806e-05,
                3.968476415662944e-05,
                -0.0021339322979523493,
                -0.004531374018261047,
                0.0005513574636948512,
                4.9472583051420244e-06,
                -2.9571600857537453e-08,
                -7.118749304303207e-07,
                -3.729908227628443e-07,
                2.0014146343976442e-07,
                -2.8782954474279415e-07,
                4.757424186292306e-09,
                -8.72611726054068e-07,
                1.0669172039107707e-05,
                3.031914908600064e-07
            ],
            [
                0.0,
                0.0,
                0.0,
                0.13711895011795863,
                -5.370210421152122e-05,
                -0.002373291039753586,
                0.0027902094020430448,
                0.00033465865597999563,
                -1.398975844497591e-06,
                1.0000781656181129e-08,
                4.5810534571590967e-07,
                6.33390722182828e-08,
                -3.5541431069770305e-07,
                2.4124052490553323e-07,
                -4.540749558639906e-08,
                1.4491986816564798e-06,
                -5.48671995259347e-06,
                -1.64764371890653e-08
            ],
            [
                0.0,
                0.0,
                0.0,
                0.0,
                0.16436299818973155,
                0.016901585872614214,
                -0.0037635630044286477,
                -0.0006036886449335345,
                -4.3312774156304765e-06,
                1.1744570466597415e-08,
                -9.801215994897395e-07,
                3.8131305670040904e-07,
                5.970986885167769e-07,
                -5.824306799364649e-07,
                9.099111220458528e-07,
                -7.699852821647657e-06,
                1.2028360867564721e-05,
                3.1926593826990224e-07
            ],
            [
                0.0,
                0.0,
                0.0,
                0.0,
                0.0,
                17.282759415264096,
                -0.002437618620117218,
                0.0004228577661497741,
                -2.8676685527278266e-06,
                -4.767136725648765e-09,
                -7.212585608982885e-07,
                7.477369619266617e-07,
                1.456486259605914e-07,
                -1.0063771052786497e-08,
                1.1923232899363836e-06,
                -1.4625172298176082e-05,
                1.4554608452853744e-05,
                -2.988377451918577e-07
            ],
            [
                0.0,
                0.0,
                0.0,
                0.0,
                0.0,
                0.0,
                8.301415402050223,
                0.0004100086115733578,
                -2.4471431014413743e-06,
                1.8214017336272658e-08,
                6.579783430645492e-07,
                3.720084030148284e-08,
                -4.952809599010146e-07,
                2.7821019603234805e-07,
                -9.373433141040198e-08,
                3.282744153150633e-06,
                -8.66585689743419e-06,
                1.0107469066857092e-07
            ],
            [
                0.0,
                0.0,
                0.0,
                0.0,
                0.0,
                0.0,
                0.0,
                6.872379143442008,
                3.998002098391554e-07,
                -4.333116136369931e-09,
                5.4174425894112295e-08,
                3.413030023086901e-08,
                -2.511210238675233e-07,
                1.4050735078455164e-07,
                1.374926829187273e-07,
                -1.4364636673575963e-06,
                1.3460510684097258e-06,
                2.3052038482404407e-08
            ],
            [
                0.0,
                0.0,
                0.0,
                0.0,
                0.0,
                0.0,
                0.0,
                0.0,
                0.0047758316537694105,
                -7.3640569182385e-08,
                -9.467653867760586e-08,
                -5.888176309471501e-07,
                7.903675292999226e-08,
                4.1841372808448023e-07,
                -1.0193060343899308e-06,
                7.936075321005781e-07,
                5.522693886950024e-06,
                -8.967293863436539e-07
            ],
            [
                0.0,
                0.0,
                0.0,
                0.0,
                0.0,
                0.0,
                0.0,
                0.0,
                0.0,
                5.2079594021523716e-05,
                2.5159584795890406e-07,
                1.1450682084108052e-07,
                -3.0589991653779275e-08,
                -2.3561546101644418e-07,
                1.8492332238818477e-07,
                3.781703192623032e-06,
                -7.363679619966262e-06,
                5.282308416817103e-07
            ],
            [
                0.0,
                0.0,
                0.0,
                0.0,
                0.0,
                0.0,
                0.0,
                0.0,
                0.0,
                0.0,
                0.0012130355943966416,
                -1.0574921860455457e-07,
                -5.229613978640426e-07,
                4.108579487963718e-07,
                -4.6641573554170076e-07,
                5.706570706809491e-06,
                -1.1846278937395786e-05,
                -9.811311419067764e-08
            ],
            [
                0.0,
                0.0,
                0.0,
                0.0,
                0.0,
                0.0,
                0.0,
                0.0,
                0.0,
                0.0,
                0.0,
                0.000394370946564898,
                -1.629588769523518e-07,
                2.538123495982927e-07,
                1.5460380494434353e-06,
                -1.743881754262181e-05,
                1.0586510554684342e-05,
                -4.5747709005587323e-07
            ],
            [
                0.0,
                0.0,
                0.0,
                0.0,
                0.0,
                0.0,
                0.0,
                0.0,
                0.0,
                0.0,
                0.0,
                0.0,
                0.000933860478280895,
                -5.75885786297407e-07,
                -1.7359197551896716e-07,
                3.1265629784493814e-07,
                4.047900470296358e-06,
                -1.0307281765619019e-07
            ],
            [
                0.0,
                0.0,
                0.0,
                0.0,
                0.0,
                0.0,
                0.0,
                0.0,
                0.0,
                0.0,
                0.0,
                0.0,
                0.0,
                0.0007989070770009655,
                -9.96737890657076e-08,
                -2.0852191547292668e-06,
                -3.0626977034835764e-06,
                -5.171714752881794e-07
            ],
            [
                0.0,
                0.0,
                0.0,
                0.0,
                0.0,
                0.0,
                0.0,
                0.0,
                0.0,
                0.0,
                0.0,
                0.0,
                0.0,
                0.0,
                0.0007197556424528629,
                -1.5748676737281734e-05,
                1.639465455897676e-05,
                3.394880041694768e-07
            ],
            [
                0.0,
                0.0,
                0.0,
                0.0,
                0.0,
                0.0,
                0.0,
                0.0,
                0.0,
                0.0,
                0.0,
                0.0,
                0.0,
                0.0,
                0.0,
                0.007070357726230433,
                -2.3156418676647232e-05,
                6.158594424991158e-07
            ],
            [
                0.0,
                0.0,
                0.0,
                0.0,
                0.0,
                0.0,
                0.0,
                0.0,
                0.0,
                0.0,
                0.0,
                0.0,
                0.0,
                0.0,
                0.0,
                0.0,
                0.008457059859031052,
                -1.7192018761597264e-07
            ],
            [
                0.0,
                0.0,
                0.0,
                0.0,
                0.0,
                0.0,
                0.0,
                0.0,
                0.0,
                0.0,
                0.0,
                0.0,
                0.0,
                0.0,
                0.0,
                0.0,
                0.0,
                0.0009111325609265251
            ]
        ]
    ],
    "allnames": [
        "m1_flow_nominal",
        "m2_flow_nominal",
        "tau1",
        "tau2",
        "tau_m",
        "nominalUa.hasValue",
        "workingPressure.hasValue",
        "flowCoefficient.hasValue",
        "waterFlowRateMax",
        "c1",
        "c2",
        "c3",
        "c4",
        "eps_motor",
        "f_motorToAir",
        "kp",
        "Ti",
        "Td"
    ],
    "alpha_count": 1308,
    "cov": [
        [
            0.015012370360178233,
            0.013716859135864429,
            0.4487441538549021,
            0.09886067578092707,
            0.8021203908871836,
            -71.16542680306318,
            17.025785310826766,
            -3.883197672158373,
            0.007875528915033835,
            8.017564604835537e-05,
            -0.017665817219288154,
            0.0009031532454656535,
            -0.0015858251688334033,
            0.0014076011432888954,
            0.0020457740055484573,
            0.014885385439084813,
            0.01846113649486534,
            -0.012549022308198165
        ],
        [
            0.013716859135864429,
            0.3822882269197187,
            -1.4934019726990049,
            3.005183018693646,
            0.7252799201668162,
            -128.89843681443392,
            13.134674255970186,
            76.32604862110864,
            0.021088940076824495,
            0.00037144132088062505,
            0.015603972218183491,
            -0.00029408845167984166,
            -0.01693657905863901,
            0.005921977291592047,
            0.004472812511225602,
            0.04500107961134408,
            0.06760324570841694,
            0.0061839994446942215
        ],
        [
            0.4487441538549021,
            -1.4934019726990049,
            215.7096082682423,
            -63.19934869540037,
            109.8017222157669,
            -9075.972672753833,
            302.3671670862901,
            -2600.466453608364,
            0.06763753042479467,
            -0.020769910461632138,
            -2.067923002585602,
            0.1711799396422978,
            0.6584556890777252,
            0.15243029099361893,
            -0.03981498097957026,
            3.288971151702621,
            2.4733875345643814,
            -0.6570773896969603
        ],
        [
            0.09886067578092707,
            3.005183018693646,
            -63.19934869540037,
            154.8502428379964,
            -101.91029490343854,
            5770.080894678755,
            -1289.4752414757334,
            4276.833248251381,
            0.9869624126079778,
            0.033716553446748655,
            1.8668493895608032,
            -0.038633636114169236,
            -1.008164703110832,
            -0.20729811664845604,
            0.39442919601677123,
            -1.608485195466127,
            0.2297797285060049,
            0.4301901454920385
        ],
        [
            0.8021203908871836,
            0.7252799201668162,
            109.8017222157669,
            -101.91029490343854,
            156.86224926630786,
            -10397.489102721463,
            1709.2612777167103,
            -3315.0051905766973,
            -0.1310706743361077,
            -0.02266073978511971,
            -2.5995442220933533,
            0.10206970616531907,
            0.6532329161344985,
            0.30186497138155066,
            -0.1292913690640567,
            2.9034844980911734,
            1.534352981880003,
            -1.04805516369078
        ],
        [
            -71.16542680306318,
            -128.89843681443392,
            -9075.972672753833,
            5770.080894678755,
            -10397.489102721463,
            1125807.2677854195,
            -139048.02704815907,
            213690.95358678422,
            54.608587830445835,
            1.5669437998127722,
            206.8117528459188,
            -12.683931671645635,
            -54.54655124742143,
            -15.477049102511673,
            8.904134092698257,
            -255.1489233482384,
            -147.4219574291071,
            86.5604550489524
        ],
        [
            17.025785310826766,
            13.134674255970186,
            302.3671670862901,
            -1289.4752414757334,
            1709.2612777167103,
            -139048.02704815907,
            55115.68996038277,
            -49677.33212293409,
            -8.742590887390056,
            -0.20424933831223288,
            -35.08026238309268,
            1.2510559192939312,
            7.871787246883996,
            3.7874459990138645,
            -2.832380371949481,
            32.340117781390894,
            14.732897934739752,
            -17.530948956424012
        ],
        [
            -3.883197672158373,
            76.32604862110864,
            -2600.466453608364,
            4276.833248251381,
            -3315.0051905766973,
            213690.95358678422,
            -49677.33212293409,
            136564.55587922854,
            29.990533233863765,
            0.9690920141997956,
            62.72051541007485,
            -2.3244556537595122,
            -30.42517555806342,
            -6.200576951901628,
            10.951075777997197,
            -63.03166052545586,
            -10.866023172651778,
            16.733338268035038
        ],
        [
            0.007875528915033835,
            0.021088940076824495,
            0.06763753042479467,
            0.9869624126079778,
            -0.1310706743361077,
            54.608587830445835,
            -8.742590887390056,
            29.990533233863765,
            0.031230882670529276,
            0.0002943379185873231,
            0.00524245683796515,
            -0.0006527420727987747,
            -0.010449871533250148,
            0.0009522714052645129,
            0.004974925581560509,
            -0.0036125632857903684,
            0.018259584004055713,
            -0.0025791594866675705
        ],
        [
            8.017564604835537e-05,
            0.00037144132088062505,
            -0.020769910461632138,
            0.033716553446748655,
            -0.02266073978511971,
            1.5669437998127722,
            -0.20424933831223288,
            0.9690920141997956,
            0.0002943379185873231,
            9.357789623245505e-06,
            0.0003735569784785367,
            -1.3028030804526328e-05,
            -0.00026991112742776675,
            -4.656112530577331e-05,
            0.00010560274267495994,
            -0.00046143473243253204,
            -0.00011689833904011326,
            2.543256108023779e-05
        ],
        [
            -0.017665817219288154,
            0.015603972218183491,
            -2.067923002585602,
            1.8668493895608032,
            -2.5995442220933533,
            206.8117528459188,
            -35.08026238309268,
            62.72051541007485,
            0.00524245683796515,
            0.0003735569784785367,
            0.052235501727299384,
            -0.002411980649602728,
            -0.012562504226425556,
            -0.0041676083819183795,
            0.0020406539382057235,
            -0.05245324778262794,
            -0.024314705924678406,
            0.02327181148942397
        ],
        [
            0.0009031532454656535,
            -0.00029408845167984166,
            0.1711799396422978,
            -0.038633636114169236,
            0.10206970616531907,
            -12.683931671645635,
            1.2510559192939312,
            -2.3244556537595122,
            -0.0006527420727987747,
            -1.3028030804526328e-05,
            -0.002411980649602728,
            0.0002386753759991294,
            0.0005929725706715114,
            5.780016264504017e-05,
            8.304661153485425e-06,
            0.0032188293250336184,
            0.002171048283794498,
            -0.0010393807685278693
        ],
        [
            -0.0015858251688334033,
            -0.01693657905863901,
            0.6584556890777252,
            -1.008164703110832,
            0.6532329161344985,
            -54.54655124742143,
            7.871787246883996,
            -30.42517555806342,
            -0.010449871533250148,
            -0.00026991112742776675,
            -0.012562504226425556,
            0.0005929725706715114,
            0.008461058216816699,
            0.0010826695547907718,
            -0.0031580544200981294,
            0.013958659718591056,
            0.002517461011573494,
            -0.0017349824822446298
        ],
        [
            0.0014076011432888954,
            0.005921977291592047,
            0.15243029099361893,
            -0.20729811664845604,
            0.30186497138155066,
            -15.477049102511673,
            3.7874459990138645,
            -6.200576951901628,
            0.0009522714052645129,
            -4.656112530577331e-05,
            -0.0041676083819183795,
            5.780016264504017e-05,
            0.0010826695547907718,
            0.0009406848260302594,
            -0.00042106082964157165,
            0.005632939497579566,
            0.0045228374781080116,
            -0.00137780850563786
        ],
        [
            0.0020457740055484573,
            0.004472812511225602,
            -0.03981498097957026,
            0.39442919601677123,
            -0.1292913690640567,
            8.904134092698257,
            -2.832380371949481,
            10.951075777997197,
            0.004974925581560509,
            0.00010560274267495994,
            0.0020406539382057235,
            8.304661153485425e-06,
            -0.0031580544200981294,
            -0.00042106082964157165,
            0.0016651533274908228,
            -0.0024722086958600432,
            0.0015660464199750697,
            -0.0010031316268678187
        ],
        [
            0.014885385439084813,
            0.04500107961134408,
            3.288971151702621,
            -1.608485195466127,
            2.9034844980911734,
