4.410054120876759180e-03 -1.089373685483434148e-06 -6.896058574210718716e-06 6.405801216808174362e-06 -3.709237424276971867e-05 -4.904905056587608933e-03 6.685163771690457455e-04 -3.419614460216130903e-05 6.038567566810189302e-07 5.479123782142359408e-10 1.786445064057232534e-07 -1.303713824595215207e-07 -6.186041965707218742e-08 4.011781454518444755e-08 -2.336315110957183860e-07 2.692938610908022878e-06 -3.087252218484074419e-06 2.407107440118794866e-08
-1.089373685483434148e-06 1.508739104241192952e-01 1.012153057656722750e-04 -9.401966672064740926e-05 5.444147494043549869e-04 7.199061024665494302e-02 -9.811994604797693795e-03 5.019060082898215086e-04 -8.862967970531175375e-06 -8.041857286587482414e-09 -2.622013450818517510e-06 1.913495831964297664e-06 9.079420110784059804e-07 -5.888199501417552304e-07 3.429072502441105017e-06 -3.952498401486338324e-05 4.531243084828056456e-05 -3.532976307271774670e-07
-6.896058574210718716e-06 1.012153057656722750e-04 1.816754218550165376e+02 -5.951723797565643429e-04 3.446306855567765615e-03 4.557219177125571563e-01 -6.211283641801662592e-02 3.177213914781615821e-03 -5.610521630969384963e-05 -5.090734211111424888e-08 -1.659812292160221754e-05 1.211299622395232789e-05 5.747542256452436295e-06 -3.727404948320761465e-06 2.170704611939956659e-05 -2.502048732619077914e-04 2.868411284700222996e-04 -2.236478802536242234e-06
6.405801216808174362e-06 -9.401966672064740926e-05 -5.951723797565643429e-04 1.434163143244969163e+01 -3.201300628659040862e-03 -4.233235526633231105e-01 5.769708578084071365e-02 -2.951338150966529173e-03 5.211656180676471129e-05 4.728821696198676210e-08 1.541812252081984846e-05 -1.125185424624492640e-05 -5.338935680988374451e-06 3.462414783247801215e-06 -2.016384010497993302e-05 2.324172082276588103e-04 -2.664489041110271682e-04 2.077482155999822630e-06
-3.709237424276971867e-05 5.444147494043549869e-04 3.446306855567765615e-03 -3.201300628659040862e-03 2.060368497407388588e+01 2.451227428032915601e+00 -3.340912129593824886e-01 1.708953111522890783e-02 -3.017775527767902507e-04 -2.738193367950446321e-07 -8.927763308710424429e-05 6.515312831308429692e-05 3.091475892471915945e-05 -2.004888702867342208e-05 1.167574013041189167e-04 -1.345796689010528768e-03 1.542855004917965001e-03 -1.202952495791271229e-05
-4.904905056587608933e-03 7.199061024665494302e-02 4.557219177125571563e-01 -4.233235526633231105e-01 2.451227428032915601e+00 2.278677711680619395e+05 -4.417850604765171596e+01 2.259831819693687294e+00 -3.990551359402506881e-02 -3.620846271115354823e-05 -1.180561565304676271e-02 8.615515049636951472e-03 4.088008936300412816e-03 -2.651161845889728891e-03 1.543939906090623787e-02 -1.779612418947087160e-01 2.040192214624477196e-01 -1.590722594575198247e-03
6.685163771690457455e-04 -9.811994604797693795e-03 -6.211283641801662592e-02 5.769708578084071365e-02 -3.340912129593824886e-01 -4.417850604765171596e+01 5.255683671926194074e+04 -3.080048571141943414e-01 5.438941033347450757e-03 4.935049717631269100e-06 1.609052023550424119e-03 -1.174255738282466328e-03 -5.571771303217728588e-04 3.613413699257288247e-04 -2.104320268544599987e-03 2.425531245465605348e-02 -2.780689722459435756e-02 2.168082957239117232e-04
-3.419614460216130903e-05 5.019060082898215086e-04 3.177213914781615821e-03 -2.951338150966529173e-03 1.708953111522890783e-02 2.259831819693687294e+00 -3.080048571141943414e-01 3.602998242483071226e+04 -2.782142972272273035e-04 -2.524391017578622127e-07 -8.230669815859569492e-05 6.006587182840402730e-05 2.850088699125864498e-05 -1.848343908798324002e-05 1.076408038007030599e-04 -1.240714813274178003e-03 1.422386512737919273e-03 -1.109024114400757278e-05
6.038567566810189302e-07 -8.862967970531175375e-06 -5.610521630969384963e-05 5.211656180676471129e-05 -3.017775527767902507e-04 -3.990551359402506881e-02 5.438941033347450757e-03 -2.782142972272273035e-04 1.735574118623897308e-02 4.457726419759551260e-09 1.453422787317137923e-06 -1.060680464756994332e-06 -5.032863611176196140e-07 3.263920453557589794e-07 -1.900788156847431791e-06 2.190931263819981668e-05 -2.511738432274785465e-05 1.958383649953199679e-07
5.479123782142359408e-10 -8.041857286587482414e-09 -5.090734211111424888e-08 4.728821696198676210e-08 -2.738193367950446321e-07 -3.620846271115354823e-05 4.935049717631269100e-06 -2.524391017578622127e-07 4.457726419759551260e-09 2.067664976852606978e-06 1.318770266522594692e-09 -9.624136014716776616e-10 -4.566593384801843124e-10 2.961534168864984716e-10 -1.724689420093503533e-09 1.987952185649960536e-08 -2.279038137196407310e-08 1.776948972136030163e-10
1.786445064057232534e-07 -2.622013450818517510e-06 -1.659812292160221754e-05 1.541812252081984846e-05 -8.927763308710424429e-05 -1.180561565304676271e-02 1.609052023550424119e-03 -8.230669815859569492e-05 1.453422787317137923e-06 1.318770266522594692e-09 1.122247101191046472e-03 -3.137908717328467542e-07 -1.488918399402516022e-07 9.655956514888296398e-08 -5.623276684493997801e-07 6.481633762702763953e-06 -7.430707158436905297e-06 5.793666736824061986e-08
-1.303713824595215207e-07 1.913495831964297664e-06 1.211299622395232789e-05 -1.125185424624492640e-05 6.515312831308429692e-05 8.615515049636951472e-03 -1.174255738282466328e-03 6.006587182840402730e-05 -1.060680464756994332e-06 -9.624136014716776616e-10 -3.137908717328467542e-07 1.185370690139003958e-04 1.086584491205519725e-07 -7.046734462441213039e-08 4.103760983530531060e-07 -4.730173746964980902e-06 5.422789563408852988e-06 -4.228108421504190581e-08
-6.186041965707218742e-08 9.079420110784059804e-07 5.747542256452436295e-06 -5.338935680988374451e-06 3.091475892471915945e-05 4.088008936300412816e-03 -5.571771303217728588e-04 2.850088699125864498e-05 -5.032863611176196140e-07 -4.566593384801843124e-10 -1.488918399402516022e-07 1.086584491205519725e-07 6.646998349389255474e-04 -3.343632190092881544e-08 1.947209363161720609e-07 -2.244438369202465662e-06 2.573080316983042448e-06 -2.006211458186068493e-08
4.011781454518444755e-08 -5.888199501417552304e-07 -3.727404948320761465e-06 3.462414783247801215e-06 -2.004888702867342208e-05 -2.651161845889728891e-03 3.613413699257288247e-04 -1.848343908798324002e-05 3.263920453557589794e-07 2.961534168864984716e-10 9.655956514888296398e-08 -7.046734462441213039e-08 -3.343632190092881544e-08 4.865525693254270389e-04 -1.262807212511979815e-07 1.455566624877668156e-06 -1.668698006557876836e-06 1.301071341968035836e-08
-2.336315110957183860e-07 3.429072502441105017e-06 2.170704611939956659e-05 -2.016384010497993302e-05 1.167574013041189167e-04 1.543939906090623787e-02 -2.104320268544599987e-03 1.076408038007030599e-04 -1.900788156847431791e-06 -1.724689420093503533e-09 -5.623276684493997801e-07 4.103760983530531060e-07 1.947209363161720609e-07 -1.262807212511979815e-07 3.950089271869434569e-04 -8.476688820814250422e-06 9.717888206383537735e-06 -7.576964675505075018e-08
2.692938610908022878e-06 -3.952498401486338324e-05 -2.502048732619077914e-04 2.324172082276588103e-04 -1.345796689010528768e-03 -1.779612418947087160e-01 2.425531245465605348e-02 -1.240714813274178003e-03 2.190931263819981668e-05 1.987952185649960536e-08 6.481633762702763953e-06 -4.730173746964980902e-06 -2.244438369202465662e-06 1.455566624877668156e-06 -8.476688820814250422e-06 3.811795127468106670e-02 -1.120126144145695938e-04 8.733539680695809669e-07
-3.087252218484074419e-06 4.531243084828056456e-05 2.868411284700222996e-04 -2.664489041110271682e-04 1.542855004917965001e-03 2.040192214624477196e-01 -2.780689722459435756e-02 1.422386512737919273e-03 -2.511738432274785465e-05 -2.279038137196407310e-08 -7.430707158436905297e-06 5.422789563408852988e-06 2.573080316983042448e-06 -1.668698006557876836e-06 9.717888206383537735e-06 -1.120126144145695938e-04 5.449977583861243674e-02 -1.001234846024038189e-06
2.407107440118794866e-08 -3.532976307271774670e-07 -2.236478802536242234e-06 2.077482155999822630e-06 -1.202952495791271229e-05 -1.590722594575198247e-03 2.168082957239117232e-04 -1.109024114400757278e-05 1.958383649953199679e-07 1.776948972136030163e-10 5.793666736824061986e-08 -4.228108421504190581e-08 -2.006211458186068493e-08 1.301071341968035836e-08 -7.576964675505075018e-08 8.733539680695809669e-07 -1.001234846024038189e-06 6.326414090850240781e-04
1.411541973516264878e-03 -2.378539952326817763e-06 -8.732569537811223754e-05 1.343597273221062444e-05 -4.385597950529620444e-06 -1.512968913636788138e-03 1.361660234977297166e-03 1.499192526933163506e-05 -1.928555610909848238e-06 1.244628233259982494e-08 1.619816736970690520e-07 1.733033253796899511e-08 -1.159091071486496370e-07 -1.129542345334378966e-08 3.884382416657418780e-08 1.505790579942505493e-06 -2.961924555613529041e-06 1.782293368245959728e-07
-2.378539952326817763e-06 4.829234376307384863e-02 5.646046161283764173e-04 -1.012792488033966717e-04 1.274184184422987877e-04 2.268309309571900009e-02 -1.031617863923436733e-02 -1.549613051936382820e-06 1.043057616760232192e-05 -7.929887270051387604e-08 -1.494414417419462290e-06 2.431071499061431337e-07 8.915034698829230498e-07 -3.752734856427235319e-08 3.869696609015709248e-07 -1.667499035522074723e-05 2.684265588553222092e-05 -1.179291680542739511e-06
-8.732569537811223754e-05 5.646046161283764173e-04 5.815845173120401768e+01 -3.175700525643683145e-03 -8.593488539968395122e-04 1.309912750300783191e-01 -3.207926333382239426e-01 -5.782925010042979860e-03 5.383433940564709853e-04 -3.233524093372811900e-06 -3.279221649785177132e-05 -1.160552700817171457e-05 2.703860427256964916e-05 5.134523647643602364e-06 -2.283927519231915759e-05 -2.489245354911606136e-04 6.093392766807432864e-04 -4.542483531680903994e-05
1.343597273221062444e-05 -1.012792488033966717e-04 -3.175700525643683145e-03 4.589721386011633264e+00 -7.619427972022919634e-04 -1.334784679873498858e-01 5.871579970129753995e-02 -3.486093026665595219e-05 -5.773694745984976352e-05 4.454922709336771417e-07 8.609828540027002466e-06 -1.529653080978517016e-06 -5.079308946608631144e-06 2.615890375912620340e-07 -2.468104744584628475e-06 9.696128287951584111e-05 -1.544948295618203888e-04 6.645409435942345715e-06
-4.385597950529620444e-06 1.274184184422987877e-04 -8.593488539968395122e-04 -7.619427972022919634e-04 6.593351712418483501e+00 7.856975396413394819e-01 -8.045153553456940720e-02 6.066497946912093563e-03 -1.454804358698959992e-04 1.952484607398791801e-07 -2.615263127362588488e-05 2.221020601167716501e-05 7.677102676841153389e-06 -6.971962003869164048e-06 3.998121828777887317e-05 -4.158082579404613491e-04 4.482087522267800671e-04 8.154077104476645079e-08
-1.512968913636788138e-03 2.268309309571900009e-02 1.309912750300783191e-01 -1.334784679873498858e-01 7.856975396413394819e-01 7.291769664161295805e+04 -1.393702447148447732e+01 7.276676668144419491e-01 -1.313967966533250917e-02 -9.447376201279170121e-06 -3.759523363803896154e-03 2.767259518231238516e-03 1.291406271834498638e-03 -8.525791878197032684e-04 4.960413886559358367e-03 -5.683531293550872499e-02 6.494200072448129413e-02 -4.793014242227456472e-04
1.361660234977297166e-03 -1.031617863923436733e-02 -3.207926333382239426e-01 5.871579970129753995e-02 -8.045153553456940720e-02 -1.393702447148447732e+01 1.682224527671891337e+04 -6.876016975524625909e-03 -5.760589539874510535e-03 4.496005489855494351e-05 8.854450750138025735e-04 -1.670084249592096784e-04 -5.180825971155418033e-04 3.031268672221557181e-05 -2.717575553757540867e-04 1.003857653063931939e-02 -1.587679804416990137e-02 6.722322601765576364e-04
1.499192526933163506e-05 -1.549613051936382820e-06 -5.782925010042979860e-03 -3.486093026665595219e-05 6.066497946912093563e-03 7.276676668144419491e-01 -6.876016975524625909e-03 1.152959644770990235e+04 -2.585253982911191704e-04 8.994707506781546030e-07 -1.796507888289167540e-05 2.393815684465480426e-05 1.442341672467549813e-06 -7.842548366412122385e-06 4.352033917722052673e-05 -3.455795022512989198e-04 2.974725758249772327e-04 1.007345062097625482e-05
-1.928555610909848238e-06 1.043057616760232192e-05 5.383433940564709853e-04 -5.773694745984976352e-05 -1.454804358698959992e-04 -1.313967966533250917e-02 -5.760589539874510535e-03 -2.585253982911191704e-04 5.567704189558834484e-03 -7.877062963925973767e-08 -2.199285748545892488e-07 -7.253351036627708088e-07 4.671023232735434171e-07 2.621680888090984944e-07 -1.350726452507271376e-06 2.801773744813802207e-06 4.863588366283721996e-06 -1.051812523439723218e-06
1.244628233259982494e-08 -7.929887270051387604e-08 -3.233524093372811900e-06 4.454922709336771417e-07 1.952484607398791801e-07 -9.447376201279170121e-06 4.496005489855494351e-05 8.994707506781546030e-07 -7.877062963925973767e-08 6.621165966285755691e-07 4.383706169003821479e-09 1.923904136970839141e-09 -3.778934837420483117e-09 -8.173884834190774000e-10 3.742051922886612379e-09 3.070455688171715319e-08 -8.190417238887790031e-08 6.502241058018075917e-09
1.619816736970690520e-07 -1.494414417419462290e-06 -3.279221649785177132e-05 8.609828540027002466e-06 -2.615263127362588488e-05 -3.759523363803896154e-03 8.854450750138025735e-04 -1.796507888289167540e-05 -2.199285748545892488e-07 4.383706169003821479e-09 3.591529122427455424e-04 -8.134894043707952595e-08 -7.867590328903437746e-08 2.310763579498517508e-08 -1.432669703623432301e-07 2.282055644900106512e-06 -3.015137189558753601e-06 7.359456868965767947e-08
1.733033253796899511e-08 2.431071499061431337e-07 -1.160552700817171457e-05 -1.529653080978517016e-06 2.221020601167716501e-05 2.767259518231238516e-03 -1.670084249592096784e-04 2.393815684465480426e-05 -7.253351036627708088e-07 1.923904136970839141e-09 -8.134894043707952595e-08 3.794260212179205232e-05 1.728924845565293654e-08 -2.693895376381348100e-08 1.519833275928333968e-07 -1.396513852835755074e-06 1.376255043816610841e-06 1.748593057109248233e-08
-1.159091071486496370e-07 8.915034698829230498e-07 2.703860427256964916e-05 -5.079308946608631144e-06 7.677102676841153389e-06 1.291406271834498638e-03 -5.180825971155418033e-04 1.442341672467549813e-06 4.671023232735434171e-07 -3.778934837420483117e-09 -7.867590328903437746e-08 1.728924845565293654e-08 2.127324015766862198e-04 -3.555033266258140308e-09 2.867777255853489578e-08 -9.088907693096489525e-07 1.407787769054327729e-06 -5.690412154747085167e-08
-1.129542345334378966e-08 -3.752734856427235319e-08 5.134523647643602364e-06 2.615890375912620340e-07 -6.971962003869164048e-06 -8.525791878197032684e-04 3.031268672221557181e-05 -7.842548366412122385e-06 2.621680888090984944e-07 -8.173884834190774000e-10 2.310763579498517508e-08 -2.693895376381348100e-08 -3.555033266258140308e-09 1.556986161129963542e-04 -4.885469337077980641e-08 4.179060312261469609e-07 -3.872463523308983229e-07 -8.512617094156945275e-09
3.884382416657418780e-08 3.869696609015709248e-07 -2.283927519231915759e-05 -2.468104744584628475e-06 3.998121828777887317e-05 4.960413886559358367e-03 -2.717575553757540867e-04 4.352033917722052673e-05 -1.350726452507271376e-06 3.742051922886612379e-09 -1.432669703623432301e-07 1.519833275928333968e-07 2.867777255853489578e-08 -4.885469337077980641e-08 1.264426106195204620e-04 -2.487169036443262929e-06 2.418964458849179833e-06 3.542579014647190345e-08
1.505790579942505493e-06 -1.667499035522074723e-05 -2.489245354911606136e-04 9.696128287951584111e-05 -4.158082579404613491e-04 -5.683531293550872499e-02 1.003857653063931939e-02 -3.455795022512989198e-04 2.801773744813802207e-06 3.070455688171715319e-08 2.282055644900106512e-06 -1.396513852835755074e-06 -9.088907693096489525e-07 4.179060312261469609e-07 -2.487169036443262929e-06 1.219902207465660762e-02 -3.976006520697457076e-05 6.177639047256941752e-07
-2.961924555613529041e-06 2.684265588553222092e-05 6.093392766807432864e-04 -1.544948295618203888e-04 4.482087522267800671e-04 6.494200072448129413e-02 -1.587679804416990137e-02 2.974725758249772327e-04 4.863588366283721996e-06 -8.190417238887790031e-08 -3.015137189558753601e-06 1.376255043816610841e-06 1.407787769054327729e-06 -3.872463523308983229e-07 2.418964458849179833e-06 -3.976006520697457076e-05 1.745193083463350558e-02 -1.357250645825793720e-06
1.782293368245959728e-07 -1.179291680542739511e-06 -4.542483531680903994e-05 6.645409435942345715e-06 8.154077104476645079e-08 -4.793014242227456472e-04 6.722322601765576364e-04 1.007345062097625482e-05 -1.051812523439723218e-06 6.502241058018075917e-09 7.359456868965767947e-08 1.748593057109248233e-08 -5.690412154747085167e-08 -8.512617094156945275e-09 3.542579014647190345e-08 6.177639047256941752e-07 -1.357250645825793720e-06 2.025348208619038497e-04
4.518060976792477373e-04 -1.027795417193031533e-06 6.027392576224725732e-06 5.645582430482401278e-08 6.843494105622746987e-06 -9.333897905069702848e-04 1.525208236584424859e-04 -5.724907648937457426e-05 -6.805332088204512104e-07 4.676226967802008270e-09 -5.025678714553028534e-09 -2.624941381136080811e-08 8.927685213274701519e-09 -6.525515459859699314e-08 1.078805114754186504e-08 8.429797566241061147e-07 -6.099354621767502297e-07 1.231469787469524944e-07
-1.027795417193031533e-06 1.545418115166663844e-02 1.002681381548771152e-04 -2.236673106076940841e-05 2.125484488257624769e-05 8.321867863724023012e-03 -2.630863660161803039e-03 1.463581740475628716e-04 3.487831101926145760e-06 -2.701684467504164294e-08 -3.436345950918641704e-07 1.530482143140077566e-07 1.763625004328393039e-07 1.338846615510223005e-07 1.277165760239670109e-07 -6.190725791493810824e-06 7.789941430428225439e-06 -5.338535545396722794e-07
6.027392576224725732e-06 1.002681381548771152e-04 1.862094783105564844e+01 -2.295609692705847648e-03 2.211647061642228827e-03 -9.353961662606766203e-02 -1.880485559210918756e-01 -2.055907879331863794e-02 1.531546105404197526e-04 -8.256455523911326536e-07 -2.763814106537024987e-05 -1.330077900413831059e-05 2.252809238427877023e-05 -1.694311439050569088e-05 -7.803663160487417182e-06 2.923274763129529618e-05 2.968678138745246072e-04 5.398925633364592851e-06
5.645582430482401278e-08 -2.236673106076940841e-05 -2.295609692705847648e-03 1.468870638803012829e+00 -5.544029211217438302e-04 -2.579454947067597731e-02 2.945488239053038054e-02 2.325541895711649362e-03 -1.608832486241587069e-05 1.164431607703505819e-07 4.896510008453633927e-06 7.079288126601582542e-07 -3.358458962010543136e-06 2.405120516855797566e-06 -7.279561298521506692e-07 1.742742218600856944e-05 -6.216306537465476694e-05 -3.633350351092120461e-07
6.843494105622746987e-06 2.125484488257624769e-05 2.211647061642228827e-03 -5.544029211217438302e-04 2.110476199711205592e+00 2.185399684542368437e-01 -4.647480005894379096e-02 -2.600371352163766657e-03 -5.119412785595841685e-05 1.132358991321742767e-07 -1.253084060591517947e-05 4.779941301954936865e-06 5.825121188450774549e-06 -6.742969595500034460e-06 1.267380149613175600e-05 -1.066250508475189611e-04 1.681588148837673551e-04 4.865445343600635175e-06
-9.333897905069702848e-04 8.321867863724023012e-03 -9.353961662606766203e-02 -2.579454947067597731e-02 2.185399684542368437e-01 2.333545420277689846e+04 -3.330587760116293872e+00 4.802549276507737108e-01 -3.951917595292502895e-03 -5.788057296481198359e-06 -9.763273198368714297e-04 1.012301416896467391e-03 2.297576017915089889e-04 -2.704242671734394439e-05 1.593879568172460338e-03 -1.962724008794534958e-02 1.943419179026597068e-02 -4.169946873688498397e-04
1.525208236584424859e-04 -2.630863660161803039e-03 -1.880485559210918756e-01 2.945488239053038054e-02 -4.647480005894379096e-02 -3.330587760116293872e+00 5.383830398533484185e+03 1.537667911141316623e-01 -1.684030735675479942e-03 1.264416672757817802e-05 4.262717164629267860e-04 2.648113234976070754e-05 -2.814640137043027623e-04 1.646469265774374257e-04 -8.283496878608152163e-05 2.304575188927768508e-03 -5.929909943338782657e-03 4.892368589732972248e-05
-5.724907648937457426e-05 1.463581740475628716e-04 -2.055907879331863794e-02 2.325541895711649362e-03 -2.600371352163766657e-03 4.802549276507737108e-01 1.537667911141316623e-01 3.689505032954362832e+03 -4.781557473603323578e-05 -9.404153439541158259e-08 2.556450106769124278e-05 2.517013326918222398e-05 -2.488140051981006779e-05 3.143655271697550906e-05 1.483076093368943146e-05 -3.094619330321943360e-04 -9.088323293494184670e-05 -3.318597889476297284e-05
-6.805332088204512104e-07 3.487831101926145760e-06 1.531546105404197526e-04 -1.608832486241587069e-05 -5.119412785595841685e-05 -3.951917595292502895e-03 -1.684030735675479942e-03 -4.781557473603323578e-05 1.781701012227323222e-03 -2.559677574492168477e-08 -3.838305078641444184e-08 -2.142166358978116637e-07 1.235788256070554089e-07 1.185779627257543191e-07 -4.313085535209491458e-07 6.933674349108305459e-07 1.366228471328355483e-06 -3.737810503639496225e-07
4.676226967802008270e-09 -2.701684467504164294e-08 -8.256455523911326536e-07 1.164431607703505819e-07 1.132358991321742767e-07 -5.788057296481198359e-06 1.264416672757817802e-05 -9.404153439541158259e-08 -2.559677574492168477e-08 2.118815786323736711e-07 1.052835799098386947e-09 4.199626508567008093e-10 -9.260324588493956502e-10 -6.409384949354019271e-10 1.187350908845380107e-09 1.204805386621257081e-08 -2.412981195405117375e-08 2.487620731412104718e-09
-5.025678714553028534e-09 -3.436345950918641704e-07 -2.763814106537024987e-05 4.896510008453633927e-06 -1.253084060591517947e-05 -9.763273198368714297e-04 4.262717164629267860e-04 2.556450106769124278e-05 -3.838305078641444184e-08 1.052835799098386947e-09 1.149576276560697682e-04 -9.985452148628780164e-09 -4.840073515239259862e-08 3.850293548218875168e-08 -4.501676766594623060e-08 5.480060794515166424e-07 -1.135363758311936821e-06 -9.815628038733553294e-09
-2.624941381136080811e-08 1.530482143140077566e-07 -1.330077900413831059e-05 7.079288126601582542e-07 4.779941301954936865e-06 1.012301416896467391e-03 2.648113234976070754e-05 2.517013326918222398e-05 -2.142166358978116637e-07 4.199626508567008093e-10 -9.985452148628780164e-09 1.215060546834942153e-05 -7.454188076688733980e-09 8.774917742465422148e-09 4.909804015490057467e-08 -5.487967525278065725e-07 3.450495724863360554e-07 -1.306218686917732449e-08
8.927685213274701519e-09 1.763625004328393039e-07 2.252809238427877023e-05 -3.358458962010543136e-06 5.825121188450774549e-06 2.297576017915089889e-04 -2.814640137043027623e-04 -2.488140051981006779e-05 1.235788256070554089e-07 -9.260324588493956502e-10 -4.840073515239259862e-08 -7.454188076688733980e-09 6.809316484597866437e-05 -2.631478108422437772e-08 8.506221929253743431e-09 -1.433424675493167091e-07 5.884996602200718583e-07 8.794841226687107421e-09
-6.525515459859699314e-08 1.338846615510223005e-07 -1.694311439050569088e-05 2.405120516855797566e-06 -6.742969595500034460e-06 -2.704242671734394439e-05 1.646469265774374257e-04 3.143655271697550906e-05 1.185779627257543191e-07 -6.409384949354019271e-10 3.850293548218875168e-08 8.774917742465422148e-09 -2.631478108422437772e-08 4.985728126749029682e-05 -1.473516459554358806e-08 -6.384562344150600787e-08 -3.087760948266790716e-07 -3.889535007130580531e-08
1.078805114754186504e-08 1.277165760239670109e-07 -7.803663160487417182e-06 -7.279561298521506692e-07 1.267380149613175600e-05 1.593879568172460338e-03 -8.283496878608152163e-05 1.483076093368943146e-05 -4.313085535209491458e-07 1.187350908845380107e-09 -4.501676766594623060e-08 4.909804015490057467e-08 8.506221929253743431e-09 -1.473516459554358806e-08 4.046165932800608244e-05 -8.011570764781212893e-07 7.691444297506684336e-07 1.037272742231228755e-08
8.429797566241061147e-07 -6.190725791493810824e-06 2.923274763129529618e-05 1.742742218600856944e-05 -1.066250508475189611e-04 -1.962724008794534958e-02 2.304575188927768508e-03 -3.094619330321943360e-04 6.933674349108305459e-07 1.204805386621257081e-08 5.480060794515166424e-07 -5.487967525278065725e-07 -1.433424675493167091e-07 -6.384562344150600787e-08 -8.011570764781212893e-07 3.904844576950458526e-03 -1.164021898953583909e-05 4.095971381925877199e-07
-6.099354621767502297e-07 7.789941430428225439e-06 2.968678138745246072e-04 -6.216306537465476694e-05 1.681588148837673551e-04 1.943419179026597068e-02 -5.929909943338782657e-03 -9.088323293494184670e-05 1.366228471328355483e-06 -2.412981195405117375e-08 -1.135363758311936821e-06 3.450495724863360554e-07 5.884996602200718583e-07 -3.087760948266790716e-07 7.691444297506684336e-07 -1.164021898953583909e-05 5.585631154193779029e-03 -2.360487163467909856e-07
1.231469787469524944e-07 -5.338535545396722794e-07 5.398925633364592851e-06 -3.633350351092120461e-07 4.865445343600635175e-06 -4.169946873688498397e-04 4.892368589732972248e-05 -3.318597889476297284e-05 -3.737810503639496225e-07 2.487620731412104718e-09 -9.815628038733553294e-09 -1.306218686917732449e-08 8.794841226687107421e-09 -3.889535007130580531e-08 1.037272742231228755e-08 4.095971381925877199e-07 -2.360487163467909856e-07 6.484993877164797163e-05
1.447479450404463993e-04 -3.138852399809045471e-07 -1.558182080660581482e-05 -5.111488823842200100e-07 4.361791097832052004e-06 -3.368983499666106758e-04 1.670877229605968691e-06 -1.476842363179206672e-04 -3.286780892950277748e-07 2.438961971402944548e-09 -3.102780401772826346e-09 -5.526437297930957999e-09 4.917174387562025561e-08 -3.945064740043610661e-08 -2.137895895372707240e-08 4.645809719155173314e-07 -5.380170753486516521e-07 2.028043802885732488e-08
-3.138852399809045471e-07 4.945339293751739931e-03 3.053973866120681958e-05 -7.204079997990609639e-06 6.993311958145110290e-06 2.659623714215274444e-03 -8.460381402275740387e-04 3.541260840569064724e-05 1.106313578873788409e-06 -8.562167841306327370e-09 -1.100950301842991331e-07 4.922912803827449868e-08 6.052528908092139566e-08 4.120357561967065931e-08 3.867688415958993313e-08 -1.963830316084772763e-06 2.462511020861851670e-06 -1.725218855689523162e-07
-1.558182080660581482e-05 3.053973866120681958e-05 5.960507022706672764e+00 -6.800821636928684353e-04 4.840084688840754108e-04 -2.599639899742599292e-02 -5.532021174264051960e-02 6.746575134746619559e-03 6.043374437971212829e-05 -3.612980210840320811e-07 -8.690254344338797953e-06 -4.552227654789250854e-06 2.438222213533457762e-06 -3.509055813705191042e-06 6.061392247165274485e-08 -1.071415407401665511e-05 1.303124604818676113e-04 3.697833533728155655e-06
-5.111488823842200100e-07 -7.204079997990609639e-06 -6.800821636928684353e-04 4.700402519374937693e-01 -1.841702832569290548e-04 -8.135291423473658273e-03 9.572302750121657045e-03 1.146903533797468799e-03 -4.802993302341340789e-06 3.432745946109087933e-08 1.571535989866482211e-06 2.175919959492545399e-07 -1.218891669521921000e-06 8.274464884069995230e-07 -1.556431170772197722e-07 4.970249628316592435e-06 -1.882487847145083700e-05 -5.672340896112159713e-08
4.361791097832052004e-06 6.993311958145110290e-06 4.840084688840754108e-04 -1.841702832569290548e-04 6.753801321709227423e-01 6.944456544863282510e-02 -1.547415181214724725e-02 -2.484904756364841004e-03 -1.779909580026576123e-05 4.827793334385342106e-08 -4.028963818459659078e-06 1.566292005023198802e-06 2.455766576524876400e-06 -2.394991328497043414e-06 3.738369159554170991e-06 -3.163086362647281953e-05 4.943066059083736115e-05 1.312577483348082783e-06
-3.368983499666106758e-04 2.659623714215274444e-03 -2.599639899742599292e-02 -8.135291423473658273e-03 6.944456544863282510e-02 7.467353935088188337e+03 -1.055192231708244499e+00 1.827619736954769203e-01 -1.239682275847065439e-03 -2.064062458927959154e-06 -3.120887732012943565e-04 3.232905353361218434e-04 6.311111499538541933e-05 -4.479373457394046935e-06 5.156233570922169000e-04 -6.324512909465212357e-03 6.296009306627090886e-03 -1.291387522383600584e-04
1.670877229605968691e-06 -8.460381402275740387e-04 -5.532021174264051960e-02 9.572302750121657045e-03 -1.547415181214724725e-02 -1.055192231708244499e+00 1.722838797316642285e+03 8.507550218273168818e-02 -5.081374728308875929e-04 3.784778223857935161e-06 1.368213609660666583e-04 7.677234416613730708e-06 -1.029106511141850182e-04 5.783581843770492129e-05 -1.962202593178166452e-05 6.834424081341692898e-04 -1.802509317973263704e-03 2.095899168847070967e-05
-1.476842363179206672e-04 3.541260840569064724e-05 6.746575134746619559e-03 1.146903533797468799e-03 -2.484904756364841004e-03 1.827619736954769203e-01 8.507550218273168818e-02 1.180740056393206487e+03 6.909911413457867036e-05 -7.473844730924642731e-07 9.317996466460837669e-06 5.867816637390045186e-06 -4.320747453259078815e-05 2.419062377869230434e-05 2.364222981095390216e-05 -2.472906630988950735e-04 2.318153895176958102e-04 3.935742745826899624e-06
-3.286780892950277748e-07 1.106313578873788409e-06 6.043374437971212829e-05 -4.802993302341340789e-06 -1.779909580026576123e-05 -1.239682275847065439e-03 -5.081374728308875929e-04 6.909911413457867036e-05 5.702166822367287164e-04 -8.805919985401079987e-09 -1.130749227822016708e-08 -7.042397288736923871e-08 9.328434890397389852e-09 5.005974664634004912e-08 -1.218183905096451639e-07 9.476811855216572681e-08 6.608675399779244001e-07 -1.071313495614800920e-07
2.438961971402944548e-09 -8.562167841306327370e-09 -3.612980210840320811e-07 3.432745946109087933e-08 4.827793334385342106e-08 -2.064062458927959154e-06 3.784778223857935161e-06 -7.473844730924642731e-07 -8.805919985401079987e-09 6.780733145327323333e-08 3.286205087517639785e-10 1.503201326583850797e-10 -3.952693494790813244e-11 -3.080603668947812098e-10 2.422703918325768870e-10 4.935642513749568711e-09 -9.622481878636048805e-09 6.899868603267790292e-10
-3.102780401772826346e-09 -1.100950301842991331e-07 -8.690254344338797953e-06 1.571535989866482211e-06 -4.028963818459659078e-06 -3.120887732012943565e-04 1.368213609660666583e-04 9.317996466460837669e-06 -1.130749227822016708e-08 3.286205087517639785e-10 3.678645398994754689e-05 -3.220607027609145190e-09 -1.589542968550812725e-08 1.248419556699797904e-08 -1.418705354358546377e-08 1.736490478462205968e-07 -3.603022179866335183e-07 -2.972842437333237902e-09
-5.526437297930957999e-09 4.922912803827449868e-08 -4.552227654789250854e-06 2.175919959492545399e-07 1.566292005023198802e-06 3.232905353361218434e-04 7.677234416613730708e-06 5.867816637390045186e-06 -7.042397288736923871e-08 1.503201326583850797e-10 -3.220607027609145190e-09 3.888242318027897751e-06 -1.602487807361173574e-09 2.494105160076753811e-09 1.529165652124631625e-08 -1.723218265712683782e-07 1.046209371756700183e-07 -4.503193284091510522e-09
4.917174387562025561e-08 6.052528908092139566e-08 2.438222213533457762e-06 -1.218891669521921000e-06 2.455766576524876400e-06 6.311111499538541933e-05 -1.029106511141850182e-04 -4.320747453259078815e-05 9.328434890397389852e-09 -3.952693494790813244e-11 -1.589542968550812725e-08 -1.602487807361173574e-09 2.180243126238601403e-05 -1.347986199715220372e-08 -4.043263253555508225e-09 7.211238940266646883e-09 9.491359430096193178e-08 -2.396700483225395040e-09
-3.945064740043610661e-08 4.120357561967065931e-08 -3.509055813705191042e-06 8.274464884069995230e-07 -2.394991328497043414e-06 -4.479373457394046935e-06 5.783581843770492129e-05 2.419062377869230434e-05 5.005974664634004912e-08 -3.080603668947812098e-10 1.248419556699797904e-08 2.494105160076753811e-09 -1.347986199715220372e-08 1.595635836026858479e-05 -2.002863476257862663e-09 -4.171226313655875533e-08 -6.135902169621209747e-08 -1.035724911183568040e-08
-2.137895895372707240e-08 3.867688415958993313e-08 6.061392247165274485e-08 -1.556431170772197722e-07 3.738369159554170991e-06 5.156233570922169000e-04 -1.962202593178166452e-05 2.364222981095390216e-05 -1.218183905096451639e-07 2.422703918325768870e-10 -1.418705354358546377e-08 1.529165652124631625e-08 -4.043263253555508225e-09 -2.002863476257862663e-09 1.295135808984854162e-05 -2.848288744424828468e-07 2.962048136246602306e-07 6.113110668940345325e-09
4.645809719155173314e-07 -1.963830316084772763e-06 -1.071415407401665511e-05 4.970249628316592435e-06 -3.163086362647281953e-05 -6.324512909465212357e-03 6.834424081341692898e-04 -2.472906630988950735e-04 9.476811855216572681e-08 4.935642513749568711e-09 1.736490478462205968e-07 -1.723218265712683782e-07 7.211238940266646883e-09 -4.171226313655875533e-08 -2.848288744424828468e-07 1.249773553585099015e-03 -4.117791505425422915e-06 1.091503663423701073e-07
-5.380170753486516521e-07 2.462511020861851670e-06 1.303124604818676113e-04 -1.882487847145083700e-05 4.943066059083736115e-05 6.296009306627090886e-03 -1.802509317973263704e-03 2.318153895176958102e-04 6.608675399779244001e-07 -9.622481878636048805e-09 -3.603022179866335183e-07 1.046209371756700183e-07 9.491359430096193178e-08 -6.135902169621209747e-08 2.962048136246602306e-07 -4.117791505425422915e-06 1.788093392906036196e-03 -3.696171727545616280e-08
2.028043802885732488e-08 -1.725218855689523162e-07 3.697833533728155655e-06 -5.672340896112159713e-08 1.312577483348082783e-06 -1.291387522383600584e-04 2.095899168847070967e-05 3.935742745826899624e-06 -1.071313495614800920e-07 6.899868603267790292e-10 -2.972842437333237902e-09 -4.503193284091510522e-09 -2.396700483225395040e-09 -1.035724911183568040e-08 6.113110668940345325e-09 1.091503663423701073e-07 -3.696171727545616280e-08 2.075413240705441465e-05
1.447479450404463993e-04 -3.138852399809045471e-07 -1.558182080660581482e-05 -5.111488823842200100e-07 4.361791097832052004e-06 -3.368983499666106758e-04 1.670877229605968691e-06 -1.476842363179206672e-04 -3.286780892950277748e-07 2.438961971402944548e-09 -3.102780401772826346e-09 -5.526437297930957999e-09 4.917174387562025561e-08 -3.945064740043610661e-08 -2.137895895372707240e-08 4.645809719155173314e-07 -5.380170753486516521e-07 2.028043802885732488e-08
-3.138852399809045471e-07 4.945339293751739931e-03 3.053973866120681958e-05 -7.204079997990609639e-06 6.993311958145110290e-06 2.659623714215274444e-03 -8.460381402275740387e-04 3.541260840569064724e-05 1.106313578873788409e-06 -8.562167841306327370e-09 -1.100950301842991331e-07 4.922912803827449868e-08 6.052528908092139566e-08 4.120357561967065931e-08 3.867688415958993313e-08 -1.963830316084772763e-06 2.462511020861851670e-06 -1.725218855689523162e-07
-1.558182080660581482e-05 3.053973866120681958e-05 5.960507022706672764e+00 -6.800821636928684353e-04 4.840084688840754108e-04 -2.599639899742599292e-02 -5.532021174264051960e-02 6.746575134746619559e-03 6.043374437971212829e-05 -3.612980210840320811e-07 -8.690254344338797953e-06 -4.552227654789250854e-06 2.438222213533457762e-06 -3.509055813705191042e-06 6.061392247165274485e-08 -1.071415407401665511e-05 1.303124604818676113e-04 3.697833533728155655e-06
-5.111488823842200100e-07 -7.204079997990609639e-06 -6.800821636928684353e-04 4.700402519374937693e-01 -1.841702832569290548e-04 -8.135291423473658273e-03 9.572302750121657045e-03 1.146903533797468799e-03 -4.802993302341340789e-06 3.432745946109087933e-08 1.571535989866482211e-06 2.175919959492545399e-07 -1.218891669521921000e-06 8.274464884069995230e-07 -1.556431170772197722e-07 4.970249628316592435e-06 -1.882487847145083700e-05 -5.672340896112159713e-08
4.361791097832052004e-06 6.993311958145110290e-06 4.840084688840754108e-04 -1.841702832569290548e-04 6.753801321709227423e-01 6.944456544863282510e-02 -1.547415181214724725e-02 -2.484904756364841004e-03 -1.779909580026576123e-05 4.827793334385342106e-08 -4.028963818459659078e-06 1.566292005023198802e-06 2.455766576524876400e-06 -2.394991328497043414e-06 3.738369159554170991e-06 -3.163086362647281953e-05 4.943066059083736115e-05 1.312577483348082783e-06
-3.368983499666106758e-04 2.659623714215274444e-03 -2.599639899742599292e-02 -8.135291423473658273e-03 6.944456544863282510e-02 7.467353935088188337e+03 -1.055192231708244499e+00 1.827619736954769203e-01 -1.239682275847065439e-03 -2.064062458927959154e-06 -3.120887732012943565e-04 3.232905353361218434e-04 6.311111499538541933e-05 -4.479373457394046935e-06 5.156233570922169000e-04 -6.324512909465212357e-03 6.296009306627090886e-03 -1.291387522383600584e-04
1.670877229605968691e-06 -8.460381402275740387e-04 -5.532021174264051960e-02 9.572302750121657045e-03 -1.547415181214724725e-02 -1.055192231708244499e+00 1.722838797316642285e+03 8.507550218273168818e-02 -5.081374728308875929e-04 3.784778223857935161e-06 1.368213609660666583e-04 7.677234416613730708e-06 -1.029106511141850182e-04 5.783581843770492129e-05 -1.962202593178166452e-05 6.834424081341692898e-04 -1.802509317973263704e-03 2.095899168847070967e-05
-1.476842363179206672e-04 3.541260840569064724e-05 6.746575134746619559e-03 1.146903533797468799e-03 -2.484904756364841004e-03 1.827619736954769203e-01 8.507550218273168818e-02 1.180740056393206487e+03 6.909911413457867036e-05 -7.473844730924642731e-07 9.317996466460837669e-06 5.867816637390045186e-06 -4.320747453259078815e-05 2.419062377869230434e-05 2.364222981095390216e-05 -2.472906630988950735e-04 2.318153895176958102e-04 3.935742745826899624e-06
-3.286780892950277748e-07 1.106313578873788409e-06 6.043374437971212829e-05 -4.802993302341340789e-06 -1.779909580026576123e-05 -1.239682275847065439e-03 -5.081374728308875929e-04 6.909911413457867036e-05 5.702166822367287164e-04 -8.805919985401079987e-09 -1.130749227822016708e-08 -7.042397288736923871e-08 9.328434890397389852e-09 5.005974664634004912e-08 -1.218183905096451639e-07 9.476811855216572681e-08 6.608675399779244001e-07 -1.071313495614800920e-07
2.438961971402944548e-09 -8.562167841306327370e-09 -3.612980210840320811e-07 3.432745946109087933e-08 4.827793334385342106e-08 -2.064062458927959154e-06 3.784778223857935161e-06 -7.473844730924642731e-07 -8.805919985401079987e-09 6.780733145327323333e-08 3.286205087517639785e-10 1.503201326583850797e-10 -3.952693494790813244e-11 -3.080603668947812098e-10 2.422703918325768870e-10 4.935642513749568711e-09 -9.622481878636048805e-09 6.899868603267790292e-10
-3.102780401772826346e-09 -1.100950301842991331e-07 -8.690254344338797953e-06 1.571535989866482211e-06 -4.028963818459659078e-06 -3.120887732012943565e-04 1.368213609660666583e-04 9.317996466460837669e-06 -1.130749227822016708e-08 3.286205087517639785e-10 3.678645398994754689e-05 -3.220607027609145190e-09 -1.589542968550812725e-08 1.248419556699797904e-08 -1.418705354358546377e-08 1.736490478462205968e-07 -3.603022179866335183e-07 -2.972842437333237902e-09
-5.526437297930957999e-09 4.922912803827449868e-08 -4.552227654789250854e-06 2.175919959492545399e-07 1.566292005023198802e-06 3.232905353361218434e-04 7.677234416613730708e-06 5.867816637390045186e-06 -7.042397288736923871e-08 1.503201326583850797e-10 -3.220607027609145190e-09 3.888242318027897751e-06 -1.602487807361173574e-09 2.494105160076753811e-09 1.529165652124631625e-08 -1.723218265712683782e-07 1.046209371756700183e-07 -4.503193284091510522e-09
4.917174387562025561e-08 6.052528908092139566e-08 2.438222213533457762e-06 -1.218891669521921000e-06 2.455766576524876400e-06 6.311111499538541933e-05 -1.029106511141850182e-04 -4.320747453259078815e-05 9.328434890397389852e-09 -3.952693494790813244e-11 -1.589542968550812725e-08 -1.602487807361173574e-09 2.180243126238601403e-05 -1.347986199715220372e-08 -4.043263253555508225e-09 7.211238940266646883e-09 9.491359430096193178e-08 -2.396700483225395040e-09
-3.945064740043610661e-08 4.120357561967065931e-08 -3.509055813705191042e-06 8.274464884069995230e-07 -2.394991328497043414e-06 -4.479373457394046935e-06 5.783581843770492129e-05 2.419062377869230434e-05 5.005974664634004912e-08 -3.080603668947812098e-10 1.248419556699797904e-08 2.494105160076753811e-09 -1.347986199715220372e-08 1.595635836026858479e-05 -2.002863476257862663e-09 -4.171226313655875533e-08 -6.135902169621209747e-08 -1.035724911183568040e-08
-2.137895895372707240e-08 3.867688415958993313e-08 6.061392247165274485e-08 -1.556431170772197722e-07 3.738369159554170991e-06 5.156233570922169000e-04 -1.962202593178166452e-05 2.364222981095390216e-05 -1.218183905096451639e-07 2.422703918325768870e-10 -1.418705354358546377e-08 1.529165652124631625e-08 -4.043263253555508225e-09 -2.002863476257862663e-09 1.295135808984854162e-05 -2.848288744424828468e-07 2.962048136246602306e-07 6.113110668940345325e-09
