{
    "R": [
        [
            0.009264735595596381,
            -0.00013224849172415904,
            -0.009765855189294915,
            -0.0004995416476821321,
            -0.00042498570331974577,
            -0.16445444152429303,
            -0.023177825904612284,
            0.2496042313947062,
            5.494242504716444e-06,
            5.048378143760126e-05,
            4.165339525045893e-06,
            2.125282369685269e-05,
            3.343299944704053e-06,
            1.504508968417155e-05,
            -1.0396132863310584e-05,
            -0.000308539349355856,
            4.8082566137202595e-06,
            7.36007623697994e-05
        ],
        [
            0.0,
            0.023691599802019098,
            0.022719866832844448,
            0.0033334266134988954,
            -0.00021798989493069658,
            0.39711253156879356,
            -0.027719526125952774,
            -0.244047961624286,
            2.8089124105057247e-05,
            -4.5293765494274314e-05,
            9.252373954176703e-07,
            -3.42465985669163e-05,
            3.7863587506010524e-06,
            -1.3950178622984578e-05,
            2.2775189473553574e-05,
            0.0001937423812194062,
            -3.0063475599968886e-05,
            0.0001241188328828114
        ],
        [
            0.0,
            0.0,
            2.420922090558182,
            0.0071850656513816,
            -0.0005189373866635111,
            0.1351776913353506,
            -0.10916120877315,
            -0.007647438320312381,
            0.0001355555058077209,
            -1.6991170371385704e-05,
            1.0507398899729538e-05,
            -4.2903160744327285e-05,
            1.706435074256701e-05,
            -4.5062361612717113e-07,
            2.3366780701895986e-05,
            -8.38800485976621e-05,
            -5.201615313433019e-05,
            0.0002470880547198425
        ],
        [
            0.0,
            0.0,
            0.0,
            0.9394572293140201,
            -0.0002159053796256495,
            -0.1264303923280851,
            -0.08551519096913549,
            0.11458638507116185,
            0.00012267880446361522,
            1.2549750144004667e-05,
            1.2024422546489447e-05,
            -1.3793952178963485e-05,
            1.6750435837159918e-05,
            8.07815213644236e-06,
            5.275317008059846e-06,
            -0.0002216209302219791,
            -2.7887477708867224e-05,
            5.9870854772176665e-05
        ],
        [
            0.0,
            0.0,
            0.0,
            0.0,
            0.15430435169566126,
            -1.16434058212276,
            0.07232198576623168,
            -0.046227693615558514,
            9.833511575537611e-05,
            -6.67703647982371e-05,
            -6.986644103705786e-06,
            -1.1242007108809352e-05,
            -4.997715871965652e-06,
            -6.88211627927935e-06,
            -2.6773620215889293e-05,
            0.0004997671675976968,
            4.271223979264965e-05,
            -0.0007139926358878844
        ],
        [
            0.0,
            0.0,
            0.0,
            0.0,
            0.0,
            93.95201884550588,
            0.03846265459338491,
            -0.40137975470798926,
            -0.00019616311845282387,
            6.987304080424127e-06,
            -1.539418600675935e-06,
            2.089607003044626e-05,
            -6.721009871998999e-06,
            -1.6467329863459918e-05,
            2.4086732530758785e-05,
            -4.251842148742196e-05,
            -1.1732745390859146e-05,
            0.00030862696974186027
        ],
        [
            0.0,
            0.0,
            0.0,
            0.0,
            0.0,
            0.0,
            13.477454214028901,
            -0.3579054650460736,
            -0.00015864955431657722,
            -3.887633662165276e-05,
            -1.3079732072962185e-05,
            2.554844143896454e-05,
            -1.910244503182794e-05,
            -1.9119731269585384e-05,
            -9.678540595125496e-06,
            0.00040612733024629125,
            4.5828034058010754e-05,
            -0.00035601164966575825
        ],
        [
            0.0,
            0.0,
            0.0,
            0.0,
            0.0,
            0.0,
            0.0,
            39.555696219774454,
            0.00017265870824974906,
            6.557748207138777e-05,
            9.474185755707619e-06,
            -1.0444104609137037e-05,
            1.4242714160045849e-05,
            3.2460539633061866e-05,
            -1.1668353811496632e-05,
            -0.0004807639057057036,
            -2.015201359870469e-05,
            0.0002406378430580712
        ],
        [
            0.0,
            0.0,
            0.0,
            0.0,
            0.0,
            0.0,
            0.0,
            0.0,
            0.019022472025797044,
            4.429794358842707e-06,
            1.0961213267302465e-05,
            -3.2763914465430305e-05,
            1.8711375943658285e-05,
            1.6752372737451525e-05,
            -5.199393186639171e-06,
            -0.00016364681952672785,
            -2.5079065525539125e-05,
            -4.14929787212644e-05
        ],
        [
            0.0,
            0.0,
            0.0,
            0.0,
            0.0,
            0.0,
            0.0,
            0.0,
            0.0,
            0.0058921337287776675,
            1.4816350816163376e-05,
            4.0387887666456776e-05,
            1.4190307623933772e-05,
            2.9301146163605358e-05,
            -8.126047231419418e-06,
            -0.0007700280218079782,
            -1.2844074408717507e-05,
            0.0003195627201945998
        ],
        [
            0.0,
            0.0,
            0.0,
            0.0,
            0.0,
            0.0,
            0.0,
            0.0,
            0.0,
            0.0,
            0.0028893540323116458,
            5.696611078831492e-06,
            1.323342093563822e-05,
            9.896722825300333e-06,
            -1.0872189212367701e-06,
            -0.0002834342315944586,
            -1.4277143381546832e-05,
            2.4935400494567757e-05
        ],
        [
            0.0,
            0.0,
            0.0,
            0.0,
            0.0,
            0.0,
            0.0,
            0.0,
            0.0,
            0.0,
            0.0,
            0.008834838300265399,
            -1.3732871471460017e-06,
            1.5725129475931253e-06,
            -1.0542905308630512e-05,
            -0.00012788017236324634,
            2.1044540730500893e-05,
            -0.00014306774915079023
        ],
        [
            0.0,
            0.0,
            0.0,
            0.0,
            0.0,
            0.0,
            0.0,
            0.0,
            0.0,
            0.0,
            0.0,
            0.0,
            0.0018292609212027676,
            2.000902958092282e-05,
            -2.5390052739240492e-08,
            -0.0004903467075806809,
            -3.583630106410493e-05,
            6.699350733416285e-05
        ],
        [
            0.0,
            0.0,
            0.0,
            0.0,
            0.0,
            0.0,
            0.0,
            0.0,
            0.0,
            0.0,
            0.0,
            0.0,
            0.0,
            0.00453032502981395,
            -6.129643653101095e-06,
            -0.0002734802345425546,
            -7.883831252957081e-06,
            8.902139849854753e-05
        ],
        [
            0.0,
            0.0,
            0.0,
            0.0,
            0.0,
            0.0,
            0.0,
            0.0,
            0.0,
            0.0,
            0.0,
            0.0,
            0.0,
            0.0,
            0.002853269960196651,
            2.9367409063112663e-05,
            -4.349678718528363e-05,
            0.0004971097095904366
        ],
        [
            0.0,
            0.0,
            0.0,
            0.0,
            0.0,
            0.0,
            0.0,
            0.0,
            0.0,
            0.0,
            0.0,
            0.0,
            0.0,
            0.0,
            0.0,
            0.04746279603561602,
            2.5495555509549926e-05,
            -0.00031515344480400123
        ],
        [
            0.0,
            0.0,
            0.0,
            0.0,
            0.0,
            0.0,
            0.0,
            0.0,
            0.0,
            0.0,
            0.0,
            0.0,
            0.0,
            0.0,
            0.0,
            0.0,
            0.005161414442165414,
            -0.0004864779166157541
        ],
        [
            0.0,
            0.0,
            0.0,
            0.0,
            0.0,
            0.0,
            0.0,
            0.0,
            0.0,
            0.0,
            0.0,
            0.0,
            0.0,
            0.0,
            0.0,
            0.0,
            0.0,
            0.045515011453737986
        ]
    ],
    "RDR": [
        [
            [
                0.009264735595596381,
                -0.00013224849172415904,
                -0.009765855189294915,
                -0.0004995416476821321,
                -0.00042498570331974577,
                -0.16445444152429303,
                -0.023177825904612284,
                0.2496042313947062,
                5.494242504716444e-06,
                5.048378143760126e-05,
                4.165339525045893e-06,
                2.125282369685269e-05,
                3.343299944704053e-06,
                1.504508968417155e-05,
                -1.0396132863310584e-05,
                -0.000308539349355856,
                4.8082566137202595e-06,
                7.36007623697994e-05
            ],
            [
                0.0,
                0.023691599802019098,
                0.022719866832844448,
                0.0033334266134988954,
                -0.00021798989493069658,
                0.39711253156879356,
                -0.027719526125952774,
                -0.244047961624286,
                2.8089124105057247e-05,
                -4.5293765494274314e-05,
                9.252373954176703e-07,
                -3.42465985669163e-05,
                3.7863587506010524e-06,
                -1.3950178622984578e-05,
                2.2775189473553574e-05,
                0.0001937423812194062,
                -3.0063475599968886e-05,
                0.0001241188328828114
            ],
            [
                0.0,
                0.0,
                2.420922090558182,
                0.0071850656513816,
                -0.0005189373866635111,
                0.1351776913353506,
                -0.10916120877315,
                -0.007647438320312381,
                0.0001355555058077209,
                -1.6991170371385704e-05,
                1.0507398899729538e-05,
                -4.2903160744327285e-05,
                1.706435074256701e-05,
                -4.5062361612717113e-07,
                2.3366780701895986e-05,
                -8.38800485976621e-05,
                -5.201615313433019e-05,
                0.0002470880547198425
            ],
            [
                0.0,
                0.0,
                0.0,
                0.9394572293140201,
                -0.0002159053796256495,
                -0.1264303923280851,
                -0.08551519096913549,
                0.11458638507116185,
                0.00012267880446361522,
                1.2549750144004667e-05,
                1.2024422546489447e-05,
                -1.3793952178963485e-05,
                1.6750435837159918e-05,
                8.07815213644236e-06,
                5.275317008059846e-06,
                -0.0002216209302219791,
                -2.7887477708867224e-05,
                5.9870854772176665e-05
            ],
            [
                0.0,
                0.0,
                0.0,
                0.0,
                0.15430435169566126,
                -1.16434058212276,
                0.07232198576623168,
                -0.046227693615558514,
                9.833511575537611e-05,
                -6.67703647982371e-05,
                -6.986644103705786e-06,
                -1.1242007108809352e-05,
                -4.997715871965652e-06,
                -6.88211627927935e-06,
                -2.6773620215889293e-05,
                0.0004997671675976968,
                4.271223979264965e-05,
                -0.0007139926358878844
            ],
            [
                0.0,
                0.0,
                0.0,
                0.0,
                0.0,
                93.95201884550588,
                0.03846265459338491,
                -0.40137975470798926,
                -0.00019616311845282387,
                6.987304080424127e-06,
                -1.539418600675935e-06,
                2.089607003044626e-05,
                -6.721009871998999e-06,
                -1.6467329863459918e-05,
                2.4086732530758785e-05,
                -4.251842148742196e-05,
                -1.1732745390859146e-05,
                0.00030862696974186027
            ],
            [
                0.0,
                0.0,
                0.0,
                0.0,
                0.0,
                0.0,
                13.477454214028901,
                -0.3579054650460736,
                -0.00015864955431657722,
                -3.887633662165276e-05,
                -1.3079732072962185e-05,
                2.554844143896454e-05,
                -1.910244503182794e-05,
                -1.9119731269585384e-05,
                -9.678540595125496e-06,
                0.00040612733024629125,
                4.5828034058010754e-05,
                -0.00035601164966575825
            ],
            [
                0.0,
                0.0,
                0.0,
                0.0,
                0.0,
                0.0,
                0.0,
                39.555696219774454,
                0.00017265870824974906,
                6.557748207138777e-05,
                9.474185755707619e-06,
                -1.0444104609137037e-05,
                1.4242714160045849e-05,
                3.2460539633061866e-05,
                -1.1668353811496632e-05,
                -0.0004807639057057036,
                -2.015201359870469e-05,
                0.0002406378430580712
            ],
            [
                0.0,
                0.0,
                0.0,
                0.0,
                0.0,
                0.0,
                0.0,
                0.0,
                0.019022472025797044,
                4.429794358842707e-06,
                1.0961213267302465e-05,
                -3.2763914465430305e-05,
                1.8711375943658285e-05,
                1.6752372737451525e-05,
                -5.199393186639171e-06,
                -0.00016364681952672785,
                -2.5079065525539125e-05,
                -4.14929787212644e-05
            ],
            [
                0.0,
                0.0,
                0.0,
                0.0,
                0.0,
                0.0,
                0.0,
                0.0,
                0.0,
                0.0058921337287776675,
                1.4816350816163376e-05,
                4.0387887666456776e-05,
                1.4190307623933772e-05,
                2.9301146163605358e-05,
                -8.126047231419418e-06,
                -0.0007700280218079782,
                -1.2844074408717507e-05,
                0.0003195627201945998
            ],
            [
                0.0,
                0.0,
                0.0,
                0.0,
                0.0,
                0.0,
                0.0,
                0.0,
                0.0,
                0.0,
                0.0028893540323116458,
                5.696611078831492e-06,
                1.323342093563822e-05,
                9.896722825300333e-06,
                -1.0872189212367701e-06,
                -0.0002834342315944586,
                -1.4277143381546832e-05,
                2.4935400494567757e-05
            ],
            [
                0.0,
                0.0,
                0.0,
                0.0,
                0.0,
                0.0,
                0.0,
                0.0,
                0.0,
                0.0,
                0.0,
                0.008834838300265399,
                -1.3732871471460017e-06,
                1.5725129475931253e-06,
                -1.0542905308630512e-05,
                -0.00012788017236324634,
                2.1044540730500893e-05,
                -0.00014306774915079023
            ],
            [
                0.0,
                0.0,
                0.0,
                0.0,
                0.0,
                0.0,
                0.0,
                0.0,
                0.0,
                0.0,
                0.0,
                0.0,
                0.0018292609212027676,
                2.000902958092282e-05,
                -2.5390052739240492e-08,
                -0.0004903467075806809,
                -3.583630106410493e-05,
                6.699350733416285e-05
            ],
            [
                0.0,
                0.0,
                0.0,
                0.0,
                0.0,
                0.0,
                0.0,
                0.0,
                0.0,
                0.0,
                0.0,
                0.0,
                0.0,
                0.00453032502981395,
                -6.129643653101095e-06,
                -0.0002734802345425546,
                -7.883831252957081e-06,
                8.902139849854753e-05
            ],
            [
                0.0,
                0.0,
                0.0,
                0.0,
                0.0,
                0.0,
                0.0,
                0.0,
                0.0,
                0.0,
                0.0,
                0.0,
                0.0,
                0.0,
                0.002853269960196651,
                2.9367409063112663e-05,
                -4.349678718528363e-05,
                0.0004971097095904366
            ],
            [
                0.0,
                0.0,
                0.0,
                0.0,
                0.0,
                0.0,
                0.0,
                0.0,
                0.0,
                0.0,
                0.0,
                0.0,
                0.0,
                0.0,
                0.0,
                0.04746279603561602,
                2.5495555509549926e-05,
                -0.00031515344480400123
            ],
            [
                0.0,
                0.0,
                0.0,
                0.0,
                0.0,
                0.0,
                0.0,
                0.0,
                0.0,
                0.0,
                0.0,
                0.0,
                0.0,
                0.0,
                0.0,
                0.0,
                0.005161414442165414,
                -0.0004864779166157541
            ],
            [
                0.0,
                0.0,
                0.0,
                0.0,
                0.0,
                0.0,
                0.0,
                0.0,
                0.0,
                0.0,
                0.0,
                0.0,
                0.0,
                0.0,
                0.0,
                0.0,
                0.0,
                0.045515011453737986
            ]
        ],
        [
            [
                0.0018529471191192763,
                -2.644969834483181e-05,
                -0.001953171037858983,
                -9.990832953642643e-05,
                -8.499714066394916e-05,
                -0.03289088830485861,
                -0.004635565180922457,
                0.04992084627894124,
                1.0988485009432889e-06,
                1.0096756287520253e-05,
                8.330679050091786e-07,
                4.2505647393705385e-06,
                6.686599889408107e-07,
                3.0090179368343103e-06,
                -2.079226572662117e-06,
                -6.170786987117121e-05,
                9.61651322744052e-07,
                1.472015247395988e-05
            ],
            [
                0.0,
                0.00473831996040382,
                0.00454397336656889,
                0.0006666853226997791,
                -4.3597978986139316e-05,
                0.07942250631375872,
                -0.0055439052251905555,
                -0.0488095923248572,
                5.617824821011449e-06,
                -9.058753098854862e-06,
                1.8504747908353406e-07,
                -6.84931971338326e-06,
                7.572717501202105e-07,
                -2.790035724596916e-06,
                4.555037894710715e-06,
                3.874847624388124e-05,
                -6.012695119993778e-06,
                2.482376657656228e-05
            ],
            [
                0.0,
                0.0,
                0.48418441811163637,
                0.0014370131302763201,
                -0.00010378747733270223,
                0.02703553826707012,
                -0.02183224175463,
                -0.0015294876640624764,
                2.711110116154418e-05,
                -3.398234074277141e-06,
                2.1014797799459077e-06,
                -8.580632148865457e-06,
                3.4128701485134024e-06,
                -9.012472322543423e-08,
                4.673356140379198e-06,
                -1.677600971953242e-05,
                -1.040323062686604e-05,
                4.94176109439685e-05
            ],
            [
                0.0,
                0.0,
                0.0,
                0.18789144586280404,
                -4.3181075925129904e-05,
                -0.02528607846561702,
                -0.017103038193827098,
                0.022917277014232372,
                2.4535760892723047e-05,
                2.5099500288009337e-06,
                2.4048845092978897e-06,
                -2.7587904357926974e-06,
                3.350087167431984e-06,
                1.615630427288472e-06,
                1.0550634016119692e-06,
                -4.432418604439582e-05,
                -5.5774955417734455e-06,
                1.1974170954435333e-05
            ],
            [
                0.0,
                0.0,
                0.0,
                0.0,
                0.030860870339132252,
                -0.232868116424552,
                0.014464397153246336,
                -0.009245538723111704,
                1.9667023151075224e-05,
                -1.3354072959647419e-05,
                -1.3973288207411573e-06,
                -2.2484014217618705e-06,
                -9.995431743931305e-07,
                -1.37642325585587e-06,
                -5.354724043177859e-06,
                9.995343351953937e-05,
                8.54244795852993e-06,
                -0.0001427985271775769
            ],
            [
                0.0,
                0.0,
                0.0,
                0.0,
                0.0,
                18.790403769101175,
                0.007692530918676982,
                -0.08027595094159785,
                -3.9232623690564777e-05,
                1.3974608160848254e-06,
                -3.07883720135187e-07,
                4.179214006089252e-06,
                -1.3442019743998e-06,
                -3.2934659726919837e-06,
                4.817346506151757e-06,
                -8.503684297484392e-06,
                -2.3465490781718294e-06,
                6.172539394837206e-05
            ],
            [
                0.0,
                0.0,
                0.0,
                0.0,
                0.0,
                0.0,
                2.69549084280578,
                -0.07158109300921472,
                -3.1729910863315445e-05,
                -7.775267324330552e-06,
                -2.615946414592437e-06,
                5.109688287792908e-06,
                -3.820489006365588e-06,
                -3.8239462539170765e-06,
                -1.935708119025099e-06,
                8.122546604925825e-05,
                9.165606811602151e-06,
                -7.120232993315165e-05
            ],
            [
                0.0,
                0.0,
                0.0,
                0.0,
                0.0,
                0.0,
                0.0,
                7.911139243954891,
                3.453174164994981e-05,
                1.3115496414277556e-05,
                1.8948371511415238e-06,
                -2.0888209218274074e-06,
                2.84854283200917e-06,
                6.492107926612374e-06,
                -2.3336707622993264e-06,
                -9.615278114114073e-05,
                -4.0304027197409385e-06,
                4.812756861161424e-05
            ],
            [
                0.0,
                0.0,
                0.0,
                0.0,
                0.0,
                0.0,
                0.0,
                0.0,
                0.003804494405159409,
                8.859588717685414e-07,
                2.192242653460493e-06,
                -6.552782893086061e-06,
                3.7422751887316573e-06,
                3.350474547490305e-06,
                -1.0398786373278343e-06,
                -3.272936390534557e-05,
                -5.0158131051078255e-06,
                -8.29859574425288e-06
            ],
            [
                0.0,
                0.0,
                0.0,
                0.0,
                0.0,
                0.0,
                0.0,
                0.0,
                0.0,
                0.0011784267457555335,
                2.9632701632326752e-06,
                8.077577533291355e-06,
                2.8380615247867544e-06,
                5.860229232721072e-06,
                -1.6252094462838838e-06,
                -0.00015400560436159565,
                -2.5688148817435018e-06,
                6.391254403891997e-05
            ],
            [
                0.0,
                0.0,
                0.0,
                0.0,
                0.0,
                0.0,
                0.0,
                0.0,
                0.0,
                0.0,
                0.0005778708064623292,
                1.1393222157662985e-06,
                2.6466841871276444e-06,
                1.9793445650600665e-06,
                -2.1744378424735404e-07,
                -5.668684631889172e-05,
                -2.8554286763093666e-06,
                4.987080098913552e-06
            ],
            [
                0.0,
                0.0,
                0.0,
                0.0,
                0.0,
                0.0,
                0.0,
                0.0,
                0.0,
                0.0,
                0.0,
                0.0017669676600530798,
                -2.7465742942920037e-07,
                3.145025895186251e-07,
                -2.1085810617261027e-06,
                -2.557603447264927e-05,
                4.208908146100179e-06,
                -2.861354983015805e-05
            ],
            [
                0.0,
                0.0,
                0.0,
                0.0,
                0.0,
                0.0,
                0.0,
                0.0,
                0.0,
                0.0,
                0.0,
                0.0,
                0.00036585218424055354,
                4.001805916184564e-06,
                -5.078010547848099e-09,
                -9.806934151613618e-05,
                -7.167260212820986e-06,
                1.3398701466832572e-05
            ],
            [
                0.0,
                0.0,
                0.0,
                0.0,
                0.0,
                0.0,
                0.0,
                0.0,
                0.0,
                0.0,
                0.0,
                0.0,
                0.0,
                0.00090606500596279,
                -1.225928730620219e-06,
                -5.469604690851092e-05,
                -1.5767662505914163e-06,
                1.7804279699709507e-05
            ],
            [
                0.0,
                0.0,
                0.0,
                0.0,
                0.0,
                0.0,
                0.0,
                0.0,
                0.0,
                0.0,
                0.0,
                0.0,
                0.0,
                0.0,
                0.0005706539920393303,
                5.873481812622533e-06,
                -8.699357437056726e-06,
                9.942194191808732e-05
            ],
            [
                0.0,
                0.0,
                0.0,
                0.0,
                0.0,
                0.0,
                0.0,
                0.0,
                0.0,
                0.0,
                0.0,
                0.0,
                0.0,
                0.0,
                0.0,
                0.009492559207123205,
                5.099111101909986e-06,
                -6.303068896080025e-05
            ],
            [
                0.0,
                0.0,
                0.0,
                0.0,
                0.0,
                0.0,
                0.0,
                0.0,
                0.0,
                0.0,
                0.0,
                0.0,
                0.0,
                0.0,
                0.0,
                0.0,
                0.0010322828884330828,
                -9.729558332315082e-05
            ],
            [
                0.0,
                0.0,
                0.0,
                0.0,
                0.0,
                0.0,
                0.0,
                0.0,
                0.0,
                0.0,
                0.0,
                0.0,
                0.0,
                0.0,
                0.0,
                0.0,
                0.0,
                0.009103002290747597
            ]
        ]
    ],
    "allnames": [
        "m1_flow_nominal",
        "m2_flow_nominal",
        "tau1",
        "tau2",
        "tau_m",
        "nominalUa.hasValue",
        "workingPressure.hasValue",
        "flowCoefficient.hasValue",
        "waterFlowRateMax",
        "c1",
        "c2",
        "c3",
        "c4",
        "eps_motor",
        "f_motorToAir",
        "kp",
        "Ti",
        "Td"
    ],
    "alpha_count": 1374,
    "cov": [
        [
            0.0023939278037258256,
            0.0064436930869500005,
            0.3642394896463588,
            0.29458084597752676,
            0.04256100770647078,
            4.234414151176741,
            1.9980681159562925,
            6.3207731022985385,
            -0.006378034233587769,
            0.00560924038141275,
            -0.0006782313577475781,
            -0.0010007019405464126,
            -0.0016155088681466593,
            0.0006708451134543129,
            0.0003976535330054829,
            0.0240595386247879,
            -0.0007477892045853749,
            -0.014766044515979583
        ],
        [
            0.0064436930869500005,
            0.05495805003086837,
            0.5543405754978927,
            1.5803747290907242,
            0.23792814768170784,
            36.50955354926076,
            15.417219144546676,
            39.66391537150299,
            -0.0402022578097212,
            0.023289455673342903,
            -0.004255720120917105,
            -0.011242433040267273,
            -0.00832172088098255,
            0.006159102714109696,
            -0.00013202056005914877,
            0.12626473186778542,
            -0.006292095197808066,
            -0.039278165139221534
        ],
        [
            0.3642394896463588,
            0.5543405754978927,
            685.8121935226152,
            167.05091764914147,
            33.60524206680898,
            294.8281028590199,
            1383.438995533562,
            4117.950154396909,
            -2.839623284714661,
            4.566426676934146,
            -0.17855087723120047,
            1.0938457083295643,
            -0.8516611508128089,
            0.4300257790846179,
            0.45525963779793877,
            14.18740965272357,
            0.372304456743269,
            -4.902564498923478
        ],
        [
            0.29458084597752676,
            1.5803747290907242,
            167.05091764914147,
            98.51324621706412,
            15.750133917790786,
            1183.781409371303,
            605.126033444006,
            2086.217156565563,
            -1.7347470654103694,
            1.6761653358699982,
            -0.12792024033075186,
            -0.0314743981866896,
            -0.42353258079362216,
            0.23218659059263272,
            0.1270410648502683,
            6.976982114808016,
            -0.13840040676172677,
            -2.555619051495908
        ],
        [
            0.04256100770647078,
            0.23792814768170784,
            33.60524206680898,
            15.750133917790786,
            3.0687284428492796,
            227.96149556449492,
            116.33477297858586,
            377.4984643044858,
            -0.33053427078791214,
            0.32045115167910027,
            -0.022768891925836053,
            0.0040369565578527835,
            -0.07627217493761475,
            0.03792941336394901,
            0.02327370034746441,
            1.2540735339805233,
            -0.017952331856213862,
            -0.44763844990910606
        ],
        [
            4.234414151176741,
            36.50955354926076,
            294.8281028590199,
            1183.781409371303,
            227.96149556449492,
            179563.01911072887,
            20228.30524258681,
            15098.97402613793,
            -48.06167648525086,
            22.748884783134653,
            -4.318586109693202,
            -4.364048214861892,
            -5.1734484276261155,
            7.806493031503111,
            -1.2836715797305775,
            104.73599455086408,
            -4.196710178792958,
            15.190663836612519
        ],
        [
            1.9980681159562925,
            15.417219144546676,
            1383.438995533562,
            605.126033444006,
            116.33477297858586,
            20228.30524258681,
            13152.411246231099,
            17823.25656261013,
            -18.07408556795768,
            15.610666039956259,
            -2.293927771617938,
            -1.9839276487875241,
            -3.5460210379343944,
            4.352976985840759,
            0.5615263627573936,
            62.43671581417117,
            -0.38007121484169487,
            0.6038513828777735
        ],
        [
            6.3207731022985385,
            39.66391537150299,
            4117.950154396909,
            2086.217156565563,
            377.4984643044858,
            15098.97402613793,
            17823.25656261013,
            65457.833753539984,
            -44.84120814872998,
            41.13619496026038,
            -3.6440542601089967,
            -1.594326920430557,
            -10.438537194746406,
            5.834506279226709,
            2.822219589016851,
            167.5483511220475,
            -2.5448871823004047,
            -57.259284243760014
        ],
        [
            -0.006378034233587769,
            -0.0402022578097212,
            -2.839623284714661,
            -1.7347470654103694,
            -0.33053427078791214,
            -48.06167648525086,
            -18.07408556795768,
            -44.84120814872998,
            0.049669796547308624,
            -0.03700054332167173,
            0.004004548965921031,
            0.0029573854037219342,
            0.00961853385957189,
            -0.005995526647313386,
            -0.0014589314137839942,
            -0.15227469944005553,
            0.003734522590410586,
            0.04947333278189875
        ],
        [
            0.00560924038141275,
            0.023289455673342903,
            4.566426676934146,
            1.6761653358699982,
            0.32045115167910027,
            22.748884783134653,
            15.610666039956259,
            41.13619496026038,
            -0.03700054332167173,
            0.04138538798698839,
            -0.002927784268844634,
            0.0034190227464183883,
            -0.009048281660551454,
            0.005384617775123642,
            0.003097461368531201,
            0.14762591472196024,
            4.8571972522329344e-05,
            -0.04997734870466086
        ],
        [
            -0.0006782313577475781,
            -0.004255720120917105,
            -0.17855087723120047,
            -0.12792024033075186,
            -0.022768891925836053,
            -4.318586109693202,
            -2.293927771617938,
            -3.6440542601089967,
            0.004004548965921031,
            -0.002927784268844634,
            0.0005291987420451478,
            0.0009204834930667559,
            0.0008313389380976208,
            -0.0008053481178683163,
            -5.744398614381123e-05,
            -0.01333822876563342,
            0.00034780905726762443,
            0.0023846439626459613
        ],
        [
            -0.0010007019405464126,
            -0.011242433040267273,
            1.0938457083295643,
            -0.0314743981866896,
            0.0040369565578527835,
            -4.364048214861892,
            -1.9839276487875241,
            -1.594326920430557,
            0.0029573854037219342,
            0.0034190227464183883,
            0.0009204834930667559,
            0.00752076610209051,
            0.00048514426494517156,
            -0.0009417704598485549,
            0.0006896846826194705,
            -0.006294190694611924,
            0.002469654651574133,
            -0.0002556013460951147
        ],
        [
            -0.0016155088681466593,
            -0.00832172088098255,
            -0.8516611508128089,
            -0.42353258079362216,
            -0.07627217493761475,
            -5.1734484276261155,
            -3.5460210379343944,
            -10.438537194746406,
            0.00961853385957189,
            -0.009048281660551454,
            0.0008313389380976208,
            0.00048514426494517156,
            0.002333253137891343,
            -0.0012578544622210955,
            -0.000560604885011175,
            -0.036411942668499134,
            0.000629176618483987,
            0.01421482250119418
        ],
        [
            0.0006708451134543129,
            0.006159102714109696,
            0.4300257790846179,
            0.23218659059263272,
            0.03792941336394901,
            7.806493031503111,
            4.352976985840759,
            5.834506279226709,
            -0.005995526647313386,
            0.005384617775123642,
            -0.0008053481178683163,
            -0.0009417704598485549,
            -0.0012578544622210955,
            0.0018412494740139677,
            0.00020076992226535493,
            0.022687428479444886,
            -0.00016681638062542497,
            0.000793992656418515
        ],
        [
            0.0003976535330054829,
            -0.00013202056005914877,
            0.45525963779793877,
            0.1270410648502683,
            0.02327370034746441,
            -1.2836715797305775,
            0.5615263627573936,
            2.822219589016851,
            -0.0014589314137839942,
            0.003097461368531201,
            -5.744398614381123e-05,
            0.0006896846826194705,
            -0.000560604885011175,
            0.00020076992226535493,
            0.0004319889143619514,
            0.009750092985598983,
            0.00023832344474257025,
            -0.004614236696462232
        ],
        [
            0.0240595386247879,
            0.12626473186778542,
            14.18740965272357,
            6.976982114808016,
            1.2540735339805233,
            104.73599455086408,
            62.43671581417117,
            167.5483511220475,
            -0.15227469944005553,
