5.526463971839893838e-03 -1.932517390201771363e-05 -3.714843129590587587e-08 2.563336178845964747e-05 -1.377207466167470676e-05 4.611684052629162756e-03 3.141029754390772984e-03 -3.172741091715951429e-03 3.617741516259904372e-06 3.048662311446557784e-06 -3.072460514333265149e-07 -2.506081614712861588e-07 6.174837568157219964e-06 -2.081670069195161967e-06 1.481044094664036516e-06 -1.479756296662746180e-05 -9.988690195450144519e-06 1.883444813296779247e-06
-1.932517390201771363e-05 7.606550679941932736e-02 3.581404701570483924e-07 -2.471260271934126338e-04 1.327737705821711086e-04 -4.446030793785891999e-02 -3.028202897867097662e-02 3.058775153175762387e-02 -3.487791011198875446e-05 -2.939153324872365418e-05 2.962096688221540870e-06 2.416062311207514406e-06 -5.953035303665586567e-05 2.006895772677150027e-05 -1.427844487324975613e-05 1.426602947465659057e-04 9.629893048124147346e-05 -1.815790835354341013e-05
-3.714843129590587587e-08 3.581404701570483924e-07 8.579312234303751339e+00 -4.750458800097083664e-07 2.552286111047711798e-07 -8.546524358323764165e-05 -5.821059508796125548e-05 5.879828000694470227e-05 -6.704517403616829199e-08 -5.649881129698633911e-08 5.693984740946593893e-09 4.644352761304203972e-09 -1.144341179549404499e-07 3.857819345240515605e-08 -2.744719561519275387e-08 2.742332971965216328e-07 1.851136875139896264e-07 -3.490461790248289461e-08
2.563336178845964747e-05 -2.471260271934126338e-04 -4.750458800097083664e-07 1.257856563707822506e+00 -1.761142287571024006e-04 5.897319032551994605e-02 4.016679013780296431e-02 -4.057230766897214347e-02 4.626287415880058097e-05 3.898561581396233741e-05 -3.928994194130035544e-06 -3.204721449889668967e-06 7.896244993810913029e-05 -2.661993401642430635e-05 1.893926259439112649e-05 -1.892279451987340425e-04 -1.277331493824051731e-04 2.408507351643934929e-05
-1.377207466167470676e-05 1.327737705821711086e-04 2.552286111047711798e-07 -1.761142287571024006e-04 3.988528459226118983e+00 -3.168461425008501503e-02 -2.158047146772172631e-02 2.179834447875979991e-02 -2.485572365562705832e-05 -2.094586017051333225e-05 2.110936592452974321e-06 1.721805490906041268e-06 -4.242427368641054264e-05 1.430213179950908425e-05 -1.017552596649444679e-05 1.016667813944531284e-04 6.862738038743387793e-05 -1.294022350395185711e-05
4.611684052629162756e-03 -4.446030793785891999e-02 -8.546524358323764165e-05 5.897319032551994605e-02 -3.168461425008501503e-02 3.357243339409506734e+04 7.226385171499559945e+00 -7.299341607997733128e+00 8.323128302389985397e-03 7.013880747086405007e-03 -7.068631893651773591e-04 -5.765596774055791471e-04 1.420609103641059731e-02 -4.789177720764404254e-03 3.407352340122302928e-03 -3.404389577872948131e-02 -2.298040080970333021e-02 4.333132359258870872e-03
3.141029754390772984e-03 -3.028202897867097662e-02 -5.821059508796125548e-05 4.016679013780296431e-02 -2.158047146772172631e-02 7.226385171499559945e+00 2.695577545534748424e+04 -4.971600160924364964e+00 5.668903886100879613e-03 4.777172041477346399e-03 -4.814463186856394669e-04 -3.926962648016633396e-04 9.675804788385377470e-03 -3.261921143841208567e-03 2.320756357520965731e-03 -2.318738412606655835e-02 -1.565200952349549840e-02 2.951307486553883790e-03
-3.172741091715951429e-03 3.058775153175762387e-02 5.879828000694470227e-05 -4.057230766897214347e-02 2.179834447875979991e-02 -7.299341607997733128e+00 -4.971600160924364964e+00 3.510284571381171554e+04 -5.726136239008348429e-03 -4.825401611367899878e-03 4.863069242225542712e-04 3.966608638959748983e-04 -9.773490176149743358e-03 3.294852981425963525e-03 -2.344186344963785675e-03 2.342148027198250049e-02 1.581002972471220319e-02 -2.981103418007766993e-03
3.617741516259904372e-06 -3.487791011198875446e-05 -6.704517403616829199e-08 4.626287415880058097e-05 -2.485572365562705832e-05 8.323128302389985397e-03 5.668903886100879613e-03 -5.726136239008348429e-03 1.295711084728494791e-02 5.502199907724452248e-06 -5.545150702647070887e-07 -4.522954863662922816e-07 1.114429452227763665e-05 -3.756980502443279007e-06 2.672975832843124385e-06 -2.670651625922186993e-05 -1.802750342841878318e-05 3.399225240203289254e-06
3.048662311446557784e-06 -2.939153324872365418e-05 -5.649881129698633911e-08 3.898561581396233741e-05 -2.094586017051333225e-05 7.013880747086405007e-03 4.777172041477346399e-03 -4.825401611367899878e-03 5.502199907724452248e-06 1.009405632074390552e-03 -4.672885523321897907e-07 -3.811483481406478997e-07 9.391270919999943832e-06 -3.165998679330610750e-06 2.252510480467082699e-06 -2.250551876732674627e-05 -1.519173496079744630e-05 2.864519156868679601e-06
-3.072460514333265149e-07 2.962096688221540870e-06 5.693984740946593893e-09 -3.928994194130035544e-06 2.110936592452974321e-06 -7.068631893651773591e-04 -4.814463186856394669e-04 4.863069242225542712e-04 -5.545150702647070887e-07 -4.672885523321897907e-07 1.719668067176676631e-05 3.841236352640947005e-08 -9.464580243200174631e-07 3.190712823178835798e-07 -2.270093832095539703e-07 2.268119939278812701e-06 1.531032336248454267e-06 -2.886879917459338917e-07
-2.506081614712861588e-07 2.416062311207514406e-06 4.644352761304203972e-09 -3.204721449889668967e-06 1.721805490906041268e-06 -5.765596774055791471e-04 -3.926962648016633396e-04 3.966608638959748983e-04 -4.522954863662922816e-07 -3.811483481406478997e-07 3.841236352640947005e-08 1.458973270070469859e-04 -7.719874812974009843e-07 2.602535234120740503e-07 -1.851623605819467697e-07 1.850013581386497852e-06 1.248801073766036891e-06 -2.354711037384511132e-07
6.174837568157219964e-06 -5.953035303665586567e-05 -1.144341179549404499e-07 7.896244993810913029e-05 -4.242427368641054264e-05 1.420609103641059731e-02 9.675804788385377470e-03 -9.773490176149743358e-03 1.114429452227763665e-05 9.391270919999943832e-06 -9.464580243200174631e-07 -7.719874812974009843e-07 2.815788942547328005e-03 -6.412493608251008594e-06 4.562291561526337502e-06 -4.558324556104011003e-05 -3.076972330100715834e-05 5.801869376653275184e-06
-2.081670069195161967e-06 2.006895772677150027e-05 3.857819345240515605e-08 -2.661993401642430635e-05 1.430213179950908425e-05 -4.789177720764404254e-03 -3.261921143841208567e-03 3.294852981425963525e-03 -3.756980502443279007e-06 -3.165998679330610750e-06 3.190712823178835798e-07 2.602535234120740503e-07 -6.412493608251008594e-06 6.033642769296995549e-04 -1.538046253968962597e-06 1.536708891429326316e-05 1.037313311097168812e-05 -1.955934499239542698e-06
1.481044094664036516e-06 -1.427844487324975613e-05 -2.744719561519275387e-08 1.893926259439112649e-05 -1.017552596649444679e-05 3.407352340122302928e-03 2.320756357520965731e-03 -2.344186344963785675e-03 2.672975832843124385e-06 2.252510480467082699e-06 -2.270093832095539703e-07 -1.851623605819467697e-07 4.562291561526337502e-06 -1.538046253968962597e-06 5.626212692911563423e-04 -1.093321013040778950e-05 -7.380164496052175577e-06 1.391587111961688900e-06
-1.479756296662746180e-05 1.426602947465659057e-04 2.742332971965216328e-07 -1.892279451987340425e-04 1.016667813944531284e-04 -3.404389577872948131e-02 -2.318738412606655835e-02 2.342148027198250049e-02 -2.670651625922186993e-05 -2.250551876732674627e-05 2.268119939278812701e-06 1.850013581386497852e-06 -4.558324556104011003e-05 1.536708891429326316e-05 -1.093321013040778950e-05 2.940399237952853739e-02 7.373747292728216336e-05 -1.390377098628621261e-05
-9.988690195450144519e-06 9.629893048124147346e-05 1.851136875139896264e-07 -1.277331493824051731e-04 6.862738038743387793e-05 -2.298040080970333021e-02 -1.565200952349549840e-02 1.581002972471220319e-02 -1.802750342841878318e-05 -1.519173496079744630e-05 1.531032336248454267e-06 1.248801073766036891e-06 -3.076972330100715834e-05 1.037313311097168812e-05 -7.380164496052175577e-06 7.373747292728216336e-05 2.244168882591901851e-02 -9.385360362629613100e-06
1.883444813296779247e-06 -1.815790835354341013e-05 -3.490461790248289461e-08 2.408507351643934929e-05 -1.294022350395185711e-05 4.333132359258870872e-03 2.951307486553883790e-03 -2.981103418007766993e-03 3.399225240203289254e-06 2.864519156868679601e-06 -2.886879917459338917e-07 -2.354711037384511132e-07 5.801869376653275184e-06 -1.955934499239542698e-06 1.391587111961688900e-06 -1.390377098628621261e-05 -9.385360362629613100e-06 4.740834577538302098e-03
1.768578127791718430e-03 -5.115473559921992709e-06 -2.014493163715721304e-05 1.243319377765746147e-05 -9.650738379501026104e-06 2.734269692119310324e-03 1.162909758687200035e-03 -8.494506144403115308e-04 5.675925361542334798e-07 8.503517612183956630e-07 -9.576205891697786360e-08 -9.361392844417913819e-08 1.925955860363437101e-06 -3.711597853940974946e-07 3.423270798459976223e-07 -2.801765128967493033e-06 -1.184351486293322459e-06 4.903315517787155963e-07
-5.115473559921992709e-06 2.435137527969458149e-02 -1.960776036426177841e-04 -3.785483566535906210e-05 -8.610879652934215817e-06 -1.963185145164870245e-03 -8.152714610716940702e-03 1.140402460185488930e-02 -1.691118089370695319e-05 -1.062553449341005610e-05 9.727852159905426402e-07 6.423715680782734389e-07 -1.953687589149591321e-05 9.296531211363324285e-06 -5.851584719843294313e-06 6.449239991807768999e-05 5.042245364400889938e-05 -6.905559970250386176e-06
-2.014493163715721304e-05 -1.960776036426177841e-04 2.749076352000655810e+00 -7.768772468570607622e-04 9.628229447470839546e-04 -2.310942354686565114e-01 -2.898715826080534852e-02 -3.042701970935159095e-02 1.083184020650872941e-04 2.297240808244665566e-05 -4.675852066041495259e-07 2.465279497450036637e-06 9.141967051553363983e-06 -5.414514654874302753e-05 2.415433383726578025e-05 -3.548955588978527313e-04 -3.693503684096935457e-04 2.062016376764960727e-05
1.243319377765746147e-05 -3.785483566535906210e-05 -7.768772468570607622e-04 4.026773121719251503e-01 -2.586555327213904882e-04 6.742506323497216014e-02 1.894047475420572793e-02 -6.585613423195683935e-03 -7.961126823088804941e-06 7.644449911931032701e-06 -1.158642489041037774e-06 -1.543223032298213842e-06 2.333930528965939515e-05 2.861631093900548783e-06 9.832145457953348179e-07 1.403902133511348946e-05 3.674872494410810178e-05 3.372000984360001538e-06
-9.650738379501026104e-06 -8.610879652934215817e-06 9.628229447470839546e-04 -2.586555327213904882e-04 1.276579854023157434e+00 -7.032071277009048493e-02 -1.445063803244765743e-02 -9.541825296059340111e-04 2.026340859119655079e-05 -7.147763063770338920e-07 5.532420435051644102e-07 1.192675555246734324e-06 -1.118519431371397263e-05 -9.528698754517257887e-06 3.037143271761172662e-06 -5.992244200064802322e-05 -7.425239445765940039e-05 1.232582936973073779e-06
2.734269692119310324e-03 -1.963185145164870245e-03 -2.310942354686565114e-01 6.742506323497216014e-02 -7.032071277009048493e-02 1.075762284023503526e+04 4.123286560162716441e+00 -4.325986757921986281e-01 -4.108999820373753636e-03 8.072902304219134332e-04 -1.968532401965225099e-04 -3.385125547231237326e-04 3.972189246179789329e-03 1.852886141673423847e-03 -4.201007408841173681e-04 1.129621076188682370e-02 1.573832679656439124e-02 9.692315605472126279e-05
1.162909758687200035e-03 -8.152714610716940702e-03 -2.898715826080534852e-02 1.894047475420572793e-02 -1.445063803244765743e-02 4.123286560162716441e+00 8.626075168591731199e+03 -1.352311715529035840e+00 9.650028623481069455e-04 1.348521375621527683e-03 -1.503841337601722250e-04 -1.449712555362246723e-04 3.024326061704808288e-03 -6.193890402637570926e-04 5.532786029306030516e-04 -4.638001531069958945e-03 -2.113624554775750224e-03 7.827331268225671797e-04
-8.494506144403115308e-04 1.140402460185488930e-02 -3.042701970935159095e-02 -6.585613423195683935e-03 -9.541825296059340111e-04 -4.325986757921986281e-01 -1.352311715529035840e+00 1.123316139662509158e+04 -2.724708682262714805e-03 -1.733490486194579679e-03 1.594845055408202991e-04 1.066383551678781987e-04 -3.203116606516586730e-03 1.500423061708453095e-03 -9.491600034150226043e-04 1.041870638864170022e-02 8.101864874948856710e-03 -1.123883804636861697e-03
5.675925361542334798e-07 -1.691118089370695319e-05 1.083184020650872941e-04 -7.961126823088804941e-06 2.026340859119655079e-05 -4.108999820373753636e-03 9.650028623481069455e-04 -2.724708682262714805e-03 4.149450832820416636e-03 2.434538293410010576e-06 -1.912028054366090112e-07 -7.252258193935803874e-08 3.835191866167775276e-06 -2.789550095148494473e-06 1.563555491871933342e-06 -1.895038561806829626e-05 -1.659592552160140815e-05 1.692441313947438040e-06
8.503517612183956630e-07 -1.062553449341005610e-05 2.297240808244665566e-05 7.644449911931032701e-06 -7.147763063770338920e-07 8.072902304219134332e-04 1.348521375621527683e-03 -1.733490486194579679e-03 2.434538293410010576e-06 3.231527946971738427e-04 -1.524518785291554069e-07 -1.066435772578544310e-07 3.062294145507749806e-06 -1.349959387188744721e-06 8.710891125286078597e-07 -9.409632513992748207e-06 -7.158947956396942590e-06 1.044965484821133534e-06
-9.576205891697786360e-08 9.727852159905426402e-07 -4.675852066041495259e-07 -1.158642489041037774e-06 5.532420435051644102e-07 -1.968532401965225099e-04 -1.503841337601722250e-04 1.594845055408202991e-04 -1.912028054366090112e-07 -1.524518785291554069e-07 5.502997424582608375e-06 1.197908138685707158e-08 -3.040321483299852028e-07 1.089802224933983049e-07 -7.571145556394761931e-08 7.708773988816987922e-07 5.368413479292042992e-07 -9.500011219508443259e-08
-9.361392844417913819e-08 6.423715680782734389e-07 2.465279497450036637e-06 -1.543223032298213842e-06 1.192675555246734324e-06 -3.385125547231237326e-04 -1.449712555362246723e-04 1.066383551678781987e-04 -7.252258193935803874e-08 -1.066435772578544310e-07 1.197908138685707158e-08 4.668878683916224357e-05 -2.409181733914036606e-07 4.718343009375627480e-08 -4.314646640964383850e-08 3.553966328283015857e-07 1.533930466443070833e-07 -6.159931082309780202e-08
1.925955860363437101e-06 -1.953687589149591321e-05 9.141967051553363983e-06 2.333930528965939515e-05 -1.118519431371397263e-05 3.972189246179789329e-03 3.024326061704808288e-03 -3.203116606516586730e-03 3.835191866167775276e-06 3.062294145507749806e-06 -3.040321483299852028e-07 -2.409181733914036606e-07 9.010752528705784142e-04 -2.186475882739317586e-06 1.519932494781273729e-06 -1.546809411101815414e-05 -1.076358876794193385e-05 1.907827658694390337e-06
-3.711597853940974946e-07 9.296531211363324285e-06 -5.414514654874302753e-05 2.861631093900548783e-06 -9.528698754517257887e-06 1.852886141673423847e-03 -6.193890402637570926e-04 1.500423061708453095e-03 -2.789550095148494473e-06 -1.349959387188744721e-06 1.089802224933983049e-07 4.718343009375627480e-08 -2.186475882739317586e-06 1.938700445714057149e-04 -8.461951169652359833e-07 1.011842431614500196e-05 8.731721926413440061e-06 -9.281742440243445958e-07
3.423270798459976223e-07 -5.851584719843294313e-06 2.415433383726578025e-05 9.832145457953348179e-07 3.037143271761172662e-06 -4.201007408841173681e-04 5.532786029306030516e-04 -9.491600034150226043e-04 1.563555491871933342e-06 8.710891125286078597e-07 -7.571145556394761931e-08 -4.314646640964383850e-08 1.519932494781273729e-06 -8.461951169652359833e-07 1.801967572532356019e-04 -5.819105925027657433e-06 -4.776434068151260645e-06 5.801721558546912585e-07
-2.801765128967493033e-06 6.449239991807768999e-05 -3.548955588978527313e-04 1.403902133511348946e-05 -5.992244200064802322e-05 1.129621076188682370e-02 -4.638001531069958945e-03 1.041870638864170022e-02 -1.895038561806829626e-05 -9.409632513992748207e-06 7.708773988816987922e-07 3.553966328283015857e-07 -1.546809411101815414e-05 1.011842431614500196e-05 -5.819105925027657433e-06 9.443367998294505475e-03 5.907184138758047535e-05 -6.430514388915959179e-06
-1.184351486293322459e-06 5.042245364400889938e-05 -3.693503684096935457e-04 3.674872494410810178e-05 -7.425239445765940039e-05 1.573832679656439124e-02 -2.113624554775750224e-03 8.101864874948856710e-03 -1.659592552160140815e-05 -7.158947956396942590e-06 5.368413479292042992e-07 1.533930466443070833e-07 -1.076358876794193385e-05 8.731721926413440061e-06 -4.776434068151260645e-06 5.907184138758047535e-05 7.218257989843003194e-03 -5.065142045970231300e-06
4.903315517787155963e-07 -6.905559970250386176e-06 2.062016376764960727e-05 3.372000984360001538e-06 1.232582936973073779e-06 9.692315605472126279e-05 7.827331268225671797e-04 -1.123883804636861697e-03 1.692441313947438040e-06 1.044965484821133534e-06 -9.500011219508443259e-08 -6.159931082309780202e-08 1.907827658694390337e-06 -9.281742440243445958e-07 5.801721558546912585e-07 -6.430514388915959179e-06 -5.065142045970231300e-06 1.517182216756894284e-03
5.663917250450284293e-04 -1.409220872385024863e-06 -2.290881252137916577e-06 1.576639027545349119e-06 -1.423937676775584105e-05 8.779000090410065847e-04 8.103814183719558863e-04 4.399793874387336124e-04 -7.335493688468633135e-08 -5.644090030089015414e-09 -2.502590788859909599e-08 -7.747960874473076666e-08 -1.162936289460460624e-09 4.808379147953717988e-08 4.035734210346037595e-07 -2.550458868282875817e-06 -1.225667448420927991e-07 4.571091279052194037e-07
-1.409220872385024863e-06 7.792556181852323960e-03 -6.062644742380519805e-05 -1.333802830094287958e-05 -8.440100618833761004e-06 -6.267237034494544312e-04 -2.385457803952920411e-03 4.012150512127042080e-03 -5.541563697190757262e-06 -3.541765593942352673e-06 3.141551834909963047e-07 1.813325890350733228e-07 -6.566573022908087632e-06 3.059949151518388205e-06 -1.722617375733559606e-06 1.979444725117212656e-05 1.626590566201161026e-05 -2.056741938651088414e-06
-2.290881252137916577e-06 -6.062644742380519805e-05 8.797430877122184301e-01 -2.709443346848626824e-04 2.043737158073964460e-04 -7.392286555031593598e-02 -5.199218886323999679e-03 -3.115339722721300730e-03 3.228998311360224726e-05 4.767435409116660467e-06 -9.736822085618772509e-08 3.468217621967864701e-07 -2.818360543195895537e-06 -1.577433670153256259e-05 1.046448760326395194e-05 -1.289513558503918296e-04 -1.158068062439587706e-04 9.390987246041297159e-06
1.576639027545349119e-06 -1.333802830094287958e-05 -2.709443346848626824e-04 1.288696550737025159e-01 -2.281140562840201064e-05 2.156024603625520883e-02 3.704531862997262250e-03 -5.934680064430855953e-03 -1.176538793809612184e-06 3.939688680257381302e-06 -4.009726550473517019e-07 -2.383049990063159393e-07 1.078863453625074150e-05 1.856274470806877154e-08 -1.266329222892349813e-06 1.338527959619951319e-05 1.038082112549489517e-05 -5.351159142929110783e-07
-1.423937676775584105e-05 -8.440100618833761004e-06 2.043737158073964460e-04 -2.281140562840201064e-05 4.087839083610689817e-01 -2.257585937481114066e-02 -1.556382002941823252e-02 -1.807339893337403178e-02 1.284922201821565605e-05 6.704640762666132537e-06 3.680200835931654130e-08 1.567930388123704890e-06 1.183401117468456757e-05 -7.214220745839937007e-06 -6.367667985301215344e-06 2.210936647466645459e-05 -3.016167232789658743e-05 -7.099249735041101676e-06
8.779000090410065847e-04 -6.267237034494544312e-04 -7.392286555031593598e-02 2.156024603625520883e-02 -2.257585937481114066e-02 3.442439328141329042e+03 1.322329757673041062e+00 -1.337570504864114829e-01 -1.316554466037958386e-03 2.565088022307318951e-04 -6.295614289785039764e-05 -1.086361095011866636e-04 1.267045544255457389e-03 5.940193277810465466e-04 -1.325013041337793154e-04 3.603926062351866643e-03 5.037948562889262537e-03 3.298689032446803918e-05
8.103814183719558863e-04 -2.385457803952920411e-03 -5.199218886323999679e-03 3.704531862997262250e-03 -1.556382002941823252e-02 1.322329757673041062e+00 2.760773991128405214e+03 2.655617194995702479e-01 5.865313837654937746e-05 1.590389187506362700e-04 -4.261153806681517266e-05 -9.301249253215878535e-05 3.620282189082739107e-04 -3.451462081053323155e-05 4.655005127292987277e-04 -3.106682002363565873e-03 -4.247982352477223380e-04 5.449831171393719562e-04
4.399793874387336124e-04 4.012150512127042080e-03 -3.115339722721300730e-03 -5.934680064430855953e-03 -1.807339893337403178e-02 -1.337570504864114829e-01 2.655617194995702479e-01 3.595745824108292709e+03 -1.278195345412843058e-03 -9.972902545638431641e-04 5.998660084327310955e-05 -4.159840562812554743e-05 -2.008862886373230169e-03 7.459995190031028754e-04 1.647698217053441693e-04 6.986960300254267588e-04 3.001181685429548524e-03 1.186962041420817280e-04
-7.335493688468633135e-08 -5.541563697190757262e-06 3.228998311360224726e-05 -1.176538793809612184e-06 1.284922201821565605e-05 -1.316554466037958386e-03 5.865313837654937746e-05 -1.278195345412843058e-03 1.327969808487908373e-03 9.375922715671729962e-07 -6.439155375914579293e-08 3.918393285690789907e-09 1.579704858133130429e-06 -9.878947297411920934e-07 3.325098278638466691e-07 -5.120101409975154977e-06 -5.457060761096941317e-06 3.702290916334890445e-07
-5.644090030089015414e-09 -3.541765593942352673e-06 4.767435409116660467e-06 3.939688680257381302e-06 6.704640762666132537e-06 2.565088022307318951e-04 1.590389187506362700e-04 -9.972902545638431641e-04 9.375922715671729962e-07 1.035815931785432275e-04 -5.227763649428643018e-08 -4.577796228360402717e-09 1.363853532267103768e-06 -5.357312604497241079e-07 9.593224586931706427e-08 -1.982751904191984161e-06 -2.450299437902828741e-06 1.477337472764223467e-07
-2.502590788859909599e-08 3.141551834909963047e-07 -9.736822085618772509e-08 -4.009726550473517019e-07 3.680200835931654130e-08 -6.295614289785039764e-05 -4.261153806681517266e-05 5.998660084327310955e-05 -6.439155375914579293e-08 -5.227763649428643018e-08 1.761029826564241619e-06 3.235660417025949636e-09 -1.050555034112326512e-07 3.697201929713650883e-08 -2.052999435537246518e-08 2.258815887531573958e-07 1.750140114979537504e-07 -2.662471750246285695e-08
-7.747960874473076666e-08 1.813325890350733228e-07 3.468217621967864701e-07 -2.383049990063159393e-07 1.567930388123704890e-06 -1.086361095011866636e-04 -9.301249253215878535e-05 -4.159840562812554743e-05 3.918393285690789907e-09 -4.577796228360402717e-09 3.235660417025949636e-09 1.494546736910341340e-05 -1.140660368294275680e-08 -2.651566753537365484e-09 -4.508606712216810697e-08 2.896705251762058530e-07 2.180684039187677212e-08 -5.164780559527421580e-08
-1.162936289460460624e-09 -6.566573022908087632e-06 -2.818360543195895537e-06 1.078863453625074150e-05 1.183401117468456757e-05 1.267045544255457389e-03 3.620282189082739107e-04 -2.008862886373230169e-03 1.579704858133130429e-06 1.363853532267103768e-06 -1.050555034112326512e-07 -1.140660368294275680e-08 2.891975555558377051e-04 -9.303016552298989103e-07 7.996744977397710152e-08 -2.663753026318526189e-06 -3.798783890480394057e-06 1.955597256909997579e-07
4.808379147953717988e-08 3.059949151518388205e-06 -1.577433670153256259e-05 1.856274470806877154e-08 -7.214220745839937007e-06 5.940193277810465466e-04 -3.451462081053323155e-05 7.459995190031028754e-04 -9.878947297411920934e-07 -5.357312604497241079e-07 3.697201929713650883e-08 -2.651566753537365484e-09 -9.303016552298989103e-07 6.210073586592383752e-05 -1.609604250873306452e-07 2.620153581267129614e-06 2.889928008478682053e-06 -1.848876060024691087e-07
4.035734210346037595e-07 -1.722617375733559606e-06 1.046448760326395194e-05 -1.266329222892349813e-06 -6.367667985301215344e-06 -1.325013041337793154e-04 4.655005127292987277e-04 1.647698217053441693e-04 3.325098278638466691e-07 9.593224586931706427e-08 -2.052999435537246518e-08 -4.508606712216810697e-08 7.996744977397710152e-08 -1.609604250873306452e-07 5.785648870353914000e-05 -2.950688132789540282e-06 -1.359682402464065835e-06 3.832453105153978708e-07
-2.550458868282875817e-06 1.979444725117212656e-05 -1.289513558503918296e-04 1.338527959619951319e-05 2.210936647466645459e-05 3.603926062351866643e-03 -3.106682002363565873e-03 6.986960300254267588e-04 -5.120101409975154977e-06 -1.982751904191984161e-06 2.258815887531573958e-07 2.896705251762058530e-07 -2.663753026318526189e-06 2.620153581267129614e-06 -2.950688132789540282e-06 3.028000923922319603e-03 1.795363160821754583e-05 -3.169197685813000483e-06
-1.225667448420927991e-07 1.626590566201161026e-05 -1.158068062439587706e-04 1.038082112549489517e-05 -3.016167232789658743e-05 5.037948562889262537e-03 -4.247982352477223380e-04 3.001181685429548524e-03 -5.457060761096941317e-06 -2.450299437902828741e-06 1.750140114979537504e-07 2.180684039187677212e-08 -3.798783890480394057e-06 2.889928008478682053e-06 -1.359682402464065835e-06 1.795363160821754583e-05 2.309989748602171277e-03 -1.448524837163831816e-06
4.571091279052194037e-07 -2.056741938651088414e-06 9.390987246041297159e-06 -5.351159142929110783e-07 -7.099249735041101676e-06 3.298689032446803918e-05 5.449831171393719562e-04 1.186962041420817280e-04 3.702290916334890445e-07 1.477337472764223467e-07 -2.662471750246285695e-08 -5.164780559527421580e-08 1.955597256909997579e-07 -1.848876060024691087e-07 3.832453105153978708e-07 -3.169197685813000483e-06 -1.448524837163831816e-06 4.857000487570536126e-04
1.812697904500327822e-04 -1.865337935338848780e-07 -2.177530004047451109e-06 -6.979984548384191849e-08 -5.186949119556384850e-06 2.560766276031733080e-04 3.314999945127665914e-04 -6.442312204661131852e-05 1.255819647842041337e-08 -3.472514869753709575e-10 -6.562118088728677218e-09 -3.271418238400497018e-08 1.822076834858567959e-08 1.990472859749219161e-08 1.221841196809947024e-07 -8.983500864901340681e-07 -1.390922637358801092e-07 1.751060573322035440e-07
-1.865337935338848780e-07 2.496478893289046791e-03 -3.502897755287195377e-05 -1.048219413362473930e-05 -9.521023311843877272e-06 -4.694363598476452215e-04 1.759818214786432010e-05 -9.364959690167487570e-04 -1.383446866503320666e-06 -1.117580570969720517e-06 1.161768309583466165e-07 -2.767336277351245807e-08 -1.900133419564946647e-06 1.028066280459076636e-06 -6.265360083433622971e-07 5.444807474931402251e-06 4.124515172212103449e-06 -3.462127683418283086e-07
-2.177530004047451109e-06 -3.502897755287195377e-05 2.816031630103384975e-01 -5.275641206127994171e-05 1.026567082981708892e-04 -2.218646193271336942e-02 -5.929869358319700239e-03 1.113253385375261723e-02 8.203115425850844401e-06 1.439352717260709585e-06 -1.166346966779454453e-07 5.791410094316383455e-07 -2.000820052394148858e-06 -5.314821767029980095e-06 3.759973957882329524e-06 -3.640576287551507286e-05 -3.115524983602423978e-05 1.301034771619049946e-06
-6.979984548384191849e-08 -1.048219413362473930e-05 -5.275641206127994171e-05 4.125178674124183043e-02 7.514085380414275864e-06 7.483307504537872225e-03 -5.107937182947940328e-04 2.923667899737794704e-03 -1.223270262041002872e-06 1.226415971201940744e-06 -1.622975502997948682e-07 1.098858663469464942e-07 3.015413663680649498e-06 -1.002348320210622650e-07 -2.416740297798139710e-07 6.215136777994292915e-06 5.668915253001455422e-06 -8.487936872921840149e-07
-5.186949119556384850e-06 -9.521023311843877272e-06 1.026567082981708892e-04 7.514085380414275864e-06 1.308271094617217412e-01 -6.583275358349938676e-03 -6.842131612108047836e-03 -4.902707603463875297e-04 3.182371668920503682e-06 2.107856260533512929e-06 -2.552495540945522789e-08 7.060391225860861631e-07 3.307310626708326942e-06 -2.425082704586814072e-06 -1.858148321060224357e-06 9.195292519167053895e-06 -7.075732255307646263e-06 -3.015410835334266715e-06
2.560766276031733080e-04 -4.694363598476452215e-04 -2.218646193271336942e-02 7.483307504537872225e-03 -6.583275358349938676e-03 1.101605856297680930e+03 3.497479810593863148e-01 1.658818422261556791e-01 -4.579380393791716549e-04 8.059930887487247518e-05 -2.161657434093274796e-05 -2.670901015032358286e-05 3.865474992331363276e-04 1.854919297185037659e-04 -3.532344873873267591e-05 1.236848588386604440e-03 1.713701978173530873e-03 -1.876249524463781458e-05
3.314999945127665914e-04 1.759818214786432010e-05 -5.929869358319700239e-03 -5.107937182947940328e-04 -6.842131612108047836e-03 3.497479810593863148e-01 8.836608518173705988e+02 -5.211190385985907669e-01 1.251874121286700777e-04 5.520113066219818577e-05 -9.364479825084899656e-06 -5.315749016848358765e-05 1.707624388995678151e-04 2.298803266715361364e-06 1.284059286490314266e-04 -1.236922242628098927e-03 -4.309001536028689880e-04 2.595462039010923926e-04
-6.442312204661131852e-05 -9.364959690167487570e-04 1.113253385375261723e-02 2.923667899737794704e-03 -4.902707603463875297e-04 1.658818422261556791e-01 -5.211190385985907669e-01 1.152361925514346240e+03 -7.115916302960852060e-04 -3.313833231962919762e-04 7.051789154466432475e-06 5.320095475310175224e-05 -7.989660838091216643e-04 2.007816203304031754e-04 1.111662035442450837e-04 9.138668940161969508e-04 1.799022665122202705e-03 -2.041205041419387434e-04
1.255819647842041337e-08 -1.383446866503320666e-06 8.203115425850844401e-06 -1.223270262041002872e-06 3.182371668920503682e-06 -4.579380393791716549e-04 1.251874121286700777e-04 -7.115916302960852060e-04 4.250034635937615475e-04 3.021804510230657310e-07 -1.847307554736756997e-08 -1.042432334794442234e-08 5.329187454629542586e-07 -3.094651459726964742e-07 9.614231444738514979e-08 -1.759632069293732844e-06 -1.893508071708877119e-06 1.609816381205718468e-07
-3.472514869753709575e-10 -1.117580570969720517e-06 1.439352717260709585e-06 1.226415971201940744e-06 2.107856260533512929e-06 8.059930887487247518e-05 5.520113066219818577e-05 -3.313833231962919762e-04 3.021804510230657310e-07 3.314619690391469294e-05 -1.664251412418496563e-08 -1.937723023159204194e-09 4.375430377003262496e-07 -1.711643054812871957e-07 3.028287738688028472e-08 -6.393877487782737707e-07 -7.900576338835298086e-07 4.899587960630832300e-08
-6.562118088728677218e-09 1.161768309583466165e-07 -1.166346966779454453e-07 -1.622975502997948682e-07 -2.552495540945522789e-08 -2.161657434093274796e-05 -9.364479825084899656e-06 7.051789154466432475e-06 -1.847307554736756997e-08 -1.664251412418496563e-08 5.636151234118165176e-07 5.666943845638384435e-10 -3.251750445464790017e-08 1.209839899212594368e-08 -6.981427188076749289e-09 6.741763695399518756e-08 5.009450839637772485e-08 -6.813794062338006348e-09
-3.271418238400497018e-08 -2.767336277351245807e-08 5.791410094316383455e-07 1.098858663469464942e-07 7.060391225860861631e-07 -2.670901015032358286e-05 -5.315749016848358765e-05 5.320095475310175224e-05 -1.042432334794442234e-08 -1.937723023159204194e-09 5.666943845638384435e-10 4.785116727698903344e-06 -9.676234874544663641e-09 -2.312796651126354348e-09 -1.217194805242876330e-08 1.193373493331231298e-07 3.934721000612690925e-08 -2.587171755302135341e-08
1.822076834858567959e-08 -1.900133419564946647e-06 -2.000820052394148858e-06 3.015413663680649498e-06 3.307310626708326942e-06 3.865474992331363276e-04 1.707624388995678151e-04 -7.989660838091216643e-04 5.329187454629542586e-07 4.375430377003262496e-07 -3.251750445464790017e-08 -9.676234874544663641e-09 9.255736337342816418e-05 -2.942592726784872034e-07 2.029484977340825677e-08 -9.149416915517651553e-07 -1.291593226986832601e-06 8.451401320264222251e-08
1.990472859749219161e-08 1.028066280459076636e-06 -5.314821767029980095e-06 -1.002348320210622650e-07 -2.425082704586814072e-06 1.854919297185037659e-04 2.298803266715361364e-06 2.007816203304031754e-04 -3.094651459726964742e-07 -1.711643054812871957e-07 1.209839899212594368e-08 -2.312796651126354348e-09 -2.942592726784872034e-07 1.987307070072407125e-05 -5.279391049075565683e-08 8.232522928830818946e-07 9.063139030960067813e-07 -5.383404328767020436e-08
1.221841196809947024e-07 -6.265360083433622971e-07 3.759973957882329524e-06 -2.416740297798139710e-07 -1.858148321060224357e-06 -3.532344873873267591e-05 1.284059286490314266e-04 1.111662035442450837e-04 9.614231444738514979e-08 3.028287738688028472e-08 -6.981427188076749289e-09 -1.217194805242876330e-08 2.029484977340825677e-08 -5.279391049075565683e-08 1.851605821825119726e-05 -9.208110429856180916e-07 -4.066579604957340012e-07 1.144282074119309494e-07
-8.983500864901340681e-07 5.444807474931402251e-06 -3.640576287551507286e-05 6.215136777994292915e-06 9.195292519167053895e-06 1.236848588386604440e-03 -1.236922242628098927e-03 9.138668940161969508e-04 -1.759632069293732844e-06 -6.393877487782737707e-07 6.741763695399518756e-08 1.193373493331231298e-07 -9.149416915517651553e-07 8.232522928830818946e-07 -9.208110429856180916e-07 9.692368016554012968e-04 6.081096582520678551e-06 -1.111122178681989873e-06
-1.390922637358801092e-07 4.124515172212103449e-06 -3.115524983602423978e-05 5.668915253001455422e-06 -7.075732255307646263e-06 1.713701978173530873e-03 -4.309001536028689880e-04 1.799022665122202705e-03 -1.893508071708877119e-06 -7.900576338835298086e-07 5.009450839637772485e-08 3.934721000612690925e-08 -1.291593226986832601e-06 9.063139030960067813e-07 -4.066579604957340012e-07 6.081096582520678551e-06 7.396048552409309603e-04 -5.813502070654325119e-07
1.751060573322035440e-07 -3.462127683418283086e-07 1.301034771619049946e-06 -8.487936872921840149e-07 -3.015410835334266715e-06 -1.876249524463781458e-05 2.595462039010923926e-04 -2.041205041419387434e-04 1.609816381205718468e-07 4.899587960630832300e-08 -6.813794062338006348e-09 -2.587171755302135341e-08 8.451401320264222251e-08 -5.383404328767020436e-08 1.144282074119309494e-07 -1.111122178681989873e-06 -5.813502070654325119e-07 1.554580290079865795e-04
1.812697904500327822e-04 -1.865337935338848780e-07 -2.177530004047451109e-06 -6.979984548384191849e-08 -5.186949119556384850e-06 2.560766276031733080e-04 3.314999945127665914e-04 -6.442312204661131852e-05 1.255819647842041337e-08 -3.472514869753709575e-10 -6.562118088728677218e-09 -3.271418238400497018e-08 1.822076834858567959e-08 1.990472859749219161e-08 1.221841196809947024e-07 -8.983500864901340681e-07 -1.390922637358801092e-07 1.751060573322035440e-07
-1.865337935338848780e-07 2.496478893289046791e-03 -3.502897755287195377e-05 -1.048219413362473930e-05 -9.521023311843877272e-06 -4.694363598476452215e-04 1.759818214786432010e-05 -9.364959690167487570e-04 -1.383446866503320666e-06 -1.117580570969720517e-06 1.161768309583466165e-07 -2.767336277351245807e-08 -1.900133419564946647e-06 1.028066280459076636e-06 -6.265360083433622971e-07 5.444807474931402251e-06 4.124515172212103449e-06 -3.462127683418283086e-07
-2.177530004047451109e-06 -3.502897755287195377e-05 2.816031630103384975e-01 -5.275641206127994171e-05 1.026567082981708892e-04 -2.218646193271336942e-02 -5.929869358319700239e-03 1.113253385375261723e-02 8.203115425850844401e-06 1.439352717260709585e-06 -1.166346966779454453e-07 5.791410094316383455e-07 -2.000820052394148858e-06 -5.314821767029980095e-06 3.759973957882329524e-06 -3.640576287551507286e-05 -3.115524983602423978e-05 1.301034771619049946e-06
-6.979984548384191849e-08 -1.048219413362473930e-05 -5.275641206127994171e-05 4.125178674124183043e-02 7.514085380414275864e-06 7.483307504537872225e-03 -5.107937182947940328e-04 2.923667899737794704e-03 -1.223270262041002872e-06 1.226415971201940744e-06 -1.622975502997948682e-07 1.098858663469464942e-07 3.015413663680649498e-06 -1.002348320210622650e-07 -2.416740297798139710e-07 6.215136777994292915e-06 5.668915253001455422e-06 -8.487936872921840149e-07
-5.186949119556384850e-06 -9.521023311843877272e-06 1.026567082981708892e-04 7.514085380414275864e-06 1.308271094617217412e-01 -6.583275358349938676e-03 -6.842131612108047836e-03 -4.902707603463875297e-04 3.182371668920503682e-06 2.107856260533512929e-06 -2.552495540945522789e-08 7.060391225860861631e-07 3.307310626708326942e-06 -2.425082704586814072e-06 -1.858148321060224357e-06 9.195292519167053895e-06 -7.075732255307646263e-06 -3.015410835334266715e-06
2.560766276031733080e-04 -4.694363598476452215e-04 -2.218646193271336942e-02 7.483307504537872225e-03 -6.583275358349938676e-03 1.101605856297680930e+03 3.497479810593863148e-01 1.658818422261556791e-01 -4.579380393791716549e-04 8.059930887487247518e-05 -2.161657434093274796e-05 -2.670901015032358286e-05 3.865474992331363276e-04 1.854919297185037659e-04 -3.532344873873267591e-05 1.236848588386604440e-03 1.713701978173530873e-03 -1.876249524463781458e-05
3.314999945127665914e-04 1.759818214786432010e-05 -5.929869358319700239e-03 -5.107937182947940328e-04 -6.842131612108047836e-03 3.497479810593863148e-01 8.836608518173705988e+02 -5.211190385985907669e-01 1.251874121286700777e-04 5.520113066219818577e-05 -9.364479825084899656e-06 -5.315749016848358765e-05 1.707624388995678151e-04 2.298803266715361364e-06 1.284059286490314266e-04 -1.236922242628098927e-03 -4.309001536028689880e-04 2.595462039010923926e-04
-6.442312204661131852e-05 -9.364959690167487570e-04 1.113253385375261723e-02 2.923667899737794704e-03 -4.902707603463875297e-04 1.658818422261556791e-01 -5.211190385985907669e-01 1.152361925514346240e+03 -7.115916302960852060e-04 -3.313833231962919762e-04 7.051789154466432475e-06 5.320095475310175224e-05 -7.989660838091216643e-04 2.007816203304031754e-04 1.111662035442450837e-04 9.138668940161969508e-04 1.799022665122202705e-03 -2.041205041419387434e-04
1.255819647842041337e-08 -1.383446866503320666e-06 8.203115425850844401e-06 -1.223270262041002872e-06 3.182371668920503682e-06 -4.579380393791716549e-04 1.251874121286700777e-04 -7.115916302960852060e-04 4.250034635937615475e-04 3.021804510230657310e-07 -1.847307554736756997e-08 -1.042432334794442234e-08 5.329187454629542586e-07 -3.094651459726964742e-07 9.614231444738514979e-08 -1.759632069293732844e-06 -1.893508071708877119e-06 1.609816381205718468e-07
-3.472514869753709575e-10 -1.117580570969720517e-06 1.439352717260709585e-06 1.226415971201940744e-06 2.107856260533512929e-06 8.059930887487247518e-05 5.520113066219818577e-05 -3.313833231962919762e-04 3.021804510230657310e-07 3.314619690391469294e-05 -1.664251412418496563e-08 -1.937723023159204194e-09 4.375430377003262496e-07 -1.711643054812871957e-07 3.028287738688028472e-08 -6.393877487782737707e-07 -7.900576338835298086e-07 4.899587960630832300e-08
-6.562118088728677218e-09 1.161768309583466165e-07 -1.166346966779454453e-07 -1.622975502997948682e-07 -2.552495540945522789e-08 -2.161657434093274796e-05 -9.364479825084899656e-06 7.051789154466432475e-06 -1.847307554736756997e-08 -1.664251412418496563e-08 5.636151234118165176e-07 5.666943845638384435e-10 -3.251750445464790017e-08 1.209839899212594368e-08 -6.981427188076749289e-09 6.741763695399518756e-08 5.009450839637772485e-08 -6.813794062338006348e-09
-3.271418238400497018e-08 -2.767336277351245807e-08 5.791410094316383455e-07 1.098858663469464942e-07 7.060391225860861631e-07 -2.670901015032358286e-05 -5.315749016848358765e-05 5.320095475310175224e-05 -1.042432334794442234e-08 -1.937723023159204194e-09 5.666943845638384435e-10 4.785116727698903344e-06 -9.676234874544663641e-09 -2.312796651126354348e-09 -1.217194805242876330e-08 1.193373493331231298e-07 3.934721000612690925e-08 -2.587171755302135341e-08
1.822076834858567959e-08 -1.900133419564946647e-06 -2.000820052394148858e-06 3.015413663680649498e-06 3.307310626708326942e-06 3.865474992331363276e-04 1.707624388995678151e-04 -7.989660838091216643e-04 5.329187454629542586e-07 4.375430377003262496e-07 -3.251750445464790017e-08 -9.676234874544663641e-09 9.255736337342816418e-05 -2.942592726784872034e-07 2.029484977340825677e-08 -9.149416915517651553e-07 -1.291593226986832601e-06 8.451401320264222251e-08
1.990472859749219161e-08 1.028066280459076636e-06 -5.314821767029980095e-06 -1.002348320210622650e-07 -2.425082704586814072e-06 1.854919297185037659e-04 2.298803266715361364e-06 2.007816203304031754e-04 -3.094651459726964742e-07 -1.711643054812871957e-07 1.209839899212594368e-08 -2.312796651126354348e-09 -2.942592726784872034e-07 1.987307070072407125e-05 -5.279391049075565683e-08 8.232522928830818946e-07 9.063139030960067813e-07 -5.383404328767020436e-08
1.221841196809947024e-07 -6.265360083433622971e-07 3.759973957882329524e-06 -2.416740297798139710e-07 -1.858148321060224357e-06 -3.532344873873267591e-05 1.284059286490314266e-04 1.111662035442450837e-04 9.614231444738514979e-08 3.028287738688028472e-08 -6.981427188076749289e-09 -1.217194805242876330e-08 2.029484977340825677e-08 -5.279391049075565683e-08 1.851605821825119726e-05 -9.208110429856180916e-07 -4.066579604957340012e-07 1.144282074119309494e-07
