2.647063694418591486e-03 -2.025474136490887367e-02 6.512143251566745485e-03 5.937235318632001074e-02 2.377566435844813073e-02 6.935726041389322916e+00 -2.719908099508115296e+00 -2.414084794379041998e+00 3.668904623545369593e-03 1.590161072917505676e-03 -2.785903044952340191e-03 -1.911682333458977496e-03 -1.727333195666462922e-05 -3.035461088241998926e-04 2.029964686963227393e-04 1.638102956878486390e-03 7.476161937983863480e-05 -9.492360411089721054e-05
-2.025474136490887367e-02 6.471904039511742202e-01 -2.893238660266208018e-01 -1.691025203201202753e+00 -1.950973390954171549e+00 -8.309637544209265059e+01 2.767615436766597981e+01 6.368810016604193436e+01 -7.922675436915165015e-02 -2.406829669247751227e-02 5.396330191966858258e-02 4.010770622109712663e-02 3.067336838281432918e-03 2.162475499678049012e-03 6.943879755401697815e-03 -2.739407326938849904e-02 9.716985520466805103e-04 1.727734970902448366e-03
6.512143251566745485e-03 -2.893238660266208018e-01 6.570245249695425560e-01 5.270699460085348509e-01 5.328414631722809602e+00 -1.834909930952167656e+02 -1.117918584943067195e+01 -6.663059046193764434e-01 3.429212790436145242e-02 7.333555615971916984e-03 -1.998336510488927034e-02 -2.037601060566899061e-02 -2.976214843023485684e-03 8.484371111586713060e-03 -8.061218442108483706e-03 -7.963008333128647866e-04 -4.136690631471604332e-03 -4.790723998066147727e-04
5.937235318632001074e-02 -1.691025203201202753e+00 5.270699460085348509e-01 1.055729850642549472e+01 7.501434564929609472e+00 -3.540486473670544854e+01 -8.212774516422045679e+01 -1.259562820270670471e+02 2.458767471174926333e-01 7.591657497763193430e-02 -1.431709695454650710e-01 -1.091017544718241583e-01 -4.967230768998398376e-03 -2.596945208710620644e-03 -1.567583889783557421e-02 7.175198262707037367e-02 -1.586236219253970431e-03 -7.239890188387223049e-03
2.377566435844813073e-02 -1.950973390954171549e+00 5.328414631722809602e+00 7.501434564929609472e+00 7.647846097835376611e+01 -2.412826647565940220e+03 -2.532671987113320142e+02 8.534645809418661599e+01 -4.595687736510762483e-02 3.535295653318013681e-02 -1.316186297955053153e-01 -1.528886627101077589e-01 -1.373910347799100692e-02 9.201391003079460729e-02 -6.784903933483883709e-02 -3.687259636379767308e-02 -4.502487563477455823e-02 9.946605148404381522e-03
6.935726041389322916e+00 -8.309637544209265059e+01 -1.834909930952167656e+02 -3.540486473670544854e+01 -2.412826647565940220e+03 1.626395477830075833e+05 -2.432339831478052020e+03 -2.661001691691299129e+04 9.464270348900138075e+00 5.435727114635617419e+00 -1.082686845425921440e+01 -4.541107935327038270e+00 2.512509730444406064e-01 -6.904174799580731658e+00 2.105376445281748943e+00 1.138489803725085991e+01 1.842765754180936799e+00 -3.810495991173188379e-01
-2.719908099508115296e+00 2.767615436766597981e+01 -1.117918584943067195e+01 -8.212774516422045679e+01 -2.532671987113320142e+02 -2.432339831478052020e+03 1.567782769655659285e+04 5.145205993122164728e+03 -2.809253213378473113e+00 -1.963773699297775233e+00 4.099122738878577366e+00 2.625358038904485269e+00 1.502944313153162792e-01 -4.467504180763335886e-01 -3.478272414661854467e-02 -2.419527469822108756e+00 -1.884518043467214021e-01 2.002680728360804463e-01
-2.414084794379041998e+00 6.368810016604193436e+01 -6.663059046193764434e-01 -1.259562820270670471e+02 8.534645809418661599e+01 -2.661001691691299129e+04 5.145205993122164728e+03 1.265128835246888411e+04 -6.007009972881970583e+00 -3.212245720552212358e+00 7.255140691925172192e+00 4.966731653688082559e+00 3.418576569023332179e-01 3.576557005105419074e-01 4.650175969619970706e-01 -4.444608503723713078e+00 -3.226483186593350205e-01 3.220555455515517473e-01
3.668904623545369593e-03 -7.922675436915165015e-02 3.429212790436145242e-02 2.458767471174926333e-01 -4.595687736510762483e-02 9.464270348900138075e+00 -2.809253213378473113e+00 -6.007009972881970583e+00 1.913666876562742508e-02 3.676646101310528537e-03 -7.008711985228340685e-03 -5.384420440506534032e-03 -3.816568945821802172e-04 4.411498274176895947e-04 -7.219355582164805728e-04 3.634533002687859605e-03 -7.071653823459964940e-05 -4.997656700979112923e-04
1.590161072917505676e-03 -2.406829669247751227e-02 7.333555615971916984e-03 7.591657497763193430e-02 3.535295653318013681e-02 5.435727114635617419e+00 -1.963773699297775233e+00 -3.212245720552212358e+00 3.676646101310528537e-03 1.477607052656460711e-03 -2.808375103773399703e-03 -2.025312412395010534e-03 -9.404949042279993864e-05 -6.864466300868185295e-05 -9.247176895313691258e-05 1.582736079734207470e-03 5.988224799061137705e-05 -1.368905159638808045e-04
-2.785903044952340191e-03 5.396330191966858258e-02 -1.998336510488927034e-02 -1.431709695454650710e-01 -1.316186297955053153e-01 -1.082686845425921440e+01 4.099122738878577366e+00 7.255140691925172192e+00 -7.008711985228340685e-03 -2.808375103773399703e-03 5.923823309555010901e-03 4.237446055795316899e-03 2.464413400575809652e-04 6.066227023650349275e-05 4.006751294386972501e-04 -3.140663345316211524e-03 -5.237542375557675649e-05 2.352802669391606735e-04
-1.911682333458977496e-03 4.010770622109712663e-02 -2.037601060566899061e-02 -1.091017544718241583e-01 -1.528886627101077589e-01 -4.541107935327038270e+00 2.625358038904485269e+00 4.966731653688082559e+00 -5.384420440506534032e-03 -2.025312412395010534e-03 4.237446055795316899e-03 3.252185360948864432e-03 2.033327987785760497e-04 -1.658179978026816674e-04 3.939992888807973960e-04 -2.163953937331315139e-03 1.532023728006135145e-05 1.837452912916598706e-04
-1.727333195666462922e-05 3.067336838281432918e-03 -2.976214843023485684e-03 -4.967230768998398376e-03 -1.373910347799100692e-02 2.512509730444406064e-01 1.502944313153162792e-01 3.418576569023332179e-01 -3.816568945821802172e-04 -9.404949042279993864e-05 2.464413400575809652e-04 2.033327987785760497e-04 3.787501961577229627e-05 -4.284953294760710288e-05 7.144050441242012425e-05 -8.550743761941055089e-05 5.208648939238605959e-06 1.711712463603803092e-05
-3.035461088241998926e-04 2.162475499678049012e-03 8.484371111586713060e-03 -2.596945208710620644e-03 9.201391003079460729e-02 -6.904174799580731658e+00 -4.467504180763335886e-01 3.576557005105419074e-01 4.411498274176895947e-04 -6.864466300868185295e-05 6.066227023650349275e-05 -1.658179978026816674e-04 -4.284953294760710288e-05 8.054513406582533390e-04 -1.478231331385207134e-04 -3.019086190321303349e-04 -5.771685426742687226e-05 -2.638234535707299975e-05
2.029964686963227393e-04 6.943879755401697815e-03 -8.061218442108483706e-03 -1.567583889783557421e-02 -6.784903933483883709e-02 2.105376445281748943e+00 -3.478272414661854467e-02 4.650175969619970706e-01 -7.219355582164805728e-04 -9.247176895313691258e-05 4.006751294386972501e-04 3.939992888807973960e-04 7.144050441242012425e-05 -1.478231331385207134e-04 2.829634472468934452e-04 -4.053709587033585518e-05 6.210961173318407130e-05 1.885711247512331348e-05
1.638102956878486390e-03 -2.739407326938849904e-02 -7.963008333128647866e-04 7.175198262707037367e-02 -3.687259636379767308e-02 1.138489803725085991e+01 -2.419527469822108756e+00 -4.444608503723713078e+00 3.634533002687859605e-03 1.582736079734207470e-03 -3.140663345316211524e-03 -2.163953937331315139e-03 -8.550743761941055089e-05 -3.019086190321303349e-04 -4.053709587033585518e-05 2.082175450149376886e-03 1.322381940257743866e-04 -1.375579697283337770e-04
7.476161937983863480e-05 9.716985520466805103e-04 -4.136690631471604332e-03 -1.586236219253970431e-03 -4.502487563477455823e-02 1.842765754180936799e+00 -1.884518043467214021e-01 -3.226483186593350205e-01 -7.071653823459964940e-05 5.988224799061137705e-05 -5.237542375557675649e-05 1.532023728006135145e-05 5.208648939238605959e-06 -5.771685426742687226e-05 6.210961173318407130e-05 1.322381940257743866e-04 5.938007863010869448e-05 -1.049707683524644400e-05
-9.492360411089721054e-05 1.727734970902448366e-03 -4.790723998066147727e-04 -7.239890188387223049e-03 9.946605148404381522e-03 -3.810495991173188379e-01 2.002680728360804463e-01 3.220555455515517473e-01 -4.997656700979112923e-04 -1.368905159638808045e-04 2.352802669391606735e-04 1.837452912916598706e-04 1.711712463603803092e-05 -2.638234535707299975e-05 1.885711247512331348e-05 -1.375579697283337770e-04 -1.049707683524644400e-05 3.601076162755707224e-05
2.401348784944706220e-03 -1.906382126700916987e-02 2.571763072551771015e-02 4.534091515949006945e-02 1.631618884176913031e-01 -2.240992398597287050e+00 -4.750671326189700672e+00 -4.779400092513642839e+00 5.545703360661750382e-03 2.030164601359606309e-03 -3.868516519626794513e-03 -3.153297579336373363e-03 -3.233149292821005990e-04 1.104476161346595875e-03 -2.041048551746553019e-04 1.575596393364047136e-03 1.998286438333433945e-04 -4.000106885019811902e-04
-1.906382126700916987e-02 4.176701868014894292e-01 -3.499047324314326080e-01 -1.001319568108052005e+00 -2.372226400044314065e+00 9.622083012285830961e+00 4.310060551395994821e+01 6.273802838965238493e+01 -7.434545273883935712e-02 -2.298474178344290034e-02 4.918132453080371197e-02 3.987786756117604053e-02 4.338036875449962498e-03 -9.813077891804539848e-03 6.560964770463466322e-03 -2.044413931298734444e-02 -7.645765488470433269e-04 3.888026580097245135e-03
2.571763072551771015e-02 -3.499047324314326080e-01 8.230867265082116857e-01 6.173810683734972660e-01 6.007615528215517031e+00 -2.173048418570407989e+02 -7.745755444037396842e+01 -7.552166649146970201e+01 9.739368069460353772e-02 2.996212566576324232e-02 -6.304578329319267260e-02 -5.727129685970497319e-02 -8.268367778228001563e-03 3.066140164139869242e-02 -1.099023827916635436e-02 1.559977625425551170e-02 1.222583408718826972e-03 -7.643295572442128025e-03
4.534091515949006945e-02 -1.001319568108052005e+00 6.173810683734972660e-01 5.571173784313825372e+00 6.264532556898646298e+00 -1.102370470670303746e+02 -9.513688248011709447e+01 -1.182906310128199721e+02 1.824179057577340335e-01 5.718376163740503115e-02 -1.106126656175208528e-01 -8.944080373029465736e-02 -7.400842265535664995e-03 1.813004636139167042e-02 -1.322970350257037832e-02 4.781109828372353404e-02 1.535385227689056850e-03 -8.985895405804519148e-03
1.631618884176913031e-01 -2.372226400044314065e+00 6.007615528215517031e+00 6.264532556898646298e+00 6.110522523385791516e+01 -2.062944259622958270e+03 -6.182739755904518688e+02 -4.670526719161849201e+02 5.203738098461394568e-01 1.958130261476047074e-01 -4.256851409335258296e-01 -3.958831370369736424e-01 -5.273954469858856131e-02 2.248189833339923893e-01 -8.156078384413353866e-02 9.021640849451016686e-02 -2.675340347405098839e-04 -4.508665046991561232e-02
-2.240992398597287050e+00 9.622083012285830961e+00 -2.173048418570407989e+02 -1.102370470670303746e+02 -2.062944259622958270e+03 1.135688023785670375e+05 1.728099006621985245e+04 5.822871742116368296e+03 -1.536924842769531629e+01 -3.940783890525993538e+00 8.035026959596288876e+00 9.643035557580173389e+00 1.847462715858500415e+00 -1.014366366291232957e+01 2.812500219118646783e+00 1.643708783757212188e+00 7.137069692945989530e-02 1.688334117088031716e+00
-4.750671326189700672e+00 4.310060551395994821e+01 -7.745755444037396842e+01 -9.513688248011709447e+01 -6.182739755904518688e+02 1.728099006621985245e+04 1.891808386005080683e+04 1.405825736417787084e+04 -1.331833750582249998e+01 -4.936940383683124267e+00 1.001386040129424337e+01 8.383274108101538502e+00 1.086450372577144607e+00 -4.236291907879411234e+00 9.899407339900160308e-01 -3.651187036633270822e+00 -6.148704545535907950e-01 1.225697153952771901e+00
-4.779400092513642839e+00 6.273802838965238493e+01 -7.552166649146970201e+01 -1.182906310128199721e+02 -4.670526719161849201e+02 5.822871742116368296e+03 1.405825736417787084e+04 1.849282871004677509e+04 -1.560197800991034889e+01 -5.780154347383831492e+00 1.201902300303945204e+01 9.951511345574132861e+00 1.234481660033998507e+00 -4.064205588245039635e+00 1.290823783685806303e+00 -4.813509285827825224e+00 -7.095300665607845447e-01 1.347931656849988613e+00
5.545703360661750382e-03 -7.434545273883935712e-02 9.739368069460353772e-02 1.824179057577340335e-01 5.203738098461394568e-01 -1.536924842769531629e+01 -1.331833750582249998e+01 -1.560197800991034889e+01 2.315486605809209328e-02 6.238511644002053477e-03 -1.236633825457105970e-02 -1.058506054734749749e-02 -1.309136851481648017e-03 4.642415973705066659e-03 -1.514599499590717907e-03 4.539251940118203994e-03 5.075508074007440860e-04 -1.485099855638076158e-03
2.030164601359606309e-03 -2.298474178344290034e-02 2.996212566576324232e-02 5.718376163740503115e-02 1.958130261476047074e-01 -3.940783890525993538e+00 -4.936940383683124267e+00 -5.780154347383831492e+00 6.238511644002053477e-03 2.184341642780948927e-03 -4.311441484784109615e-03 -3.599066164989593326e-03 -4.153457559588842108e-04 1.428529501291560776e-03 -4.170078539039682054e-04 1.683707017307151804e-03 2.149612427427254741e-04 -4.776803458970902880e-04
-3.868516519626794513e-03 4.918132453080371197e-02 -6.304578329319267260e-02 -1.106126656175208528e-01 -4.256851409335258296e-01 8.035026959596288876e+00 1.001386040129424337e+01 1.201902300303945204e+01 -1.236633825457105970e-02 -4.311441484784109615e-03 8.814711596680476977e-03 7.325756376057986942e-03 8.652040773220878115e-04 -2.908807704290757457e-03 9.523238885443529320e-04 -3.364914996415262032e-03 -3.969370151023164628e-04 9.396133571649183591e-04
-3.153297579336373363e-03 3.987786756117604053e-02 -5.727129685970497319e-02 -8.944080373029465736e-02 -3.958831370369736424e-01 9.643035557580173389e+00 8.383274108101538502e+00 9.951511345574132861e+00 -1.058506054734749749e-02 -3.599066164989593326e-03 7.325756376057986942e-03 6.260567778432061734e-03 7.609560602320675129e-04 -2.695722840663310020e-03 8.671809307885332187e-04 -2.681913759258277956e-03 -3.213599390372371399e-04 8.223239325334046838e-04
-3.233149292821005990e-04 4.338036875449962498e-03 -8.268367778228001563e-03 -7.400842265535664995e-03 -5.273954469858856131e-02 1.847462715858500415e+00 1.086450372577144607e+00 1.234481660033998507e+00 -1.309136851481648017e-03 -4.153457559588842108e-04 8.652040773220878115e-04 7.609560602320675129e-04 1.133732092882701456e-04 -3.935431115205968440e-04 1.311553419795864544e-04 -2.692608459362624525e-04 -4.466313474779403422e-05 1.127857508492780691e-04
1.104476161346595875e-03 -9.813077891804539848e-03 3.066140164139869242e-02 1.813004636139167042e-02 2.248189833339923893e-01 -1.014366366291232957e+01 -4.236291907879411234e+00 -4.064205588245039635e+00 4.642415973705066659e-03 1.428529501291560776e-03 -2.908807704290757457e-03 -2.695722840663310020e-03 -3.935431115205968440e-04 1.883259390878517896e-03 -4.438303038086931392e-04 7.549930041241209935e-04 1.616345106274488168e-04 -4.282617140753722761e-04
-2.041048551746553019e-04 6.560964770463466322e-03 -1.099023827916635436e-02 -1.322970350257037832e-02 -8.156078384413353866e-02 2.812500219118646783e+00 9.899407339900160308e-01 1.290823783685806303e+00 -1.514599499590717907e-03 -4.170078539039682054e-04 9.523238885443529320e-04 8.671809307885332187e-04 1.311553419795864544e-04 -4.438303038086931392e-04 2.448875896461446297e-04 -2.489290303458006892e-04 -1.319865562350246334e-05 1.124049139038002152e-04
1.575596393364047136e-03 -2.044413931298734444e-02 1.559977625425551170e-02 4.781109828372353404e-02 9.021640849451016686e-02 1.643708783757212188e+00 -3.651187036633270822e+00 -4.813509285827825224e+00 4.539251940118203994e-03 1.683707017307151804e-03 -3.364914996415262032e-03 -2.681913759258277956e-03 -2.692608459362624525e-04 7.549930041241209935e-04 -2.489290303458006892e-04 1.596585884169372891e-03 1.808713894856842747e-04 -3.216137138804316554e-04
1.998286438333433945e-04 -7.645765488470433269e-04 1.222583408718826972e-03 1.535385227689056850e-03 -2.675340347405098839e-04 7.137069692945989530e-02 -6.148704545535907950e-01 -7.095300665607845447e-01 5.075508074007440860e-04 2.149612427427254741e-04 -3.969370151023164628e-04 -3.213599390372371399e-04 -4.466313474779403422e-05 1.616345106274488168e-04 -1.319865562350246334e-05 1.808713894856842747e-04 5.574666327961094763e-05 -5.879224918851444319e-05
-4.000106885019811902e-04 3.888026580097245135e-03 -7.643295572442128025e-03 -8.985895405804519148e-03 -4.508665046991561232e-02 1.688334117088031716e+00 1.225697153952771901e+00 1.347931656849988613e+00 -1.485099855638076158e-03 -4.776803458970902880e-04 9.396133571649183591e-04 8.223239325334046838e-04 1.127857508492780691e-04 -4.282617140753722761e-04 1.124049139038002152e-04 -3.216137138804316554e-04 -5.879224918851444319e-05 1.343624447441436518e-04
1.802586183585286198e-03 -1.409160256567799918e-02 2.270970725302217177e-02 3.121591262831032929e-02 1.471886545868894003e-01 -3.106608384520036736e+00 -3.782488130886488609e+00 -3.706161383406345600e+00 4.364144951618240294e-03 1.576369689056660245e-03 -3.030118489615180044e-03 -2.485088383795572894e-03 -2.771283289877850059e-04 9.766803889468907065e-04 -1.996529056544592013e-04 1.146975887607848497e-03 1.556958923212142256e-04 -3.322023870322537140e-04
-1.409160256567799918e-02 2.880853287623241776e-01 -2.670906754788498483e-01 -6.792228938230062685e-01 -1.814181373860698665e+00 1.553081286299201658e+01 3.279598164389872750e+01 4.497163228908747357e+01 -5.344032744824829539e-02 -1.665823173237565916e-02 3.549055138767341633e-02 2.886547669134690783e-02 3.262614654806574033e-03 -7.816149970052076526e-03 4.724918561283973119e-03 -1.423216463535008879e-02 -6.516203957738159538e-04 2.972121819437856423e-03
2.270970725302217177e-02 -2.670906754788498483e-01 7.458432018745505543e-01 3.844924148368928374e-01 5.379057655006356242e+00 -2.098980338650810324e+02 -7.043104417986066323e+01 -6.908363580145393712e+01 9.037113787396017228e-02 2.812122417119854514e-02 -5.845866233874339596e-02 -5.226474594992263495e-02 -7.743927805446050409e-03 3.104943838264597952e-02 -9.933692011757503867e-03 1.365111035092922767e-02 1.586611044232518180e-03 -7.639402964393322143e-03
3.121591262831032929e-02 -6.792228938230062685e-01 3.844924148368928374e-01 3.785530859495761735e+00 3.971750631430680745e+00 -5.599328473003479445e+01 -6.436193994500679594e+01 -7.614027463115139938e+01 1.162263981238066263e-01 3.676557739283585480e-02 -7.106449557786945204e-02 -5.717136471911775375e-02 -4.583480001820950528e-03 8.408030073351974165e-03 -8.080739447110830975e-03 3.164549970801969897e-02 9.602699412518540508e-04 -5.414703247932113953e-03
1.471886545868894003e-01 -1.814181373860698665e+00 5.379057655006356242e+00 3.971750631430680745e+00 5.030759748294397582e+01 -1.829916458667732741e+03 -5.425450108543975603e+02 -4.423577786875532070e+02 5.247878028589195720e-01 1.874218839795055158e-01 -3.984963396698741334e-01 -3.622708573281349098e-01 -5.074256032482873935e-02 2.243421331493705428e-01 -7.263783664744671853e-02 8.281900888465662525e-02 5.211484808028257754e-03 -4.786318550635787483e-02
-3.106608384520036736e+00 1.553081286299201658e+01 -2.098980338650810324e+02 -5.599328473003479445e+01 -1.829916458667732741e+03 9.822723993163074192e+04 1.729548989716059805e+04 1.010996213312763575e+04 -1.889270886463274834e+01 -5.347833874273695720e+00 1.083774709487075505e+01 1.114610412841931897e+01 1.974899733693224801e+00 -1.054999577839019587e+01 2.785441619958366033e+00 4.611285592170231290e-02 -2.030452920621546586e-01 1.995147287955466586e+00
-3.782488130886488609e+00 3.279598164389872750e+01 -7.043104417986066323e+01 -6.436193994500679594e+01 -5.425450108543975603e+02 1.729548989716059805e+04 1.456417004087386340e+04 1.114710174653714057e+04 -1.120998778917576111e+01 -4.055527910211284670e+00 8.220155061362955706e+00 6.905092318748824454e+00 9.345350385111571567e-01 -3.723881853351515225e+00 8.899806506651659621e-01 -2.754422014822075493e+00 -4.849121957609946465e-01 1.047973870233595006e+00
-3.706161383406345600e+00 4.497163228908747357e+01 -6.908363580145393712e+01 -7.614027463115139938e+01 -4.423577786875532070e+02 1.010996213312763575e+04 1.114710174653714057e+04 1.410630872594572429e+04 -1.281865129474643261e+01 -4.626067257841170566e+00 9.571211327227169718e+00 7.971279301192457645e+00 1.035095264580310870e+00 -3.725237060811271483e+00 1.109923747738666089e+00 -3.514937870793477526e+00 -5.459250167824506450e-01 1.140911909140280844e+00
4.364144951618240294e-03 -5.344032744824829539e-02 9.037113787396017228e-02 1.162263981238066263e-01 5.247878028589195720e-01 -1.889270886463274834e+01 -1.120998778917576111e+01 -1.281865129474643261e+01 1.876128176949358115e-02 5.213719799490042217e-03 -1.037025555959159712e-02 -8.884219047648012763e-03 -1.161905799675945006e-03 4.525077605726952716e-03 -1.356815547855937630e-03 3.436605853368778548e-03 4.366646640547509309e-04 -1.324197872853812496e-03
1.576369689056660245e-03 -1.665823173237565916e-02 2.812122417119854514e-02 3.676557739283585480e-02 1.874218839795055158e-01 -5.347833874273695720e+00 -4.055527910211284670e+00 -4.626067257841170566e+00 5.213719799490042217e-03 1.792503378887956795e-03 -3.552558676497090048e-03 -2.981585407491440902e-03 -3.692035848219783018e-04 1.397904668127443505e-03 -3.870705728084328939e-04 1.255004412083137464e-03 1.749237829904562230e-04 -4.241635571073378258e-04
-3.030118489615180044e-03 3.549055138767341633e-02 -5.845866233874339596e-02 -7.106449557786945204e-02 -3.984963396698741334e-01 1.083774709487075505e+01 8.220155061362955706e+00 9.571211327227169718e+00 -1.037025555959159712e-02 -3.552558676497090048e-03 7.244291318487314571e-03 6.057828934266647029e-03 7.629364869589188008e-04 -2.836305223878297747e-03 8.544966910789067189e-04 -2.510900313447716505e-03 -3.284831331161792859e-04 8.395125675256785193e-04
-2.485088383795572894e-03 2.886547669134690783e-02 -5.226474594992263495e-02 -5.717136471911775375e-02 -3.622708573281349098e-01 1.114610412841931897e+01 6.905092318748824454e+00 7.971279301192457645e+00 -8.884219047648012763e-03 -2.981585407491440902e-03 6.057828934266647029e-03 5.181538915173138082e-03 6.669990112447750103e-04 -2.571418365309970869e-03 7.672678235664306262e-04 -2.017047016784988440e-03 -2.689249701506867029e-04 7.314621413080058757e-04
-2.771283289877850059e-04 3.262614654806574033e-03 -7.743927805446050409e-03 -4.583480001820950528e-03 -5.074256032482873935e-02 1.974899733693224801e+00 9.345350385111571567e-01 1.035095264580310870e+00 -1.161905799675945006e-03 -3.692035848219783018e-04 7.629364869589188008e-04 6.669990112447750103e-04 1.008668332723573980e-04 -3.841094806314130782e-04 1.172481831813575604e-04 -2.160772436955396439e-04 -3.846138614484961941e-05 1.041413619031546656e-04
9.766803889468907065e-04 -7.816149970052076526e-03 3.104943838264597952e-02 8.408030073351974165e-03 2.243421331493705428e-01 -1.054999577839019587e+01 -3.723881853351515225e+00 -3.725237060811271483e+00 4.525077605726952716e-03 1.397904668127443505e-03 -2.836305223878297747e-03 -2.571418365309970869e-03 -3.841094806314130782e-04 1.900561321680161071e-03 -4.491615906791906771e-04 6.706482367319652280e-04 1.480505401054695925e-04 -4.300282279965100146e-04
-1.996529056544592013e-04 4.724918561283973119e-03 -9.933692011757503867e-03 -8.080739447110830975e-03 -7.263783664744671853e-02 2.785441619958366033e+00 8.899806506651659621e-01 1.109923747738666089e+00 -1.356815547855937630e-03 -3.870705728084328939e-04 8.544966910789067189e-04 7.672678235664306262e-04 1.172481831813575604e-04 -4.491615906791906771e-04 1.998986699209002234e-04 -2.076781974938924822e-04 -1.884083958679833143e-05 1.099372654886555836e-04
1.146975887607848497e-03 -1.423216463535008879e-02 1.365111035092922767e-02 3.164549970801969897e-02 8.281900888465662525e-02 4.611285592170231290e-02 -2.754422014822075493e+00 -3.514937870793477526e+00 3.436605853368778548e-03 1.255004412083137464e-03 -2.510900313447716505e-03 -2.017047016784988440e-03 -2.160772436955396439e-04 6.706482367319652280e-04 -2.076781974938924822e-04 1.117588766079902728e-03 1.333102348183223753e-04 -2.554533502081299061e-04
1.556958923212142256e-04 -6.516203957738159538e-04 1.586611044232518180e-03 9.602699412518540508e-04 5.211484808028257754e-03 -2.030452920621546586e-01 -4.849121957609946465e-01 -5.459250167824506450e-01 4.366646640547509309e-04 1.749237829904562230e-04 -3.284831331161792859e-04 -2.689249701506867029e-04 -3.846138614484961941e-05 1.480505401054695925e-04 -1.884083958679833143e-05 1.333102348183223753e-04 4.015056149345654118e-05 -4.899385548736047972e-05
-3.322023870322537140e-04 2.972121819437856423e-03 -7.639402964393322143e-03 -5.414703247932113953e-03 -4.786318550635787483e-02 1.995147287955466586e+00 1.047973870233595006e+00 1.140911909140280844e+00 -1.324197872853812496e-03 -4.241635571073378258e-04 8.395125675256785193e-04 7.314621413080058757e-04 1.041413619031546656e-04 -4.300282279965100146e-04 1.099372654886555836e-04 -2.554533502081299061e-04 -4.899385548736047972e-05 1.231478436084374383e-04
