{
    "R": [
        [
            0.04411810160405465,
            0.07676227567705705,
            -0.6622654920207866,
            1.7501360701946573,
            -0.86633166367956,
            -244.62341418471001,
            281.94307948609065,
            33.12972687491276,
            -0.02614884691360039,
            0.013246645660423797,
            0.04905476037036469,
            0.054394892969388826,
            0.037020648698366666,
            0.00967342999745355,
            0.007628121976734534,
            0.22204184241865388,
            0.003857321707567246,
            0.004794911840942491
        ],
        [
            0.0,
            0.23520628229155954,
            0.6643074168416991,
            -2.4171974783138244,
            -0.12906949157329245,
            -417.12799643614585,
            -55.23916632453828,
            102.12568186390098,
            0.002339175564619702,
            0.005775633810882933,
            0.014478851149702635,
            0.009729804481958426,
            0.009380506897018446,
            -0.0012824174615880292,
            0.0017757236691692546,
            0.18857458754957684,
            0.006829472371047354,
            0.00996348203247486
        ],
        [
            0.0,
            0.0,
            2.003340844734745,
            -1.7163806379836035,
            0.05608967240771896,
            -124.16708781575886,
            -43.6082487436005,
            62.88423248588424,
            0.006115231498360896,
            0.0022750279645192615,
            0.003429354131146303,
            0.006577384422598733,
            0.01087585522357534,
            0.00035545889769076727,
            0.0009984652060196452,
            0.09324428164436449,
            -0.043283981043401254,
            0.013510430201448417
        ],
        [
            0.0,
            0.0,
            0.0,
            2.280590452268071,
            -0.3732206187188711,
            79.62038758418906,
            122.08981613331743,
            -53.55138877277995,
            -0.032762835249934216,
            -0.0011566508422311001,
            0.007921541958248998,
            0.014045148495626466,
            -0.002981521205209742,
            -0.0023550133611166912,
            -0.0015066729391356958,
            -0.07818375393737693,
            0.07004322130779292,
            -0.014821641146107732
        ],
        [
            0.0,
            0.0,
            0.0,
            0.0,
            0.5022428539132155,
            114.75765905647425,
            -2.004656182306125,
            12.813817974627744,
            0.009704008797421514,
            -0.002745052162894203,
            -0.013201394188273402,
            -0.024464607254112772,
            -0.01517782223988032,
            -0.0024355947175507,
            -0.0020714996764408084,
            -0.04684627480031872,
            0.03759905332219639,
            -0.004725250191002636
        ],
        [
            0.0,
            0.0,
            0.0,
            0.0,
            0.0,
            145.34699953957139,
            -21.221120742938552,
            -19.54779984318897,
            -0.0035180330955507906,
            -0.0019827883246377825,
            -0.0065730546810671454,
            -0.009863919832962005,
            -0.00700670268851329,
            -9.58756878051283e-06,
            -0.0002923374671229636,
            -0.03301893686286013,
            0.01229433044400289,
            -0.0033017279203167646
        ],
        [
            0.0,
            0.0,
            0.0,
            0.0,
            0.0,
            0.0,
            87.84941618498503,
            0.3378834422324907,
            -0.013100776128299563,
            0.0006286171449216243,
            0.003796825189438932,
            0.0051380430423579706,
            0.007260203355246288,
            -0.002840011666795594,
            -0.0007645667988604265,
            0.004124903878464594,
            0.03307959037761897,
            0.01013201323491616
        ],
        [
            0.0,
            0.0,
            0.0,
            0.0,
            0.0,
            0.0,
            0.0,
            22.27236754150899,
            -0.0016777571122718843,
            0.00048620219314097986,
            0.00047004073423548553,
            0.0003169695670669477,
            0.0019464641896614202,
            -0.0009534417340539054,
            0.00013788020301951356,
            0.007923266431858624,
            0.0057885903790039946,
            0.0016454296530131938
        ],
        [
            0.0,
            0.0,
            0.0,
            0.0,
            0.0,
            0.0,
            0.0,
            0.0,
            0.013986517733494632,
            -0.00028343814264902893,
            -0.003941839762605398,
            0.000926663217623613,
            -0.0012699432510829968,
            0.0001876935292843556,
            -0.0007793084685286523,
            -0.02579541877230266,
            -0.0007200451979318085,
            0.002042240861620569
        ],
        [
            0.0,
            0.0,
            0.0,
            0.0,
            0.0,
            0.0,
            0.0,
            0.0,
            0.0,
            0.0016888590414015118,
            0.006076453998526541,
            0.005911412520367449,
            0.009085524030686751,
            0.0006288250771716433,
            0.001061022824539035,
            0.03489390024229584,
            -0.010519364400396995,
            0.006884190229374134
        ],
        [
            0.0,
            0.0,
            0.0,
            0.0,
            0.0,
            0.0,
            0.0,
            0.0,
            0.0,
            0.0,
            0.007009630629434985,
            0.002289142281944002,
            -0.005705753035385247,
            0.003630547618081055,
            0.0022419838332865104,
            0.042598629455960095,
            -0.03638015526917586,
            -0.003912436917288617
        ],
        [
            0.0,
            0.0,
            0.0,
            0.0,
            0.0,
            0.0,
            0.0,
            0.0,
            0.0,
            0.0,
            0.0,
            0.008065856833211055,
            0.002410239595770204,
            0.0008998310206687879,
            -0.0002937312903294131,
            -0.014033296847326102,
            -0.006578437639468442,
            0.0004583527497361734
        ],
        [
            0.0,
            0.0,
            0.0,
            0.0,
            0.0,
            0.0,
            0.0,
            0.0,
            0.0,
            0.0,
            0.0,
            0.0,
            0.01025535942365552,
            -0.0006831809159468159,
            -0.00010467703703471559,
            -0.00025323599417974237,
            -0.014769605222497453,
            0.007583505375419942
        ],
        [
            0.0,
            0.0,
            0.0,
            0.0,
            0.0,
            0.0,
            0.0,
            0.0,
            0.0,
            0.0,
            0.0,
            0.0,
            0.0,
            0.00512465311909725,
            0.0010746223546848025,
            0.008085999763837264,
            -0.026988786291349542,
            -0.004641732023554328
        ],
        [
            0.0,
            0.0,
            0.0,
            0.0,
            0.0,
            0.0,
            0.0,
            0.0,
            0.0,
            0.0,
            0.0,
            0.0,
            0.0,
            0.0,
            0.0011660119602696643,
            0.020059919773967774,
            -0.01752902850193825,
            -0.004584067575773279
        ],
        [
            0.0,
            0.0,
            0.0,
            0.0,
            0.0,
            0.0,
            0.0,
            0.0,
            0.0,
            0.0,
            0.0,
            0.0,
            0.0,
            0.0,
            0.0,
            0.03164803555120785,
            -0.015706481184799892,
            0.0024255014267286464
        ],
        [
            0.0,
            0.0,
            0.0,
            0.0,
            0.0,
            0.0,
            0.0,
            0.0,
            0.0,
            0.0,
            0.0,
            0.0,
            0.0,
            0.0,
            0.0,
            0.0,
            0.03463650441714888,
            -0.0027780355534149964
        ],
        [
            0.0,
            0.0,
            0.0,
            0.0,
            0.0,
            0.0,
            0.0,
            0.0,
            0.0,
            0.0,
            0.0,
            0.0,
            0.0,
            0.0,
            0.0,
            0.0,
            0.0,
            0.009674187478506872
        ]
    ],
    "RDR": [
        [
            [
                0.04411810160405465,
                0.07676227567705705,
                -0.6622654920207866,
                1.7501360701946573,
                -0.86633166367956,
                -244.62341418471001,
                281.94307948609065,
                33.12972687491276,
                -0.02614884691360039,
                0.013246645660423797,
                0.04905476037036469,
                0.054394892969388826,
                0.037020648698366666,
                0.00967342999745355,
                0.007628121976734534,
                0.22204184241865388,
                0.003857321707567246,
                0.004794911840942491
            ],
            [
                0.0,
                0.23520628229155954,
                0.6643074168416991,
                -2.4171974783138244,
                -0.12906949157329245,
                -417.12799643614585,
                -55.23916632453828,
                102.12568186390098,
                0.002339175564619702,
                0.005775633810882933,
                0.014478851149702635,
                0.009729804481958426,
                0.009380506897018446,
                -0.0012824174615880292,
                0.0017757236691692546,
                0.18857458754957684,
                0.006829472371047354,
                0.00996348203247486
            ],
            [
                0.0,
                0.0,
                2.003340844734745,
                -1.7163806379836035,
                0.05608967240771896,
                -124.16708781575886,
                -43.6082487436005,
                62.88423248588424,
                0.006115231498360896,
                0.0022750279645192615,
                0.003429354131146303,
                0.006577384422598733,
                0.01087585522357534,
                0.00035545889769076727,
                0.0009984652060196452,
                0.09324428164436449,
                -0.043283981043401254,
                0.013510430201448417
            ],
            [
                0.0,
                0.0,
                0.0,
                2.280590452268071,
                -0.3732206187188711,
                79.62038758418906,
                122.08981613331743,
                -53.55138877277995,
                -0.032762835249934216,
                -0.0011566508422311001,
                0.007921541958248998,
                0.014045148495626466,
                -0.002981521205209742,
                -0.0023550133611166912,
                -0.0015066729391356958,
                -0.07818375393737693,
                0.07004322130779292,
                -0.014821641146107732
            ],
            [
                0.0,
                0.0,
                0.0,
                0.0,
                0.5022428539132155,
                114.75765905647425,
                -2.004656182306125,
                12.813817974627744,
                0.009704008797421514,
                -0.002745052162894203,
                -0.013201394188273402,
                -0.024464607254112772,
                -0.01517782223988032,
                -0.0024355947175507,
                -0.0020714996764408084,
                -0.04684627480031872,
                0.03759905332219639,
                -0.004725250191002636
            ],
            [
                0.0,
                0.0,
                0.0,
                0.0,
                0.0,
                145.34699953957139,
                -21.221120742938552,
                -19.54779984318897,
                -0.0035180330955507906,
                -0.0019827883246377825,
                -0.0065730546810671454,
                -0.009863919832962005,
                -0.00700670268851329,
                -9.58756878051283e-06,
                -0.0002923374671229636,
                -0.03301893686286013,
                0.01229433044400289,
                -0.0033017279203167646
            ],
            [
                0.0,
                0.0,
                0.0,
                0.0,
                0.0,
                0.0,
                87.84941618498503,
                0.3378834422324907,
                -0.013100776128299563,
                0.0006286171449216243,
                0.003796825189438932,
                0.0051380430423579706,
                0.007260203355246288,
                -0.002840011666795594,
                -0.0007645667988604265,
                0.004124903878464594,
                0.03307959037761897,
                0.01013201323491616
            ],
            [
                0.0,
                0.0,
                0.0,
                0.0,
                0.0,
                0.0,
                0.0,
                22.27236754150899,
                -0.0016777571122718843,
                0.00048620219314097986,
                0.00047004073423548553,
                0.0003169695670669477,
                0.0019464641896614202,
                -0.0009534417340539054,
                0.00013788020301951356,
                0.007923266431858624,
                0.0057885903790039946,
                0.0016454296530131938
            ],
            [
                0.0,
                0.0,
                0.0,
                0.0,
                0.0,
                0.0,
                0.0,
                0.0,
                0.013986517733494632,
                -0.00028343814264902893,
                -0.003941839762605398,
                0.000926663217623613,
                -0.0012699432510829968,
                0.0001876935292843556,
                -0.0007793084685286523,
                -0.02579541877230266,
                -0.0007200451979318085,
                0.002042240861620569
            ],
            [
                0.0,
                0.0,
                0.0,
                0.0,
                0.0,
                0.0,
                0.0,
                0.0,
                0.0,
                0.0016888590414015118,
                0.006076453998526541,
                0.005911412520367449,
                0.009085524030686751,
                0.0006288250771716433,
                0.001061022824539035,
                0.03489390024229584,
                -0.010519364400396995,
                0.006884190229374134
            ],
            [
                0.0,
                0.0,
                0.0,
                0.0,
                0.0,
                0.0,
                0.0,
                0.0,
                0.0,
                0.0,
                0.007009630629434985,
                0.002289142281944002,
                -0.005705753035385247,
                0.003630547618081055,
                0.0022419838332865104,
                0.042598629455960095,
                -0.03638015526917586,
                -0.003912436917288617
            ],
            [
                0.0,
                0.0,
                0.0,
                0.0,
                0.0,
                0.0,
                0.0,
                0.0,
                0.0,
                0.0,
                0.0,
                0.008065856833211055,
                0.002410239595770204,
                0.0008998310206687879,
                -0.0002937312903294131,
                -0.014033296847326102,
                -0.006578437639468442,
                0.0004583527497361734
            ],
            [
                0.0,
                0.0,
                0.0,
                0.0,
                0.0,
                0.0,
                0.0,
                0.0,
                0.0,
                0.0,
                0.0,
                0.0,
                0.01025535942365552,
                -0.0006831809159468159,
                -0.00010467703703471559,
                -0.00025323599417974237,
                -0.014769605222497453,
                0.007583505375419942
            ],
            [
                0.0,
                0.0,
                0.0,
                0.0,
                0.0,
                0.0,
                0.0,
                0.0,
                0.0,
                0.0,
                0.0,
                0.0,
                0.0,
                0.00512465311909725,
                0.0010746223546848025,
                0.008085999763837264,
                -0.026988786291349542,
                -0.004641732023554328
            ],
            [
                0.0,
                0.0,
                0.0,
                0.0,
                0.0,
                0.0,
                0.0,
                0.0,
                0.0,
                0.0,
                0.0,
                0.0,
                0.0,
                0.0,
                0.0011660119602696643,
                0.020059919773967774,
                -0.01752902850193825,
                -0.004584067575773279
            ],
            [
                0.0,
                0.0,
                0.0,
                0.0,
                0.0,
                0.0,
                0.0,
                0.0,
                0.0,
                0.0,
                0.0,
                0.0,
                0.0,
                0.0,
                0.0,
                0.03164803555120785,
                -0.015706481184799892,
                0.0024255014267286464
            ],
            [
                0.0,
                0.0,
                0.0,
                0.0,
                0.0,
                0.0,
                0.0,
                0.0,
                0.0,
                0.0,
                0.0,
                0.0,
                0.0,
                0.0,
                0.0,
                0.0,
                0.03463650441714888,
                -0.0027780355534149964
            ],
            [
                0.0,
                0.0,
                0.0,
                0.0,
                0.0,
                0.0,
                0.0,
                0.0,
                0.0,
                0.0,
                0.0,
                0.0,
                0.0,
                0.0,
                0.0,
                0.0,
                0.0,
                0.009674187478506872
            ]
        ],
        [
            [
                0.00882362032081093,
                0.015352455135411412,
                -0.1324530984041573,
                0.3500272140389315,
                -0.17326633273591202,
                -48.924682836942004,
                56.38861589721813,
                6.625945374982553,
                -0.005229769382720078,
                0.0026493291320847595,
                0.00981095207407294,
                0.010878978593877766,
                0.007404129739673334,
                0.00193468599949071,
                0.0015256243953469069,
                0.04440836848373078,
                0.0007714643415134493,
                0.0009589823681884982
            ],
            [
                0.0,
                0.04704125645831191,
                0.13286148336833983,
                -0.4834394956627649,
                -0.025813898314658492,
                -83.42559928722918,
                -11.047833264907657,
                20.425136372780198,
                0.0004678351129239404,
                0.0011551267621765866,
                0.0028957702299405273,
                0.0019459608963916853,
                0.0018761013794036893,
                -0.00025648349231760585,
                0.00035514473383385094,
                0.037714917509915374,
                0.0013658944742094708,
                0.001992696406494972
            ],
            [
                0.0,
                0.0,
                0.400668168946949,
                -0.3432761275967207,
                0.011217934481543793,
                -24.833417563151773,
                -8.7216497487201,
                12.576846497176849,
                0.0012230462996721792,
                0.00045500559290385234,
                0.0006858708262292607,
                0.0013154768845197468,
                0.002175171044715068,
                7.109177953815346e-05,
                0.00019969304120392905,
                0.0186488563288729,
                -0.008656796208680251,
                0.0027020860402896837
            ],
            [
                0.0,
                0.0,
                0.0,
                0.45611809045361423,
                -0.07464412374377422,
                15.924077516837812,
                24.41796322666349,
                -10.71027775455599,
                -0.006552567049986843,
                -0.00023133016844622005,
                0.0015843083916497998,
                0.0028090296991252935,
                -0.0005963042410419484,
                -0.0004710026722233383,
                -0.0003013345878271392,
                -0.01563675078747539,
                0.014008644261558584,
                -0.0029643282292215467
            ],
            [
                0.0,
                0.0,
                0.0,
                0.0,
                0.10044857078264312,
                22.951531811294853,
                -0.400931236461225,
                2.562763594925549,
                0.001940801759484303,
                -0.0005490104325788406,
                -0.0026402788376546807,
                -0.004892921450822554,
                -0.003035564447976064,
                -0.00048711894351014,
                -0.0004142999352881617,
                -0.009369254960063744,
                0.007519810664439278,
                -0.0009450500382005272
            ],
            [
                0.0,
                0.0,
                0.0,
                0.0,
                0.0,
                29.069399907914278,
                -4.244224148587711,
                -3.9095599686377938,
                -0.0007036066191101582,
                -0.0003965576649275565,
                -0.0013146109362134292,
                -0.0019727839665924013,
                -0.001401340537702658,
                -1.917513756102566e-06,
                -5.8467493424592724e-05,
                -0.006603787372572026,
                0.002458866088800578,
                -0.0006603455840633529
            ],
            [
                0.0,
                0.0,
                0.0,
                0.0,
                0.0,
                0.0,
                17.569883236997008,
                0.06757668844649815,
                -0.002620155225659913,
                0.00012572342898432487,
                0.0007593650378877865,
                0.0010276086084715942,
                0.0014520406710492578,
                -0.0005680023333591188,
                -0.00015291335977208532,
                0.0008249807756929188,
                0.006615918075523794,
                0.0020264026469832322
            ],
            [
                0.0,
                0.0,
                0.0,
                0.0,
                0.0,
                0.0,
                0.0,
                4.454473508301798,
                -0.0003355514224543769,
                9.724043862819598e-05,
                9.400814684709712e-05,
                6.339391341338954e-05,
                0.00038929283793228406,
                -0.0001906883468107811,
                2.7576040603902712e-05,
                0.0015846532863717248,
                0.0011577180758007989,
                0.0003290859306026388
            ],
            [
                0.0,
                0.0,
                0.0,
                0.0,
                0.0,
                0.0,
                0.0,
                0.0,
                0.0027973035466989267,
                -5.668762852980579e-05,
                -0.0007883679525210797,
                0.00018533264352472263,
                -0.0002539886502165994,
                3.753870585687113e-05,
                -0.00015586169370573048,
                -0.005159083754460532,
                -0.0001440090395863617,
                0.0004084481723241138
            ],
            [
                0.0,
                0.0,
                0.0,
                0.0,
                0.0,
                0.0,
                0.0,
                0.0,
                0.0,
                0.0003377718082803024,
                0.0012152907997053082,
                0.00118228250407349,
                0.0018171048061373504,
                0.00012576501543432866,
                0.000212204564907807,
                0.0069787800484591685,
                -0.0021038728800793992,
                0.001376838045874827
            ],
            [
                0.0,
                0.0,
                0.0,
                0.0,
                0.0,
                0.0,
                0.0,
                0.0,
                0.0,
                0.0,
                0.0014019261258869972,
                0.0004578284563888004,
                -0.0011411506070770495,
                0.0007261095236162111,
                0.0004483967666573021,
                0.00851972589119202,
                -0.007276031053835172,
                -0.0007824873834577234
            ],
            [
                0.0,
                0.0,
                0.0,
                0.0,
                0.0,
                0.0,
                0.0,
                0.0,
                0.0,
                0.0,
                0.0,
                0.0016131713666422112,
                0.0004820479191540408,
                0.00017996620413375758,
                -5.8746258065882625e-05,
                -0.0028066593694652205,
                -0.0013156875278936885,
                9.167054994723469e-05
            ],
            [
                0.0,
                0.0,
                0.0,
                0.0,
                0.0,
                0.0,
                0.0,
                0.0,
                0.0,
                0.0,
                0.0,
                0.0,
                0.002051071884731104,
                -0.00013663618318936319,
                -2.0935407406943117e-05,
                -5.064719883594848e-05,
                -0.002953921044499491,
                0.0015167010750839884
            ],
            [
                0.0,
                0.0,
                0.0,
                0.0,
                0.0,
                0.0,
                0.0,
                0.0,
                0.0,
                0.0,
                0.0,
                0.0,
                0.0,
                0.0010249306238194502,
                0.0002149244709369605,
                0.001617199952767453,
                -0.0053977572582699085,
                -0.0009283464047108655
            ],
            [
                0.0,
                0.0,
                0.0,
                0.0,
                0.0,
                0.0,
                0.0,
                0.0,
                0.0,
                0.0,
                0.0,
                0.0,
                0.0,
                0.0,
                0.0002332023920539329,
                0.004011983954793555,
                -0.00350580570038765,
                -0.0009168135151546557
            ],
            [
                0.0,
                0.0,
                0.0,
                0.0,
                0.0,
                0.0,
                0.0,
                0.0,
                0.0,
                0.0,
                0.0,
                0.0,
                0.0,
                0.0,
                0.0,
                0.00632960711024157,
                -0.0031412962369599786,
                0.0004851002853457293
            ],
            [
                0.0,
                0.0,
                0.0,
                0.0,
                0.0,
                0.0,
                0.0,
                0.0,
                0.0,
                0.0,
                0.0,
                0.0,
                0.0,
                0.0,
                0.0,
                0.0,
                0.006927300883429777,
                -0.0005556071106829993
            ],
            [
                0.0,
                0.0,
                0.0,
                0.0,
                0.0,
                0.0,
                0.0,
                0.0,
                0.0,
                0.0,
                0.0,
                0.0,
                0.0,
                0.0,
                0.0,
                0.0,
                0.0,
                0.0019348374957013745
            ]
        ]
    ],
    "allnames": [
        "m1_flow_nominal",
        "m2_flow_nominal",
        "tau1",
        "tau2",
        "tau_m",
        "nominalUa.hasValue",
        "workingPressure.hasValue",
        "flowCoefficient.hasValue",
        "waterFlowRateMax",
        "c1",
        "c2",
        "c3",
        "c4",
        "eps_motor",
        "f_motorToAir",
        "kp",
        "Ti",
        "Td"
    ],
    "alpha_count": 5865,
    "cov": [
        [
            0.00608252152858028,
            0.010583143367746427,
            -0.09130592583072597,
            0.24128962801802756,
            -0.11944033862820166,
            -33.726002005411814,
            38.87122946039814,
            4.5675645511936915,
            -0.0036051171405096652,
            0.001826302684873396,
            0.006763134069319698,
            0.00749937317114117,
            0.0051040023147579825,
            0.0013336667733980182,
            0.0010516820638053013,
            0.030612701763055205,
            0.0005318053469186792,
            0.0006610700243162048
        ],
        [
            0.010583143367746427,
            0.1912951318641791,
            0.3294133485754499,
            -1.356861265456512,
            -0.302686078954218,
            -365.27804761932,
            27.031229514593562,
            83.01160995367613,
            -0.004553300647617175,
            0.00742283757036547,
            0.022409599342488557,
            0.02019995909114198,
            0.015775448107454838,
            0.0013778808022541986,
            0.003135041764621067,
            0.19186988997432053,
            0.005945098745932326,
            0.008473568475371177
        ],
        [
            -0.09130592583072597,
            0.3294133485754499,
            15.291482706796712,
            -19.385351173844217,
            1.876145239568687,
            -1137.0142957596358,
            -971.184831320819,
            537.1272639738883,
            0.09725719899861988,
            -0.0011823233879974305,
            -0.04999594251425535,
            -0.051198551277161344,
            0.010944022409630575,
            -0.02045685306138794,
            -0.005849841941126666,
            0.5156903908580065,
            -0.2647820908009763,
            0.09534158442094832
        ],
        [
            0.24128962801802756,
            -1.356861265456512,
            -19.385351173844217,
            53.290235058701235,
            -6.723895159845082,
            3046.4248796027646,
            3063.2748421465476,
            -1309.1827365223373,
            -0.42697801142008823,
            0.008374762748414828,
            0.19698118430226014,
            0.2888173176566195,
            0.05203093403482589,
            0.04390234768568993,
            0.012212894928230049,
            -1.2673949448708675,
            0.7008573225613874,
            -0.2271346549101196
        ],
        [
            -0.11944033862820166,
            -0.302686078954218,
            1.876145239568687,
            -6.723895159845082,
            3.630865784510551,
            895.9976887603846,
            -894.2054979582865,
            -37.29173211145248,
            0.1243631059261146,
            -0.04075261877768093,
            -0.1680028357917144,
            -0.2048125902518145,
            -0.12244706826756094,
            -0.026685189557798028,
            -0.02268670709536863,
            -0.6431858794031621,
            -0.04346468538974201,
            -0.004761409284090079
        ],
        [
            -33.726002005411814,
            -365.27804761932,
            -1137.0142957596358,
            3046.4248796027646,
            895.9976887603846,
            905901.0080662452,
            -106584.38775491659,
            -200457.66439761763,
            8.29768201039056,
            -20.710634146725113,
            -63.452839619337155,
            -66.57639060498748,
            -54.11555385708624,
            -7.324860286878163,
            -9.783970392838624,
            -502.98261687118804,
            41.439632356928094,
            -28.77751714315094
        ],
        [
            38.87122946039814,
            27.031229514593562,
            -971.184831320819,
            3063.2748421465476,
            -894.2054979582865,
            -106584.38775491659,
            336008.5708259981,
            -16131.778080125718,
            -40.20023665767159,
            10.244178515741478,
            44.83732102618864,
            52.9264980218529,
            30.931796772997608,
            7.033640149783685,
            5.525954971676734,
            124.1618055227018,
            42.87232337565583,
            -1.9612173678508307
        ],
        [
            4.5675645511936915,
            83.01160995367613,
            537.1272639738883,
            -1309.1827365223373,
            -37.29173211145248,
            -200457.66439761763,
            -16131.778080125718,
            60599.670514768935,
            5.19673050304441,
            3.90102426267422,
            8.957363712837703,
            7.329237678322331,
            9.426075910546354,
            0.8898765092025384,
            1.748500166365956,
            115.27490370977054,
            -16.456163099370844,
            8.949244035056488
        ],
        [
            -0.0036051171405096652,
            -0.004553300647617175,
            0.09725719899861988,
            -0.42697801142008823,
            0.1243631059261146,
            8.29768201039056,
            -40.20023665767159,
            5.19673050304441,
            0.0071145174785271475,
            -0.000980452231347402,
            -0.005306445401135311,
            -0.0064910224741267855,
            -0.0031896598368707837,
            -0.0004962135472516808,
            -0.0005001008192874474,
            -0.00937454078746133,
            -0.008674802071901895,
            0.0010155343800651842
        ],
        [
            0.001826302684873396,
            0.00742283757036547,
            -0.0011823233879974305,
            0.008374762748414828,
            -0.04075261877768093,
            -20.710634146725113,
            10.244178515741478,
            3.90102426267422,
            -0.000980452231347402,
            0.0007199251738365119,
            0.002485441585024301,
            0.002735261292076248,
            0.0020298135852669587,
            0.00040540977986655346,
            0.00038494509034400987,
            0.01437426448414903,
            -0.0006577748210284972,
            0.0006458638268381253
        ],
        [
            0.006763134069319698,
            0.022409599342488557,
            -0.04999594251425535,
            0.19698118430226014,
            -0.1680028357917144,
            -63.452839619337155,
            44.83732102618864,
            8.957363712837703,
            -0.005306445401135311,
            0.002485441585024301,
            0.009450727918747228,
            0.01062123188390047,
            0.0070645621327393065,
            0.0015251205129123593,
            0.0013845619157090707,
            0.04621923434429008,
            -0.00022009185490117085,
            0.0013689893562408267
        ],
        [
            0.00749937317114117,
            0.02019995909114198,
            -0.051198551277161344,
            0.2888173176566195,
            -0.2048125902518145,
            -66.57639060498748,
            52.9264980218529,
            7.329237678322331,
            -0.0064910224741267855,
            0.002735261292076248,
            0.01062123188390047,
            0.012882553933255003,
            0.00834977360326683,
            0.0017100470063119808,
            0.0014862641423511213,
            0.04715658354339375,
            -0.000291152287527533,
            0.0014891589761283945
        ],
        [
            0.0051040023147579825,
            0.015775448107454838,
            0.010944022409630575,
            0.05203093403482589,
            -0.12244706826756094,
            -54.11555385708624,
            30.931796772997608,
            9.426075910546354,
            -0.0031896598368707837,
            0.0020298135852669587,
            0.0070645621327393065,
            0.00834977360326683,
            0.006716725792616588,
            0.00109830014910487,
            0.0010583411025829586,
            0.03841979558132118,
            -0.0029140949577963603,
            0.0024839716141676505
        ],
        [
            0.0013336667733980182,
            0.0013778808022541986,
            -0.02045685306138794,
            0.04390234768568993,
            -0.026685189557798028,
            -7.324860286878163,
            7.033640149783685,
            0.8898765092025384,
            -0.0004962135472516808,
            0.00040540977986655346,
            0.0015251205129123593,
            0.0017100470063119808,
            0.00109830014910487,
            0.0004904663745135207,
            0.0003014966088093342,
            0.007560091768209753,
            -0.0019247179614798695,
            5.144470252801557e-05
        ],
        [
            0.0010516820638053013,
            0.003135041764621067,
            -0.005849841941126666,
            0.012212894928230049,
            -0.02268670709536863,
            -9.783970392838624,
            5.525954971676734,
            1.748500166365956,
            -0.0005001008192874474,
            0.00038494509034400987,
            0.0013845619157090707,
            0.0014862641423511213,
            0.0010583411025829586,
            0.0003014966088093342,
            0.0002467493627516846,
            0.007915655707677362,
            -0.0010978115328189489,
            0.00024688423951896066
        ],
        [
            0.030612701763055205,
            0.19186988997432053,
            0.5156903908580065,
            -1.2673949448708675,
            -0.6431858794031621,
            -502.98261687118804,
            124.1618055227018,
            115.27490370977054,
            -0.00937454078746133,
            0.01437426448414903,
            0.04621923434429008,
            0.04715658354339375,
            0.03841979558132118,
            0.007560091768209753,
            0.007915655707677362,
            0.3387461798199429,
            -0.03819374140453325,
            0.017834734860776424
        ],
        [
            0.0005318053469186792,
            0.005945098745932326,
            -0.2647820908009763,
            0.7008573225613874,
            -0.04346468538974201,
            41.439632356928094,
            42.87232337565583,
