1.246464853458205055e-02 -1.139444236131828200e-02 -2.333543580590997646e-01 1.001108488546924358e+00 -2.412477487673183041e-01 -4.581275962906737220e+00 1.108739935624426636e+02 -7.474698364399395167e+00 -1.119359155927302819e-02 2.826657592951768196e-03 1.088367071097836800e-02 1.522122618760140753e-02 1.066782987743929330e-02 1.182533158480665592e-03 9.362398625628106253e-04 1.712447400896628669e-02 2.239196448389050437e-02 8.786777759698962114e-04
-1.139444236131828200e-02 2.683021926675197566e-01 -1.045971070643233157e-02 4.167024868190592479e-01 -5.709591358528736116e-01 -2.218442464368239655e+02 3.876466087695916940e+01 2.012920355539471018e+00 -4.374428228262826346e-02 5.337032538360721255e-04 1.538814278915598757e-02 1.246165350127478866e-02 -7.320264663383641360e-03 -8.152998055221873791e-03 -1.666678509697155138e-03 2.484382529618478497e-02 1.185369979190329659e-01 -1.271791889121656402e-02
-2.333543580590997646e-01 -1.045971070643233157e-02 5.863562268471183359e+01 -5.350913363374428400e+01 7.608773764970067965e+00 -1.554029156089973185e+03 -2.447555692157627618e+03 1.551247752561862171e+03 1.960882013315202455e-01 -2.267240498284374753e-02 -1.335026026741009120e-01 -2.618301783856394893e-01 -9.401954975122912839e-02 -5.112269266545917124e-02 -1.040168659016829991e-03 1.746272895171438355e+00 -1.030872665327621673e+00 2.211061903533949602e-01
1.001108488546924358e+00 4.167024868190592479e-01 -5.350913363374428400e+01 1.368208971339813047e+02 -2.775710508566911727e+01 -2.896244116951163505e+02 1.091919471001033344e+04 -2.016061504974505397e+03 -1.352373918999986824e+00 2.133467676571612071e-01 1.050738143443926909e+00 1.494983783152124657e+00 6.767922827074964731e-01 1.066994097265675373e-01 5.377674498434963785e-02 -3.310956673572714171e-01 3.329190229783861366e+00 -4.260242059451742058e-01
-2.412477487673183041e-01 -5.709591358528736116e-01 7.608773764970067965e+00 -2.775710508566911727e+01 9.845759924240431005e+00 1.384724172419964134e+03 -2.834862079325172544e+03 3.156630522452699665e+02 4.507180590150369759e-01 -7.489854852797808715e-02 -3.539448540533407517e-01 -4.927599841314208584e-01 -2.534482753868954608e-01 -9.048899560397782871e-03 -2.020733842607305361e-02 -5.107134297415230062e-01 -8.626388390722726784e-01 3.698193219587722624e-02
-4.581275962906737220e+00 -2.218442464368239655e+02 -1.554029156089973185e+03 -2.896244116951163505e+02 1.384724172419964134e+03 7.428529102854949888e+05 -2.530117939895510208e+05 -6.895016272808932990e+04 6.620445949399139351e+01 -1.268896499693697777e+01 -6.130207637210673965e+01 -8.049354347880439775e+01 -4.457853892257516293e+01 8.912342793330877200e+00 -2.214666693107244733e+00 -2.341541075822170797e+02 -7.574326504481322786e+01 -1.829430491839355000e+01
1.108739935624426636e+02 3.876466087695916940e+01 -2.447555692157627618e+03 1.091919471001033344e+04 -2.834862079325172544e+03 -2.530117939895510208e+05 1.222145340018341551e+06 -8.974837817847839324e+04 -1.536048547820068109e+02 2.908777424863132310e+01 1.293013615167317596e+02 1.760964142801272203e+02 1.069166851650299037e+02 8.135904058068456735e+00 8.674869921210177637e+00 2.001165387541521739e+02 2.941981568248102690e+02 3.287150786535610436e+00
-7.474698364399395167e+00 2.012920355539471018e+00 1.551247752561862171e+03 -2.016061504974505397e+03 3.156630522452699665e+02 -6.895016272808932990e+04 -8.974837817847839324e+04 6.484978409073137300e+04 1.102091236496618976e+01 -2.378185759477479400e-01 -5.264543730922913056e+00 -1.014143756790986117e+01 2.701844469578290608e-01 -2.808887529757767787e+00 -1.549917851897214711e-02 6.236648952365705156e+01 -3.613969877746862380e+01 1.283129887370903432e+01
-1.119359155927302819e-02 -4.374428228262826346e-02 1.960882013315202455e-01 -1.352373918999986824e+00 4.507180590150369759e-01 6.620445949399139351e+01 -1.536048547820068109e+02 1.102091236496618976e+01 2.906043097390161381e-02 -3.625091854503637110e-03 -1.884705864106030540e-02 -2.373359866462992560e-02 -1.200044048794288165e-02 2.250665464796434143e-04 -8.990613266852211282e-04 -3.351785412870991049e-02 -5.464847862170999632e-02 1.992180385743064306e-03
2.826657592951768196e-03 5.337032538360721255e-04 -2.267240498284374753e-02 2.133467676571612071e-01 -7.489854852797808715e-02 -1.268896499693697777e+01 2.908777424863132310e+01 -2.378185759477479400e-01 -3.625091854503637110e-03 8.906400873563274099e-04 3.563190745696728258e-03 4.818110210605198659e-03 3.468991639585062257e-03 1.020358109153754928e-04 2.692249871620932080e-04 8.883623073732825615e-03 6.047317407025244208e-03 9.377565625053724523e-04
1.088367071097836800e-02 1.538814278915598757e-02 -1.335026026741009120e-01 1.050738143443926909e+00 -3.539448540533407517e-01 -6.130207637210673965e+01 1.293013615167317596e+02 -5.264543730922913056e+00 -1.884705864106030540e-02 3.563190745696728258e-03 1.630154584886157540e-02 2.154247378553079961e-02 1.288618726161381081e-02 3.982892113797414230e-04 1.055190350465023659e-03 3.441043319251455707e-02 3.242987393492346299e-02 1.481931771505439529e-03
1.522122618760140753e-02 1.246165350127478866e-02 -2.618301783856394893e-01 1.494983783152124657e+00 -4.927599841314208584e-01 -8.049354347880439775e+01 1.760964142801272203e+02 -1.014143756790986117e+01 -2.373359866462992560e-02 4.818110210605198659e-03 2.154247378553079961e-02 3.023577578322846071e-02 1.766109148215033731e-02 8.447981130451064904e-04 1.410567628767822688e-03 4.138548269821642339e-02 4.008812591994420638e-02 1.754015159137795000e-03
1.066782987743929330e-02 -7.320264663383641360e-03 -9.401954975122912839e-02 6.767922827074964731e-01 -2.534482753868954608e-01 -4.457853892257516293e+01 1.069166851650299037e+02 2.701844469578290608e-01 -1.200044048794288165e-02 3.468991639585062257e-03 1.288618726161381081e-02 1.766109148215033731e-02 1.629525539071555174e-02 3.095762635639315763e-04 1.066822623194869013e-03 3.734592905793540640e-02 1.496604192544708119e-02 7.124668791233525547e-03
1.182533158480665592e-03 -8.152998055221873791e-03 -5.112269266545917124e-02 1.066994097265675373e-01 -9.048899560397782871e-03 8.912342793330877200e+00 8.135904058068456735e+00 -2.808887529757767787e+00 2.250665464796434143e-04 1.020358109153754928e-04 3.982892113797414230e-04 8.447981130451064904e-04 3.095762635639315763e-04 7.599448356254985115e-04 1.791507318928560715e-04 -1.580318974640984499e-03 -2.697065088086208692e-03 -6.217340283368603992e-04
9.362398625628106253e-04 -1.666678509697155138e-03 -1.040168659016829991e-03 5.377674498434963785e-02 -2.020733842607305361e-02 -2.214666693107244733e+00 8.674869921210177637e+00 -1.549917851897214711e-02 -8.990613266852211282e-04 2.692249871620932080e-04 1.055190350465023659e-03 1.410567628767822688e-03 1.066822623194869013e-03 1.791507318928560715e-04 1.424588323797850364e-04 3.240930890047905109e-03 3.869820136367765114e-04 2.407878851386214528e-04
1.712447400896628669e-02 2.484382529618478497e-02 1.746272895171438355e+00 -3.310956673572714171e-01 -5.107134297415230062e-01 -2.341541075822170797e+02 2.001165387541521739e+02 6.236648952365705156e+01 -3.351785412870991049e-02 8.883623073732825615e-03 3.441043319251455707e-02 4.138548269821642339e-02 3.734592905793540640e-02 -1.580318974640984499e-03 3.240930890047905109e-03 1.933473782100125216e-01 9.455648808328973726e-03 2.566738909215314848e-02
2.239196448389050437e-02 1.185369979190329659e-01 -1.030872665327621673e+00 3.329190229783861366e+00 -8.626388390722726784e-01 -7.574326504481322786e+01 2.941981568248102690e+02 -3.613969877746862380e+01 -5.464847862170999632e-02 6.047317407025244208e-03 3.242987393492346299e-02 4.008812591994420638e-02 1.496604192544708119e-02 -2.697065088086208692e-03 3.869820136367765114e-04 9.455648808328973726e-03 1.741408110301736201e-01 -1.309569832442808099e-02
8.786777759698962114e-04 -1.271791889121656402e-02 2.211061903533949602e-01 -4.260242059451742058e-01 3.698193219587722624e-02 -1.829430491839355000e+01 3.287150786535610436e+00 1.283129887370903432e+01 1.992180385743064306e-03 9.377565625053724523e-04 1.481931771505439529e-03 1.754015159137795000e-03 7.124668791233525547e-03 -6.217340283368603992e-04 2.407878851386214528e-04 2.566738909215314848e-02 -1.309569832442808099e-02 1.117678516887984051e-02
1.064455197310956031e-02 3.013466491842696580e-03 -9.066622735226874397e-02 6.149122325654520216e-01 -2.588831729968981143e-01 -4.264613358379769892e+01 7.755109644599205865e+01 7.936690474652072780e-01 -8.698849371030341684e-03 3.122249857574022330e-03 1.213925798715033422e-02 1.619159161182425269e-02 1.100033130221355140e-02 2.280598276068327487e-03 1.658128541458765443e-03 4.101315556276036167e-02 1.734445083045231106e-03 1.458992111954279716e-03
3.013466491842696580e-03 1.736319668871858790e-01 1.259169805727240465e-01 4.244988888003825567e-01 -6.247687114424316235e-01 -2.291465386215010938e+02 7.487457509595381566e+01 1.411325501448769515e+01 -3.218022359622987882e-02 4.205340264403278037e-03 2.321424250671371911e-02 2.716559202641635404e-02 9.700248164416905294e-03 -1.474305508404979330e-03 1.321938143416348608e-03 8.202960532340657085e-02 5.153508538964148705e-02 -3.881743732134940780e-03
-9.066622735226874397e-02 1.259169805727240465e-01 3.048997859658224741e+01 -2.603442607607014381e+01 2.590340493924913279e+00 -1.235928829476277770e+03 -1.053472767559003842e+03 8.468990861377900501e+02 5.447511181107223682e-02 2.660756132298912075e-03 -1.217167147074625470e-02 -5.451539233252836875e-02 8.826003494460157514e-03 -1.554534621789655131e-02 6.915497967525974753e-03 1.119986372505746397e+00 -5.616397046044713237e-01 1.192990435225016049e-01
6.149122325654520216e-01 4.244988888003825567e-01 -2.603442607607014381e+01 7.122464632226022729e+01 -1.743146368497049536e+01 -1.178656722830193075e+03 6.017410615254862932e+03 -8.891691911413851130e+02 -7.534192465309820230e-01 1.508627571830375991e-01 6.982151016726403370e-01 9.682742635483801985e-01 4.846632881913601198e-01 9.807861513343187065e-02 5.813414412815914173e-02 6.822531884531046753e-01 1.405856775164291195e+00 -1.863052462227217654e-01
-2.588831729968981143e-01 -6.247687114424316235e-01 2.590340493924913279e+00 -1.743146368497049536e+01 9.484941727440242332e+00 2.088774393575336035e+03 -2.146116357804840391e+03 -2.726777824491727120e+00 3.372508235023376488e-01 -9.308540192214735665e-02 -3.951215593213778798e-01 -5.296605289008337047e-01 -3.137796575710682934e-01 -5.583389189270804298e-02 -4.704600776257869543e-02 -1.296441587278407859e+00 -1.613502095275833048e-01 -1.520053279820398479e-02
-4.264613358379769892e+01 -2.291465386215010938e+02 -1.235928829476277770e+03 -1.178656722830193075e+03 2.088774393575336035e+03 8.156563769717249088e+05 -3.494300141027630889e+05 -8.627440794332441874e+04 6.990394098467734807e+01 -2.315179863339969657e+01 -9.660587454698210763e+01 -1.268657927189800745e+02 -7.942845110556930877e+01 -9.993153743128498689e+00 -1.176992556600793982e+01 -4.272819055863107565e+02 3.267367808335153256e+01 -1.943271073315169772e+01
7.755109644599205865e+01 7.487457509595381566e+01 -1.053472767559003842e+03 6.017410615254862932e+03 -2.146116357804840391e+03 -3.494300141027630889e+05 7.273821866242758697e+05 -1.995940367364671692e+04 -9.448077892015241730e+01 2.341661152334433993e+01 9.945969938354826922e+01 1.331983204217885941e+02 8.299824671173037416e+01 1.220226447434004413e+01 1.023024166775376642e+01 2.662954495576007048e+02 1.047763787056131690e+02 6.986847852460813968e+00
7.936690474652072780e-01 1.411325501448769515e+01 8.468990861377900501e+02 -8.891691911413851130e+02 -2.726777824491727120e+00 -8.627440794332441874e+04 -1.995940367364671692e+04 3.898172527801721299e+04 1.131247664823029853e+00 1.812922003511553637e+00 4.936807938252085748e+00 4.926828548743513281e+00 6.913335652330312442e+00 2.893199762908317263e-01 1.217923628703651007e+00 6.689033831510755590e+01 -2.680745787674426595e+01 7.591414852820289383e+00
-8.698849371030341684e-03 -3.218022359622987882e-02 5.447511181107223682e-02 -7.534192465309820230e-01 3.372508235023376488e-01 6.990394098467734807e+01 -9.448077892015241730e+01 1.131247664823029853e+00 1.763049362026220673e-02 -3.148038229001041792e-03 -1.466311361273208054e-02 -1.882238132871879785e-02 -1.059110391035332673e-02 -9.824322347321845245e-04 -1.269598083328282246e-03 -4.123060050372557434e-02 -2.221968089103043553e-02 1.747831721407225173e-04
3.122249857574022330e-03 4.205340264403278037e-03 2.660756132298912075e-03 1.508627571830375991e-01 -9.308540192214735665e-02 -2.315179863339969657e+01 2.341661152334433993e+01 1.812922003511553637e+00 -3.148038229001041792e-03 1.126077168705957691e-03 4.450450136140640320e-03 5.862856078128537117e-03 4.019518144030259643e-03 6.929349406342908118e-04 5.931294303536215192e-04 1.723533283399169419e-02 -4.302430199089065754e-04 8.781001563724365232e-04
1.213925798715033422e-02 2.321424250671371911e-02 -1.217167147074625470e-02 6.982151016726403370e-01 -3.951215593213778798e-01 -9.660587454698210763e+01 9.945969938354826922e+01 4.936807938252085748e+00 -1.466311361273208054e-02 4.450450136140640320e-03 1.861080977475447137e-02 2.431295115502114454e-02 1.539858717103396134e-02 2.709468694205127010e-03 2.322480973159499196e-03 6.732915194624224109e-02 2.745096406881959803e-03 2.348229577594248326e-03
1.619159161182425269e-02 2.716559202641635404e-02 -5.451539233252836875e-02 9.682742635483801985e-01 -5.296605289008337047e-01 -1.268657927189800745e+02 1.331983204217885941e+02 4.926828548743513281e+00 -1.882238132871879785e-02 5.862856078128537117e-03 2.431295115502114454e-02 3.270313462268127636e-02 2.046044911081741635e-02 3.617553499522216474e-03 3.002304185058730836e-03 8.536307425507103086e-02 3.161151031644648772e-03 2.961993655665407822e-03
1.100033130221355140e-02 9.700248164416905294e-03 8.826003494460157514e-03 4.846632881913601198e-01 -3.137796575710682934e-01 -7.942845110556930877e+01 8.299824671173037416e+01 6.913335652330312442e+00 -1.059110391035332673e-02 4.019518144030259643e-03 1.539858717103396134e-02 2.046044911081741635e-02 1.589679808678603687e-02 2.303699040935653069e-03 2.064580606854669268e-03 6.159992988771173517e-02 -4.158856921756807871e-03 4.933589055247646245e-03
2.280598276068327487e-03 -1.474305508404979330e-03 -1.554534621789655131e-02 9.807861513343187065e-02 -5.583389189270804298e-02 -9.993153743128498689e+00 1.220226447434004413e+01 2.893199762908317263e-01 -9.824322347321845245e-04 6.929349406342908118e-04 2.709468694205127010e-03 3.617553499522216474e-03 2.303699040935653069e-03 1.055573887097817050e-03 5.530616022815412454e-04 1.153083706018359980e-02 -5.375710306829574459e-03 6.959167577803054470e-05
1.658128541458765443e-03 1.321938143416348608e-03 6.915497967525974753e-03 5.813414412815914173e-02 -4.704600776257869543e-02 -1.176992556600793982e+01 1.023024166775376642e+01 1.217923628703651007e+00 -1.269598083328282246e-03 5.931294303536215192e-04 2.322480973159499196e-03 3.002304185058730836e-03 2.064580606854669268e-03 5.530616022815412454e-04 3.941592552140890031e-04 1.035000144215953918e-02 -2.466693043179370940e-03 3.939248393728206842e-04
4.101315556276036167e-02 8.202960532340657085e-02 1.119986372505746397e+00 6.822531884531046753e-01 -1.296441587278407859e+00 -4.272819055863107565e+02 2.662954495576007048e+02 6.689033831510755590e+01 -4.123060050372557434e-02 1.723533283399169419e-02 6.732915194624224109e-02 8.536307425507103086e-02 6.159992988771173517e-02 1.153083706018359980e-02 1.035000144215953918e-02 3.377991554781534234e-01 -6.290024987723970284e-02 2.049897542977610621e-02
1.734445083045231106e-03 5.153508538964148705e-02 -5.616397046044713237e-01 1.405856775164291195e+00 -1.613502095275833048e-01 3.267367808335153256e+01 1.047763787056131690e+02 -2.680745787674426595e+01 -2.221968089103043553e-02 -4.302430199089065754e-04 2.745096406881959803e-03 3.161151031644648772e-03 -4.158856921756807871e-03 -5.375710306829574459e-03 -2.466693043179370940e-03 -6.290024987723970284e-02 1.130934041119194544e-01 -8.563789027879980045e-03
1.458992111954279716e-03 -3.881743732134940780e-03 1.192990435225016049e-01 -1.863052462227217654e-01 -1.520053279820398479e-02 -1.943271073315169772e+01 6.986847852460813968e+00 7.591414852820289383e+00 1.747831721407225173e-04 8.781001563724365232e-04 2.348229577594248326e-03 2.961993655665407822e-03 4.933589055247646245e-03 6.959167577803054470e-05 3.939248393728206842e-04 2.049897542977610621e-02 -8.563789027879980045e-03 5.822628707102389493e-03
1.061703178917771696e-02 4.170244994447807121e-03 -2.121895949549709726e-01 6.460749044541844732e-01 -2.240558027332258118e-01 -3.150793930515519392e+01 7.490567466213148862e+01 -6.951796557121801001e-01 -7.851503276992116004e-03 2.844390029773779388e-03 1.145182373279050002e-02 1.351882670280031389e-02 8.604623617116811257e-03 2.390794089461260354e-03 1.726697531528512087e-03 3.968262141593260905e-02 2.017681542341993265e-03 1.157668696424156044e-04
4.170244994447807121e-03 1.177974330955701698e-01 -2.895949699554174056e-02 4.619831983231882933e-01 -4.440266918145641117e-01 -1.523763750257008951e+02 6.609711635809715347e+01 8.308108267181383511e+00 -2.310787010851821088e-02 3.214377581964543429e-03 1.739915274495954997e-02 1.939019363627020320e-02 6.920087677505125032e-03 -5.518749909719423584e-04 1.196995572874924108e-03 6.031086452915904866e-02 3.695903531646528573e-02 -3.443542359637055770e-03
-2.121895949549709726e-01 -2.895949699554174056e-02 2.751231115224853596e+01 -2.862092513066496124e+01 3.816183266668827123e+00 -7.621251216124014718e+02 -1.768776338014846033e+03 6.305251524656707716e+02 1.373334686840902985e-01 -2.927786206752291606e-02 -1.488141727225647248e-01 -1.424657476162217995e-01 -3.855079837647788776e-02 -4.495179179481335885e-02 -2.014487744775331907e-02 2.792328218016434938e-01 -4.776617423959762521e-01 1.274359272751748318e-01
6.460749044541844732e-01 4.619831983231882933e-01 -2.862092513066496124e+01 6.509735519595116671e+01 -1.485731381935444517e+01 -8.747053556332095923e+02 5.675004792652347533e+03 -6.959124446387925218e+02 -6.604489810608373812e-01 1.487228813357646395e-01 6.838936128018945348e-01 8.089903737877542911e-01 3.911824391591292027e-01 1.188943566558682413e-01 7.711166146459472182e-02 1.177660179669826501e+00 1.103175365853085177e+00 -1.995295219079820104e-01
-2.240558027332258118e-01 -4.440266918145641117e-01 3.816183266668827123e+00 -1.485731381935444517e+01 7.098679454903513708e+00 1.450494283014731081e+03 -1.756358963238106526e+03 1.351360971259562227e+01 2.522384819304588355e-01 -7.355103508182583849e-02 -3.132161357999094231e-01 -3.949961415954828525e-01 -2.297166622953274728e-01 -5.050177225351797083e-02 -4.083316111170415263e-02 -1.057126064995814740e+00 -1.070956918121594575e-01 2.498886245405372640e-04
-3.150793930515519392e+01 -1.523763750257008951e+02 -7.621251216124014718e+02 -8.747053556332095923e+02 1.450494283014731081e+03 5.536963888227024581e+05 -2.459644168976032233e+05 -5.782105805498600239e+04 4.699489256888489308e+01 -1.629084330882131937e+01 -6.775031484825356642e+01 -8.814577169638232590e+01 -5.514530817399747065e+01 -7.739461427639209745e+00 -8.605674195047647856e+00 -3.024470680638264639e+02 2.814872584387735088e+01 -1.335984951549126976e+01
7.490567466213148862e+01 6.609711635809715347e+01 -1.768776338014846033e+03 5.675004792652347533e+03 -1.756358963238106526e+03 -2.459644168976032233e+05 6.442835161850897130e+05 -2.263795251229511268e+04 -7.772911824602827835e+01 2.045373770588393114e+01 8.801480790067908799e+01 1.055673565990008029e+02 6.265905460793545245e+01 1.358487056109480839e+01 1.071610549777370558e+01 2.524973035337665408e+02 8.200078445535847038e+01 -2.073489995475639613e+00
-6.951796557121801001e-01 8.308108267181383511e+00 6.305251524656707716e+02 -6.959124446387925218e+02 1.351360971259562227e+01 -5.782105805498600239e+04 -2.263795251229511268e+04 2.669839998708381972e+04 1.695652276971523431e+00 9.793513096006314367e-01 2.202358270879398727e+00 2.550624586779096870e+00 4.372274489105936190e+00 -5.637130938477128567e-02 6.341367158559141348e-01 4.158221423056990318e+01 -1.943467951635025059e+01 5.579796512653675045e+00
-7.851503276992116004e-03 -2.310787010851821088e-02 1.373334686840902985e-01 -6.604489810608373812e-01 2.522384819304588355e-01 4.699489256888489308e+01 -7.772911824602827835e+01 1.695652276971523431e+00 1.318512751720912930e-02 -2.507906251063233855e-03 -1.164859985467359658e-02 -1.390117770933861976e-02 -7.600509768745806680e-03 -1.104532636451990586e-03 -1.169688285016556688e-03 -3.347217843393106990e-02 -1.656092745325501298e-02 8.186274270601962824e-04
2.844390029773779388e-03 3.214377581964543429e-03 -2.927786206752291606e-02 1.487228813357646395e-01 -7.355103508182583849e-02 -1.629084330882131937e+01 2.045373770588393114e+01 9.793513096006314367e-01 -2.507906251063233855e-03 9.209383517483892565e-04 3.705473594558362973e-03 4.529562470669178109e-03 2.983082263767326305e-03 6.586548322051668115e-04 5.355779411973826979e-04 1.433999467094447706e-02 -2.831358394178670355e-04 4.295996544297978059e-04
1.145182373279050002e-02 1.739915274495954997e-02 -1.488141727225647248e-01 6.838936128018945348e-01 -3.132161357999094231e-01 -6.775031484825356642e+01 8.801480790067908799e+01 2.202358270879398727e+00 -1.164859985467359658e-02 3.705473594558362973e-03 1.563433745780395956e-02 1.887495415717933139e-02 1.153927950368587897e-02 2.655326834111332041e-03 2.153620589975647516e-03 5.704824238637361961e-02 2.238137269091080867e-03 8.131471907357778247e-04
1.351882670280031389e-02 1.939019363627020320e-02 -1.424657476162217995e-01 8.089903737877542911e-01 -3.949961415954828525e-01 -8.814577169638232590e+01 1.055673565990008029e+02 2.550624586779096870e+00 -1.390117770933861976e-02 4.529562470669178109e-03 1.887495415717933139e-02 2.410612244412059513e-02 1.479808271639621378e-02 3.139029959891672435e-03 2.518150636630505940e-03 6.755798976838976733e-02 1.601292996492008520e-03 1.495915104318545994e-03
8.604623617116811257e-03 6.920087677505125032e-03 -3.855079837647788776e-02 3.911824391591292027e-01 -2.297166622953274728e-01 -5.514530817399747065e+01 6.265905460793545245e+01 4.372274489105936190e+00 -7.600509768745806680e-03 2.983082263767326305e-03 1.153927950368587897e-02 1.479808271639621378e-02 1.121463606637746260e-02 1.896645318499688617e-03 1.632335456703267601e-03 4.652463258165507459e-02 -3.505747936135830342e-03 3.149224637846522942e-03
2.390794089461260354e-03 -5.518749909719423584e-04 -4.495179179481335885e-02 1.188943566558682413e-01 -5.050177225351797083e-02 -7.739461427639209745e+00 1.358487056109480839e+01 -5.637130938477128567e-02 -1.104532636451990586e-03 6.586548322051668115e-04 2.655326834111332041e-03 3.139029959891672435e-03 1.896645318499688617e-03 9.324601553163955683e-04 5.313469244788352050e-04 1.101589744511518622e-02 -3.663794610597037506e-03 -1.176290929235106100e-04
1.726697531528512087e-03 1.196995572874924108e-03 -2.014487744775331907e-02 7.711166146459472182e-02 -4.083316111170415263e-02 -8.605674195047647856e+00 1.071610549777370558e+01 6.341367158559141348e-01 -1.169688285016556688e-03 5.355779411973826979e-04 2.153620589975647516e-03 2.518150636630505940e-03 1.632335456703267601e-03 5.313469244788352050e-04 3.785275147023659361e-04 9.269594738464970521e-03 -1.692118077027230348e-03 1.442102083889015970e-04
3.968262141593260905e-02 6.031086452915904866e-02 2.792328218016434938e-01 1.177660179669826501e+00 -1.057126064995814740e+00 -3.024470680638264639e+02 2.524973035337665408e+02 4.158221423056990318e+01 -3.347217843393106990e-02 1.433999467094447706e-02 5.704824238637361961e-02 6.755798976838976733e-02 4.652463258165507459e-02 1.101589744511518622e-02 9.269594738464970521e-03 2.746087180358282587e-01 -4.523759021743723602e-02 1.171828434730342629e-02
2.017681542341993265e-03 3.695903531646528573e-02 -4.776617423959762521e-01 1.103175365853085177e+00 -1.070956918121594575e-01 2.814872584387735088e+01 8.200078445535847038e+01 -1.943467951635025059e+01 -1.656092745325501298e-02 -2.831358394178670355e-04 2.238137269091080867e-03 1.601292996492008520e-03 -3.505747936135830342e-03 -3.663794610597037506e-03 -1.692118077027230348e-03 -4.523759021743723602e-02 8.212834414614504641e-02 -7.003864044656035216e-03
1.157668696424156044e-04 -3.443542359637055770e-03 1.274359272751748318e-01 -1.995295219079820104e-01 2.498886245405372640e-04 -1.335984951549126976e+01 -2.073489995475639613e+00 5.579796512653675045e+00 8.186274270601962824e-04 4.295996544297978059e-04 8.131471907357778247e-04 1.495915104318545994e-03 3.149224637846522942e-03 -1.176290929235106100e-04 1.442102083889015970e-04 1.171828434730342629e-02 -7.003864044656035216e-03 4.269923553200356305e-03
8.626955649885267516e-03 5.720483473923966208e-03 -1.747455765009436890e-01 5.007229684193663655e-01 -1.772178098157697612e-01 -2.864813689572734035e+01 6.013949897420155821e+01 5.004573725733167944e-01 -6.121294626475583429e-03 2.334201057086490207e-03 9.317731082238272719e-03 1.065812069247295928e-02 6.808787432692913789e-03 1.922476113255327862e-03 1.425916990185340134e-03 3.430193504653480940e-02 1.635823217070220313e-03 1.434075641440899407e-04
5.720483473923966208e-03 1.207820404683570131e-01 -7.771982240526233154e-02 1.184599007772213497e-01 -3.859219325636747411e-01 -1.844176468994943434e+02 5.702339735434917145e+01 2.072747323242609596e+01 -1.749133761422200575e-02 3.999958880349287899e-03 1.819189976468638462e-02 1.833989083160168440e-02 8.294182361672118239e-03 2.904910238610975402e-04 1.920787681628761652e-03 9.145635138907583228e-02 2.255525415298669650e-02 -1.233379647110591183e-03
-1.747455765009436890e-01 -7.771982240526233154e-02 2.117519338703245069e+01 -2.200495284844013355e+01 3.089825248285950288e+00 -4.676694002683175881e+02 -1.423138207015151011e+03 4.539657705346342027e+02 1.110967989990198357e-01 -2.658251377221143574e-02 -1.291636777089280042e-01 -1.193403138703409971e-01 -3.673680313653771706e-02 -3.703112708989756557e-02 -1.827972301162624977e-02 1.076668099788002514e-01 -3.610638657446536559e-01 9.622474219492227476e-02
5.007229684193663655e-01 1.184599007772213497e-01 -2.200495284844013355e+01 5.304817901122468271e+01 -1.114958893857281907e+01 -1.186401588341182531e+02 4.457073564968603932e+03 -6.352134407515220573e+02 -5.117739258087998788e-01 1.059953111312968294e-01 5.011630498767267738e-01 5.966173185340839513e-01 2.795953710002017645e-01 8.991557683874450146e-02 5.447161153747499818e-02 6.235887709548404434e-01 9.024656778816830816e-01 -1.638234929023293096e-01
-1.772178098157697612e-01 -3.859219325636747411e-01 3.089825248285950288e+00 -1.114958893857281907e+01 5.463451642106976536e+00 1.195226944518603887e+03 -1.365881250731314367e+03 -1.184472101247404296e+01 1.919809512349099079e-01 -5.855503121231017682e-02 -2.467749842008577499e-01 -3.047307660071063573e-01 -1.784727042473754355e-01 -3.983550356899150102e-02 -3.284019976016083059e-02 -8.774785639534972148e-01 -7.760089216494819864e-02 -1.330572337935101261e-03
-2.864813689572734035e+01 -1.844176468994943434e+02 -4.676694002683175881e+02 -1.186401588341182531e+02 1.195226944518603887e+03 5.674688512041787617e+05 -1.962638571816599288e+05 -7.489311443378846161e+04 3.525837370168765261e+01 -1.555037009820162375e+01 -6.148454125479403132e+01 -7.399367680731739938e+01 -4.789241000432344464e+01 -7.224415428297319863e+00 -8.594927097328429966e+00 -3.254957558553091985e+02 3.283812529097618693e+01 -1.301278706772069427e+01
6.013949897420155821e+01 5.702339735434917145e+01 -1.423138207015151011e+03 4.457073564968603932e+03 -1.365881250731314367e+03 -1.962638571816599288e+05 5.096332157915863791e+05 -1.466339732667987482e+04 -5.995894063636363569e+01 1.625088577359631969e+01 6.953824501748985654e+01 8.163641729665410196e+01 4.849734452494298154e+01 1.089338199438464905e+01 8.637065054307210943e+00 2.062728810002947455e+02 6.419281912489448416e+01 -1.635559391995428102e+00
5.004573725733167944e-01 2.072747323242609596e+01 4.539657705346342027e+02 -6.352134407515220573e+02 -1.184472101247404296e+01 -7.489311443378846161e+04 -1.466339732667987482e+04 2.657226107706311450e+04 1.299375975568438646e+00 1.420601107949058139e+00 3.839950196524921644e+00 3.534828884403916849e+00 4.634201932315074934e+00 2.452470699848535718e-01 9.142190206336305858e-01 5.154054333033420932e+01 -1.700357550362042502e+01 4.827541961332306286e+00
-6.121294626475583429e-03 -1.749133761422200575e-02 1.110967989990198357e-01 -5.117739258087998788e-01 1.919809512349099079e-01 3.525837370168765261e+01 -5.995894063636363569e+01 1.299375975568438646e+00 1.002586770130735154e-02 -1.925628336804946971e-03 -8.926216377725110576e-03 -1.055437689048269526e-02 -5.768581417284123110e-03 -8.713000466043710609e-04 -9.090417909143745472e-04 -2.576883691226191861e-02 -1.262498830439422355e-02 6.516287389961016334e-04
2.334201057086490207e-03 3.999958880349287899e-03 -2.658251377221143574e-02 1.059953111312968294e-01 -5.855503121231017682e-02 -1.555037009820162375e+01 1.625088577359631969e+01 1.420601107949058139e+00 -1.925628336804946971e-03 7.804224238183700641e-04 3.082451035068521378e-03 3.617531309774619803e-03 2.406334549841675219e-03 5.403355514879676748e-04 4.597610905358747954e-04 1.315404461706327216e-02 -3.774829662458402857e-04 3.792012560379870532e-04
9.317731082238272719e-03 1.819189976468638462e-02 -1.291636777089280042e-01 5.011630498767267738e-01 -2.467749842008577499e-01 -6.148454125479403132e+01 6.953824501748985654e+01 3.839950196524921644e+00 -8.926216377725110576e-03 3.082451035068521378e-03 1.276487875429328615e-02 1.490770185571684003e-02 9.219160351326182237e-03 2.155278570958472396e-03 1.812420764058487619e-03 5.070230612827300587e-02 1.229447724583046606e-03 7.795724760222028527e-04
1.065812069247295928e-02 1.833989083160168440e-02 -1.193403138703409971e-01 5.966173185340839513e-01 -3.047307660071063573e-01 -7.399367680731739938e+01 8.163641729665410196e+01 3.534828884403916849e+00 -1.055437689048269526e-02 3.617531309774619803e-03 1.490770185571684003e-02 1.862072145427570713e-02 1.150843701679835768e-02 2.471607680125448379e-03 2.031841782680673687e-03 5.647017840607912453e-02 8.516867730987094437e-04 1.249431878282157354e-03
6.808787432692913789e-03 8.294182361672118239e-03 -3.673680313653771706e-02 2.795953710002017645e-01 -1.784727042473754355e-01 -4.789241000432344464e+01 4.849734452494298154e+01 4.634201932315074934e+00 -5.768581417284123110e-03 2.406334549841675219e-03 9.219160351326182237e-03 1.150843701679835768e-02 8.734517685036413681e-03 1.505964008689267015e-03 1.333276061045801869e-03 3.950717361869623273e-02 -2.990485661801001779e-03 2.481787973740971157e-03
1.922476113255327862e-03 2.904910238610975402e-04 -3.703112708989756557e-02 8.991557683874450146e-02 -3.983550356899150102e-02 -7.224415428297319863e+00 1.089338199438464905e+01 2.452470699848535718e-01 -8.713000466043710609e-04 5.403355514879676748e-04 2.155278570958472396e-03 2.471607680125448379e-03 1.505964008689267015e-03 7.267433180331906752e-04 4.288481111650497245e-04 9.400143260651635385e-03 -2.773604581207189407e-03 -7.045062241535740457e-05
1.425916990185340134e-03 1.920787681628761652e-03 -1.827972301162624977e-02 5.447161153747499818e-02 -3.284019976016083059e-02 -8.594927097328429966e+00 8.637065054307210943e+00 9.142190206336305858e-01 -9.090417909143745472e-04 4.597610905358747954e-04 1.812420764058487619e-03 2.031841782680673687e-03 1.333276061045801869e-03 4.288481111650497245e-04 3.216115497930665634e-04 8.500087176100814407e-03 -1.373916755531160187e-03 1.431636090910766456e-04
3.430193504653480940e-02 9.145635138907583228e-02 1.076668099788002514e-01 6.235887709548404434e-01 -8.774785639534972148e-01 -3.254957558553091985e+02 2.062728810002947455e+02 5.154054333033420932e+01 -2.576883691226191861e-02 1.315404461706327216e-02 5.070230612827300587e-02 5.647017840607912453e-02 3.950717361869623273e-02 9.400143260651635385e-03 8.500087176100814407e-03 2.733053985243812933e-01 -4.023846198812178893e-02 1.060042025824085334e-02
1.635823217070220313e-03 2.255525415298669650e-02 -3.610638657446536559e-01 9.024656778816830816e-01 -7.760089216494819864e-02 3.283812529097618693e+01 6.419281912489448416e+01 -1.700357550362042502e+01 -1.262498830439422355e-02 -3.774829662458402857e-04 1.229447724583046606e-03 8.516867730987094437e-04 -2.990485661801001779e-03 -2.773604581207189407e-03 -1.373916755531160187e-03 -4.023846198812178893e-02 6.299065579476710586e-02 -5.511843318734032868e-03
1.434075641440899407e-04 -1.233379647110591183e-03 9.622474219492227476e-02 -1.638234929023293096e-01 -1.330572337935101261e-03 -1.301278706772069427e+01 -1.635559391995428102e+00 4.827541961332306286e+00 6.516287389961016334e-04 3.792012560379870532e-04 7.795724760222028527e-04 1.249431878282157354e-03 2.481787973740971157e-03 -7.045062241535740457e-05 1.431636090910766456e-04 1.060042025824085334e-02 -5.511843318734032868e-03 3.280277910415517993e-03
6.970700381124137271e-03 5.710572422471297226e-03 -1.369880433913114592e-01 3.873970500765197555e-01 -1.432072795695106537e-01 -2.557119736411926780e+01 4.808450377787425367e+01 1.053932501814794476e+00 -4.889242184226939500e-03 1.924738833631512618e-03 7.623944371965525775e-03 8.657727050957988307e-03 5.582799693227565897e-03 1.550199166622741580e-03 1.173992176081199539e-03 2.920627878259694429e-02 1.061186367236652533e-03 2.000139420600724992e-04
5.710572422471297226e-03 1.146083390329463020e-01 -2.309850483441339836e-02 -1.086763439434159789e-01 -3.324699885817193890e-01 -1.895405859115276428e+02 4.557292286896413458e+01 2.680001819303775434e+01 -1.389981286186512364e-02 4.116134395330929910e-03 1.728514767295584453e-02 1.679800495816243314e-02 8.797812437241009365e-03 4.459543174386668032e-04 2.071880570315673496e-03 1.011317100027279425e-01 1.414115034410315386e-02 3.360946674848633861e-04
-1.369880433913114592e-01 -2.309850483441339836e-02 1.709711496286265842e+01 -1.807948991826462048e+01 2.419112764914997271e+00 -4.683216557526905035e+02 -1.138343908293079039e+03 3.877381610122489519e+02 8.895717245150520924e-02 -1.914181553361288257e-02 -9.711964751280294239e-02 -9.052730622264412719e-02 -2.414594138673775356e-02 -2.929283270864419322e-02 -1.344920505874774158e-02 1.504078658412194569e-01 -2.974636745531617499e-01 8.035014155084710397e-02
3.873970500765197555e-01 -1.086763439434159789e-01 -1.807948991826462048e+01 4.474442322208591349e+01 -8.646531178257113481e+00 3.822364187005865688e+02 3.564611242764228336e+03 -6.249372876575303053e+02 -4.102557746863098043e-01 7.430200315449699000e-02 3.696400220403748271e-01 4.527656476244777406e-01 1.987156682004025676e-01 6.954783738137217119e-02 3.748536807993052555e-02 1.799919620455882052e-01 7.659455930618214170e-01 -1.463197521001565193e-01
-1.432072795695106537e-01 -3.324699885817193890e-01 2.419112764914997271e+00 -8.646531178257113481e+00 4.400266543350895176e+00 1.011391763501939977e+03 -1.092149517506077927e+03 -2.299281658747560186e+01 1.534010281476378690e-01 -4.803377927770891703e-02 -2.009437251607752994e-01 -2.464826454741514683e-01 -1.455650360014684175e-01 -3.213462734265537524e-02 -2.696759205996603417e-02 -7.386636073881407416e-01 -5.690910969320183560e-02 -2.805684710096392406e-03
-2.557119736411926780e+01 -1.895405859115276428e+02 -4.683216557526905035e+02 3.822364187005865688e+02 1.011391763501939977e+03 5.521322280258089304e+05 -1.568434893157123297e+05 -8.387346013234897691e+04 2.798623834698675239e+01 -1.458323873023535278e+01 -5.556928519681240886e+01 -6.416072279676062351e+01 -4.338004201343926525e+01 -6.270730734763945158e+00 -8.125180152248811183e+00 -3.258219146358865146e+02 3.537521736528594118e+01 -1.352129977259184024e+01
4.808450377787425367e+01 4.557292286896413458e+01 -1.138343908293079039e+03 3.564611242764228336e+03 -1.092149517506077927e+03 -1.568434893157123297e+05 4.075131577222818159e+05 -1.175737114215018846e+04 -4.794626562428747008e+01 1.299149108162812638e+01 5.559599633597339619e+01 6.527014396389805029e+01 3.876928735858396635e+01 8.710151577140608836e+00 6.904833470949871099e+00 1.648598305533323014e+02 5.134239607039017272e+01 -1.315551579084411671e+00
1.053932501814794476e+00 2.680001819303775434e+01 3.877381610122489519e+02 -6.249372876575303053e+02 -2.299281658747560186e+01 -8.387346013234897691e+04 -1.175737114215018846e+04 2.713788587713420566e+04 1.088786017316837551e+00 1.661345973794236208e+00 4.633116299219490308e+00 4.047399881139585709e+00 4.954706501443340905e+00 3.130911190731360816e-01 1.035788811204690241e+00 5.723324656772874874e+01 -1.582155824789596466e+01 4.630828638866967495e+00
-4.889242184226939500e-03 -1.389981286186512364e-02 8.895717245150520924e-02 -4.102557746863098043e-01 1.534010281476378690e-01 2.798623834698675239e+01 -4.794626562428747008e+01 1.088786017316837551e+00 8.018317758264089171e-03 -1.535086966746702182e-03 -7.123669935780005576e-03 -8.428444499870492435e-03 -4.601168822033565448e-03 -6.953589575257028031e-04 -7.240794421764914710e-04 -2.046504025309280397e-02 -1.011598049204105731e-02 5.282624222610436682e-04
1.924738833631512618e-03 4.116134395330929910e-03 -1.914181553361288257e-02 7.430200315449699000e-02 -4.803377927770891703e-02 -1.458323873023535278e+01 1.299149108162812638e+01 1.661345973794236208e+00 -1.535086966746702182e-03 6.710401942238603283e-04 2.604728871762488750e-03 3.001846759225496996e-03 2.035609150858260635e-03 4.427598233984676073e-04 3.949864377518537569e-04 1.195160027856865571e-02 -5.013399200208116559e-04 3.717557179404960962e-04
7.623944371965525775e-03 1.728514767295584453e-02 -9.711964751280294239e-02 3.696400220403748271e-01 -2.009437251607752994e-01 -5.556928519681240886e+01 5.559599633597339619e+01 4.633116299219490308e+00 -7.123669935780005576e-03 2.604728871762488750e-03 1.062401600248576855e-02 1.224560545370629271e-02 7.703114896658457174e-03 1.755539658676803175e-03 1.530806340706037608e-03 4.481142415973039111e-02 3.888346103151085753e-04 8.266367718601955010e-04
8.657727050957988307e-03 1.679800495816243314e-02 -9.052730622264412719e-02 4.527656476244777406e-01 -2.464826454741514683e-01 -6.416072279676062351e+01 6.527014396389805029e+01 4.047399881139585709e+00 -8.428444499870492435e-03 3.001846759225496996e-03 1.224560545370629271e-02 1.514308477604140585e-02 9.461259867490669218e-03 2.001219155038781554e-03 1.688266673345640862e-03 4.848554380897683591e-02 2.172612066052427939e-04 1.158301400726308291e-03
5.582799693227565897e-03 8.797812437241009365e-03 -2.414594138673775356e-02 1.987156682004025676e-01 -1.455650360014684175e-01 -4.338004201343926525e+01 3.876928735858396635e+01 4.954706501443340905e+00 -4.601168822033565448e-03 2.035609150858260635e-03 7.703114896658457174e-03 9.461259867490669218e-03 7.249602094880454144e-03 1.229105137911341503e-03 1.130794905932876095e-03 3.498846994081343531e-02 -2.864343192363295529e-03 2.148503249523130414e-03
1.550199166622741580e-03 4.459543174386668032e-04 -2.929283270864419322e-02 6.954783738137217119e-02 -3.213462734265537524e-02 -6.270730734763945158e+00 8.710151577140608836e+00 3.130911190731360816e-01 -6.953589575257028031e-04 4.427598233984676073e-04 1.755539658676803175e-03 2.001219155038781554e-03 1.229105137911341503e-03 5.839302218309720769e-04 3.492855911857395911e-04 7.843023916663492690e-03 -2.263780794482085114e-03 -4.142324088347928708e-05
1.173992176081199539e-03 2.071880570315673496e-03 -1.344920505874774158e-02 3.748536807993052555e-02 -2.696759205996603417e-02 -8.125180152248811183e+00 6.904833470949871099e+00 1.035788811204690241e+00 -7.240794421764914710e-04 3.949864377518537569e-04 1.530806340706037608e-03 1.688266673345640862e-03 1.130794905932876095e-03 3.492855911857395911e-04 2.731404973943960196e-04 7.631105936962629017e-03 -1.214890811554699464e-03 1.540835082056893725e-04
