6.579546466365762333e-03 -5.033339458682696381e-03 -1.096418571340146420e-01 -1.007220581731749914e-01 -1.923202804728383480e-02 -1.264951945130617617e+01 -2.501007008576561663e+00 2.420943368008741381e-01 5.091335167077098468e-03 1.463276923932958903e-03 4.243545757018255633e-04 3.131211194290450762e-04 1.314412436902016889e-04 1.392675338402821509e-03 5.117283239497898758e-04 2.676398513903839376e-04 4.855054614370573544e-04 8.699758393565645495e-04
-5.033339458682696381e-03 5.537844540974251606e-02 9.328099483597108998e-02 1.313798013765135608e-01 6.984109894547010922e-02 3.651581059759447356e+01 9.973443940571268485e+00 2.809844642162754799e-02 -3.141335910603184310e-03 -5.524460876108048439e-04 1.956271697049622761e-03 1.232387125950457844e-04 -2.799485809234493429e-04 9.967079883245793994e-04 -8.771160994009151749e-04 -6.715981358406709900e-04 -1.388209010397494338e-03 -4.550900889948019876e-03
-1.096418571340146420e-01 9.328099483597108998e-02 1.963431360180234897e+00 1.816860336450764279e+00 2.610012660098539605e-01 2.457958936007869113e+02 3.239503249110995853e+01 -4.476548472469709772e+00 -9.118051999652347639e-02 -2.400028504369268803e-02 -6.498534292846525930e-03 -5.159398782160043266e-03 -2.475320293031752113e-03 -2.206439357387027234e-02 -1.016347662747543040e-02 -5.935341363272004719e-03 -6.493487332842604216e-03 -1.750429878953964694e-02
-1.007220581731749914e-01 1.313798013765135608e-01 1.816860336450764279e+00 1.806703617372922954e+00 3.138675729308414430e-01 2.458178682974561866e+02 3.819259958363249297e+01 -4.091618090284366183e+00 -8.442203514797209929e-02 -2.052511790845204173e-02 -3.581170685236218735e-03 -4.339113782089199303e-03 -1.748557561956084290e-03 -1.730570035273698917e-02 -9.767044834191046868e-03 -5.956831750530935249e-03 -6.180623231083010038e-03 -1.993583795213499030e-02
-1.923202804728383480e-02 6.984109894547010922e-02 2.610012660098539605e-01 3.138675729308414430e-01 3.633331767264981749e-01 4.436540395391908476e+01 3.436515387482013750e+01 -8.016244559997629526e-01 -9.848646931828703571e-03 -1.920446444136761138e-03 1.399942734238928494e-03 2.495973599535895610e-04 6.331886089593906407e-04 6.477169069691643801e-04 -3.227315128285399254e-04 7.281938428787029219e-05 -9.141066095044773042e-04 -7.337819043310065369e-03
-1.264951945130617617e+01 3.651581059759447356e+01 2.457958936007869113e+02 2.458178682974561866e+02 4.436540395391908476e+01 4.737876468480700714e+04 7.462461653701458090e+03 -4.550342533956793432e+02 -1.093679874536575802e+01 -2.583581921654743319e+00 4.290995163773738130e-01 -4.116720359459278833e-01 -5.651948370170665203e-01 -1.533630506747173161e+00 -1.558744234945136808e+00 -1.063208838905828735e+00 -1.153974642463172939e+00 -4.388571048174499722e+00
-2.501007008576561663e+00 9.973443940571268485e+00 3.239503249110995853e+01 3.819259958363249297e+01 3.436515387482013750e+01 7.462461653701458090e+03 5.417119739681529609e+03 -6.353773472752199325e+01 -1.360529773788711427e+00 -4.629221652195898429e-01 2.060564239677605269e-01 -4.138051432252395022e-04 -1.203841684264885387e-01 -1.330434120322016023e-01 -4.242204647525010114e-02 8.132357192831844023e-03 -3.832689283522852652e-01 -1.024905156394475991e+00
2.420943368008741381e-01 2.809844642162754799e-02 -4.476548472469709772e+00 -4.091618090284366183e+00 -8.016244559997629526e-01 -4.550342533956793432e+02 -6.353773472752199325e+01 1.336270205563214475e+01 2.124668790289914455e-01 4.940292189510522153e-02 2.324753643770822650e-02 1.081532157338603757e-02 2.422632413465043971e-03 4.808540065148984161e-02 1.978424531193496982e-02 1.086390150615578615e-02 1.566077802185760935e-04 3.116381954191059164e-02
5.091335167077098468e-03 -3.141335910603184310e-03 -9.118051999652347639e-02 -8.442203514797209929e-02 -9.848646931828703571e-03 -1.093679874536575802e+01 -1.360529773788711427e+00 2.124668790289914455e-01 4.790663358209275302e-03 1.100275233283894106e-03 2.487282158749195920e-04 2.674183441546769857e-04 1.201293902749695424e-04 1.016733102429360483e-03 4.302882284667787233e-04 2.851062058108278299e-04 2.531110827999623987e-04 7.577673268406724845e-04
1.463276923932958903e-03 -5.524460876108048439e-04 -2.400028504369268803e-02 -2.052511790845204173e-02 -1.920446444136761138e-03 -2.583581921654743319e+00 -4.629221652195898429e-01 4.940292189510522153e-02 1.100275233283894106e-03 3.645705401445044152e-04 1.320237940148636714e-04 7.886428844607629184e-05 4.813201478397674933e-05 3.748235624401989466e-04 1.115348355018203367e-04 5.347851782641590055e-05 1.315706335132687697e-04 1.321572589403550947e-04
4.243545757018255633e-04 1.956271697049622761e-03 -6.498534292846525930e-03 -3.581170685236218735e-03 1.399942734238928494e-03 4.290995163773738130e-01 2.060564239677605269e-01 2.324753643770822650e-02 2.487282158749195920e-04 1.320237940148636714e-04 1.520412839137988599e-04 3.418288801617156808e-05 2.394772328292314376e-06 2.019224273846543551e-04 1.814332331025391386e-05 -7.926080037916825624e-06 3.543344390841495264e-07 -1.307403485930263372e-04
3.131211194290450762e-04 1.232387125950457844e-04 -5.159398782160043266e-03 -4.339113782089199303e-03 2.495973599535895610e-04 -4.116720359459278833e-01 -4.138051432252395022e-04 1.081532157338603757e-02 2.674183441546769857e-04 7.886428844607629184e-05 3.418288801617156808e-05 2.116367752903546318e-05 7.646136417022871386e-06 8.934931892385957191e-05 2.356564938726965787e-05 1.262049685472940330e-05 2.373114917958254298e-05 5.577788225390553491e-06
1.314412436902016889e-04 -2.799485809234493429e-04 -2.475320293031752113e-03 -1.748557561956084290e-03 6.331886089593906407e-04 -5.651948370170665203e-01 -1.203841684264885387e-01 2.422632413465043971e-03 1.201293902749695424e-04 4.813201478397674933e-05 2.394772328292314376e-06 7.646136417022871386e-06 2.361097003485104461e-05 4.132950167843486838e-05 1.462578213534722072e-05 9.330036919239818128e-06 2.817010785423963471e-05 3.948323335026233212e-05
1.392675338402821509e-03 9.967079883245793994e-04 -2.206439357387027234e-02 -1.730570035273698917e-02 6.477169069691643801e-04 -1.533630506747173161e+00 -1.330434120322016023e-01 4.808540065148984161e-02 1.016733102429360483e-03 3.748235624401989466e-04 2.019224273846543551e-04 8.934931892385957191e-05 4.132950167843486838e-05 4.393357842447890172e-04 9.408489516926472570e-05 3.534655055224360910e-05 1.160835286150493093e-04 -1.504843773231497499e-05
5.117283239497898758e-04 -8.771160994009151749e-04 -1.016347662747543040e-02 -9.767044834191046868e-03 -3.227315128285399254e-04 -1.558744234945136808e+00 -4.242204647525010114e-02 1.978424531193496982e-02 4.302882284667787233e-04 1.115348355018203367e-04 1.814332331025391386e-05 2.356564938726965787e-05 1.462578213534722072e-05 9.408489516926472570e-05 7.105174794106862532e-05 4.405611403822079459e-05 3.825971987887103289e-05 1.161263645576977562e-04
2.676398513903839376e-04 -6.715981358406709900e-04 -5.935341363272004719e-03 -5.956831750530935249e-03 7.281938428787029219e-05 -1.063208838905828735e+00 8.132357192831844023e-03 1.086390150615578615e-02 2.851062058108278299e-04 5.347851782641590055e-05 -7.926080037916825624e-06 1.262049685472940330e-05 9.330036919239818128e-06 3.534655055224360910e-05 4.405611403822079459e-05 3.348501201233286908e-05 1.577554003152352484e-05 8.620148165171305781e-05
4.855054614370573544e-04 -1.388209010397494338e-03 -6.493487332842604216e-03 -6.180623231083010038e-03 -9.141066095044773042e-04 -1.153974642463172939e+00 -3.832689283522852652e-01 1.566077802185760935e-04 2.531110827999623987e-04 1.315706335132687697e-04 3.543344390841495264e-07 2.373114917958254298e-05 2.817010785423963471e-05 1.160835286150493093e-04 3.825971987887103289e-05 1.577554003152352484e-05 1.153614103316874198e-04 8.807364528723866373e-05
8.699758393565645495e-04 -4.550900889948019876e-03 -1.750429878953964694e-02 -1.993583795213499030e-02 -7.337819043310065369e-03 -4.388571048174499722e+00 -1.024905156394475991e+00 3.116381954191059164e-02 7.577673268406724845e-04 1.321572589403550947e-04 -1.307403485930263372e-04 5.577788225390553491e-06 3.948323335026233212e-05 -1.504843773231497499e-05 1.161263645576977562e-04 8.620148165171305781e-05 8.807364528723866373e-05 4.937603004690325646e-04
4.635072199181461752e-03 1.258820489722329433e-02 -6.504597424691649366e-02 -4.932713416488961750e-02 -1.259143100107101149e-02 3.494070773858482415e+00 -2.275154238735736245e-01 2.138666329281743439e-01 3.643672771129347586e-03 1.055572341533034990e-03 8.126482727846085028e-04 3.117635041276624157e-04 -1.049456748089252155e-04 1.462935657579469669e-03 9.708593361553822805e-05 -2.028311772557482839e-05 -2.035713863176748166e-05 -6.991296219232621782e-04
1.258820489722329433e-02 1.979733146329269444e-01 -6.810461883571877761e-02 7.831952947637972617e-02 2.456814485389788999e-03 1.289958226502796492e+02 1.672492083104051375e+01 1.056366390207148065e+00 1.086416456474930195e-02 3.358704549116155440e-03 7.723522651205134114e-03 1.814791146969207698e-03 -2.065553003259968604e-03 9.122311803931082430e-03 -2.224368120722736066e-03 -2.061638132666593608e-03 -3.668879818884431508e-03 -1.507076696350226168e-02
-6.504597424691649366e-02 -6.810461883571877761e-02 1.058956067812120150e+00 9.004065601208800507e-01 1.535720045115468724e-01 4.824598367301857138e+01 8.538010533178173489e+00 -2.942774369646159460e+00 -5.386638294568229374e-02 -1.446678357348964508e-02 -7.822372153238612083e-03 -3.755972133766589602e-03 5.802241950994836673e-05 -1.686403066161375891e-02 -3.868748375920971413e-03 -1.788331386447960429e-03 -1.257162008046162514e-03 -1.326055810722490960e-04
-4.932713416488961750e-02 7.831952947637972617e-02 9.004065601208800507e-01 9.052110458791836622e-01 1.557791293821747247e-01 1.311421634602060351e+02 2.023683296123042652e+01 -1.971688750285420122e+00 -4.120530821084660705e-02 -1.002126137972621928e-02 -1.323123301987571936e-03 -2.036412634256267330e-03 -1.020596003755674074e-03 -8.046198341335800835e-03 -5.008778390391441585e-03 -3.090302448216743301e-03 -3.330955732799688145e-03 -1.092128262414702664e-02
-1.259143100107101149e-02 2.456814485389788999e-03 1.535720045115468724e-01 1.557791293821747247e-01 1.894800576290631700e-01 1.117028820615302953e+00 1.515264101266316921e+01 -6.071689487957346865e-01 -7.290806345240559601e-03 -1.670238999880028921e-03 -6.056414680900830492e-04 -2.075286669692253283e-04 6.832196725496996262e-04 -1.334538333966420404e-03 1.806111005189981367e-04 3.775329647271181001e-04 1.095594923569706769e-04 -1.249391521080567670e-03
3.494070773858482415e+00 1.289958226502796492e+02 4.824598367301857138e+01 1.311421634602060351e+02 1.117028820615302953e+00 9.569119050327545847e+04 1.137729184974907366e+04 4.505601444879810629e+02 2.625847581276572473e+00 1.070241101752117840e+00 4.599086276004411999e+00 9.343018877265049094e-01 -1.534633985331038009e+00 4.838767295654831990e+00 -1.939938929039466631e+00 -1.652990647055743390e+00 -2.513770207559760550e+00 -1.051333676554618002e+01
-2.275154238735736245e-01 1.672492083104051375e+01 8.538010533178173489e+00 2.023683296123042652e+01 1.515264101266316921e+01 1.137729184974907366e+04 3.542738511080626267e+03 3.897519923350214555e+01 1.735146278140893839e-01 1.559209937183315617e-02 5.648285892495880089e-01 1.205352164080462224e-01 -1.927292681381429229e-01 5.244586068263119571e-01 -1.446935272551027329e-01 -1.138136306927825248e-01 -3.972705946859052539e-01 -1.396837196780202683e+00
2.138666329281743439e-01 1.056366390207148065e+00 -2.942774369646159460e+00 -1.971688750285420122e+00 -6.071689487957346865e-01 4.505601444879810629e+02 3.897519923350214555e+01 1.308205927875838803e+01 1.821024975792007172e-01 4.703217503616612116e-02 5.301668493811861893e-02 1.612467910246462646e-02 -1.057686912818881636e-02 7.691445459021867270e-02 -1.073973627279186912e-03 -5.205818684852646025e-03 -1.808890835186915264e-02 -6.270363782440813161e-02
3.643672771129347586e-03 1.086416456474930195e-02 -5.386638294568229374e-02 -4.120530821084660705e-02 -7.290806345240559601e-03 2.625847581276572473e+00 1.735146278140893839e-01 1.821024975792007172e-01 3.294608402632818230e-03 8.149289044214494361e-04 6.174783056162211044e-04 2.612936043438388685e-04 -8.047334755311177869e-05 1.137659490930218852e-03 8.418823335779527367e-05 1.592813164575483800e-05 -9.032061883144626685e-05 -5.561459987035037621e-04
1.055572341533034990e-03 3.358704549116155440e-03 -1.446678357348964508e-02 -1.002126137972621928e-02 -1.670238999880028921e-03 1.070241101752117840e+00 1.559209937183315617e-02 4.703217503616612116e-02 8.149289044214494361e-04 2.602780419939015378e-04 2.104775308418675175e-04 7.682014808167132800e-05 -1.702300514652152426e-05 3.719522368334390286e-04 1.762112300048114790e-05 -1.024604977349233436e-05 2.476850814329563621e-06 -2.068774173180798102e-04
8.126482727846085028e-04 7.723522651205134114e-03 -7.822372153238612083e-03 -1.323123301987571936e-03 -6.056414680900830492e-04 4.599086276004411999e+00 5.648285892495880089e-01 5.301668493811861893e-02 6.174783056162211044e-04 2.104775308418675175e-04 3.435747461825013407e-04 8.656612127222424813e-05 -7.506613062538948175e-05 4.430703769941130628e-04 -6.166020090509938983e-05 -7.242440943475633177e-05 -1.175062784586460300e-04 -5.719884868770695307e-04
3.117635041276624157e-04 1.814791146969207698e-03 -3.755972133766589602e-03 -2.036412634256267330e-03 -2.075286669692253283e-04 9.343018877265049094e-01 1.205352164080462224e-01 1.612467910246462646e-02 2.612936043438388685e-04 7.682014808167132800e-05 8.656612127222424813e-05 2.860563896949113637e-05 -1.599187035676299942e-05 1.334373065906003771e-04 -6.623855622418650663e-06 -1.147176727872819941e-05 -1.874561433779063787e-05 -1.289685839376492136e-04
-1.049456748089252155e-04 -2.065553003259968604e-03 5.802241950994836673e-05 -1.020596003755674074e-03 6.832196725496996262e-04 -1.534633985331038009e+00 -1.927292681381429229e-01 -1.057686912818881636e-02 -8.047334755311177869e-05 -1.702300514652152426e-05 -7.506613062538948175e-05 -1.599187035676299942e-05 3.354201594745535007e-05 -7.682228765335888669e-05 2.751978629762467249e-05 2.420028407401459843e-05 4.773292105043675551e-05 1.643850691850531323e-04
1.462935657579469669e-03 9.122311803931082430e-03 -1.686403066161375891e-02 -8.046198341335800835e-03 -1.334538333966420404e-03 4.838767295654831990e+00 5.244586068263119571e-01 7.691445459021867270e-02 1.137659490930218852e-03 3.719522368334390286e-04 4.430703769941130628e-04 1.334373065906003771e-04 -7.682228765335888669e-05 6.569275876447989992e-04 -4.340230707731899224e-05 -6.984259440255405956e-05 -9.240326373231216915e-05 -6.553317735963281546e-04
9.708593361553822805e-05 -2.224368120722736066e-03 -3.868748375920971413e-03 -5.008778390391441585e-03 1.806111005189981367e-04 -1.939938929039466631e+00 -1.446935272551027329e-01 -1.073973627279186912e-03 8.418823335779527367e-05 1.762112300048114790e-05 -6.166020090509938983e-05 -6.623855622418650663e-06 2.751978629762467249e-05 -4.340230707731899224e-05 5.417665061387048171e-05 4.008681429164955983e-05 5.040025650666853817e-05 1.921538244426695713e-04
-2.028311772557482839e-05 -2.061638132666593608e-03 -1.788331386447960429e-03 -3.090302448216743301e-03 3.775329647271181001e-04 -1.652990647055743390e+00 -1.138136306927825248e-01 -5.205818684852646025e-03 1.592813164575483800e-05 -1.024604977349233436e-05 -7.242440943475633177e-05 -1.147176727872819941e-05 2.420028407401459843e-05 -6.984259440255405956e-05 4.008681429164955983e-05 3.426023112628633001e-05 3.808413478825484059e-05 1.725882884503702195e-04
-2.035713863176748166e-05 -3.668879818884431508e-03 -1.257162008046162514e-03 -3.330955732799688145e-03 1.095594923569706769e-04 -2.513770207559760550e+00 -3.972705946859052539e-01 -1.808890835186915264e-02 -9.032061883144626685e-05 2.476850814329563621e-06 -1.175062784586460300e-04 -1.874561433779063787e-05 4.773292105043675551e-05 -9.240326373231216915e-05 5.040025650666853817e-05 3.808413478825484059e-05 1.096887048577004835e-04 2.676873660908334973e-04
-6.991296219232621782e-04 -1.507076696350226168e-02 -1.326055810722490960e-04 -1.092128262414702664e-02 -1.249391521080567670e-03 -1.051333676554618002e+01 -1.396837196780202683e+00 -6.270363782440813161e-02 -5.561459987035037621e-04 -2.068774173180798102e-04 -5.719884868770695307e-04 -1.289685839376492136e-04 1.643850691850531323e-04 -6.553317735963281546e-04 1.921538244426695713e-04 1.725882884503702195e-04 2.676873660908334973e-04 1.208301418223199945e-03
3.332759714900688803e-03 1.150976209421180306e-02 -4.505015046912486804e-02 -3.219413618855138798e-02 -8.549649846446101889e-03 4.366552310067970843e+00 1.169895440969068723e-01 1.597579282518163113e-01 2.647877508685260884e-03 7.641879060453278961e-04 6.607312317085919972e-04 2.396755285166155209e-04 -1.047520651022496979e-04 1.127398706970901467e-03 3.211259158942988924e-05 -4.279984782360902866e-05 -6.921510638594576871e-05 -7.045906985860822666e-04
1.150976209421180306e-02 1.713263463883437643e-01 -6.754604821250806412e-02 6.015613032778024949e-02 -5.050302773397409703e-04 1.116398970538783999e+02 1.452238358731071344e+01 9.231301530153483981e-01 1.004578972655716627e-02 3.014264852523797656e-03 6.654842857068809375e-03 1.614403701527012845e-03 -1.815719874743636610e-03 8.013685841660914133e-03 -1.891071243182527962e-03 -1.742303025958970384e-03 -3.145109112251023246e-03 -1.305344564321424435e-02
-4.505015046912486804e-02 -6.754604821250806412e-02 7.172678843079932642e-01 5.947575030599954182e-01 1.034120092179360156e-01 1.762898081049628729e+01 3.778118960220752776e+00 -2.082152574934570399e+00 -3.743179310822536410e-02 -1.006579520876550553e-02 -6.056675012710147250e-03 -2.728114276128239431e-03 2.862673362290005219e-04 -1.231465498412823156e-02 -2.344245255578370976e-03 -9.823431696108666893e-04 -4.417576056840716693e-04 1.609444495119115651e-03
-3.219413618855138798e-02 6.015613032778024949e-02 5.947575030599954182e-01 6.040948010341098406e-01 1.032446991276475129e-01 9.251575765282966302e+01 1.415694475108280592e+01 -1.267595067172753831e+00 -2.685288650046854450e-02 -6.511582157717327179e-03 -5.732236534265143773e-04 -1.272817991712898089e-03 -7.687661472688480952e-04 -4.960933131850728088e-03 -3.416948511687500911e-03 -2.131890603397005104e-03 -2.359667398238747289e-03 -7.882268021818737355e-03
-8.549649846446101889e-03 -5.050302773397409703e-04 1.034120092179360156e-01 1.032446991276475129e-01 1.262245682645773415e-01 -6.514193119903051166e-01 9.901435457745234814e+00 -4.160062345325148958e-01 -5.004687181366326322e-03 -1.153761945471170431e-03 -4.850057846810165566e-04 -1.601133296664447537e-04 4.785722855532013355e-04 -9.932694023004912803e-04 1.424186042021371112e-04 2.712915631463250926e-04 1.109597768250145583e-04 -6.680089759501145518e-04
4.366552310067970843e+00 1.116398970538783999e+02 1.762898081049628729e+01 9.251575765282966302e+01 -6.514193119903051166e-01 8.049386037049847073e+04 9.782323954255814897e+03 4.432981347662094436e+02 3.582402802511381879e+00 1.219933364840492196e+00 4.047969367764578053e+00 8.868068723157563893e-01 -1.308793084516930216e+00 4.486359006425334250e+00 -1.558764934830252136e+00 -1.341414128248672233e+00 -2.131408579603985221e+00 -8.967463754281075339e+00
1.169895440969068723e-01 1.452238358731071344e+01 3.778118960220752776e+00 1.415694475108280592e+01 9.901435457745234814e+00 9.782323954255814897e+03 2.648523959235858001e+03 4.480154691523262045e+01 3.567658576423994310e-01 7.713413191496504284e-02 5.057244002739856858e-01 1.150690019664100117e-01 -1.660681052038674443e-01 5.155291350674945372e-01 -1.314966905856395640e-01 -1.074764584720726140e-01 -3.246818808952917634e-01 -1.188773209970078071e+00
1.597579282518163113e-01 9.231301530153483981e-01 -2.082152574934570399e+00 -1.267595067172753831e+00 -4.160062345325148958e-01 4.432981347662094436e+02 4.480154691523262045e+01 9.930803845449446499e+00 1.368566553489342363e-01 3.563451831863418545e-02 4.370880660234791049e-02 1.299317068801151588e-02 -9.492269434577833148e-03 6.199390130314662989e-02 -2.998799474843427074e-03 -5.523697497477622620e-03 -1.595081564427986223e-02 -5.854712938986306181e-02
2.647877508685260884e-03 1.004578972655716627e-02 -3.743179310822536410e-02 -2.685288650046854450e-02 -5.004687181366326322e-03 3.582402802511381879e+00 3.567658576423994310e-01 1.368566553489342363e-01 2.393034979434027418e-03 5.977959375327708503e-04 5.187194059363730084e-04 2.028325065846809272e-04 -8.493639271190849872e-05 8.953712838098042744e-04 2.681377500468842793e-05 -1.573783220478550685e-05 -1.101529201793581509e-04 -5.852419558134529243e-04
7.641879060453278961e-04 3.014264852523797656e-03 -1.006579520876550553e-02 -6.511582157717327179e-03 -1.153761945471170431e-03 1.219933364840492196e+00 7.713413191496504284e-02 3.563451831863418545e-02 5.977959375327708503e-04 1.885614083508025123e-04 1.698969130683607479e-04 5.913144492615818586e-05 -2.001096082795443399e-05 2.857898665065639813e-04 3.643939031191750243e-06 -1.410655560189720096e-05 -1.219627443425399620e-05 -1.971997331289614900e-04
6.607312317085919972e-04 6.654842857068809375e-03 -6.056675012710147250e-03 -5.732236534265143773e-04 -4.850057846810165566e-04 4.047969367764578053e+00 5.057244002739856858e-01 4.370880660234791049e-02 5.187194059363730084e-04 1.698969130683607479e-04 2.866355147574946413e-04 7.317652316056244338e-05 -6.684023467523966680e-05 3.692329942646941135e-04 -5.675623939939898973e-05 -6.237156191852333872e-05 -1.051262060745498223e-04 -4.964031211427464120e-04
2.396755285166155209e-04 1.614403701527012845e-03 -2.728114276128239431e-03 -1.272817991712898089e-03 -1.601133296664447537e-04 8.868068723157563893e-01 1.150690019664100117e-01 1.299317068801151588e-02 2.028325065846809272e-04 5.913144492615818586e-05 7.317652316056244338e-05 2.321638634945362225e-05 -1.517497935054045215e-05 1.087685596561672476e-04 -8.628222216537383057e-06 -1.143896347064649020e-05 -1.970303797358398821e-05 -1.169001662956494739e-04
-1.047520651022496979e-04 -1.815719874743636610e-03 2.862673362290005219e-04 -7.687661472688480952e-04 4.785722855532013355e-04 -1.308793084516930216e+00 -1.660681052038674443e-01 -9.492269434577833148e-03 -8.493639271190849872e-05 -2.001096082795443399e-05 -6.684023467523966680e-05 -1.517497935054045215e-05 2.723916712154063368e-05 -7.277813072411305306e-05 2.289280055744546968e-05 2.023250195283794950e-05 3.960744182923295147e-05 1.431017237464568060e-04
1.127398706970901467e-03 8.013685841660914133e-03 -1.231465498412823156e-02 -4.960933131850728088e-03 -9.932694023004912803e-04 4.486359006425334250e+00 5.155291350674945372e-01 6.199390130314662989e-02 8.953712838098042744e-04 2.857898665065639813e-04 3.692329942646941135e-04 1.087685596561672476e-04 -7.277813072411305306e-05 5.325713266192672437e-04 -4.904554335987604317e-05 -6.465651976889772085e-05 -9.602450440077418738e-05 -5.845655540181758430e-04
3.211259158942988924e-05 -1.891071243182527962e-03 -2.344245255578370976e-03 -3.416948511687500911e-03 1.424186042021371112e-04 -1.558764934830252136e+00 -1.314966905856395640e-01 -2.998799474843427074e-03 2.681377500468842793e-05 3.643939031191750243e-06 -5.675623939939898973e-05 -8.628222216537383057e-06 2.289280055744546968e-05 -4.904554335987604317e-05 4.031934386363867886e-05 3.052186682762299442e-05 4.084323938413237797e-05 1.592644162355209836e-04
-4.279984782360902866e-05 -1.742303025958970384e-03 -9.823431696108666893e-04 -2.131890603397005104e-03 2.712915631463250926e-04 -1.341414128248672233e+00 -1.074764584720726140e-01 -5.523697497477622620e-03 -1.573783220478550685e-05 -1.410655560189720096e-05 -6.237156191852333872e-05 -1.143896347064649020e-05 2.023250195283794950e-05 -6.465651976889772085e-05 3.052186682762299442e-05 2.626539462393184953e-05 3.192697790386329963e-05 1.431508443875249446e-04
-6.921510638594576871e-05 -3.145109112251023246e-03 -4.417576056840716693e-04 -2.359667398238747289e-03 1.109597768250145583e-04 -2.131408579603985221e+00 -3.246818808952917634e-01 -1.595081564427986223e-02 -1.101529201793581509e-04 -1.219627443425399620e-05 -1.051262060745498223e-04 -1.970303797358398821e-05 3.960744182923295147e-05 -9.602450440077418738e-05 4.084323938413237797e-05 3.192697790386329963e-05 8.550456519291242338e-05 2.318959641002908949e-04
-7.045906985860822666e-04 -1.305344564321424435e-02 1.609444495119115651e-03 -7.882268021818737355e-03 -6.680089759501145518e-04 -8.967463754281075339e+00 -1.188773209970078071e+00 -5.854712938986306181e-02 -5.852419558134529243e-04 -1.971997331289614900e-04 -4.964031211427464120e-04 -1.169001662956494739e-04 1.431017237464568060e-04 -5.845655540181758430e-04 1.592644162355209836e-04 1.431508443875249446e-04 2.318959641002908949e-04 1.035173768354524662e-03
