{
    "R": [
        [
            0.014206787775591711,
            -7.173038949561784e-05,
            0.005801799270601411,
            0.0012165374658301747,
            -0.00015197228516611498,
            0.1021633215710299,
            0.03819817407330315,
            0.0006507859902603415,
            -6.234504900985318e-05,
            1.966354531222022e-05,
            8.359654738533522e-06,
            -1.2392090712741692e-06,
            -1.076049938577834e-05,
            1.0927884047689992e-05,
            7.912651430137795e-07,
            0.0003352611132415738,
            -0.0002398553373979599,
            3.2315471654772317e-06
        ],
        [
            0.0,
            0.05681405258498484,
            0.0011896025748174125,
            -0.0002540341315543713,
            -0.00019493650991901757,
            -0.009813972827779266,
            -0.08313958791495678,
            0.0010609542464640207,
            1.06464876587315e-05,
            -2.3195024939556832e-05,
            6.3127839848761856e-06,
            -2.8305707749637614e-06,
            6.667612103884066e-06,
            1.2325742515353233e-06,
            -4.798841888677036e-08,
            -0.0009140457527106423,
            0.0003253128890617088,
            -8.367647201576796e-05
        ],
        [
            0.0,
            0.0,
            1.227140626644941,
            0.0036992262673670373,
            -0.0003102703146086684,
            -0.09278703368692111,
            -0.001781790787497264,
            0.006249728371235849,
            -8.356096571126461e-05,
            1.0567682969005766e-05,
            9.90742110491145e-06,
            -3.01541107793732e-06,
            -1.0641206518485656e-05,
            2.103421196014516e-05,
            1.5613224293869733e-06,
            0.0006159766572205315,
            0.0004263002098397074,
            9.366199399047469e-07
        ],
        [
            0.0,
            0.0,
            0.0,
            0.889894699196868,
            -4.674293578814157e-05,
            -0.0953749066585352,
            0.02546766621537781,
            0.000881717781950585,
            -4.2086079473302454e-05,
            7.550548151546641e-06,
            -1.4909900378355874e-06,
            -2.6220958569638305e-07,
            -4.0335120723116905e-06,
            8.711403065069861e-06,
            7.629412905913396e-07,
            0.000676516772880389,
            0.0002360364723464402,
            7.759120552838164e-06
        ],
        [
            0.0,
            0.0,
            0.0,
            0.0,
            0.08278026668185648,
            -0.030035472830971455,
            0.06206509948033442,
            -0.004890882354815987,
            1.367280917499491e-05,
            8.320430408253687e-06,
            -1.2326927395223506e-05,
            3.1548552165674636e-06,
            1.7959922213060215e-06,
            -7.435082241991453e-06,
            -3.589625651790921e-07,
            0.0006130838084608425,
            -0.0001923673078683497,
            3.323937353853993e-05
        ],
        [
            0.0,
            0.0,
            0.0,
            0.0,
            0.0,
            44.52965380885658,
            0.002825679998934213,
            -0.00681303052406594,
            -1.1290905716397808e-05,
            2.06847689866117e-08,
            5.329865953080036e-06,
            -9.99089342240929e-07,
            9.231489006953753e-07,
            -3.4056066727737524e-06,
            -3.3327744417818484e-07,
            -0.0007517914068235813,
            -0.0005150809403957601,
            -8.590452681703208e-05
        ],
        [
            0.0,
            0.0,
            0.0,
            0.0,
            0.0,
            0.0,
            44.20063213312893,
            -0.0052854450650041355,
            -2.888544485946731e-05,
            1.1595011647558237e-05,
            -6.931878190338016e-06,
            1.4451395520186987e-06,
            -1.721304735171908e-06,
            5.941241224763738e-07,
            2.268593761359056e-07,
            0.0006216860522351752,
            -0.00015856421150712747,
            -6.964820966912486e-06
        ],
        [
            0.0,
            0.0,
            0.0,
            0.0,
            0.0,
            0.0,
            0.0,
            7.784227781308473,
            3.165778063948762e-05,
            3.8504590600180706e-06,
            7.042891306454428e-06,
            -7.630852521784447e-08,
            -5.288158629616509e-06,
            1.1313439700303106e-06,
            -9.931197992695907e-08,
            -2.4217440274718168e-05,
            8.856962609056604e-05,
            0.00010942642618539537
        ],
        [
            0.0,
            0.0,
            0.0,
            0.0,
            0.0,
            0.0,
            0.0,
            0.0,
            0.017837676817511423,
            -7.186538211679986e-06,
            6.369242766340293e-06,
            1.0813406512519105e-06,
            7.520219451784831e-08,
            -1.0919052571677861e-05,
            -1.139097185659303e-06,
            -0.0006241265598266001,
            1.286100553202218e-05,
            0.0001601987544947454
        ],
        [
            0.0,
            0.0,
            0.0,
            0.0,
            0.0,
            0.0,
            0.0,
            0.0,
            0.0,
            0.006026344788761281,
            -3.3917206148129486e-07,
            2.4002814398387704e-06,
            -1.3742059731189025e-05,
            4.477584099654041e-06,
            3.9196083280574276e-07,
            0.0011554215026561446,
            -0.00030583446568209006,
            0.00014710461638262553
        ],
        [
            0.0,
            0.0,
            0.0,
            0.0,
            0.0,
            0.0,
            0.0,
            0.0,
            0.0,
            0.0,
            0.0057583547559306655,
            -1.696408732025558e-06,
            -5.1215553227144305e-06,
            3.1956671154791182e-06,
            -3.074648962966797e-08,
            -0.0004956243241286137,
            2.2953686146673454e-05,
            5.911784896789714e-05
        ],
        [
            0.0,
            0.0,
            0.0,
            0.0,
            0.0,
            0.0,
            0.0,
            0.0,
            0.0,
            0.0,
            0.0,
            0.0008844194078197415,
            -2.377991020750417e-06,
            -6.718602809010081e-06,
            -3.4113631800436617e-07,
            0.0008751129250976067,
            -0.00022196874891051887,
            0.00010116824481583349
        ],
        [
            0.0,
            0.0,
            0.0,
            0.0,
            0.0,
            0.0,
            0.0,
            0.0,
            0.0,
            0.0,
            0.0,
            0.0,
            0.003406395130184756,
            -6.634948165242593e-06,
            -3.5075339113549177e-07,
            -0.0006200256432541403,
            0.00010764822480209543,
            -0.0001668512946605913
        ],
        [
            0.0,
            0.0,
            0.0,
            0.0,
            0.0,
            0.0,
            0.0,
            0.0,
            0.0,
            0.0,
            0.0,
            0.0,
            0.0,
            0.004328370945092745,
            7.722541102441862e-07,
            0.00033145049259041193,
            0.00017028439904152577,
            -6.037030550872869e-06
        ],
        [
            0.0,
            0.0,
            0.0,
            0.0,
            0.0,
            0.0,
            0.0,
            0.0,
            0.0,
            0.0,
            0.0,
            0.0,
            0.0,
            0.0,
            0.00021621885907150567,
            0.0008407527795623966,
            0.0002411751857948933,
            -6.0377808555153476e-05
        ],
        [
            0.0,
            0.0,
            0.0,
            0.0,
            0.0,
            0.0,
            0.0,
            0.0,
            0.0,
            0.0,
            0.0,
            0.0,
            0.0,
            0.0,
            0.0,
            0.28808437743655063,
            3.427506841030056e-06,
            8.03669683752378e-05
        ],
        [
            0.0,
            0.0,
            0.0,
            0.0,
            0.0,
            0.0,
            0.0,
            0.0,
            0.0,
            0.0,
            0.0,
            0.0,
            0.0,
            0.0,
            0.0,
            0.0,
            0.1481360624205747,
            -3.031962101104896e-06
        ],
        [
            0.0,
            0.0,
            0.0,
            0.0,
            0.0,
            0.0,
            0.0,
            0.0,
            0.0,
            0.0,
            0.0,
            0.0,
            0.0,
            0.0,
            0.0,
            0.0,
            0.0,
            0.07608710783030465
        ]
    ],
    "RDR": [
        [
            [
                0.014206787775591711,
                -7.173038949561784e-05,
                0.005801799270601411,
                0.0012165374658301747,
                -0.00015197228516611498,
                0.1021633215710299,
                0.03819817407330315,
                0.0006507859902603415,
                -6.234504900985318e-05,
                1.966354531222022e-05,
                8.359654738533522e-06,
                -1.2392090712741692e-06,
                -1.076049938577834e-05,
                1.0927884047689992e-05,
                7.912651430137795e-07,
                0.0003352611132415738,
                -0.0002398553373979599,
                3.2315471654772317e-06
            ],
            [
                0.0,
                0.05681405258498484,
                0.0011896025748174125,
                -0.0002540341315543713,
                -0.00019493650991901757,
                -0.009813972827779266,
                -0.08313958791495678,
                0.0010609542464640207,
                1.06464876587315e-05,
                -2.3195024939556832e-05,
                6.3127839848761856e-06,
                -2.8305707749637614e-06,
                6.667612103884066e-06,
                1.2325742515353233e-06,
                -4.798841888677036e-08,
                -0.0009140457527106423,
                0.0003253128890617088,
                -8.367647201576796e-05
            ],
            [
                0.0,
                0.0,
                1.227140626644941,
                0.0036992262673670373,
                -0.0003102703146086684,
                -0.09278703368692111,
                -0.001781790787497264,
                0.006249728371235849,
                -8.356096571126461e-05,
                1.0567682969005766e-05,
                9.90742110491145e-06,
                -3.01541107793732e-06,
                -1.0641206518485656e-05,
                2.103421196014516e-05,
                1.5613224293869733e-06,
                0.0006159766572205315,
                0.0004263002098397074,
                9.366199399047469e-07
            ],
            [
                0.0,
                0.0,
                0.0,
                0.889894699196868,
                -4.674293578814157e-05,
                -0.0953749066585352,
                0.02546766621537781,
                0.000881717781950585,
                -4.2086079473302454e-05,
                7.550548151546641e-06,
                -1.4909900378355874e-06,
                -2.6220958569638305e-07,
                -4.0335120723116905e-06,
                8.711403065069861e-06,
                7.629412905913396e-07,
                0.000676516772880389,
                0.0002360364723464402,
                7.759120552838164e-06
            ],
            [
                0.0,
                0.0,
                0.0,
                0.0,
                0.08278026668185648,
                -0.030035472830971455,
                0.06206509948033442,
                -0.004890882354815987,
                1.367280917499491e-05,
                8.320430408253687e-06,
                -1.2326927395223506e-05,
                3.1548552165674636e-06,
                1.7959922213060215e-06,
                -7.435082241991453e-06,
                -3.589625651790921e-07,
                0.0006130838084608425,
                -0.0001923673078683497,
                3.323937353853993e-05
            ],
            [
                0.0,
                0.0,
                0.0,
                0.0,
                0.0,
                44.52965380885658,
                0.002825679998934213,
                -0.00681303052406594,
                -1.1290905716397808e-05,
                2.06847689866117e-08,
                5.329865953080036e-06,
                -9.99089342240929e-07,
                9.231489006953753e-07,
                -3.4056066727737524e-06,
                -3.3327744417818484e-07,
                -0.0007517914068235813,
                -0.0005150809403957601,
                -8.590452681703208e-05
            ],
            [
                0.0,
                0.0,
                0.0,
                0.0,
                0.0,
                0.0,
                44.20063213312893,
                -0.0052854450650041355,
                -2.888544485946731e-05,
                1.1595011647558237e-05,
                -6.931878190338016e-06,
                1.4451395520186987e-06,
                -1.721304735171908e-06,
                5.941241224763738e-07,
                2.268593761359056e-07,
                0.0006216860522351752,
                -0.00015856421150712747,
                -6.964820966912486e-06
            ],
            [
                0.0,
                0.0,
                0.0,
                0.0,
                0.0,
                0.0,
                0.0,
                7.784227781308473,
                3.165778063948762e-05,
                3.8504590600180706e-06,
                7.042891306454428e-06,
                -7.630852521784447e-08,
                -5.288158629616509e-06,
                1.1313439700303106e-06,
                -9.931197992695907e-08,
                -2.4217440274718168e-05,
                8.856962609056604e-05,
                0.00010942642618539537
            ],
            [
                0.0,
                0.0,
                0.0,
                0.0,
                0.0,
                0.0,
                0.0,
                0.0,
                0.017837676817511423,
                -7.186538211679986e-06,
                6.369242766340293e-06,
                1.0813406512519105e-06,
                7.520219451784831e-08,
                -1.0919052571677861e-05,
                -1.139097185659303e-06,
                -0.0006241265598266001,
                1.286100553202218e-05,
                0.0001601987544947454
            ],
            [
                0.0,
                0.0,
                0.0,
                0.0,
                0.0,
                0.0,
                0.0,
                0.0,
                0.0,
                0.006026344788761281,
                -3.3917206148129486e-07,
                2.4002814398387704e-06,
                -1.3742059731189025e-05,
                4.477584099654041e-06,
                3.9196083280574276e-07,
                0.0011554215026561446,
                -0.00030583446568209006,
                0.00014710461638262553
            ],
            [
                0.0,
                0.0,
                0.0,
                0.0,
                0.0,
                0.0,
                0.0,
                0.0,
                0.0,
                0.0,
                0.0057583547559306655,
                -1.696408732025558e-06,
                -5.1215553227144305e-06,
                3.1956671154791182e-06,
                -3.074648962966797e-08,
                -0.0004956243241286137,
                2.2953686146673454e-05,
                5.911784896789714e-05
            ],
            [
                0.0,
                0.0,
                0.0,
                0.0,
                0.0,
                0.0,
                0.0,
                0.0,
                0.0,
                0.0,
                0.0,
                0.0008844194078197415,
                -2.377991020750417e-06,
                -6.718602809010081e-06,
                -3.4113631800436617e-07,
                0.0008751129250976067,
                -0.00022196874891051887,
                0.00010116824481583349
            ],
            [
                0.0,
                0.0,
                0.0,
                0.0,
                0.0,
                0.0,
                0.0,
                0.0,
                0.0,
                0.0,
                0.0,
                0.0,
                0.003406395130184756,
                -6.634948165242593e-06,
                -3.5075339113549177e-07,
                -0.0006200256432541403,
                0.00010764822480209543,
                -0.0001668512946605913
            ],
            [
                0.0,
                0.0,
                0.0,
                0.0,
                0.0,
                0.0,
                0.0,
                0.0,
                0.0,
                0.0,
                0.0,
                0.0,
                0.0,
                0.004328370945092745,
                7.722541102441862e-07,
                0.00033145049259041193,
                0.00017028439904152577,
                -6.037030550872869e-06
            ],
            [
                0.0,
                0.0,
                0.0,
                0.0,
                0.0,
                0.0,
                0.0,
                0.0,
                0.0,
                0.0,
                0.0,
                0.0,
                0.0,
                0.0,
                0.00021621885907150567,
                0.0008407527795623966,
                0.0002411751857948933,
                -6.0377808555153476e-05
            ],
            [
                0.0,
                0.0,
                0.0,
                0.0,
                0.0,
                0.0,
                0.0,
                0.0,
                0.0,
                0.0,
                0.0,
                0.0,
                0.0,
                0.0,
                0.0,
                0.28808437743655063,
                3.427506841030056e-06,
                8.03669683752378e-05
            ],
            [
                0.0,
                0.0,
                0.0,
                0.0,
                0.0,
                0.0,
                0.0,
                0.0,
                0.0,
                0.0,
                0.0,
                0.0,
                0.0,
                0.0,
                0.0,
                0.0,
                0.1481360624205747,
                -3.031962101104896e-06
            ],
            [
                0.0,
                0.0,
                0.0,
                0.0,
                0.0,
                0.0,
                0.0,
                0.0,
                0.0,
                0.0,
                0.0,
                0.0,
                0.0,
                0.0,
                0.0,
                0.0,
                0.0,
                0.07608710783030465
            ]
        ],
        [
            [
                0.0028413575551183424,
                -1.4346077899123568e-05,
                0.0011603598541202822,
                0.00024330749316603495,
                -3.0394457033222998e-05,
                0.020432664314205984,
                0.00763963481466063,
                0.0001301571980520683,
                -1.2469009801970637e-05,
                3.932709062444044e-06,
                1.6719309477067045e-06,
                -2.478418142548339e-07,
                -2.152099877155668e-06,
                2.1855768095379984e-06,
                1.582530286027559e-07,
                6.705222264831476e-05,
                -4.797106747959199e-05,
                6.463094330954464e-07
            ],
            [
                0.0,
                0.011362810516996969,
                0.00023792051496348253,
                -5.080682631087426e-05,
                -3.8987301983803514e-05,
                -0.0019627945655558534,
                -0.016627917582991356,
                0.00021219084929280415,
                2.1292975317463e-06,
                -4.639004987911367e-06,
                1.2625567969752373e-06,
                -5.661141549927523e-07,
                1.3335224207768133e-06,
                2.4651485030706466e-07,
                -9.597683777354072e-09,
                -0.0001828091505421285,
                6.506257781234176e-05,
                -1.6735294403153594e-05
            ],
            [
                0.0,
                0.0,
                0.2454281253289882,
                0.0007398452534734075,
                -6.205406292173369e-05,
                -0.01855740673738422,
                -0.0003563581574994528,
                0.00124994567424717,
                -1.6712193142252922e-05,
                2.1135365938011532e-06,
                1.98148422098229e-06,
                -6.030822155874641e-07,
                -2.1282413036971312e-06,
                4.206842392029033e-06,
                3.1226448587739467e-07,
                0.0001231953314441063,
                8.526004196794149e-05,
                1.8732398798094938e-07
            ],
            [
                0.0,
                0.0,
                0.0,
                0.17797893983937363,
                -9.348587157628315e-06,
                -0.01907498133170704,
                0.005093533243075562,
                0.000176343556390117,
                -8.41721589466049e-06,
                1.5101096303093283e-06,
                -2.981980075671175e-07,
                -5.244191713927661e-08,
                -8.067024144623381e-07,
                1.7422806130139723e-06,
                1.5258825811826793e-07,
                0.0001353033545760778,
                4.720729446928804e-05,
                1.551824110567633e-06
            ],
            [
                0.0,
                0.0,
                0.0,
                0.0,
                0.016556053336371297,
                -0.006007094566194291,
                0.012413019896066885,
                -0.0009781764709631976,
                2.734561834998982e-06,
                1.6640860816507374e-06,
                -2.4653854790447014e-06,
                6.309710433134928e-07,
                3.591984442612043e-07,
                -1.4870164483982908e-06,
                -7.179251303581842e-08,
                0.0001226167616921685,
                -3.847346157366994e-05,
                6.647874707707986e-06
            ],
            [
                0.0,
                0.0,
                0.0,
                0.0,
                0.0,
                8.905930761771316,
                0.0005651359997868426,
                -0.0013626061048131882,
                -2.2581811432795617e-06,
                4.1369537973223405e-09,
                1.0659731906160072e-06,
                -1.998178684481858e-07,
                1.8462978013907508e-07,
                -6.811213345547505e-07,
                -6.665548883563697e-08,
                -0.00015035828136471626,
                -0.00010301618807915202,
                -1.7180905363406415e-05
            ],
            [
                0.0,
                0.0,
                0.0,
                0.0,
                0.0,
                0.0,
                8.840126426625785,
                -0.0010570890130008272,
                -5.777088971893462e-06,
                2.3190023295116473e-06,
                -1.3863756380676033e-06,
                2.8902791040373977e-07,
                -3.4426094703438163e-07,
                1.1882482449527475e-07,
                4.5371875227181126e-08,
                0.00012433721044703504,
                -3.17128423014255e-05,
                -1.3929641933824973e-06
            ],
            [
                0.0,
                0.0,
                0.0,
                0.0,
                0.0,
                0.0,
                0.0,
                1.5568455562616945,
                6.331556127897525e-06,
                7.700918120036142e-07,
                1.4085782612908857e-06,
                -1.5261705043568893e-08,
                -1.0576317259233017e-06,
                2.2626879400606213e-07,
                -1.9862395985391815e-08,
                -4.843488054943634e-06,
                1.7713925218113208e-05,
                2.1885285237079075e-05
            ],
            [
                0.0,
                0.0,
                0.0,
                0.0,
                0.0,
                0.0,
                0.0,
                0.0,
                0.003567535363502285,
                -1.4373076423359972e-06,
                1.2738485532680586e-06,
                2.162681302503821e-07,
                1.5040438903569662e-08,
                -2.1838105143355724e-06,
                -2.2781943713186062e-07,
                -0.00012482531196532004,
                2.5722011064044363e-06,
                3.203975089894908e-05
            ],
            [
                0.0,
                0.0,
                0.0,
                0.0,
                0.0,
                0.0,
                0.0,
                0.0,
                0.0,
                0.0012052689577522562,
                -6.783441229625898e-08,
                4.800562879677541e-07,
                -2.748411946237805e-06,
                8.955168199308082e-07,
                7.839216656114855e-08,
                0.00023108430053122892,
                -6.116689313641802e-05,
                2.9420923276525108e-05
            ],
            [
                0.0,
                0.0,
                0.0,
                0.0,
                0.0,
                0.0,
                0.0,
                0.0,
                0.0,
                0.0,
                0.0011516709511861332,
                -3.3928174640511165e-07,
                -1.024311064542886e-06,
                6.391334230958237e-07,
                -6.1492979259335945e-09,
                -9.912486482572274e-05,
                4.590737229334691e-06,
                1.1823569793579429e-05
            ],
            [
                0.0,
                0.0,
                0.0,
                0.0,
                0.0,
                0.0,
                0.0,
                0.0,
                0.0,
                0.0,
                0.0,
                0.00017688388156394833,
                -4.7559820415008343e-07,
                -1.3437205618020164e-06,
                -6.822726360087324e-08,
                0.00017502258501952137,
                -4.4393749782103774e-05,
                2.02336489631667e-05
            ],
            [
                0.0,
                0.0,
                0.0,
                0.0,
                0.0,
                0.0,
                0.0,
                0.0,
                0.0,
                0.0,
                0.0,
                0.0,
                0.0006812790260369513,
                -1.3269896330485186e-06,
                -7.015067822709836e-08,
                -0.00012400512865082808,
                2.1529644960419087e-05,
                -3.337025893211826e-05
            ],
            [
                0.0,
                0.0,
                0.0,
                0.0,
                0.0,
                0.0,
                0.0,
                0.0,
                0.0,
                0.0,
                0.0,
                0.0,
                0.0,
                0.0008656741890185491,
                1.5445082204883725e-07,
                6.62900985180824e-05,
                3.4056879808305156e-05,
                -1.207406110174574e-06
            ],
            [
                0.0,
                0.0,
                0.0,
                0.0,
                0.0,
                0.0,
                0.0,
                0.0,
                0.0,
                0.0,
                0.0,
                0.0,
                0.0,
                0.0,
                4.3243771814301136e-05,
                0.00016815055591247932,
                4.823503715897866e-05,
                -1.2075561711030696e-05
            ],
            [
                0.0,
                0.0,
                0.0,
                0.0,
                0.0,
                0.0,
                0.0,
                0.0,
                0.0,
                0.0,
                0.0,
                0.0,
                0.0,
                0.0,
                0.0,
                0.05761687548731013,
                6.855013682060113e-07,
                1.607339367504756e-05
            ],
            [
                0.0,
                0.0,
                0.0,
                0.0,
                0.0,
                0.0,
                0.0,
                0.0,
                0.0,
                0.0,
                0.0,
                0.0,
                0.0,
                0.0,
                0.0,
                0.0,
                0.029627212484114943,
                -6.063924202209793e-07
            ],
            [
                0.0,
                0.0,
                0.0,
                0.0,
                0.0,
                0.0,
                0.0,
                0.0,
                0.0,
                0.0,
                0.0,
                0.0,
                0.0,
                0.0,
                0.0,
                0.0,
                0.0,
                0.015217421566060929
            ]
        ]
    ],
    "allnames": [
        "m1_flow_nominal",
        "m2_flow_nominal",
        "tau1",
        "tau2",
        "tau_m",
        "nominalUa.hasValue",
        "workingPressure.hasValue",
        "flowCoefficient.hasValue",
        "waterFlowRateMax",
        "c1",
        "c2",
        "c3",
        "c4",
        "eps_motor",
        "f_motorToAir",
        "kp",
        "Ti",
        "Td"
    ],
    "alpha_count": 1344,
    "cov": [
        [
            0.015061061595802996,
            -0.029663541887573447,
            0.18320726943997634,
            -1.1481988513189687,
            0.010045858526034051,
            14.65885103442505,
            -42.23928752132318,
            3.5057966945295256,
            -0.0038281211367719955,
            -0.0030870316650546915,
            -0.003850425417978004,
            -0.0003125186115142167,
            0.00018759113321760521,
            0.0013432853718684352,
            -3.245709844262789e-05,
            -0.0371172442935083,
            -0.05824502234724376,
            0.010339636711023397
        ],
        [
            -0.029663541887573447,
            0.30885768154912446,
            -3.0634637095821904,
            0.9526433475785774,
            0.022687532259391283,
            4.937647678829532,
            9.843919643276422,
            -0.25666682769453797,
            -0.0034184927546799197,
            -0.02797268927555542,
            0.010882619525279557,
            0.0014414462869836097,
            0.0022449555076561804,
            0.001817690647797578,
            -5.836780434616656e-05,
            0.6402074708344382,
            -0.07753539273070291,
            0.1306291456594264
        ],
        [
            0.18320726943997634,
            -3.0634637095821904,
            150.0339246094069,
            117.40603790267588,
            -9.18725447379405,
            -4056.297496746563,
            1072.2543008985608,
            -673.7787764572811,
            -1.0033559203241162,
            1.9587145210300103,
            1.79752625839296,
            0.1694357296870579,
            0.05390820727966422,
            -0.20533915985285656,
            0.017366314396780103,
            26.430632929213267,
            13.467523187713923,
            -8.04735544398139
        ],
        [
            -1.1481988513189687,
            0.9526433475785774,
            117.40603790267588,
            925.8370907936089,
            -26.99452928281408,
            -23088.300142884127,
            0.10356246267006242,
            -3566.137309141489,
            -1.947653974275456,
            8.549111576512955,
            2.2591924710319398,
            0.2344133936828639,
            -0.37401465939982886,
            -2.513970245750792,
            0.15667879401243248,
            109.02238723034988,
            52.91115750722116,
            -25.442385199598228
        ],
        [
            0.010045858526034051,
            0.022687532259391283,
            -9.18725447379405,
            -26.99452928281408,
            1.591542783548531,
            726.8688377617749,
            -13.300137960833139,
            121.08416755536682,
            0.1633354345044988,
            -0.31425334076482087,
            -0.2406357337852833,
            -0.019957607815995006,
            -0.010197358418361878,
            0.0674378609934044,
            -0.005267789943608577,
            -5.453294539847671,
            -1.8335741641548378,
            1.0628214808659016
        ],
        [
            14.65885103442505,
            4.937647678829532,
            -4056.297496746563,
            -23088.300142884127,
            726.8688377617749,
            649954.9336941402,
            90955.0718761442,
            95304.15927893722,
            69.2247484208658,
            -231.59075080011382,
            -58.34160698785229,
            -6.533880821787275,
            9.616031900450807,
            67.70836173462718,
            -4.311609693904966,
            -3093.1527814036344,
            -1379.91540347692,
            660.0349370903347
        ],
        [
            -42.23928752132318,
            9.843919643276422,
            1072.2543008985608,
            0.10356246267006242,
            -13.300137960833139,
            90955.0718761442,
            382457.1339697828,
            4131.4456393829105,
            47.062023371204894,
            -14.216781948354681,
            50.713045764071495,
            3.006359405721497,
            2.2188371999764267,
            16.76924075175775,
            -1.040170801541486,
            -646.6452234546188,
            57.0757169045739,
            -75.62139850922529
        ],
        [
            3.5057966945295256,
            -0.25666682769453797,
            -673.7787764572811,
            -3566.137309141489,
            121.08416755536682,
            95304.15927893722,
            4131.4456393829105,
            16894.744681808756,
            9.407615503557391,
            -36.71959756014031,
            -11.807820832505465,
            -1.1902328387430434,
            1.6293435073297557,
            10.252908431054417,
            -0.6386252968671162,
            -437.6782271024282,
            -210.02645806782346,
            105.59808264862451
        ],
        [
            -0.0038281211367719955,
            -0.0034184927546799197,
            -1.0033559203241162,
            -1.947653974275456,
            0.1633354345044988,
            69.2247484208658,
            47.062023371204894,
            9.407615503557391,
            0.03150387014873614,
            -0.027435825137638325,
            -0.023827051590208346,
            -0.0020852024406753274,
            -0.0029344563308314375,
            0.0068176287148506935,
            -0.0005433475624050673,
            -0.7074261676492403,
            -0.166547072225304,
            0.08968930438952617
        ],
        [
            -0.0030870316650546915,
            -0.02797268927555542,
            1.9587145210300103,
            8.549111576512955,
            -0.31425334076482087,
            -231.59075080011382,
            -14.216781948354681,
            -36.71959756014031,
            -0.027435825137638325,
            0.09148940737615643,
            0.031800091333568106,
            0.002959516762387124,
            -0.0026488634820336014,
            -0.024671095808120398,
            0.001603672293255342,
            1.1419268752687384,
            0.5219858489673515,
            -0.2809075612894594
        ],
        [
            -0.003850425417978004,
            0.010882619525279557,
            1.79752625839296,
            2.2591924710319398,
            -0.2406357337852833,
            -58.34160698785229,
            50.713045764071495,
            -11.807820832505465,
            -0.023827051590208346,
            0.031800091333568106,
            0.0548432087695898,
            0.0044196758607602865,
            0.004747075363887852,
            -0.0018521818042805574,
            0.0003545187389173938,
            0.7718863763633598,
            0.21697376632686607,
            -0.13431073044046388
        ],
        [
            -0.0003125186115142167,
            0.0014414462869836097,
            0.1694357296870579,
            0.2344133936828639,
            -0.019957607815995006,
            -6.533880821787275,
            3.006359405721497,
            -1.1902328387430434,
            -0.0020852024406753274,
            0.002959516762387124,
            0.0044196758607602865,
            0.0004147597835218822,
            0.00033865096947593396,
            -0.00021362935907181691,
            2.9846273479789994e-05,
            0.07158861237559935,
            0.022968503699779003,
            -0.011037194240390038
        ],
        [
            0.00018759113321760521,
            0.0022449555076561804,
            0.05390820727966422,
            -0.37401465939982886,
            -0.010197358418361878,
            9.616031900450807,
            2.2188371999764267,
            1.6293435073297557,
            -0.0029344563308314375,
            -0.0026488634820336014,
            0.004747075363887852,
            0.00033865096947593396,
            0.0013715622313764941,
            0.0013267659885596425,
            -4.9598144860899394e-05,
            0.043304907596403264,
            -0.008425412958463422,
            0.004300138866827299
        ],
        [
            0.0013432853718684352,
            0.001817690647797578,
            -0.20533915985285656,
            -2.513970245750792,
            0.0674378609934044,
            67.70836173462718,
            16.76924075175775,
            10.252908431054417,
            0.0068176287148506935,
            -0.024671095808120398,
            -0.0018521818042805574,
            -0.00021362935907181691,
            0.0013267659885596425,
            0.008491555484712176,
            -0.0005114706011401795,
            -0.29073399974456937,
            -0.13398823276549496,
            0.0686871473649571
        ],
        [
            -3.245709844262789e-05,
            -5.836780434616656e-05,
            0.017366314396780103,
            0.15667879401243248,
            -0.005267789943608577,
            -4.311609693904966,
            -1.040170801541486,
            -0.6386252968671162,
            -0.0005433475624050673,
            0.001603672293255342,
            0.0003545187389173938,
            2.9846273479789994e-05,
            -4.9598144860899394e-05,
            -0.0005114706011401795,
            3.394510304264107e-05,
            0.02196153054483427,
            0.008542228920775958,
            -0.004594913162094002
        ],
        [
            -0.0371172442935083,
            0.6402074708344382,
            26.430632929213267,
            109.02238723034988,
            -5.453294539847671,
            -3093.1527814036344,
            -646.6452234546188,
            -437.6782271024282,
