9.058246932771645780e-04 6.482394323438059790e-08 -3.882075472349828449e-06 8.680113093853731362e-06 -3.951127757095664702e-06 1.315321750584839446e-04 2.862821816620772617e-04 2.182066128132864754e-04 2.183381778096348645e-10 2.367243742964352498e-08 -5.900783668977419866e-09 4.466344119437964125e-08 -9.596976757628277683e-09 2.263672966931356896e-08 -7.869820819734535692e-08 2.575282648459001105e-06 -1.554179176503956797e-06 8.386031628313058091e-07
6.482394323438059790e-08 1.077885564428650578e-01 3.307329131164726967e-05 -7.395011019641463748e-05 3.366158135015893900e-05 -1.120586648443143386e-03 -2.438977309658699015e-03 -1.859008389482262732e-03 -1.860129255751256968e-09 -2.016770216714608943e-07 5.027164944141885152e-08 -3.805096042370893428e-07 8.176131821157588865e-08 -1.928533229270384019e-07 6.704683574428256121e-07 -2.194008690685234379e-05 1.324080920660149003e-05 -7.144468698956095757e-06
-3.882075472349828449e-06 3.307329131164726967e-05 1.523797463850025622e+02 4.428609162714588349e-03 -2.015872419971105785e-03 6.710795001832924045e-02 1.460616790498193429e-01 1.113294025574500523e-01 1.113965272529489259e-07 1.207771974525769998e-05 -3.010590339212735104e-06 2.278736725813528403e-05 -4.896394637218042545e-06 1.154929980098996279e-05 -4.015196601053146365e-05 1.313913794697110305e-03 -7.929449843734513118e-04 4.278568275136735832e-04
8.680113093853731362e-06 -7.395011019641463748e-05 4.428609162714588349e-03 2.773389344650206567e+01 4.507382896793148304e-03 -1.500497864620828625e-01 -3.265861011360443045e-01 -2.489265888189701181e-01 -2.490766760474310030e-07 -2.700513528173363343e-05 6.731518954167082952e-06 -5.095133423360955323e-05 1.094807648792706675e-05 -2.582361655290904876e-05 8.977764816638714445e-05 -2.937840960274273449e-03 1.772982568368107774e-03 -9.566649791453324956e-04
-3.951127757095664702e-06 3.366158135015893900e-05 -2.015872419971105785e-03 4.507382896793148304e-03 8.445006109577038345e+00 6.830163038502497230e-02 1.486597461724293856e-01 1.133096704993629827e-01 1.133779891730882423e-07 1.229255177231902291e-05 -3.064141111946822925e-06 2.319269677419547428e-05 -4.983489089431903300e-06 1.175473257635799582e-05 -4.086616773324708957e-05 1.337284991400812572e-03 -8.070494661741605845e-04 4.354673162057032601e-04
1.315321750584839446e-04 -1.120586648443143386e-03 6.710795001832924045e-02 -1.500497864620828625e-01 6.830163038502497230e-02 2.615743605475376535e+04 -4.948850292827508213e+00 -3.772054039299569173e+00 -3.774328352939783426e-06 -4.092163480992182397e-04 1.020045844927937046e-04 -7.720797806913218698e-04 1.658992570250446719e-04 -3.913124652126375607e-04 1.360425746448137635e-03 -4.451792359184808534e-02 2.686649943805033067e-02 -1.449661129396630568e-02
2.862821816620772617e-04 -2.438977309658699015e-03 1.460616790498193429e-01 -3.265861011360443045e-01 1.486597461724293856e-01 -4.948850292827508213e+00 6.636629037911731575e+04 -8.209944519185373935e+00 -8.214894604367306753e-06 -8.906668566344509014e-04 2.220148414267944298e-04 -1.680445745956916492e-03 3.610827633324693192e-04 -8.516987284885152963e-04 2.960991487514459414e-03 -9.689407388932159970e-02 5.847542678685384299e-02 -3.155213928530025552e-02
2.182066128132864754e-04 -1.859008389482262732e-03 1.113294025574500523e-01 -2.489265888189701181e-01 1.133096704993629827e-01 -3.772054039299569173e+00 -8.209944519185373935e+00 2.452022566184775860e+04 -6.261459640380356146e-06 -6.788735393971090945e-04 1.692215221386133227e-04 -1.280849447607547735e-03 2.752202259833370890e-04 -6.491717144318530147e-04 2.256891851628265756e-03 -7.385345305921252324e-02 4.457044702499879385e-02 -2.404929779592500719e-02
2.183381778096348645e-10 -1.860129255751256968e-09 1.113965272529489259e-07 -2.490766760474310030e-07 1.133779891730882423e-07 -3.774328352939783426e-06 -8.214894604367306753e-06 -6.261459640380356146e-06 2.942445845815289465e-04 -6.792828578571699879e-10 1.693235521763614709e-10 -1.281621720045695293e-09 2.753861666372873332e-10 -6.495631245414621903e-10 2.258252616842435109e-09 -7.389798209138425908e-08 4.459732022844798377e-08 -2.406379802456569064e-08
2.367243742964352498e-08 -2.016770216714608943e-07 1.207771974525769998e-05 -2.700513528173363343e-05 1.229255177231902291e-05 -4.092163480992182397e-04 -8.906668566344509014e-04 -6.788735393971090945e-04 -6.792828578571699879e-10 4.918064057748624011e-04 1.835822408371780162e-08 -1.389546724288684684e-07 2.985763582031184490e-08 -7.042626523941320730e-08 2.448419433963613597e-07 -8.012091035954486384e-06 4.835284800985105272e-06 -2.609020368177561092e-06
-5.900783668977419866e-09 5.027164944141885152e-08 -3.010590339212735104e-06 6.731518954167082952e-06 -3.064141111946822925e-06 1.020045844927937046e-04 2.220148414267944298e-04 1.692215221386133227e-04 1.693235521763614709e-10 1.835822408371780162e-08 1.473607314628356125e-04 3.463696817166837003e-08 -7.442556363974067564e-09 1.755502182768086238e-08 -6.103128777371951386e-08 1.997158766596538883e-06 -1.205282289722257949e-06 6.503455686102294949e-07
4.466344119437964125e-08 -3.805096042370893428e-07 2.278736725813528403e-05 -5.095133423360955323e-05 2.319269677419547428e-05 -7.720797806913218698e-04 -1.680445745956916492e-03 -1.280849447607547735e-03 -1.281621720045695293e-09 -1.389546724288684684e-07 3.463696817166837003e-08 1.195322411268201317e-03 5.633322574521985286e-08 -1.328751787985053585e-07 4.619500536563752650e-07 -1.511663333748044931e-05 9.122865315780362140e-06 -4.922510752657709992e-06
-9.596976757628277683e-09 8.176131821157588865e-08 -4.896394637218042545e-06 1.094807648792706675e-05 -4.983489089431903300e-06 1.658992570250446719e-04 3.610827633324693192e-04 2.752202259833370890e-04 2.753861666372873332e-10 2.985763582031184490e-08 -7.442556363974067564e-09 5.633322574521985286e-08 7.615379526878748341e-04 2.855131553892506327e-08 -9.926068859833508518e-08 3.248159454664779589e-06 -1.960259309565574685e-06 1.057715662275840632e-06
2.263672966931356896e-08 -1.928533229270384019e-07 1.154929980098996279e-05 -2.582361655290904876e-05 1.175473257635799582e-05 -3.913124652126375607e-04 -8.516987284885152963e-04 -6.491717144318530147e-04 -6.495631245414621903e-10 -7.042626523941320730e-08 1.755502182768086238e-08 -1.328751787985053585e-07 2.855131553892506327e-08 4.698280045486062716e-04 2.341297089007140233e-07 -7.661548980998332141e-06 4.623733201929459348e-06 -2.494871470320651189e-06
-7.869820819734535692e-08 6.704683574428256121e-07 -4.015196601053146365e-05 8.977764816638714445e-05 -4.086616773324708957e-05 1.360425746448137635e-03 2.960991487514459414e-03 2.256891851628265756e-03 2.258252616842435109e-09 2.448419433963613597e-07 -6.103128777371951386e-08 4.619500536563752650e-07 -9.926068859833508518e-08 2.341297089007140233e-07 4.554210981264970154e-04 2.663592248654749229e-05 -1.607473886423175580e-05 8.673598936999876453e-06
2.575282648459001105e-06 -2.194008690685234379e-05 1.313913794697110305e-03 -2.937840960274273449e-03 1.337284991400812572e-03 -4.451792359184808534e-02 -9.689407388932159970e-02 -7.385345305921252324e-02 -7.389798209138425908e-08 -8.012091035954486384e-06 1.997158766596538883e-06 -1.511663333748044931e-05 3.248159454664779589e-06 -7.661548980998332141e-06 2.663592248654749229e-05 2.381532340494326938e+00 5.260220915291691311e-04 -2.838307167824654113e-04
-1.554179176503956797e-06 1.324080920660149003e-05 -7.929449843734513118e-04 1.772982568368107774e-03 -8.070494661741605845e-04 2.686649943805033067e-02 5.847542678685384299e-02 4.457044702499879385e-02 4.459732022844798377e-08 4.835284800985105272e-06 -1.205282289722257949e-06 9.122865315780362140e-06 -1.960259309565574685e-06 4.623733201929459348e-06 -1.607473886423175580e-05 5.260220915291691311e-04 5.844943606005209347e+00 1.712914075429582399e-04
8.386031628313058091e-07 -7.144468698956095757e-06 4.278568275136735832e-04 -9.566649791453324956e-04 4.354673162057032601e-04 -1.449661129396630568e-02 -3.155213928530025552e-02 -2.404929779592500719e-02 -2.406379802456569064e-08 -2.609020368177561092e-06 6.503455686102294949e-07 -4.922510752657709992e-06 1.057715662275840632e-06 -2.494871470320651189e-06 8.673598936999876453e-06 -2.838307167824654113e-04 1.712914075429582399e-04 3.068809032889324939e+00
2.899681891498814531e-04 -2.969793214244763383e-06 -6.667988370339097081e-05 2.037350454139182315e-05 1.038592152096384566e-05 9.643539622122662865e-04 -8.046689717032749463e-04 -5.927471668055660182e-04 4.552740172091015177e-08 7.496091539212017974e-08 9.161464543275254682e-08 -4.648464542403302311e-08 -2.969609700976557570e-07 1.463979101237615584e-08 -8.667227403112738693e-08 -8.531872159366052398e-07 2.022668219822535549e-05 -2.034664879385545712e-05
-2.969793214244763383e-06 3.457809453163457336e-02 1.887069009210248782e-03 -5.282421820897945791e-04 -3.233111472634888467e-04 -2.680536956750302277e-02 2.492118198929892461e-02 1.840503209932953591e-02 -1.304132955828003655e-06 -1.996886265557777906e-06 -2.665196947967061280e-06 1.621073283225870435e-06 8.453735202354701459e-06 -2.738014258019027250e-07 1.977800658947046356e-06 4.107669362126251556e-05 -5.900437780561831229e-04 5.888684206637936078e-04
-6.667988370339097081e-05 1.887069009210248782e-03 4.880257927916813543e+01 -9.623803322128946999e-03 -7.955334007809801086e-03 -5.572223656592951713e-01 6.091321015004861339e-01 4.513732315932088568e-01 -2.848779507700748359e-05 -3.841795862663952352e-05 -5.963406960765768301e-05 4.542794018044238043e-05 1.828415879497157350e-04 -9.450488217619536957e-07 2.573405311622398896e-05 1.472901335435617635e-03 -1.325753567037964674e-02 1.307230161808524589e-02
2.037350454139182315e-05 -5.282421820897945791e-04 -9.623803322128946999e-03 8.877814764664494263e+00 3.408055694663668280e-03 1.075929475591259898e-01 -2.557322159448960353e-01 -1.914491440186306681e-01 7.590114952680794684e-06 2.728010690724588401e-06 1.793035636260480967e-05 -2.655901345849152778e-05 -4.608317679944118870e-05 -7.015661330610017595e-06 1.835414549138934644e-05 -1.223107675840434151e-03 4.064013317900282488e-03 -3.784397679904905488e-03
1.038592152096384566e-05 -3.233111472634888467e-04 -7.955334007809801086e-03 3.408055694663668280e-03 2.703703446986755576e+00 1.248856732970368838e-01 -5.255522917632658025e-02 -3.775917775816214905e-02 5.114493707653640132e-06 1.146150192405177411e-05 9.464995381319426379e-06 6.320674609256288885e-07 -3.442614208706463335e-05 4.587750454802042358e-06 -1.994629799549999547e-05 2.405569126995181549e-04 2.056893545268104282e-03 -2.163621099007884477e-03
9.643539622122662865e-04 -2.680536956750302277e-02 -5.572223656592951713e-01 1.075929475591259898e-01 1.248856732970368838e-01 8.378535566685693993e+03 -9.509868518556459094e+00 -7.066517246466827551e+00 4.007954408966629971e-04 4.649758206928921301e-04 8.595333596505672471e-04 -7.845458266378721847e-04 -2.545924851552003581e-03 -5.981320780183002877e-05 -1.084397453082469050e-04 -2.907872316609840316e-02 1.918699315858956589e-01 -1.869474702265729593e-01
-8.046689717032749463e-04 2.492118198929892461e-02 6.091321015004861339e-01 -2.557322159448960353e-01 -5.255522917632658025e-02 -9.509868518556459094e+00 2.124491583931790956e+04 3.067189853302664915e+00 -3.933057180506467090e-04 -8.641485049784029728e-04 -7.325498071705524930e-04 -1.540562637453463332e-05 2.641332995409427769e-03 -3.361075652483359161e-04 1.475972597310723543e-03 -1.659102930315724256e-02 -1.593968842283991494e-01 1.670754021131886091e-01
-5.927471668055660182e-04 1.840503209932953591e-02 4.513732315932088568e-01 -1.914491440186306681e-01 -3.775917775816214905e-02 -7.066517246466827551e+00 3.067189853302664915e+00 7.850681768949409161e+03 -2.908110948661117427e-04 -6.453644090376698880e-04 -5.399053421477470124e-04 -2.373486716326155696e-05 1.955254861076777175e-03 -2.547245322306613538e-04 1.112865300533012747e-03 -1.297678004633338010e-02 -1.174043186082235346e-01 1.232784590367591859e-01
4.552740172091015177e-08 -1.304132955828003655e-06 -2.848779507700748359e-05 7.590114952680794684e-06 5.114493707653640132e-06 4.007954408966629971e-04 -3.933057180506467090e-04 -2.908110948661117427e-04 9.417808143781732403e-05 2.915523085101758466e-08 4.081092945490359166e-08 -2.690203172534669345e-08 -1.280148336393124386e-07 3.015980281663609278e-09 -2.607958061537640209e-08 -7.547517621160268820e-07 9.047612705622931980e-06 -8.993522510658450458e-06
7.496091539212017974e-08 -1.996886265557777906e-06 -3.841795862663952352e-05 2.728010690724588401e-06 1.146150192405177411e-05 4.649758206928921301e-04 -8.641485049784029728e-04 -6.453644090376698880e-04 2.915523085101758466e-08 1.574215914612263323e-04 6.629197257644876191e-08 -8.373680814281316521e-08 -1.803439367433077769e-07 -1.775742007561517019e-08 3.861811083404483266e-08 -3.647650067030438189e-06 1.493821487463731599e-05 -1.415536793247159678e-05
9.161464543275254682e-08 -2.665196947967061280e-06 -5.963406960765768301e-05 1.793035636260480967e-05 9.464995381319426379e-06 8.595333596505672471e-04 -7.325498071705524930e-04 -5.399053421477470124e-04 4.081092945490359166e-08 6.629197257644876191e-08 4.723926778035626522e-05 -4.340814059292322747e-08 -2.658802416690894534e-07 1.224881635093656819e-08 -7.466026525869980016e-08 -8.647386877085295091e-07 1.819524737930684944e-05 -1.827508298231535550e-05
-4.648464542403302311e-08 1.621073283225870435e-06 4.542794018044238043e-05 -2.655901345849152778e-05 6.320674609256288885e-07 -7.845458266378721847e-04 -1.540562637453463332e-05 -2.373486716326155696e-05 -2.690203172534669345e-08 -8.373680814281316521e-08 -4.340814059292322747e-08 3.825385914239295537e-04 1.893009181591122035e-07 -4.683034784743379027e-08 1.836587195086414089e-07 -3.859832467049033906e-06 -9.158305344138582168e-06 1.043888504132399134e-05
-2.969609700976557570e-07 8.453735202354701459e-06 1.828415879497157350e-04 -4.608317679944118870e-05 -3.442614208706463335e-05 -2.545924851552003581e-03 2.641332995409427769e-03 1.955254861076777175e-03 -1.280148336393124386e-07 -1.803439367433077769e-07 -2.658802416690894534e-07 1.893009181591122035e-07 2.445203501583677655e-04 -1.170620300433520984e-08 1.415170588426657061e-07 5.766113338429536806e-06 -5.902922393553873906e-05 5.843318930849875548e-05
1.463979101237615584e-08 -2.738014258019027250e-07 -9.450488217619536957e-07 -7.015661330610017595e-06 4.587750454802042358e-06 -5.981320780183002877e-05 -3.361075652483359161e-04 -2.547245322306613538e-04 3.015980281663609278e-09 -1.775742007561517019e-08 1.224881635093656819e-08 -4.683034784743379027e-08 -1.170620300433520984e-08 1.503454859812665661e-04 7.056072833352622257e-08 -2.570647918208655950e-06 2.949338536478340153e-06 -2.260371263734148058e-06
-8.667227403112738693e-08 1.977800658947046356e-06 2.573405311622398896e-05 1.835414549138934644e-05 -1.994629799549999547e-05 -1.084397453082469050e-04 1.475972597310723543e-03 1.112865300533012747e-03 -2.607958061537640209e-08 3.861811083404483266e-08 -7.466026525869980016e-08 1.836587195086414089e-07 1.415170588426657061e-07 7.056072833352622257e-08 1.457710058467296462e-04 9.512435067882136550e-06 -1.736300793019280778e-05 1.493036519814591708e-05
-8.531872159366052398e-07 4.107669362126251556e-05 1.472901335435617635e-03 -1.223107675840434151e-03 2.405569126995181549e-04 -2.907872316609840316e-02 -1.659102930315724256e-02 -1.297678004633338010e-02 -7.547517621160268820e-07 -3.647650067030438189e-06 -8.647386877085295091e-07 -3.859832467049033906e-06 5.766113338429536806e-06 -2.570647918208655950e-06 9.512435067882136550e-06 7.621173250169013258e-01 -1.649823045857342794e-04 2.407301862409277438e-04
2.022668219822535549e-05 -5.900437780561831229e-04 -1.325753567037964674e-02 4.064013317900282488e-03 2.056893545268104282e-03 1.918699315858956589e-01 -1.593968842283991494e-01 -1.174043186082235346e-01 9.047612705622931980e-06 1.493821487463731599e-05 1.819524737930684944e-05 -9.158305344138582168e-06 -5.902922393553873906e-05 2.949338536478340153e-06 -1.736300793019280778e-05 -1.649823045857342794e-04 1.874500240431908216e+00 -4.041809207594644973e-03
-2.034664879385545712e-05 5.888684206637936078e-04 1.307230161808524589e-02 -3.784397679904905488e-03 -2.163621099007884477e-03 -1.869474702265729593e-01 1.670754021131886091e-01 1.232784590367591859e-01 -8.993522510658450458e-06 -1.415536793247159678e-05 -1.827508298231535550e-05 1.043888504132399134e-05 5.843318930849875548e-05 -2.260371263734148058e-06 1.493036519814591708e-05 2.407301862409277438e-04 -4.041809207594644973e-03 9.860939628930860401e-01
9.279851219868831731e-05 -1.342463975681515018e-06 -2.058204162761673566e-05 1.052314528937883247e-05 3.830692921345333282e-06 3.832773699467891958e-04 -3.652486570587385102e-04 -3.309402053759873206e-04 -6.720939607657675012e-09 5.642970742225923748e-08 2.768317965581389087e-08 -7.329436388447852781e-08 -1.074870984906472093e-07 2.848503302844400882e-08 -2.815692804484897063e-08 8.290975700372958192e-07 4.341984803668869022e-06 -6.269216918292224469e-06
-1.342463975681515018e-06 1.108268144634138620e-02 5.697762745953205768e-04 -3.496634853013902769e-04 -1.263421228730578834e-04 -1.194713811685026161e-02 1.283619361192161329e-02 1.226269346549738355e-02 5.431759193087258706e-07 -2.102654351114882978e-06 -7.791663412727280620e-07 3.154365593158556782e-06 3.267317352982057504e-06 -1.161381834292812695e-06 6.519259970144896893e-07 -3.657817566976337789e-05 -9.269275868782300113e-05 1.775329657825299248e-04
-2.058204162761673566e-05 5.697762745953205768e-04 1.561689104280871199e+01 -2.731603129970153112e-03 -2.501618828744643815e-03 -1.718192613796112045e-01 1.855557338493931119e-01 1.321603496617677898e-01 -1.096669662260765487e-05 -9.473715926468384647e-06 -1.922489442413003358e-05 9.458860770353753964e-06 5.742626177817382668e-05 1.766419092283191436e-06 8.198232113950774624e-06 5.671296949818121005e-04 -4.427609208695957969e-03 4.204147155485266248e-03
1.052314528937883247e-05 -3.496634853013902769e-04 -2.731603129970153112e-03 2.842744904520213556e+00 1.324207259609093759e-03 6.883130541806294078e-02 -1.314690505698880851e-01 -1.263324997347032297e-01 -7.377791391911426630e-06 1.581674435192070635e-05 4.985275604122671929e-06 -3.540841857811394619e-05 -2.048584730765758407e-05 8.718064519865279045e-06 5.679033652219685470e-06 1.162713249914990428e-04 3.190924160771170829e-04 -1.099668628507349507e-03
3.830692921345333282e-06 -1.263421228730578834e-04 -2.501618828744643815e-03 1.324207259609093759e-03 8.652147003196950514e-01 4.432156833104610588e-02 -2.310563752897221851e-02 -2.032615739024778642e-02 3.942878703413893981e-07 5.560829579838814207e-06 2.933476056808044359e-06 -3.206765697301846460e-06 -1.174343840644284985e-05 2.856934568989127542e-06 -6.407429304226705244e-06 1.412917182888395263e-04 5.338785661575105217e-04 -6.782538466887355882e-04
3.832773699467891958e-04 -1.194713811685026161e-02 -1.718192613796112045e-01 6.883130541806294078e-02 4.432156833104610588e-02 2.681773112402761853e+03 -3.969050629187884205e+00 -3.475086597499082330e+00 -5.467953298890778588e-05 4.275554295846793881e-04 2.610145940458961922e-04 -7.530284976313274085e-04 -9.217562836228058261e-04 1.853663732825478437e-04 -3.832508275917375089e-05 1.648698516227242955e-04 4.309137132048253271e-02 -5.774626569782705804e-02
-3.652486570587385102e-04 1.283619361192161329e-02 1.855557338493931119e-01 -1.314690505698880851e-01 -2.310563752897221851e-02 -3.969050629187884205e+00 6.799708951082836393e+03 2.732778860197148774e+00 1.380803431414468494e-04 -6.787283763908562783e-04 -2.141646122147288682e-04 7.193204904483339272e-04 9.996937256356219683e-04 -4.026175389343837987e-04 4.775404815442358406e-04 -1.897257988654478880e-02 -2.459356441046964964e-02 5.046753149723768456e-02
-3.309402053759873206e-04 1.226269346549738355e-02 1.321603496617677898e-01 -1.263324997347032297e-01 -2.032615739024778642e-02 -3.475086597499082330e+00 2.732778860197148774e+00 2.514514007955604939e+03 2.529507787603863054e-04 -7.337827073477216173e-04 -1.462211889587952608e-04 9.418623565289687988e-04 8.281806284785692921e-04 -4.683254948126025800e-04 3.629721935063113776e-04 -2.206470015442947227e-02 -2.942626520855650980e-03 3.552071121988725072e-02
-6.720939607657675012e-09 5.431759193087258706e-07 -1.096669662260765487e-05 -7.377791391911426630e-06 3.942878703413893981e-07 -5.467953298890778588e-05 1.380803431414468494e-04 2.529507787603863054e-04 3.018913387928890272e-05 -7.013551761983505515e-08 1.706067118168775726e-08 1.344857450167432792e-07 -1.044575888378354656e-08 -5.733224420657710683e-08 -7.312291998751441178e-09 -2.941088946768203001e-06 8.113894670617433528e-06 -3.469982555387662155e-06
5.642970742225923748e-08 -2.102654351114882978e-06 -9.473715926468384647e-06 1.581674435192070635e-05 5.560829579838814207e-06 4.275554295846793881e-04 -6.787283763908562783e-04 -7.337827073477216173e-04 -7.013551761983505515e-08 5.049600189921713781e-05 1.511626275839493498e-08 -2.448494516211551402e-07 -1.042162656527088654e-07 8.315376064226526766e-08 1.078339878078909200e-08 2.946475655506097917e-06 -3.172197857884660743e-06 -3.627517173688893943e-06
2.768317965581389087e-08 -7.791663412727280620e-07 -1.922489442413003358e-05 4.985275604122671929e-06 2.933476056808044359e-06 2.610145940458961922e-04 -2.141646122147288682e-04 -1.462211889587952608e-04 1.706067118168775726e-08 1.511626275839493498e-08 1.511687268992371694e-05 -2.911324407736490391e-09 -8.274003054475330658e-08 -5.533914862061349916e-10 -2.381201200136407933e-08 -4.838476145995653452e-07 6.222893985567141765e-06 -5.893453503605827594e-06
-7.329436388447852781e-08 3.154365593158556782e-06 9.458860770353753964e-06 -3.540841857811394619e-05 -3.206765697301846460e-06 -7.530284976313274085e-04 7.193204904483339272e-04 9.418623565289687988e-04 1.344857450167432792e-07 -2.448494516211551402e-07 -2.911324407736490391e-09 1.228050024144631343e-04 1.443208526443054894e-07 -1.749545325997814792e-07 6.160583458512115765e-08 -8.642802375584685145e-06 1.138941949130736479e-05 1.715834479476781268e-06
-1.074870984906472093e-07 3.267317352982057504e-06 5.742626177817382668e-05 -2.048584730765758407e-05 -1.174343840644284985e-05 -9.217562836228058261e-04 9.996937256356219683e-04 8.281806284785692921e-04 -1.044575888378354656e-08 -1.042162656527088654e-07 -8.274003054475330658e-08 1.443208526443054894e-07 7.826437298207965102e-05 -3.786392866177605954e-08 4.589011342722675812e-08 2.652609621325392454e-07 -1.583518407966492253e-05 1.835212612519645131e-05
2.848503302844400882e-08 -1.161381834292812695e-06 1.766419092283191436e-06 8.718064519865279045e-06 2.856934568989127542e-06 1.853663732825478437e-04 -4.026175389343837987e-04 -4.683254948126025800e-04 -5.733224420657710683e-08 8.315376064226526766e-08 -5.533914862061349916e-10 -1.749545325997814792e-07 -3.786392866177605954e-08 4.817572759580466993e-05 2.142442210711438294e-08 2.195308019807287987e-06 -4.890281302817275559e-06 -6.144524406712643826e-08
-2.815692804484897063e-08 6.519259970144896893e-07 8.198232113950774624e-06 5.679033652219685470e-06 -6.407429304226705244e-06 -3.832508275917375089e-05 4.775404815442358406e-04 3.629721935063113776e-04 -7.312291998751441178e-09 1.078339878078909200e-08 -2.381201200136407933e-08 6.160583458512115765e-08 4.589011342722675812e-08 2.142442210711438294e-08 4.664674234061288338e-05 2.990494275217655792e-06 -5.452768351363777552e-06 4.765986822030836693e-06
8.290975700372958192e-07 -3.657817566976337789e-05 5.671296949818121005e-04 1.162713249914990428e-04 1.412917182888395263e-04 1.648698516227242955e-04 -1.897257988654478880e-02 -2.206470015442947227e-02 -2.941088946768203001e-06 2.946475655506097917e-06 -4.838476145995653452e-07 -8.642802375584685145e-06 2.652609621325392454e-07 2.195308019807287987e-06 2.990494275217655792e-06 2.440172942302015480e-01 -3.229518625607630277e-04 1.076829548893168045e-04
4.341984803668869022e-06 -9.269275868782300113e-05 -4.427609208695957969e-03 3.190924160771170829e-04 5.338785661575105217e-04 4.309137132048253271e-02 -2.459356441046964964e-02 -2.942626520855650980e-03 8.113894670617433528e-06 -3.172197857884660743e-06 6.222893985567141765e-06 1.138941949130736479e-05 -1.583518407966492253e-05 -4.890281302817275559e-06 -5.452768351363777552e-06 -3.229518625607630277e-04 6.003623307554949440e-01 -1.352628495218177697e-03
-6.269216918292224469e-06 1.775329657825299248e-04 4.204147155485266248e-03 -1.099668628507349507e-03 -6.782538466887355882e-04 -5.774626569782705804e-02 5.046753149723768456e-02 3.552071121988725072e-02 -3.469982555387662155e-06 -3.627517173688893943e-06 -5.893453503605827594e-06 1.715834479476781268e-06 1.835212612519645131e-05 -6.144524406712643826e-08 4.765986822030836693e-06 1.076829548893168045e-04 -1.352628495218177697e-03 3.155567899704451174e-01
2.969559175157997379e-05 -4.358533726401247993e-07 -6.313129570055479884e-06 3.605017867668992460e-06 1.182518812882342318e-06 1.206767082745267372e-04 -1.146246163707432148e-04 -1.105742679278591816e-04 -1.948649554989889857e-09 1.611871475010534096e-08 8.267754023029599278e-09 -2.473163044640888292e-08 -3.222172830098470229e-08 8.693186438300395000e-09 -8.340581111313652500e-09 3.397619677005868879e-07 1.396655926308857970e-06 -1.988751307797434080e-06
-4.358533726401247993e-07 3.547036546756030147e-03 1.571089009019263432e-04 -1.338327057318422031e-04 -3.643100485970545625e-05 -3.640990434729712497e-03 3.899365624826585993e-03 4.355591203656874154e-03 1.551594413761450491e-07 -4.938266279220499593e-07 -1.947744979487887594e-07 1.127351783774297913e-06 8.447870604203981338e-07 -3.326736224413522713e-07 1.467839581973993930e-07 -1.857959626914482048e-05 -3.032843088012356455e-05 5.520405508690332978e-05
-6.313129570055479884e-06 1.571089009019263432e-04 4.998504599910876145e+00 8.239728997828082567e-05 -9.748349765083973075e-04 -6.292069867027921815e-02 6.845520581339521737e-02 2.347841917196113320e-02 -2.695981289843201707e-06 -1.083624130223112375e-05 -8.530501278592633038e-06 -2.115505784752602037e-06 2.712846945137898689e-05 -1.133614155033870130e-06 5.319069510327518172e-06 4.811847639204772293e-04 -1.387767486865297464e-03 1.415363583133162628e-03
3.605017867668992460e-06 -1.338327057318422031e-04 8.239728997828082567e-05 9.105105113784515147e-01 2.720945887242955108e-04 1.511967502715808737e-02 -3.417299241617339361e-02 -5.679318345318383476e-02 -1.653287353819461690e-06 -1.728509540337106126e-06 -4.739825505020639551e-07 -1.580441242437018813e-05 1.058624506898964405e-06 1.311804369132497076e-06 4.162431360715805938e-06 2.979417614741402794e-04 1.273975940543595371e-04 -2.909638243297721252e-04
1.182518812882342318e-06 -3.643100485970545625e-05 -9.748349765083973075e-04 2.720945887242955108e-04 2.768963415132387196e-01 1.544153192557240484e-02 -8.832992970264179344e-03 -3.521644685648678014e-03 -2.783840290871836396e-09 3.016868819636634561e-06 1.315821681044666531e-06 -2.108628008623850912e-07 -5.145513106756145478e-06 1.183569346151233669e-06 -2.477761966933425343e-06 -2.303670927826026274e-06 1.662325857282945512e-04 -2.281452993254529246e-04
1.206767082745267372e-04 -3.640990434729712497e-03 -6.292069867027921815e-02 1.511967502715808737e-02 1.544153192557240484e-02 8.582247150003470324e+02 -1.335638031288638228e+00 -9.761919699942501749e-01 -2.337020927792718002e-05 1.931700875819918929e-04 1.006985347448652540e-04 -2.038395962556403048e-04 -3.581550213584149033e-04 7.158366935912430283e-05 -3.172746655379164970e-05 -2.111205227003025431e-03 1.357936147824336144e-02 -1.898449328353696980e-02
-1.146246163707432148e-04 3.899365624826585993e-03 6.845520581339521737e-02 -3.417299241617339361e-02 -8.832992970264179344e-03 -1.335638031288638228e+00 2.175981808590388027e+03 7.191669483414767639e-01 5.090095504973002561e-05 -2.816295521393230692e-04 -8.817024632336035441e-05 1.877265555157504905e-04 3.921604628872710067e-04 -1.428637437914227304e-04 1.750685548391356123e-04 -3.596826933380252878e-03 -7.629954958074250566e-03 1.672784270295761197e-02
-1.105742679278591816e-04 4.355591203656874154e-03 2.347841917196113320e-02 -5.679318345318383476e-02 -3.521644685648678014e-03 -9.761919699942501749e-01 7.191669483414767639e-01 8.049663886931547268e+02 6.702687283658007652e-05 -1.012655851642763283e-04 -6.091826305124281629e-06 3.893862104962680687e-04 1.152617913797158208e-04 -1.207949372444219472e-04 7.002626797182643378e-05 -1.218890648518251157e-02 -1.439011846567680563e-03 1.016823784277232426e-02
-1.948649554989889857e-09 1.551594413761450491e-07 -2.695981289843201707e-06 -1.653287353819461690e-06 -2.783840290871836396e-09 -2.337020927792718002e-05 5.090095504973002561e-05 6.702687283658007652e-05 9.661124548940079758e-06 -2.821708070582158935e-08 3.699825321882559955e-09 3.923124415476238314e-08 3.131948486766387017e-09 -1.960310461629861839e-08 -3.457600471356144372e-10 -7.194343889461980192e-07 2.617949780835501132e-06 -1.058582915247308084e-06
1.611871475010534096e-08 -4.938266279220499593e-07 -1.083624130223112375e-05 -1.728509540337106126e-06 3.016868819636634561e-06 1.931700875819918929e-04 -2.816295521393230692e-04 -1.012655851642763283e-04 -2.821708070582158935e-08 1.621412257952742811e-05 2.172143273912402538e-08 -4.184848827056776276e-08 -9.547647002333141503e-08 3.866876085491099221e-08 -1.568450294225129367e-08 -1.184596279427409445e-06 -1.221441092497647793e-06 -1.657965359627105993e-06
8.267754023029599278e-09 -1.947744979487887594e-07 -8.530501278592633038e-06 -4.739825505020639551e-07 1.315821681044666531e-06 1.006985347448652540e-04 -8.817024632336035441e-05 -6.091826305124281629e-06 3.699825321882559955e-09 2.172143273912402538e-08 4.842544875059235614e-06 1.019308269650060307e-08 -4.541062953993491163e-08 3.498168852317164686e-09 -1.345145817288552704e-08 -8.031956049078660402e-07 1.928442858196600443e-06 -2.037418876964054825e-06
-2.473163044640888292e-08 1.127351783774297913e-06 -2.115505784752602037e-06 -1.580441242437018813e-05 -2.108628008623850912e-07 -2.038395962556403048e-04 1.877265555157504905e-04 3.893862104962680687e-04 3.923124415476238314e-08 -4.184848827056776276e-08 1.019308269650060307e-08 3.932165214687512205e-05 5.248165061984012138e-09 -4.803963069930714535e-08 7.106043329548775608e-09 -4.167446465587346621e-06 3.508662085184846272e-06 2.214975787001176968e-07
-3.222172830098470229e-08 8.447870604203981338e-07 2.712846945137898689e-05 1.058624506898964405e-06 -5.145513106756145478e-06 -3.581550213584149033e-04 3.921604628872710067e-04 1.152617913797158208e-04 3.131948486766387017e-09 -9.547647002333141503e-08 -4.541062953993491163e-08 5.248165061984012138e-09 2.511426830167493485e-05 -2.563993472267695863e-08 3.614286416795152360e-08 2.470607235686569114e-06 -4.835873606317860881e-06 6.430190889687652003e-06
8.693186438300395000e-09 -3.326736224413522713e-07 -1.133614155033870130e-06 1.311804369132497076e-06 1.183569346151233669e-06 7.158366935912430283e-05 -1.428637437914227304e-04 -1.207949372444219472e-04 -1.960310461629861839e-08 3.866876085491099221e-08 3.498168852317164686e-09 -4.803963069930714535e-08 -2.563993472267695863e-08 1.541885788029395387e-05 2.690585528062291006e-09 2.394044264768824620e-07 -1.609804344092554771e-06 -1.278811524481212464e-07
-8.340581111313652500e-09 1.467839581973993930e-07 5.319069510327518172e-06 4.162431360715805938e-06 -2.477761966933425343e-06 -3.172746655379164970e-05 1.750685548391356123e-04 7.002626797182643378e-05 -3.457600471356144372e-10 -1.568450294225129367e-08 -1.345145817288552704e-08 7.106043329548775608e-09 3.614286416795152360e-08 2.690585528062291006e-09 1.493356661913775613e-05 1.691760804650856895e-06 -1.673619226630630877e-06 1.696828962709246761e-06
3.397619677005868879e-07 -1.857959626914482048e-05 4.811847639204772293e-04 2.979417614741402794e-04 -2.303670927826026274e-06 -2.111205227003025431e-03 -3.596826933380252878e-03 -1.218890648518251157e-02 -7.194343889461980192e-07 -1.184596279427409445e-06 -8.031956049078660402e-07 -4.167446465587346621e-06 2.470607235686569114e-06 2.394044264768824620e-07 1.691760804650856895e-06 7.816723020214874640e-02 -9.542110328655669597e-05 5.354977843781119135e-05
1.396655926308857970e-06 -3.032843088012356455e-05 -1.387767486865297464e-03 1.273975940543595371e-04 1.662325857282945512e-04 1.357936147824336144e-02 -7.629954958074250566e-03 -1.439011846567680563e-03 2.617949780835501132e-06 -1.221441092497647793e-06 1.928442858196600443e-06 3.508662085184846272e-06 -4.835873606317860881e-06 -1.609804344092554771e-06 -1.673619226630630877e-06 -9.542110328655669597e-05 1.921167143212411665e-01 -4.309895081687129502e-04
-1.988751307797434080e-06 5.520405508690332978e-05 1.415363583133162628e-03 -2.909638243297721252e-04 -2.281452993254529246e-04 -1.898449328353696980e-02 1.672784270295761197e-02 1.016823784277232426e-02 -1.058582915247308084e-06 -1.657965359627105993e-06 -2.037418876964054825e-06 2.214975787001176968e-07 6.430190889687652003e-06 -1.278811524481212464e-07 1.696828962709246761e-06 5.354977843781119135e-05 -4.309895081687129502e-04 1.009826341467448818e-01
2.969559175157997379e-05 -4.358533726401247993e-07 -6.313129570055479884e-06 3.605017867668992460e-06 1.182518812882342318e-06 1.206767082745267372e-04 -1.146246163707432148e-04 -1.105742679278591816e-04 -1.948649554989889857e-09 1.611871475010534096e-08 8.267754023029599278e-09 -2.473163044640888292e-08 -3.222172830098470229e-08 8.693186438300395000e-09 -8.340581111313652500e-09 3.397619677005868879e-07 1.396655926308857970e-06 -1.988751307797434080e-06
-4.358533726401247993e-07 3.547036546756030147e-03 1.571089009019263432e-04 -1.338327057318422031e-04 -3.643100485970545625e-05 -3.640990434729712497e-03 3.899365624826585993e-03 4.355591203656874154e-03 1.551594413761450491e-07 -4.938266279220499593e-07 -1.947744979487887594e-07 1.127351783774297913e-06 8.447870604203981338e-07 -3.326736224413522713e-07 1.467839581973993930e-07 -1.857959626914482048e-05 -3.032843088012356455e-05 5.520405508690332978e-05
-6.313129570055479884e-06 1.571089009019263432e-04 4.998504599910876145e+00 8.239728997828082567e-05 -9.748349765083973075e-04 -6.292069867027921815e-02 6.845520581339521737e-02 2.347841917196113320e-02 -2.695981289843201707e-06 -1.083624130223112375e-05 -8.530501278592633038e-06 -2.115505784752602037e-06 2.712846945137898689e-05 -1.133614155033870130e-06 5.319069510327518172e-06 4.811847639204772293e-04 -1.387767486865297464e-03 1.415363583133162628e-03
3.605017867668992460e-06 -1.338327057318422031e-04 8.239728997828082567e-05 9.105105113784515147e-01 2.720945887242955108e-04 1.511967502715808737e-02 -3.417299241617339361e-02 -5.679318345318383476e-02 -1.653287353819461690e-06 -1.728509540337106126e-06 -4.739825505020639551e-07 -1.580441242437018813e-05 1.058624506898964405e-06 1.311804369132497076e-06 4.162431360715805938e-06 2.979417614741402794e-04 1.273975940543595371e-04 -2.909638243297721252e-04
1.182518812882342318e-06 -3.643100485970545625e-05 -9.748349765083973075e-04 2.720945887242955108e-04 2.768963415132387196e-01 1.544153192557240484e-02 -8.832992970264179344e-03 -3.521644685648678014e-03 -2.783840290871836396e-09 3.016868819636634561e-06 1.315821681044666531e-06 -2.108628008623850912e-07 -5.145513106756145478e-06 1.183569346151233669e-06 -2.477761966933425343e-06 -2.303670927826026274e-06 1.662325857282945512e-04 -2.281452993254529246e-04
1.206767082745267372e-04 -3.640990434729712497e-03 -6.292069867027921815e-02 1.511967502715808737e-02 1.544153192557240484e-02 8.582247150003470324e+02 -1.335638031288638228e+00 -9.761919699942501749e-01 -2.337020927792718002e-05 1.931700875819918929e-04 1.006985347448652540e-04 -2.038395962556403048e-04 -3.581550213584149033e-04 7.158366935912430283e-05 -3.172746655379164970e-05 -2.111205227003025431e-03 1.357936147824336144e-02 -1.898449328353696980e-02
-1.146246163707432148e-04 3.899365624826585993e-03 6.845520581339521737e-02 -3.417299241617339361e-02 -8.832992970264179344e-03 -1.335638031288638228e+00 2.175981808590388027e+03 7.191669483414767639e-01 5.090095504973002561e-05 -2.816295521393230692e-04 -8.817024632336035441e-05 1.877265555157504905e-04 3.921604628872710067e-04 -1.428637437914227304e-04 1.750685548391356123e-04 -3.596826933380252878e-03 -7.629954958074250566e-03 1.672784270295761197e-02
-1.105742679278591816e-04 4.355591203656874154e-03 2.347841917196113320e-02 -5.679318345318383476e-02 -3.521644685648678014e-03 -9.761919699942501749e-01 7.191669483414767639e-01 8.049663886931547268e+02 6.702687283658007652e-05 -1.012655851642763283e-04 -6.091826305124281629e-06 3.893862104962680687e-04 1.152617913797158208e-04 -1.207949372444219472e-04 7.002626797182643378e-05 -1.218890648518251157e-02 -1.439011846567680563e-03 1.016823784277232426e-02
-1.948649554989889857e-09 1.551594413761450491e-07 -2.695981289843201707e-06 -1.653287353819461690e-06 -2.783840290871836396e-09 -2.337020927792718002e-05 5.090095504973002561e-05 6.702687283658007652e-05 9.661124548940079758e-06 -2.821708070582158935e-08 3.699825321882559955e-09 3.923124415476238314e-08 3.131948486766387017e-09 -1.960310461629861839e-08 -3.457600471356144372e-10 -7.194343889461980192e-07 2.617949780835501132e-06 -1.058582915247308084e-06
1.611871475010534096e-08 -4.938266279220499593e-07 -1.083624130223112375e-05 -1.728509540337106126e-06 3.016868819636634561e-06 1.931700875819918929e-04 -2.816295521393230692e-04 -1.012655851642763283e-04 -2.821708070582158935e-08 1.621412257952742811e-05 2.172143273912402538e-08 -4.184848827056776276e-08 -9.547647002333141503e-08 3.866876085491099221e-08 -1.568450294225129367e-08 -1.184596279427409445e-06 -1.221441092497647793e-06 -1.657965359627105993e-06
8.267754023029599278e-09 -1.947744979487887594e-07 -8.530501278592633038e-06 -4.739825505020639551e-07 1.315821681044666531e-06 1.006985347448652540e-04 -8.817024632336035441e-05 -6.091826305124281629e-06 3.699825321882559955e-09 2.172143273912402538e-08 4.842544875059235614e-06 1.019308269650060307e-08 -4.541062953993491163e-08 3.498168852317164686e-09 -1.345145817288552704e-08 -8.031956049078660402e-07 1.928442858196600443e-06 -2.037418876964054825e-06
-2.473163044640888292e-08 1.127351783774297913e-06 -2.115505784752602037e-06 -1.580441242437018813e-05 -2.108628008623850912e-07 -2.038395962556403048e-04 1.877265555157504905e-04 3.893862104962680687e-04 3.923124415476238314e-08 -4.184848827056776276e-08 1.019308269650060307e-08 3.932165214687512205e-05 5.248165061984012138e-09 -4.803963069930714535e-08 7.106043329548775608e-09 -4.167446465587346621e-06 3.508662085184846272e-06 2.214975787001176968e-07
-3.222172830098470229e-08 8.447870604203981338e-07 2.712846945137898689e-05 1.058624506898964405e-06 -5.145513106756145478e-06 -3.581550213584149033e-04 3.921604628872710067e-04 1.152617913797158208e-04 3.131948486766387017e-09 -9.547647002333141503e-08 -4.541062953993491163e-08 5.248165061984012138e-09 2.511426830167493485e-05 -2.563993472267695863e-08 3.614286416795152360e-08 2.470607235686569114e-06 -4.835873606317860881e-06 6.430190889687652003e-06
8.693186438300395000e-09 -3.326736224413522713e-07 -1.133614155033870130e-06 1.311804369132497076e-06 1.183569346151233669e-06 7.158366935912430283e-05 -1.428637437914227304e-04 -1.207949372444219472e-04 -1.960310461629861839e-08 3.866876085491099221e-08 3.498168852317164686e-09 -4.803963069930714535e-08 -2.563993472267695863e-08 1.541885788029395387e-05 2.690585528062291006e-09 2.394044264768824620e-07 -1.609804344092554771e-06 -1.278811524481212464e-07
-8.340581111313652500e-09 1.467839581973993930e-07 5.319069510327518172e-06 4.162431360715805938e-06 -2.477761966933425343e-06 -3.172746655379164970e-05 1.750685548391356123e-04 7.002626797182643378e-05 -3.457600471356144372e-10 -1.568450294225129367e-08 -1.345145817288552704e-08 7.106043329548775608e-09 3.614286416795152360e-08 2.690585528062291006e-09 1.493356661913775613e-05 1.691760804650856895e-06 -1.673619226630630877e-06 1.696828962709246761e-06
