3.846411585504374685e-03 6.559652681358116890e-06 -7.828855489252725154e-04 -1.771695024254620174e-04 -9.985704345589502685e-05 1.621676890870405591e-02 -1.038392748535835707e-02 1.963731904424789732e-02 1.910102614901631432e-05 -4.016740939283019673e-08 -5.417127152410996064e-06 1.655400256721378087e-06 -6.006906803507724509e-06 1.830176208018501903e-06 1.634786601175078740e-06 -1.711539904132890869e-05 -3.143418699856966326e-07 2.214028691070818198e-06
6.559652681358116890e-06 1.743725873334517895e-01 -7.072008987678500254e-04 -1.600418241485500315e-04 -9.020346713163035078e-05 1.464902955877745577e-02 -9.380072043054866679e-03 1.773890155022992549e-02 1.725445421558282068e-05 -3.628426666296419890e-08 -4.893431991667092789e-06 1.495366150238689159e-06 -5.426195305414764128e-06 1.653245817336913473e-06 1.476745298507237821e-06 -1.546078555341113609e-05 -2.839531950480164921e-07 1.999989758876674256e-06
-7.828855489252725154e-04 -7.072008987678500254e-04 7.065942467545930583e+01 1.910077216521140903e-02 1.076566006017382233e-02 -1.748341582160045204e+00 1.119498730665295039e+00 -2.117113565623696569e+00 -2.059295440803091560e-03 4.330477451117795099e-06 5.840243953482622020e-04 -1.784698986732793219e-04 6.476089659941945036e-04 -1.973126203606021597e-04 -1.762475255633945707e-04 1.845223546544871428e-03 3.388942429924896125e-05 -2.386960341166891758e-04
-1.771695024254620174e-04 -1.600418241485500315e-04 1.910077216521140903e-02 1.857820385273870833e+00 2.436303286937697467e-03 -3.956552890856931404e-01 2.533461415275639061e-01 -4.791095678220886889e-01 -4.660251413440394570e-04 9.800008907208167661e-07 1.321665876579609976e-04 -4.038830859667028543e-05 1.465559792602726249e-04 -4.465247675032603099e-05 -3.988537845749154365e-05 4.175799873351678415e-04 7.669285055555937465e-06 -5.401767557651205161e-05
-9.985704345589502685e-05 -9.020346713163035078e-05 1.076566006017382233e-02 2.436303286937697467e-03 9.136748497753252707e+00 -2.230009502476691663e-01 1.427920512140327669e-01 -2.700378128243232090e-01 -2.626631116171348080e-04 5.523523529265180440e-07 7.449230542785359942e-05 -2.276383368150267949e-05 8.260251673885756092e-05 -2.516722263272463175e-05 -2.248037001492507667e-05 2.353582437766515263e-04 4.322595709667880734e-06 -3.044567661807123064e-05
1.621676890870405591e-02 1.464902955877745577e-02 -1.748341582160045204e+00 -3.956552890856931404e-01 -2.230009502476691663e-01 1.468156675104968890e+05 -2.318940774128338944e+01 4.385410037818829210e+01 4.265645000612879045e-02 -8.970193942848499527e-05 -1.209753925003461544e-02 3.696843182145203872e-03 -1.341463635284839868e-02 4.087153188037912985e-03 3.650808725127325117e-03 -3.822214355635492750e-02 -7.019888961603480389e-04 4.944373325077133785e-03
-1.038392748535835707e-02 -9.380072043054866679e-03 1.119498730665295039e+00 2.533461415275639061e-01 1.427920512140327669e-01 -2.318940774128338944e+01 4.932612000580806489e+04 -2.808067382759077546e+01 -2.731379389692817697e-02 5.743797914154482015e-05 7.746300821750736268e-03 -2.367163998219972212e-03 8.589664927374340841e-03 -2.617087446029871603e-03 -2.337687197619765789e-03 2.447441714552151676e-02 4.494977904842288379e-04 -3.165982962277045717e-03
1.963731904424789732e-02 1.773890155022992549e-02 -2.117113565623696569e+00 -4.791095678220886889e-01 -2.700378128243232090e-01 4.385410037818829210e+01 -2.808067382759077546e+01 8.409131465059776019e+03 5.165383577833208145e-02 -1.086224767314469938e-04 -1.464923371854509604e-02 4.476606248324432359e-03 -1.624414181434502905e-02 4.949243069816262885e-03 4.420861893540933840e-03 -4.628421554236523267e-02 -8.500571227861064604e-04 5.987273852456201535e-03
1.910102614901631432e-05 1.725445421558282068e-05 -2.059295440803091560e-03 -4.660251413440394570e-04 -2.626631116171348080e-04 4.265645000612879045e-02 -2.731379389692817697e-02 5.165383577833208145e-02 1.805926226560303216e-02 -1.056560095470888492e-07 -1.424916485241625387e-05 4.354350653234485624e-06 -1.580051619393635801e-05 4.814079818196432500e-06 4.300128670285570116e-06 -4.502019900829521418e-05 -8.268421617996309867e-07 5.823762101099359184e-06
-4.016740939283019673e-08 -3.628426666296419890e-08 4.330477451117795099e-06 9.800008907208167661e-07 5.523523529265180440e-07 -8.970193942848499527e-05 5.743797914154482015e-05 -1.086224767314469938e-04 -1.056560095470888492e-07 2.039299778980879373e-04 2.996446545163261612e-08 -9.156732416567818469e-09 3.322679093932184842e-08 -1.012349354420501091e-08 -9.042709401772233126e-09 9.467265006629032482e-08 1.738760386858531589e-09 -1.224674709601158741e-08
-5.417127152410996064e-06 -4.893431991667092789e-06 5.840243953482622020e-04 1.321665876579609976e-04 7.449230542785359942e-05 -1.209753925003461544e-02 7.746300821750736268e-03 -1.464923371854509604e-02 -1.424916485241625387e-05 2.996446545163261612e-08 1.707559222851233547e-03 -1.234911201667029659e-06 4.481089373341876535e-06 -1.365292225327313796e-06 -1.219533631174291274e-06 1.276790788893518536e-05 2.344957328731607024e-07 -1.651642145344748852e-06
1.655400256721378087e-06 1.495366150238689159e-06 -1.784698986732793219e-04 -4.038830859667028543e-05 -2.276383368150267949e-05 3.696843182145203872e-03 -2.367163998219972212e-03 4.476606248324432359e-03 4.354350653234485624e-06 -9.156732416567818469e-09 -1.234911201667029659e-06 2.449207509718599263e-04 -1.369359863690860143e-06 4.172147037938056900e-07 3.726728631850117659e-07 -3.901698705324135916e-06 -7.165870127776658195e-08 5.047193382194597415e-07
-6.006906803507724509e-06 -5.426195305414764128e-06 6.476089659941945036e-04 1.465559792602726249e-04 8.260251673885756092e-05 -1.341463635284839868e-02 8.589664927374340841e-03 -1.624414181434502905e-02 -1.580051619393635801e-05 3.322679093932184842e-08 4.481089373341876535e-06 -1.369359863690860143e-06 2.209866884647503690e-03 -1.513935878991643010e-06 -1.352308088789631076e-06 1.415799013144261167e-05 2.600260199841159567e-07 -1.831461614375401450e-06
1.830176208018501903e-06 1.653245817336913473e-06 -1.973126203606021597e-04 -4.465247675032603099e-05 -2.516722263272463175e-05 4.087153188037912985e-03 -2.617087446029871603e-03 4.949243069816262885e-03 4.814079818196432500e-06 -1.012349354420501091e-08 -1.365292225327313796e-06 4.172147037938056900e-07 -1.513935878991643010e-06 7.938687126730535832e-04 4.120193921717752882e-07 -4.313637207888084881e-06 -7.922437467529468984e-08 5.580072376970590815e-07
1.634786601175078740e-06 1.476745298507237821e-06 -1.762475255633945707e-04 -3.988537845749154365e-05 -2.248037001492507667e-05 3.650808725127325117e-03 -2.337687197619765789e-03 4.420861893540933840e-03 4.300128670285570116e-06 -9.042709401772233126e-09 -1.219533631174291274e-06 3.726728631850117659e-07 -1.352308088789631076e-06 4.120193921717752882e-07 1.689374464182731149e-04 -3.853113311652465360e-06 -7.076638065679447108e-08 4.984343865629835972e-07
-1.711539904132890869e-05 -1.546078555341113609e-05 1.845223546544871428e-03 4.175799873351678415e-04 2.353582437766515263e-04 -3.822214355635492750e-02 2.447441714552151676e-02 -4.628421554236523267e-02 -4.502019900829521418e-05 9.467265006629032482e-08 1.276790788893518536e-05 -3.901698705324135916e-06 1.415799013144261167e-05 -4.313637207888084881e-06 -3.853113311652465360e-06 1.575841322857994206e-02 7.408886534676845796e-07 -5.218359029743374129e-06
-3.143418699856966326e-07 -2.839531950480164921e-07 3.388942429924896125e-05 7.669285055555937465e-06 4.322595709667880734e-06 -7.019888961603480389e-04 4.494977904842288379e-04 -8.500571227861064604e-04 -8.268421617996309867e-07 1.738760386858531589e-09 2.344957328731607024e-07 -7.165870127776658195e-08 2.600260199841159567e-07 -7.922437467529468984e-08 -7.076638065679447108e-08 7.408886534676845796e-07 3.899109627655073208e-06 -9.584051950558059228e-08
2.214028691070818198e-06 1.999989758876674256e-06 -2.386960341166891758e-04 -5.401767557651205161e-05 -3.044567661807123064e-05 4.944373325077133785e-03 -3.165982962277045717e-03 5.987273852456201535e-03 5.823762101099359184e-06 -1.224674709601158741e-08 -1.651642145344748852e-06 5.047193382194597415e-07 -1.831461614375401450e-06 5.580072376970590815e-07 4.984343865629835972e-07 -5.218359029743374129e-06 -9.584051950558059228e-08 3.462180057797087894e-03
1.231875873204678817e-03 -3.334401201954887997e-06 -3.914956956816202259e-04 -4.238487243717746651e-05 -9.422791394263221811e-05 -8.370423492503541955e-04 2.400309905721831078e-03 5.524219192082042464e-03 6.331030220631993269e-06 -2.903530528187311506e-07 -8.631307767015297165e-07 9.529218269797357913e-07 -2.050907518558577236e-06 5.947268030565770652e-07 -5.945811668837346488e-08 -6.035450291818140077e-06 -1.050584985660525906e-07 -3.327255655402220972e-07
-3.334401201954887997e-06 5.582805415139178301e-02 5.215938234464404747e-04 -1.271286382195318360e-04 3.015143061460705308e-04 3.665949398042799012e-02 -3.336464441972031986e-02 9.706993806555434118e-03 4.361150036266448061e-06 1.460602432505971714e-06 -6.183351188903355052e-06 -1.766645586635262147e-06 -1.053606626979773663e-06 4.809175313955275254e-07 3.563362651944956509e-06 -1.984330699274080250e-06 -6.715517941135293058e-08 6.163936047260616339e-06
-3.914956956816202259e-04 5.215938234464404747e-04 2.263042017050723942e+01 4.142619941090708129e-03 1.201673072100736470e-02 2.700416358571197661e-01 -4.295313448809853218e-01 -5.729035310536014780e-01 -6.890779738224139458e-04 3.958244330454143301e-05 6.708763240515110398e-05 -1.153612889670732334e-04 2.249495419149638890e-04 -6.438854496059106538e-05 2.379194481067061772e-05 6.673499301533298168e-04 1.145976948706014349e-05 6.693630227240296026e-05
-4.238487243717746651e-05 -1.271286382195318360e-04 4.142619941090708129e-03 5.947024499143701570e-01 -9.045369417238212936e-05 -2.108090417857552135e-01 1.610333035123915069e-01 -1.639297047442496158e-01 -1.460724020539721937e-04 -3.563547469109808915e-06 5.445360177380635869e-05 -7.011510133857154073e-06 4.509978889453941208e-05 -1.416206315255335271e-05 -2.090310872900642944e-05 1.258220691636247133e-04 2.391730158153651175e-06 -3.183322719364165823e-05
-9.422791394263221811e-05 3.015143061460705308e-04 1.201673072100736470e-02 -9.045369417238212936e-05 2.927546023937315223e+00 2.950710804560218725e-01 -3.022995369464100968e-01 -4.021770098710721747e-02 -9.735020299744815060e-05 1.704990713921523168e-05 -2.908345635105394334e-05 -3.301641497911331159e-05 3.425815370291591033e-05 -8.605031327463658652e-06 2.823023289579872151e-05 1.092751988452984896e-04 1.654971016135556117e-06 5.356768970429451457e-05
-8.370423492503541955e-04 3.665949398042799012e-02 2.700416358571197661e-01 -2.108090417857552135e-01 2.950710804560218725e-01 4.701647426477663248e+04 -4.109693361205663109e+01 1.850368233383686700e+01 1.236317605080452034e-02 1.604161012598719592e-03 -8.992535493684391396e-03 -1.307171668172130239e-03 -3.535401260547085724e-03 1.254516771439335380e-03 4.596340545293559413e-03 -8.944620858321409088e-03 -1.983393162961737816e-04 7.708927216985148566e-03
2.400309905721831078e-03 -3.336464441972031986e-02 -4.295313448809853218e-01 1.610333035123915069e-01 -3.022995369464100968e-01 -4.109693361205663109e+01 1.581634017248958480e+04 -1.323124212847359971e+01 -7.518280766109352621e-03 -1.532321624408931795e-03 7.342440321210307909e-03 1.607367044431133639e-03 2.029515952173484555e-03 -7.867813620376763826e-04 -4.003644662235291557e-03 4.710719418628061400e-03 1.188654027905844770e-04 -6.831552651435238502e-03
5.524219192082042464e-03 9.706993806555434118e-03 -5.729035310536014780e-01 -1.639297047442496158e-01 -4.021770098710721747e-02 1.850368233383686700e+01 -1.323124212847359971e+01 2.691485628804776297e+03 1.636699512360765760e-02 1.710890233686509013e-04 -5.333377532930443955e-03 1.118590251593990035e-03 -5.102658109965130251e-03 1.577029376795800047e-03 1.846839052307839126e-03 -1.439663872071708650e-02 -2.687031152743330669e-04 2.688297356133812193e-03
6.331030220631993269e-06 4.361150036266448061e-06 -6.890779738224139458e-04 -1.460724020539721937e-04 -9.735020299744815060e-05 1.236317605080452034e-02 -7.518280766109352621e-03 1.636699512360765760e-02 5.779010626902428630e-03 -9.306756307748973679e-08 -4.373876975868580380e-06 1.483761612346959271e-06 -5.083647398173471614e-06 1.542442451656869164e-06 1.251634101202924681e-06 -1.452573140479783526e-05 -2.655438298791644014e-07 1.641261371955547626e-06
-2.903530528187311506e-07 1.460602432505971714e-06 3.958244330454143301e-05 -3.563547469109808915e-06 1.704990713921523168e-05 1.604161012598719592e-03 -1.532321624408931795e-03 1.710890233686509013e-04 -9.306756307748973679e-08 6.533278188522329151e-05 -2.262341639951498087e-07 -1.175952212345064277e-07 4.550333723864194962e-08 -5.697162750660106930e-09 1.549600407047562594e-07 1.816278985948672328e-07 1.767313636474008277e-09 2.781999521942272233e-07
-8.631307767015297165e-07 -6.183351188903355052e-06 6.708763240515110398e-05 5.445360177380635869e-05 -2.908345635105394334e-05 -8.992535493684391396e-03 7.342440321210307909e-03 -5.333377532930443955e-03 -4.373876975868580380e-06 -2.262341639951498087e-07 5.471585863767854064e-04 -3.553584680839075355e-08 1.324579867307867585e-06 -4.291853501435807803e-07 -8.853434364939277108e-07 3.611090506180436342e-06 7.124073307008490240e-08 -1.413363786057751574e-06
9.529218269797357913e-07 -1.766645586635262147e-06 -1.153612889670732334e-04 -7.011510133857154073e-06 -3.301641497911331159e-05 -1.307171668172130239e-03 1.607367044431133639e-03 1.118590251593990035e-03 1.483761612346959271e-06 -1.175952212345064277e-07 -3.553584680839075355e-08 7.854950744490480415e-05 -4.913739557223055843e-07 1.372566758645031160e-07 -1.214755898923170359e-07 -1.479329714357824377e-06 -2.477745333427071947e-08 -2.687283036229175419e-07
-2.050907518558577236e-06 -1.053606626979773663e-06 2.249495419149638890e-04 4.509978889453941208e-05 3.425815370291591033e-05 -3.535401260547085724e-03 2.029515952173484555e-03 -5.102658109965130251e-03 -5.083647398173471614e-06 4.550333723864194962e-08 1.324579867307867585e-06 -4.913739557223055843e-07 7.071735752782592338e-04 -4.855992756726635631e-07 -3.595299741629988934e-07 4.600741152583812422e-06 8.376991640921625598e-08 -4.552279989493713333e-07
5.947268030565770652e-07 4.809175313955275254e-07 -6.438854496059106538e-05 -1.416206315255335271e-05 -8.605031327463658652e-06 1.254516771439335380e-03 -7.867813620376763826e-04 1.577029376795800047e-03 1.542442451656869164e-06 -5.697162750660106930e-09 -4.291853501435807803e-07 1.372566758645031160e-07 -4.855992756726635631e-07 2.540380683865617090e-04 1.266865602797784436e-07 -1.385310402857693635e-06 -2.539138000917081006e-08 1.693409077622398282e-07
-5.945811668837346488e-08 3.563362651944956509e-06 2.379194481067061772e-05 -2.090310872900642944e-05 2.823023289579872151e-05 4.596340545293559413e-03 -4.003644662235291557e-03 1.846839052307839126e-03 1.251634101202924681e-06 1.549600407047562594e-07 -8.853434364939277108e-07 -1.214755898923170359e-07 -3.595299741629988934e-07 1.266865602797784436e-07 5.439138514690050526e-05 -9.152844483281046336e-07 -2.010302433478640987e-08 7.517869864230369035e-07
-6.035450291818140077e-06 -1.984330699274080250e-06 6.673499301533298168e-04 1.258220691636247133e-04 1.092751988452984896e-04 -8.944620858321409088e-03 4.710719418628061400e-03 -1.439663872071708650e-02 -1.452573140479783526e-05 1.816278985948672328e-07 3.611090506180436342e-06 -1.479329714357824377e-06 4.600741152583812422e-06 -1.385310402857693635e-06 -9.152844483281046336e-07 5.042996820039575417e-03 2.395215656409169319e-07 -1.102054775395775888e-06
-1.050584985660525906e-07 -6.715517941135293058e-08 1.145976948706014349e-05 2.391730158153651175e-06 1.654971016135556117e-06 -1.983393162961737816e-04 1.188654027905844770e-04 -2.687031152743330669e-04 -2.655438298791644014e-07 1.767313636474008277e-09 7.124073307008490240e-08 -2.477745333427071947e-08 8.376991640921625598e-08 -2.539138000917081006e-08 -2.010302433478640987e-08 2.395215656409169319e-07 1.247734582433733188e-06 -2.612547064231809871e-08
-3.327255655402220972e-07 6.163936047260616339e-06 6.693630227240296026e-05 -3.183322719364165823e-05 5.356768970429451457e-05 7.708927216985148566e-03 -6.831552651435238502e-03 2.688297356133812193e-03 1.641261371955547626e-06 2.781999521942272233e-07 -1.413363786057751574e-06 -2.687283036229175419e-07 -4.552279989493713333e-07 1.693409077622398282e-07 7.517869864230369035e-07 -1.102054775395775888e-06 -2.612547064231809871e-08 1.108956165951834440e-03
3.951166779599874553e-04 -4.269589723429780123e-06 -1.617094306579350466e-04 -4.280598653057898328e-06 -7.437432722405891460e-05 -2.179567707326976380e-03 -4.795376078207077598e-04 2.726864831327056090e-03 9.908164001534905143e-07 -8.298589745418276846e-08 2.686444705593728334e-08 3.159636579538324292e-07 1.995050160351037094e-07 7.592440817637885825e-08 -1.713095988325929820e-07 -1.662046579399998619e-06 -3.221543513981230778e-08 -1.668043492137419397e-08
-4.269589723429780123e-06 1.787616954105335221e-02 2.942264929151255167e-04 -7.312136791969675012e-05 2.510271795879728232e-04 1.841199602960245929e-02 -6.316510907029344868e-03 -2.456254909701015635e-04 5.013027357861929859e-06 4.327001439292133471e-07 -3.037812510185660955e-06 -6.038690144492947470e-07 -3.327942893306547569e-06 5.536513584460244028e-07 1.672466662684910690e-06 -1.576112593840744448e-06 -2.639378183738479627e-08 1.658660069650526164e-06
-1.617094306579350466e-04 2.942264929151255167e-04 7.243182736859243853e+00 9.566164240598591445e-04 5.603345668562474506e-03 1.624122353092857518e-01 -8.785106851359020252e-02 -2.214580900341067693e-01 -1.793547190159581865e-04 1.227173748369247515e-05 9.419845408597213681e-06 -3.735404996750003555e-05 3.796228139377081994e-05 -1.605690959042594895e-05 1.366733074966691059e-05 2.028462359130991303e-04 3.611339607306465673e-06 1.785000619109192033e-05
-4.280598653057898328e-06 -7.312136791969675012e-05 9.566164240598591445e-04 1.903988106724363583e-01 -4.768810506617221761e-04 -8.682339657739089611e-02 3.889285439056843624e-02 -4.274225628354023920e-02 -5.722823735112180421e-05 -1.039779905093539579e-06 2.049503005724169529e-05 -2.131969481000832443e-06 2.310062025409869834e-05 -5.690542878521353740e-06 -8.231529100527938678e-06 4.299088237560570779e-05 7.795680692288024671e-07 -9.277096854663723476e-06
-7.437432722405891460e-05 2.510271795879728232e-04 5.603345668562474506e-03 -4.768810506617221761e-04 9.389486592204285831e-01 1.866737295313219969e-01 -3.653034473380607078e-02 -5.915235435352125121e-02 1.879798497383059275e-05 4.976932745118818641e-06 -2.393136309203482031e-05 -1.109744844646049838e-05 -3.033434379636395088e-05 2.766263892889458689e-06 1.638218772385640121e-05 2.197294062874303989e-05 4.618743428915208319e-07 1.280870282830985689e-05
-2.179567707326976380e-03 1.841199602960245929e-02 1.624122353092857518e-01 -8.682339657739089611e-02 1.866737295313219969e-01 1.504925982328061218e+04 -1.054830301693647954e+01 3.920353312293136661e+00 6.115583268061481823e-03 4.926224792333316893e-04 -3.509842975085214391e-03 -4.413020318298115975e-04 -2.916617402518576017e-03 6.400724197173063680e-04 1.788509065249424979e-03 -3.424064677326353959e-03 -6.639599603849139463e-05 2.279540661319575095e-03
-4.795376078207077598e-04 -6.316510907029344868e-03 -8.785106851359020252e-02 3.889285439056843624e-02 -3.653034473380607078e-02 -1.054830301693647954e+01 5.062927458446632954e+03 -5.539790447838556453e+00 -9.965881138870404977e-04 -5.038582070441017385e-04 1.936969312713040983e-03 4.993423948030248577e-04 -5.156831691012314601e-04 -9.603551538531999044e-05 -1.073839603665319381e-03 1.140793352455350684e-03 3.612641816790033056e-05 -2.308344408322214082e-03
2.726864831327056090e-03 -2.456254909701015635e-04 -2.214580900341067693e-01 -4.274225628354023920e-02 -5.915235435352125121e-02 3.920353312293136661e+00 -5.539790447838556453e+00 8.622792231941951968e+02 4.154075354617316543e-03 6.513829864359495985e-05 -1.389487662390961973e-03 3.694916342281144746e-04 -7.371639153893197807e-04 3.849292472627164870e-04 4.316071159851957075e-04 -4.325074090916130459e-03 -8.451630108273323698e-05 9.542323695791062044e-04
9.908164001534905143e-07 5.013027357861929859e-06 -1.793547190159581865e-04 -5.722823735112180421e-05 1.879798497383059275e-05 6.115583268061481823e-03 -9.965881138870404977e-04 4.154075354617316543e-03 1.850452607501120632e-03 -4.099470192433045240e-08 -1.741967614038383352e-06 4.623463344956386791e-07 -2.593426502556356458e-06 6.227881546551244055e-07 5.725333966619954660e-07 -4.952417676996555828e-06 -8.655909826862658549e-08 4.237798322249856883e-07
-8.298589745418276846e-08 4.327001439292133471e-07 1.227173748369247515e-05 -1.039779905093539579e-06 4.976932745118818641e-06 4.926224792333316893e-04 -5.038582070441017385e-04 6.513829864359495985e-05 -4.099470192433045240e-08 2.090659774044296068e-05 -6.911190322736701180e-08 -3.751100037673149306e-08 2.383165142917400108e-08 -3.062225925199306300e-09 4.793757545249140184e-08 6.103814938756006221e-08 5.807417364538547926e-10 8.999667263569105010e-08
2.686444705593728334e-08 -3.037812510185660955e-06 9.419845408597213681e-06 2.049503005724169529e-05 -2.393136309203482031e-05 -3.509842975085214391e-03 1.936969312713040983e-03 -1.389487662390961973e-03 -1.741967614038383352e-06 -6.911190322736701180e-08 1.751909760631103086e-04 -7.724128645870339531e-09 7.068895242602477688e-07 -1.751691396531431349e-07 -3.336720984465878874e-07 1.244609558328721692e-06 2.326112110065783642e-08 -4.225809779174982136e-07
3.159636579538324292e-07 -6.038690144492947470e-07 -3.735404996750003555e-05 -2.131969481000832443e-06 -1.109744844646049838e-05 -4.413020318298115975e-04 4.993423948030248577e-04 3.694916342281144746e-04 4.623463344956386791e-07 -3.751100037673149306e-08 -7.724128645870339531e-09 2.513597511025006880e-05 -1.469403388650354408e-07 4.254549751310870132e-08 -4.070488427135677427e-08 -4.701445668034622536e-07 -7.911896819489988399e-09 -8.491243143068856762e-08
1.995050160351037094e-07 -3.327942893306547569e-06 3.796228139377081994e-05 2.310062025409869834e-05 -3.033434379636395088e-05 -2.916617402518576017e-03 -5.156831691012314601e-04 -7.371639153893197807e-04 -2.593426502556356458e-06 2.383165142917400108e-08 7.068895242602477688e-07 -1.469403388650354408e-07 2.270947441932626284e-04 -2.622152380311869182e-07 -2.572618395878893739e-07 1.723725545270762899e-06 2.811685588615858991e-08 -6.181930613885988557e-08
7.592440817637885825e-08 5.536513584460244028e-07 -1.605690959042594895e-05 -5.690542878521353740e-06 2.766263892889458689e-06 6.400724197173063680e-04 -9.603551538531999044e-05 3.849292472627164870e-04 6.227881546551244055e-07 -3.062225925199306300e-09 -1.751691396531431349e-07 4.254549751310870132e-08 -2.622152380311869182e-07 8.130646022731266413e-05 5.954821253428816651e-08 -4.769140154595142684e-07 -8.300404620916593360e-09 4.298096103175282039e-08
-1.713095988325929820e-07 1.672466662684910690e-06 1.366733074966691059e-05 -8.231529100527938678e-06 1.638218772385640121e-05 1.788509065249424979e-03 -1.073839603665319381e-03 4.316071159851957075e-04 5.725333966619954660e-07 4.793757545249140184e-08 -3.336720984465878874e-07 -4.070488427135677427e-08 -2.572618395878893739e-07 5.954821253428816651e-08 1.743054895371840362e-05 -3.376416774436995678e-07 -6.666159299926800563e-09 2.256506457109081578e-07
-1.662046579399998619e-06 -1.576112593840744448e-06 2.028462359130991303e-04 4.299088237560570779e-05 2.197294062874303989e-05 -3.424064677326353959e-03 1.140793352455350684e-03 -4.325074090916130459e-03 -4.952417676996555828e-06 6.103814938756006221e-08 1.244609558328721692e-06 -4.701445668034622536e-07 1.723725545270762899e-06 -4.769140154595142684e-07 -3.376416774436995678e-07 1.613838119543844042e-03 7.705927726549014337e-08 -3.262708709271104383e-07
-3.221543513981230778e-08 -2.639378183738479627e-08 3.611339607306465673e-06 7.795680692288024671e-07 4.618743428915208319e-07 -6.639599603849139463e-05 3.612641816790033056e-05 -8.451630108273323698e-05 -8.655909826862658549e-08 5.807417364538547926e-10 2.326112110065783642e-08 -7.911896819489988399e-09 2.811685588615858991e-08 -8.300404620916593360e-09 -6.666159299926800563e-09 7.705927726549014337e-08 3.992772152332906298e-07 -8.222652178973656346e-09
-1.668043492137419397e-08 1.658660069650526164e-06 1.785000619109192033e-05 -9.277096854663723476e-06 1.280870282830985689e-05 2.279540661319575095e-03 -2.308344408322214082e-03 9.542323695791062044e-04 4.237798322249856883e-07 8.999667263569105010e-08 -4.225809779174982136e-07 -8.491243143068856762e-08 -6.181930613885988557e-08 4.298096103175282039e-08 2.256506457109081578e-07 -3.262708709271104383e-07 -8.222652178973656346e-09 3.548747711955436545e-04
1.268109458410502169e-04 -1.116731258224819834e-06 -5.326515002284840485e-05 -4.953505344608594015e-06 -2.641853867808745731e-05 -4.182951397016023429e-04 2.251731476927051054e-04 5.935997361407957746e-04 2.986607803933260218e-07 -4.505407051354736417e-08 1.557360753617172871e-07 9.968211283194872129e-08 2.548767352261832391e-07 -1.404768229551751068e-08 1.816557691756307378e-08 -5.669460134717356977e-07 -1.430890397798374605e-08 2.284930360764837977e-07
-1.116731258224819834e-06 5.720540921922560515e-03 9.313850067762922697e-05 -2.579243923453397082e-05 7.857960314446143916e-05 6.078297096078683071e-03 -1.768395603306285218e-03 -2.649453016248175079e-04 1.591878881567437432e-06 1.261086405817074723e-07 -8.738239589579479775e-07 -1.941906976994703128e-07 -9.373472798112132892e-07 1.515583977677816566e-07 5.839365744970863007e-07 -5.277937636665020442e-07 -1.111763024073372206e-08 6.869493462912064369e-07
-5.326515002284840485e-05 9.313850067762922697e-05 2.317824644613345253e+00 3.206794125749047250e-04 1.803711727730068423e-03 5.083754268721919767e-02 -2.965085745472723425e-02 -6.973290501802265062e-02 -5.731874114055171017e-05 4.002123625142124314e-06 2.416460207692767320e-06 -1.194750049647016645e-05 1.137167287052036617e-05 -4.982405110674480525e-06 4.076978098114917865e-06 6.505338562426166453e-05 1.171882236310306596e-06 4.761847854795030244e-06
-4.953505344608594015e-06 -2.579243923453397082e-05 3.206794125749047250e-04 6.096199494701761562e-02 -1.274824467704874101e-04 -3.046129501823000019e-02 8.813882622700297889e-03 -1.100133992800497382e-02 -1.813653584622972691e-05 -1.552883229319506048e-07 5.147025438674024953e-06 -6.685493513215066176e-07 5.559760232082620716e-06 -1.453177059926400800e-06 -3.334169247896324890e-06 1.409368164741318042e-05 2.878300569784794857e-07 -5.211611630664301943e-06
-2.641853867808745731e-05 7.857960314446143916e-05 1.803711727730068423e-03 -1.274824467704874101e-04 3.004819267029008589e-01 5.777881870253891855e-02 -1.434362518129748444e-02 -1.697316684724265931e-02 6.144330434050860783e-06 1.722281447548768449e-06 -8.689387505416446361e-06 -3.541186369219903807e-06 -1.104602131972544193e-05 1.153967250358425465e-06 4.730725424980564496e-06 7.277306715447450748e-06 1.758369261074965918e-07 2.459784120479073084e-06
-4.182951397016023429e-04 6.078297096078683071e-03 5.083754268721919767e-02 -3.046129501823000019e-02 5.777881870253891855e-02 4.815971741132773786e+03 -3.092542188090241950e+00 1.046042042583064546e+00 1.943237522756711402e-03 1.438167567357775088e-04 -1.013204805567175437e-03 -1.422823727057026218e-04 -7.905730715183099727e-04 1.761723046121733418e-04 6.268581947859618768e-04 -1.121921332589444599e-03 -2.423555620284617473e-05 9.041750978010630472e-04
2.251731476927051054e-04 -1.768395603306285218e-03 -2.965085745472723425e-02 8.813882622700297889e-03 -1.434362518129748444e-02 -3.092542188090241950e+00 1.620520495525037632e+03 -2.055475927848889661e+00 -3.375557193836360649e-04 -1.799815822238811508e-04 7.689452114635323852e-04 1.583441588655976659e-04 2.858146374372012808e-05 -6.958967967065267260e-05 -2.696640906723161979e-04 3.294916112800929026e-04 7.506783248566534671e-06 -5.016998886531649250e-04
5.935997361407957746e-04 -2.649453016248175079e-04 -6.973290501802265062e-02 -1.100133992800497382e-02 -1.697316684724265931e-02 1.046042042583064546e+00 -2.055475927848889661e+00 2.761376958507804602e+02 1.343044887695924632e-03 3.465829886244604772e-05 -5.545142371582436561e-04 1.193023983403174545e-04 -3.785502722538661114e-04 1.518108313109342328e-04 8.361209837659183751e-05 -1.357818995061074122e-03 -2.405819377133370797e-05 1.307383676208190206e-04
2.986607803933260218e-07 1.591878881567437432e-06 -5.731874114055171017e-05 -1.813653584622972691e-05 6.144330434050860783e-06 1.943237522756711402e-03 -3.375557193836360649e-04 1.343044887695924632e-03 5.921457406347003551e-04 -1.220723801697641414e-08 -5.646763449554484237e-07 1.480210711076126427e-07 -8.393050783922764713e-07 2.011806500828444620e-07 1.796161481320553144e-07 -1.583045397998500817e-06 -2.750191072432597894e-08 1.240932369100581085e-07
-4.505407051354736417e-08 1.261086405817074723e-07 4.002123625142124314e-06 -1.552883229319506048e-07 1.722281447548768449e-06 1.438167567357775088e-04 -1.799815822238811508e-04 3.465829886244604772e-05 -1.220723801697641414e-08 6.691027201564472780e-06 -2.940115866999439948e-08 -1.193290149345344952e-08 -1.832637998196743137e-09 9.185979117881329852e-10 1.172631840871812052e-08 2.126968193077149339e-08 3.838885320290479054e-10 1.722121813914269037e-08
1.557360753617172871e-07 -8.738239589579479775e-07 2.416460207692767320e-06 5.147025438674024953e-06 -8.689387505416446361e-06 -1.013204805567175437e-03 7.689452114635323852e-04 -5.545142371582436561e-04 -5.646763449554484237e-07 -2.940115866999439948e-08 5.611906068880371650e-05 -3.033428294715101515e-09 3.014405558889809631e-07 -7.115505145838474763e-08 -7.803131997556729674e-08 3.844550278624788603e-07 5.868241275122385907e-09 -4.313567426898204754e-08
9.968211283194872129e-08 -1.941906976994703128e-07 -1.194750049647016645e-05 -6.685493513215066176e-07 -3.541186369219903807e-06 -1.422823727057026218e-04 1.583441588655976659e-04 1.193023983403174545e-04 1.480210711076126427e-07 -1.193290149345344952e-08 -3.033428294715101515e-09 8.043517480040833799e-06 -4.775018799167990750e-08 1.376093607963670368e-08 -1.330418298806244537e-08 -1.503123005309753673e-07 -2.516537055188822886e-09 -2.806463064797534548e-08
2.548767352261832391e-07 -9.373472798112132892e-07 1.137167287052036617e-05 5.559760232082620716e-06 -1.104602131972544193e-05 -7.905730715183099727e-04 2.858146374372012808e-05 -3.785502722538661114e-04 -8.393050783922764713e-07 -1.832637998196743137e-09 3.014405558889809631e-07 -4.775018799167990750e-08 7.276799895600748972e-05 -1.035148177768983632e-07 -4.500499872792296677e-08 5.336492547531863665e-07 6.952116600935585867e-09 9.978106933816314473e-08
-1.404768229551751068e-08 1.515583977677816566e-07 -4.982405110674480525e-06 -1.453177059926400800e-06 1.153967250358425465e-06 1.761723046121733418e-04 -6.958967967065267260e-05 1.518108313109342328e-04 2.011806500828444620e-07 9.185979117881329852e-10 -7.115505145838474763e-08 1.376093607963670368e-08 -1.035148177768983632e-07 2.602200246666310006e-05 1.156501116018784502e-08 -1.490110833866209559e-07 -2.245612968192162297e-09 -1.024415252926027299e-08
1.816557691756307378e-08 5.839365744970863007e-07 4.076978098114917865e-06 -3.334169247896324890e-06 4.730725424980564496e-06 6.268581947859618768e-04 -2.696640906723161979e-04 8.361209837659183751e-05 1.796161481320553144e-07 1.172631840871812052e-08 -7.803131997556729674e-08 -1.330418298806244537e-08 -4.500499872792296677e-08 1.156501116018784502e-08 5.592033245806183293e-06 -1.149003989370367005e-07 -2.914565704652639970e-09 1.178871431603755420e-07
-5.669460134717356977e-07 -5.277937636665020442e-07 6.505338562426166453e-05 1.409368164741318042e-05 7.277306715447450748e-06 -1.121921332589444599e-03 3.294916112800929026e-04 -1.357818995061074122e-03 -1.583045397998500817e-06 2.126968193077149339e-08 3.844550278624788603e-07 -1.503123005309753673e-07 5.336492547531863665e-07 -1.490110833866209559e-07 -1.149003989370367005e-07 5.164314941762777281e-04 2.503466426383277117e-08 -1.263691671115618973e-07
-1.430890397798374605e-08 -1.111763024073372206e-08 1.171882236310306596e-06 2.878300569784794857e-07 1.758369261074965918e-07 -2.423555620284617473e-05 7.506783248566534671e-06 -2.405819377133370797e-05 -2.750191072432597894e-08 3.838885320290479054e-10 5.868241275122385907e-09 -2.516537055188822886e-09 6.952116600935585867e-09 -2.245612968192162297e-09 -2.914565704652639970e-09 2.503466426383277117e-08 1.278115336524631596e-07 -5.134708518325408799e-09
2.284930360764837977e-07 6.869493462912064369e-07 4.761847854795030244e-06 -5.211611630664301943e-06 2.459784120479073084e-06 9.041750978010630472e-04 -5.016998886531649250e-04 1.307383676208190206e-04 1.240932369100581085e-07 1.722121813914269037e-08 -4.313567426898204754e-08 -2.806463064797534548e-08 9.978106933816314473e-08 -1.024415252926027299e-08 1.178871431603755420e-07 -1.263691671115618973e-07 -5.134708518325408799e-09 1.137062745605686964e-04
1.268109458410502169e-04 -1.116731258224819834e-06 -5.326515002284840485e-05 -4.953505344608594015e-06 -2.641853867808745731e-05 -4.182951397016023429e-04 2.251731476927051054e-04 5.935997361407957746e-04 2.986607803933260218e-07 -4.505407051354736417e-08 1.557360753617172871e-07 9.968211283194872129e-08 2.548767352261832391e-07 -1.404768229551751068e-08 1.816557691756307378e-08 -5.669460134717356977e-07 -1.430890397798374605e-08 2.284930360764837977e-07
-1.116731258224819834e-06 5.720540921922560515e-03 9.313850067762922697e-05 -2.579243923453397082e-05 7.857960314446143916e-05 6.078297096078683071e-03 -1.768395603306285218e-03 -2.649453016248175079e-04 1.591878881567437432e-06 1.261086405817074723e-07 -8.738239589579479775e-07 -1.941906976994703128e-07 -9.373472798112132892e-07 1.515583977677816566e-07 5.839365744970863007e-07 -5.277937636665020442e-07 -1.111763024073372206e-08 6.869493462912064369e-07
-5.326515002284840485e-05 9.313850067762922697e-05 2.317824644613345253e+00 3.206794125749047250e-04 1.803711727730068423e-03 5.083754268721919767e-02 -2.965085745472723425e-02 -6.973290501802265062e-02 -5.731874114055171017e-05 4.002123625142124314e-06 2.416460207692767320e-06 -1.194750049647016645e-05 1.137167287052036617e-05 -4.982405110674480525e-06 4.076978098114917865e-06 6.505338562426166453e-05 1.171882236310306596e-06 4.761847854795030244e-06
-4.953505344608594015e-06 -2.579243923453397082e-05 3.206794125749047250e-04 6.096199494701761562e-02 -1.274824467704874101e-04 -3.046129501823000019e-02 8.813882622700297889e-03 -1.100133992800497382e-02 -1.813653584622972691e-05 -1.552883229319506048e-07 5.147025438674024953e-06 -6.685493513215066176e-07 5.559760232082620716e-06 -1.453177059926400800e-06 -3.334169247896324890e-06 1.409368164741318042e-05 2.878300569784794857e-07 -5.211611630664301943e-06
-2.641853867808745731e-05 7.857960314446143916e-05 1.803711727730068423e-03 -1.274824467704874101e-04 3.004819267029008589e-01 5.777881870253891855e-02 -1.434362518129748444e-02 -1.697316684724265931e-02 6.144330434050860783e-06 1.722281447548768449e-06 -8.689387505416446361e-06 -3.541186369219903807e-06 -1.104602131972544193e-05 1.153967250358425465e-06 4.730725424980564496e-06 7.277306715447450748e-06 1.758369261074965918e-07 2.459784120479073084e-06
-4.182951397016023429e-04 6.078297096078683071e-03 5.083754268721919767e-02 -3.046129501823000019e-02 5.777881870253891855e-02 4.815971741132773786e+03 -3.092542188090241950e+00 1.046042042583064546e+00 1.943237522756711402e-03 1.438167567357775088e-04 -1.013204805567175437e-03 -1.422823727057026218e-04 -7.905730715183099727e-04 1.761723046121733418e-04 6.268581947859618768e-04 -1.121921332589444599e-03 -2.423555620284617473e-05 9.041750978010630472e-04
2.251731476927051054e-04 -1.768395603306285218e-03 -2.965085745472723425e-02 8.813882622700297889e-03 -1.434362518129748444e-02 -3.092542188090241950e+00 1.620520495525037632e+03 -2.055475927848889661e+00 -3.375557193836360649e-04 -1.799815822238811508e-04 7.689452114635323852e-04 1.583441588655976659e-04 2.858146374372012808e-05 -6.958967967065267260e-05 -2.696640906723161979e-04 3.294916112800929026e-04 7.506783248566534671e-06 -5.016998886531649250e-04
5.935997361407957746e-04 -2.649453016248175079e-04 -6.973290501802265062e-02 -1.100133992800497382e-02 -1.697316684724265931e-02 1.046042042583064546e+00 -2.055475927848889661e+00 2.761376958507804602e+02 1.343044887695924632e-03 3.465829886244604772e-05 -5.545142371582436561e-04 1.193023983403174545e-04 -3.785502722538661114e-04 1.518108313109342328e-04 8.361209837659183751e-05 -1.357818995061074122e-03 -2.405819377133370797e-05 1.307383676208190206e-04
2.986607803933260218e-07 1.591878881567437432e-06 -5.731874114055171017e-05 -1.813653584622972691e-05 6.144330434050860783e-06 1.943237522756711402e-03 -3.375557193836360649e-04 1.343044887695924632e-03 5.921457406347003551e-04 -1.220723801697641414e-08 -5.646763449554484237e-07 1.480210711076126427e-07 -8.393050783922764713e-07 2.011806500828444620e-07 1.796161481320553144e-07 -1.583045397998500817e-06 -2.750191072432597894e-08 1.240932369100581085e-07
-4.505407051354736417e-08 1.261086405817074723e-07 4.002123625142124314e-06 -1.552883229319506048e-07 1.722281447548768449e-06 1.438167567357775088e-04 -1.799815822238811508e-04 3.465829886244604772e-05 -1.220723801697641414e-08 6.691027201564472780e-06 -2.940115866999439948e-08 -1.193290149345344952e-08 -1.832637998196743137e-09 9.185979117881329852e-10 1.172631840871812052e-08 2.126968193077149339e-08 3.838885320290479054e-10 1.722121813914269037e-08
1.557360753617172871e-07 -8.738239589579479775e-07 2.416460207692767320e-06 5.147025438674024953e-06 -8.689387505416446361e-06 -1.013204805567175437e-03 7.689452114635323852e-04 -5.545142371582436561e-04 -5.646763449554484237e-07 -2.940115866999439948e-08 5.611906068880371650e-05 -3.033428294715101515e-09 3.014405558889809631e-07 -7.115505145838474763e-08 -7.803131997556729674e-08 3.844550278624788603e-07 5.868241275122385907e-09 -4.313567426898204754e-08
9.968211283194872129e-08 -1.941906976994703128e-07 -1.194750049647016645e-05 -6.685493513215066176e-07 -3.541186369219903807e-06 -1.422823727057026218e-04 1.583441588655976659e-04 1.193023983403174545e-04 1.480210711076126427e-07 -1.193290149345344952e-08 -3.033428294715101515e-09 8.043517480040833799e-06 -4.775018799167990750e-08 1.376093607963670368e-08 -1.330418298806244537e-08 -1.503123005309753673e-07 -2.516537055188822886e-09 -2.806463064797534548e-08
2.548767352261832391e-07 -9.373472798112132892e-07 1.137167287052036617e-05 5.559760232082620716e-06 -1.104602131972544193e-05 -7.905730715183099727e-04 2.858146374372012808e-05 -3.785502722538661114e-04 -8.393050783922764713e-07 -1.832637998196743137e-09 3.014405558889809631e-07 -4.775018799167990750e-08 7.276799895600748972e-05 -1.035148177768983632e-07 -4.500499872792296677e-08 5.336492547531863665e-07 6.952116600935585867e-09 9.978106933816314473e-08
-1.404768229551751068e-08 1.515583977677816566e-07 -4.982405110674480525e-06 -1.453177059926400800e-06 1.153967250358425465e-06 1.761723046121733418e-04 -6.958967967065267260e-05 1.518108313109342328e-04 2.011806500828444620e-07 9.185979117881329852e-10 -7.115505145838474763e-08 1.376093607963670368e-08 -1.035148177768983632e-07 2.602200246666310006e-05 1.156501116018784502e-08 -1.490110833866209559e-07 -2.245612968192162297e-09 -1.024415252926027299e-08
1.816557691756307378e-08 5.839365744970863007e-07 4.076978098114917865e-06 -3.334169247896324890e-06 4.730725424980564496e-06 6.268581947859618768e-04 -2.696640906723161979e-04 8.361209837659183751e-05 1.796161481320553144e-07 1.172631840871812052e-08 -7.803131997556729674e-08 -1.330418298806244537e-08 -4.500499872792296677e-08 1.156501116018784502e-08 5.592033245806183293e-06 -1.149003989370367005e-07 -2.914565704652639970e-09 1.178871431603755420e-07
