{
    "R": [
        [
            0.009352714245445178,
            -8.15294845089825e-08,
            -9.798884912748378e-05,
            -5.093392072738561e-07,
            -4.727496012123587e-05,
            -0.0009595089009105873,
            -0.004693592480179124,
            8.850240066133422e-05,
            1.3904898017139112e-06,
            -8.45835580471823e-08,
            -3.680217860792149e-08,
            9.207210076431099e-08,
            4.771656785907894e-07,
            -1.7450278763557089e-07,
            2.2669599244708277e-08,
            -4.616700069336952e-07,
            7.104162973148836e-07,
            -3.06505661514295e-06
        ],
        [
            0.0,
            0.005350650527489279,
            0.00019237352529042574,
            5.3334192955790815e-06,
            -0.00017970475419508758,
            -0.000572012840234209,
            0.0054904570855010245,
            -0.00011784523538075617,
            -2.5905413455853395e-06,
            3.0078795560709665e-07,
            2.552713575791151e-07,
            -2.668011520568221e-07,
            -8.617762898692745e-07,
            8.035672920935417e-07,
            -6.911463411788108e-07,
            -9.27970650530831e-06,
            6.964518813399519e-07,
            7.142029383430581e-06
        ],
        [
            0.0,
            0.0,
            2.4189136769203956,
            2.9504879329938166e-05,
            3.4534441863591043e-05,
            0.004633335733760304,
            0.013279775919183985,
            -0.0002245927501442573,
            2.1589438800242316e-06,
            -4.622210212876135e-07,
            1.187058397971768e-07,
            -1.0838748518794444e-07,
            -7.906600683894759e-07,
            1.821260566187137e-06,
            -1.12891570040364e-06,
            -9.687358270742004e-06,
            -3.761049649277242e-06,
            1.952881245754558e-05
        ],
        [
            0.0,
            0.0,
            0.0,
            0.05999987362484188,
            -0.0005265309457613333,
            0.0005437790735122419,
            0.0020885945395810886,
            -2.541166343614277e-06,
            3.706213427341488e-06,
            -2.9842195616684405e-07,
            3.391316546784385e-07,
            -1.2479009105641148e-08,
            -1.3297946441962367e-07,
            2.1599637675222056e-06,
            -1.5413544927474897e-06,
            -2.195083495267584e-05,
            -3.8395442803275526e-07,
            1.7177755252962463e-05
        ],
        [
            0.0,
            0.0,
            0.0,
            0.0,
            0.9164967456652859,
            0.01243634729240329,
            0.015157520793832948,
            -0.0002736487215397443,
            3.3836303293835987e-06,
            -1.290006517353396e-06,
            -1.231740136555739e-06,
            4.5793351984370843e-07,
            5.666214548300434e-07,
            -2.7877294102812376e-06,
            2.735715106969248e-06,
            5.465110063183019e-05,
            -1.086734843775593e-05,
            -1.0844822681511288e-05
        ],
        [
            0.0,
            0.0,
            0.0,
            0.0,
            0.0,
            22.279030750913883,
            0.007201478550587521,
            -0.00012547679269447637,
            2.273563760764106e-06,
            -5.539101606798065e-07,
            -2.956013515844933e-07,
            1.0707894190449282e-07,
            3.9496046578347446e-08,
            -1.1055092674116372e-07,
            2.6730759219167353e-07,
            1.0391665150377124e-05,
            -3.974407823869041e-06,
            3.312551241240997e-06
        ],
        [
            0.0,
            0.0,
            0.0,
            0.0,
            0.0,
            0.0,
            29.093424807802354,
            -0.0006952769878913403,
            -7.837660229588006e-06,
            3.2418986999596807e-07,
            3.2090785077684337e-07,
            -8.846109716811806e-07,
            -3.2568340522771985e-06,
            1.9811891991675936e-06,
            -1.6524854731724671e-06,
            -8.550150834430005e-06,
            -3.997267048183195e-06,
            2.598795921483151e-05
        ],
        [
            0.0,
            0.0,
            0.0,
            0.0,
            0.0,
            0.0,
            0.0,
            0.8082647847659367,
            7.049643245250012e-06,
            -4.032605596906903e-07,
            -2.877480064633343e-07,
            7.157987709252615e-07,
            2.5930125289361185e-06,
            -1.408505287651375e-06,
            1.1975820442415448e-06,
            6.829746962241443e-06,
            2.3797220729035024e-06,
            -1.8547523597466298e-05
        ],
        [
            0.0,
            0.0,
            0.0,
            0.0,
            0.0,
            0.0,
            0.0,
            0.0,
            0.01698187508144259,
            -1.1199866244468074e-06,
            -5.473988954639775e-07,
            8.266547064608932e-07,
            2.386671740592806e-06,
            -9.095999584620887e-07,
            1.2059344170207034e-06,
            1.4663605893304524e-05,
            -3.0883726998450286e-06,
            -8.480188196862955e-06
        ],
        [
            0.0,
            0.0,
            0.0,
            0.0,
            0.0,
            0.0,
            0.0,
            0.0,
            0.0,
            0.003610740181464729,
            3.8588824605830743e-07,
            -4.142670851147078e-07,
            -1.053774012552262e-06,
            5.420872133053065e-07,
            -7.415433608414372e-07,
            -1.2209989440812226e-05,
            3.168906494455621e-06,
            2.8909714772097378e-06
        ],
        [
            0.0,
            0.0,
            0.0,
            0.0,
            0.0,
            0.0,
            0.0,
            0.0,
            0.0,
            0.0,
            0.0007260699724710048,
            -1.2982518405684145e-06,
            -3.6132155417286698e-06,
            4.050869008033947e-06,
            -3.822715466463964e-06,
            -5.977521660584178e-05,
            8.657937951719957e-06,
            2.9023524099175744e-05
        ],
        [
            0.0,
            0.0,
            0.0,
            0.0,
            0.0,
            0.0,
            0.0,
            0.0,
            0.0,
            0.0,
            0.0,
            0.0037001665457535526,
            1.0674527300412012e-06,
            -6.596392011330311e-07,
            6.306827205089614e-07,
            7.793736091601671e-06,
            -7.960972889615822e-07,
            -6.352007661393955e-06
        ],
        [
            0.0,
            0.0,
            0.0,
            0.0,
            0.0,
            0.0,
            0.0,
            0.0,
            0.0,
            0.0,
            0.0,
            0.0,
            0.002739407034612199,
            -2.988264550236154e-06,
            2.872116716520956e-06,
            3.0419927832707425e-05,
            -1.3195306399384455e-06,
            -3.075421861184958e-05
        ],
        [
            0.0,
            0.0,
            0.0,
            0.0,
            0.0,
            0.0,
            0.0,
            0.0,
            0.0,
            0.0,
            0.0,
            0.0,
            0.0,
            0.003993214106829905,
            -2.3577853846093915e-06,
            -3.16743860490074e-05,
            1.0371612679310088e-06,
            2.5567740650384825e-05
        ],
        [
            0.0,
            0.0,
            0.0,
            0.0,
            0.0,
            0.0,
            0.0,
            0.0,
            0.0,
            0.0,
            0.0,
            0.0,
            0.0,
            0.0,
            0.004979513585663828,
            2.165028311264171e-05,
            -1.4127001545661064e-06,
            -1.6125781534519652e-05
        ],
        [
            0.0,
            0.0,
            0.0,
            0.0,
            0.0,
            0.0,
            0.0,
            0.0,
            0.0,
            0.0,
            0.0,
            0.0,
            0.0,
            0.0,
            0.0,
            0.04574800808904656,
            -4.796658695515154e-06,
            -1.966490999452066e-05
        ],
        [
            0.0,
            0.0,
            0.0,
            0.0,
            0.0,
            0.0,
            0.0,
            0.0,
            0.0,
            0.0,
            0.0,
            0.0,
            0.0,
            0.0,
            0.0,
            0.0,
            0.024382834293601607,
            -1.768196474302632e-06
        ],
        [
            0.0,
            0.0,
            0.0,
            0.0,
            0.0,
            0.0,
            0.0,
            0.0,
            0.0,
            0.0,
            0.0,
            0.0,
            0.0,
            0.0,
            0.0,
            0.0,
            0.0,
            0.030725206775879643
        ]
    ],
    "RDR": [
        [
            [
                0.009352714245445178,
                -8.15294845089825e-08,
                -9.798884912748378e-05,
                -5.093392072738561e-07,
                -4.727496012123587e-05,
                -0.0009595089009105873,
                -0.004693592480179124,
                8.850240066133422e-05,
                1.3904898017139112e-06,
                -8.45835580471823e-08,
                -3.680217860792149e-08,
                9.207210076431099e-08,
                4.771656785907894e-07,
                -1.7450278763557089e-07,
                2.2669599244708277e-08,
                -4.616700069336952e-07,
                7.104162973148836e-07,
                -3.06505661514295e-06
            ],
            [
                0.0,
                0.005350650527489279,
                0.00019237352529042574,
                5.3334192955790815e-06,
                -0.00017970475419508758,
                -0.000572012840234209,
                0.0054904570855010245,
                -0.00011784523538075617,
                -2.5905413455853395e-06,
                3.0078795560709665e-07,
                2.552713575791151e-07,
                -2.668011520568221e-07,
                -8.617762898692745e-07,
                8.035672920935417e-07,
                -6.911463411788108e-07,
                -9.27970650530831e-06,
                6.964518813399519e-07,
                7.142029383430581e-06
            ],
            [
                0.0,
                0.0,
                2.4189136769203956,
                2.9504879329938166e-05,
                3.4534441863591043e-05,
                0.004633335733760304,
                0.013279775919183985,
                -0.0002245927501442573,
                2.1589438800242316e-06,
                -4.622210212876135e-07,
                1.187058397971768e-07,
                -1.0838748518794444e-07,
                -7.906600683894759e-07,
                1.821260566187137e-06,
                -1.12891570040364e-06,
                -9.687358270742004e-06,
                -3.761049649277242e-06,
                1.952881245754558e-05
            ],
            [
                0.0,
                0.0,
                0.0,
                0.05999987362484188,
                -0.0005265309457613333,
                0.0005437790735122419,
                0.0020885945395810886,
                -2.541166343614277e-06,
                3.706213427341488e-06,
                -2.9842195616684405e-07,
                3.391316546784385e-07,
                -1.2479009105641148e-08,
                -1.3297946441962367e-07,
                2.1599637675222056e-06,
                -1.5413544927474897e-06,
                -2.195083495267584e-05,
                -3.8395442803275526e-07,
                1.7177755252962463e-05
            ],
            [
                0.0,
                0.0,
                0.0,
                0.0,
                0.9164967456652859,
                0.01243634729240329,
                0.015157520793832948,
                -0.0002736487215397443,
                3.3836303293835987e-06,
                -1.290006517353396e-06,
                -1.231740136555739e-06,
                4.5793351984370843e-07,
                5.666214548300434e-07,
                -2.7877294102812376e-06,
                2.735715106969248e-06,
                5.465110063183019e-05,
                -1.086734843775593e-05,
                -1.0844822681511288e-05
            ],
            [
                0.0,
                0.0,
                0.0,
                0.0,
                0.0,
                22.279030750913883,
                0.007201478550587521,
                -0.00012547679269447637,
                2.273563760764106e-06,
                -5.539101606798065e-07,
                -2.956013515844933e-07,
                1.0707894190449282e-07,
                3.9496046578347446e-08,
                -1.1055092674116372e-07,
                2.6730759219167353e-07,
                1.0391665150377124e-05,
                -3.974407823869041e-06,
                3.312551241240997e-06
            ],
            [
                0.0,
                0.0,
                0.0,
                0.0,
                0.0,
                0.0,
                29.093424807802354,
                -0.0006952769878913403,
                -7.837660229588006e-06,
                3.2418986999596807e-07,
                3.2090785077684337e-07,
                -8.846109716811806e-07,
                -3.2568340522771985e-06,
                1.9811891991675936e-06,
                -1.6524854731724671e-06,
                -8.550150834430005e-06,
                -3.997267048183195e-06,
                2.598795921483151e-05
            ],
            [
                0.0,
                0.0,
                0.0,
                0.0,
                0.0,
                0.0,
                0.0,
                0.8082647847659367,
                7.049643245250012e-06,
                -4.032605596906903e-07,
                -2.877480064633343e-07,
                7.157987709252615e-07,
                2.5930125289361185e-06,
                -1.408505287651375e-06,
                1.1975820442415448e-06,
                6.829746962241443e-06,
                2.3797220729035024e-06,
                -1.8547523597466298e-05
            ],
            [
                0.0,
                0.0,
                0.0,
                0.0,
                0.0,
                0.0,
                0.0,
                0.0,
                0.01698187508144259,
                -1.1199866244468074e-06,
                -5.473988954639775e-07,
                8.266547064608932e-07,
                2.386671740592806e-06,
                -9.095999584620887e-07,
                1.2059344170207034e-06,
                1.4663605893304524e-05,
                -3.0883726998450286e-06,
                -8.480188196862955e-06
            ],
            [
                0.0,
                0.0,
                0.0,
                0.0,
                0.0,
                0.0,
                0.0,
                0.0,
                0.0,
                0.003610740181464729,
                3.8588824605830743e-07,
                -4.142670851147078e-07,
                -1.053774012552262e-06,
                5.420872133053065e-07,
                -7.415433608414372e-07,
                -1.2209989440812226e-05,
                3.168906494455621e-06,
                2.8909714772097378e-06
            ],
            [
                0.0,
                0.0,
                0.0,
                0.0,
                0.0,
                0.0,
                0.0,
                0.0,
                0.0,
                0.0,
                0.0007260699724710048,
                -1.2982518405684145e-06,
                -3.6132155417286698e-06,
                4.050869008033947e-06,
                -3.822715466463964e-06,
                -5.977521660584178e-05,
                8.657937951719957e-06,
                2.9023524099175744e-05
            ],
            [
                0.0,
                0.0,
                0.0,
                0.0,
                0.0,
                0.0,
                0.0,
                0.0,
                0.0,
                0.0,
                0.0,
                0.0037001665457535526,
                1.0674527300412012e-06,
                -6.596392011330311e-07,
                6.306827205089614e-07,
                7.793736091601671e-06,
                -7.960972889615822e-07,
                -6.352007661393955e-06
            ],
            [
                0.0,
                0.0,
                0.0,
                0.0,
                0.0,
                0.0,
                0.0,
                0.0,
                0.0,
                0.0,
                0.0,
                0.0,
                0.002739407034612199,
                -2.988264550236154e-06,
                2.872116716520956e-06,
                3.0419927832707425e-05,
                -1.3195306399384455e-06,
                -3.075421861184958e-05
            ],
            [
                0.0,
                0.0,
                0.0,
                0.0,
                0.0,
                0.0,
                0.0,
                0.0,
                0.0,
                0.0,
                0.0,
                0.0,
                0.0,
                0.003993214106829905,
                -2.3577853846093915e-06,
                -3.16743860490074e-05,
                1.0371612679310088e-06,
                2.5567740650384825e-05
            ],
            [
                0.0,
                0.0,
                0.0,
                0.0,
                0.0,
                0.0,
                0.0,
                0.0,
                0.0,
                0.0,
                0.0,
                0.0,
                0.0,
                0.0,
                0.004979513585663828,
                2.165028311264171e-05,
                -1.4127001545661064e-06,
                -1.6125781534519652e-05
            ],
            [
                0.0,
                0.0,
                0.0,
                0.0,
                0.0,
                0.0,
                0.0,
                0.0,
                0.0,
                0.0,
                0.0,
                0.0,
                0.0,
                0.0,
                0.0,
                0.04574800808904656,
                -4.796658695515154e-06,
                -1.966490999452066e-05
            ],
            [
                0.0,
                0.0,
                0.0,
                0.0,
                0.0,
                0.0,
                0.0,
                0.0,
                0.0,
                0.0,
                0.0,
                0.0,
                0.0,
                0.0,
                0.0,
                0.0,
                0.024382834293601607,
                -1.768196474302632e-06
            ],
            [
                0.0,
                0.0,
                0.0,
                0.0,
                0.0,
                0.0,
                0.0,
                0.0,
                0.0,
                0.0,
                0.0,
                0.0,
                0.0,
                0.0,
                0.0,
                0.0,
                0.0,
                0.030725206775879643
            ]
        ],
        [
            [
                0.0018705428490890356,
                -1.6305896901796503e-08,
                -1.9597769825496758e-05,
                -1.0186784145477122e-07,
                -9.454992024247174e-06,
                -0.00019190178018211747,
                -0.0009387184960358248,
                1.7700480132266844e-05,
                2.7809796034278226e-07,
                -1.691671160943646e-08,
                -7.360435721584298e-09,
                1.84144201528622e-08,
                9.543313571815788e-08,
                -3.490055752711418e-08,
                4.533919848941656e-09,
                -9.233400138673905e-08,
                1.4208325946297672e-07,
                -6.1301132302859e-07
            ],
            [
                0.0,
                0.0010701301054978558,
                3.847470505808515e-05,
                1.0666838591158164e-06,
                -3.594095083901752e-05,
                -0.00011440256804684182,
                0.001098091417100205,
                -2.3569047076151236e-05,
                -5.181082691170679e-07,
                6.015759112141933e-08,
                5.105427151582302e-08,
                -5.3360230411364426e-08,
                -1.723552579738549e-07,
                1.6071345841870836e-07,
                -1.3822926823576215e-07,
                -1.855941301061662e-06,
                1.3929037626799038e-07,
                1.4284058766861163e-06
            ],
            [
                0.0,
                0.0,
                0.4837827353840791,
                5.9009758659876336e-06,
                6.906888372718209e-06,
                0.0009266671467520609,
                0.002655955183836797,
                -4.4918550028851464e-05,
                4.3178877600484634e-07,
                -9.24442042575227e-08,
                2.3741167959435362e-08,
                -2.167749703758889e-08,
                -1.5813201367789518e-07,
                3.6425211323742745e-07,
                -2.2578314008072802e-07,
                -1.937471654148401e-06,
                -7.522099298554484e-07,
                3.905762491509116e-06
            ],
            [
                0.0,
                0.0,
                0.0,
                0.011999974724968377,
                -0.00010530618915226666,
                0.00010875581470244838,
                0.00041771890791621777,
                -5.082332687228554e-07,
                7.412426854682977e-07,
                -5.968439123336881e-08,
                6.782633093568771e-08,
                -2.49580182112823e-09,
                -2.6595892883924737e-08,
                4.3199275350444113e-07,
                -3.08270898549498e-07,
                -4.390166990535169e-06,
                -7.679088560655105e-08,
                3.4355510505924926e-06
            ],
            [
                0.0,
                0.0,
                0.0,
                0.0,
                0.1832993491330572,
                0.0024872694584806582,
                0.0030315041587665897,
                -5.4729744307948856e-05,
                6.767260658767198e-07,
                -2.5800130347067924e-07,
                -2.4634802731114783e-07,
                9.158670396874169e-08,
                1.1332429096600869e-07,
                -5.575458820562475e-07,
                5.471430213938496e-07,
                1.0930220126366039e-05,
                -2.1734696875511862e-06,
                -2.1689645363022578e-06
            ],
            [
                0.0,
                0.0,
                0.0,
                0.0,
                0.0,
                4.455806150182776,
                0.0014402957101175042,
                -2.5095358538895275e-05,
                4.547127521528212e-07,
                -1.1078203213596131e-07,
                -5.912027031689866e-08,
                2.1415788380898563e-08,
                7.89920931566949e-09,
                -2.2110185348232745e-08,
                5.346151843833471e-08,
                2.0783330300754247e-06,
                -7.948815647738083e-07,
                6.625102482481994e-07
            ],
            [
                0.0,
                0.0,
                0.0,
                0.0,
                0.0,
                0.0,
                5.818684961560471,
                -0.00013905539757826807,
                -1.5675320459176013e-06,
                6.483797399919361e-08,
                6.418157015536867e-08,
                -1.7692219433623612e-07,
                -6.513668104554398e-07,
                3.9623783983351875e-07,
                -3.304970946344934e-07,
                -1.710030166886001e-06,
                -7.994534096366391e-07,
                5.197591842966303e-06
            ],
            [
                0.0,
                0.0,
                0.0,
                0.0,
                0.0,
                0.0,
                0.0,
                0.16165295695318735,
                1.4099286490500026e-06,
                -8.065211193813807e-08,
                -5.754960129266687e-08,
                1.4315975418505232e-07,
                5.186025057872237e-07,
                -2.8170105753027503e-07,
                2.3951640884830896e-07,
                1.3659493924482887e-06,
                4.759444145807005e-07,
                -3.70950471949326e-06
            ],
            [
                0.0,
                0.0,
                0.0,
                0.0,
                0.0,
                0.0,
                0.0,
                0.0,
                0.003396375016288518,
                -2.239973248893615e-07,
                -1.0947977909279551e-07,
                1.6533094129217865e-07,
                4.773343481185613e-07,
                -1.8191999169241775e-07,
                2.411868834041407e-07,
                2.932721178660905e-06,
                -6.176745399690058e-07,
                -1.6960376393725912e-06
            ],
            [
                0.0,
                0.0,
                0.0,
                0.0,
                0.0,
                0.0,
                0.0,
                0.0,
                0.0,
                0.0007221480362929458,
                7.717764921166149e-08,
                -8.285341702294157e-08,
                -2.1075480251045242e-07,
                1.084174426610613e-07,
                -1.4830867216828746e-07,
                -2.4419978881624453e-06,
                6.337812988911243e-07,
                5.781942954419476e-07
            ],
            [
                0.0,
                0.0,
                0.0,
                0.0,
                0.0,
                0.0,
                0.0,
                0.0,
                0.0,
                0.0,
                0.00014521399449420099,
                -2.596503681136829e-07,
                -7.22643108345734e-07,
                8.101738016067894e-07,
                -7.645430932927928e-07,
                -1.1955043321168357e-05,
                1.7315875903439915e-06,
                5.804704819835149e-06
            ],
            [
                0.0,
                0.0,
                0.0,
                0.0,
                0.0,
                0.0,
                0.0,
                0.0,
                0.0,
                0.0,
                0.0,
                0.0007400333091507105,
                2.1349054600824024e-07,
                -1.319278402266062e-07,
                1.261365441017923e-07,
                1.5587472183203343e-06,
                -1.5921945779231645e-07,
                -1.2704015322787911e-06
            ],
            [
                0.0,
                0.0,
                0.0,
                0.0,
                0.0,
                0.0,
                0.0,
                0.0,
                0.0,
                0.0,
                0.0,
                0.0,
                0.0005478814069224398,
                -5.976529100472309e-07,
                5.744233433041912e-07,
                6.083985566541485e-06,
                -2.639061279876891e-07,
                -6.150843722369917e-06
            ],
            [
                0.0,
                0.0,
                0.0,
                0.0,
                0.0,
                0.0,
                0.0,
                0.0,
                0.0,
                0.0,
                0.0,
                0.0,
                0.0,
                0.0007986428213659811,
                -4.715570769218783e-07,
                -6.33487720980148e-06,
                2.0743225358620177e-07,
                5.113548130076965e-06
            ],
            [
                0.0,
                0.0,
                0.0,
                0.0,
                0.0,
                0.0,
                0.0,
                0.0,
                0.0,
                0.0,
                0.0,
                0.0,
                0.0,
                0.0,
                0.0009959027171327656,
                4.330056622528342e-06,
                -2.825400309132213e-07,
                -3.2251563069039304e-06
            ],
            [
                0.0,
                0.0,
                0.0,
                0.0,
                0.0,
                0.0,
                0.0,
                0.0,
                0.0,
                0.0,
                0.0,
                0.0,
                0.0,
                0.0,
                0.0,
                0.009149601617809313,
                -9.593317391030309e-07,
                -3.932981998904132e-06
            ],
            [
                0.0,
                0.0,
                0.0,
                0.0,
                0.0,
                0.0,
                0.0,
                0.0,
                0.0,
                0.0,
                0.0,
                0.0,
                0.0,
                0.0,
                0.0,
                0.0,
                0.004876566858720322,
                -3.536392948605264e-07
            ],
            [
                0.0,
                0.0,
                0.0,
                0.0,
                0.0,
                0.0,
                0.0,
                0.0,
                0.0,
                0.0,
                0.0,
                0.0,
                0.0,
                0.0,
                0.0,
                0.0,
                0.0,
                0.006145041355175929
            ]
        ]
    ],
    "allnames": [
        "m1_flow_nominal",
        "m2_flow_nominal",
        "tau1",
        "tau2",
        "tau_m",
        "nominalUa.hasValue",
        "workingPressure.hasValue",
        "flowCoefficient.hasValue",
        "waterFlowRateMax",
        "c1",
        "c2",
        "c3",
        "c4",
        "eps_motor",
        "f_motorToAir",
        "kp",
        "Ti",
        "Td"
    ],
    "alpha_count": 1437,
    "cov": [
        [
            0.011955822389555467,
            0.0021388301049778207,
            -1.2508318824746036,
            0.08375988184430543,
            0.1612505195176067,
            -17.993105689346624,
            1.4725981849802037,
            -0.7743913140744709,
            -0.0022074150826418863,
            -0.00564221663649876,
            0.0009093388602450272,
            0.003833655315541111,
            0.0007984238119423951,
            0.0014250333273515758,
            -0.00048789053131538415,
            -0.00933109797251745,
            -0.0163631663893169,
            -0.0053244009110207146
        ],
        [
            0.0021388301049778207,
            0.0011414771107241084,
            0.16404635420259664,
            0.003915755201955995,
            -0.036529245658762526,
            2.169313341207026,
            3.2355352708013045,
            -0.21215491727829905,
            -0.0020971836297282638,
            -0.00042808304829989945,
            8.828018495498308e-05,
            0.0005222171531746629,
            0.00024405470709643512,
            0.0005535805786511263,
            -0.00010421883742613028,
            -0.0028874820359675738,
            -0.003972852865921664,
            -0.0016358472013442986
        ],
        [
            -1.2508318824746036,
            0.16404635420259664,
            570.2081249065567,
            -24.23801249002123,
            -65.738132090511,
            7062.202384107863,
            2820.448802214132,
            52.938792931223254,
            -0.7982556324812986,
            1.537358249069151,
            -0.23435541237411164,
            -0.769098534277869,
            -0.02733650293193702,
            0.08605542530695127,
            0.0636673925888044,
            1.6602596010508104,
            2.081468859431912,
            0.274867248020064
        ],
        [
            0.08375988184430543,
            0.003915755201955995,
            -24.23801249002123,
            1.2904283867640505,
            2.001445395439069,
            -328.0149254465193,
            -116.65659493225094,
            -4.581154457989242,
            0.006048077045574368,
            -0.08574598089188508,
            0.012772111998645728,
            0.044084249298290065,
            0.003879687010074574,
            0.006116460381204681,
            -0.0063302008232438926,
            -0.17373022139414848,
            -0.16622930564943486,
            -0.03743753018758647
        ],
        [
            0.1612505195176067,
            -0.036529245658762526,
            -65.738132090511,
            2.001445395439069,
            19.879819711065252,
            -726.4140530838652,
            -95.44282849114963,
            -8.946131770828844,
            0.1841467728457656,
            -0.1118112158389975,
            0.01712639508869528,
            0.07359239882667218,
            -0.0054966821598785385,
            -0.039663452969809415,
            0.009961755249979228,
            0.5488205679564145,
            0.05390342367437276,
            -0.17746175894048555
        ],
        [
            -17.993105689346624,
            2.169313341207026,
            7062.202384107863,
            -328.0149254465193,
            -726.4140530838652,
            95296.08781954863,
            38302.85427842261,
            696.9921579808445,
            -9.192238989438179,
            21.13939237304761,
            -3.139135202697529,
            -10.43355736695496,
            -0.5203545634209847,
            0.11401898496589016,
            1.1176120652781263,
            31.79604785599992,
            31.672339516996164,
            4.349819723338097
        ],
        [
            1.4725981849802037,
            3.2355352708013045,
            2820.448802214132,
            -116.65659493225094,
            -95.44282849114963,
            38302.85427842261,
            29018.034131164044,
            -401.5066475424637,
            -5.322369804909562,
            7.589063525661555,
            -1.0682134345243044,
            -2.350562108272633,
            0.40511893653366754,
            0.7897471228431802,
            0.3977908564328019,
            17.208459885024272,
            6.701038048957306,
            -6.32512420777427
        ],
        [
            -0.7743913140744709,
            -0.21215491727829905,
            52.938792931223254,
            -4.581154457989242,
            -8.946131770828844,
            696.9921579808445,
            -401.5066475424637,
            63.41618576968583,
            0.32983031755272163,
            0.3378308263419159,
            -0.05543615286174931,
            -0.24183421572620742,
            -0.05792895104191784,
            -0.10715448842619353,
            0.026917879955997336,
            0.46517257292052905,
            1.123536900588967,
            0.5425420442877418
        ],
        [
            -0.0022074150826418863,
            -0.0020971836297282638,
            -0.7982556324812986,
            0.006048077045574368,
            0.1841467728457656,
            -9.192238989438179,
            -5.322369804909562,
            0.32983031755272163,
            0.008108492415071607,
            0.0006029175188168696,
            -6.03568127795584e-05,
            4.524674933859776e-05,
            -0.00025960448086063774,
            -0.0015975366789060723,
            0.0004026835906106412,
            0.006264695561365463,
            0.009192758363041497,
            0.003097005599872146
        ],
        [
            -0.00564221663649876,
            -0.00042808304829989945,
            1.537358249069151,
            -0.08574598089188508,
            -0.1118112158389975,
            21.13939237304761,
            7.589063525661555,
            0.3378308263419159,
            0.0006029175188168696,
            0.005977417426628075,
            -0.0008673187588858583,
            -0.0029470587326964445,
            -0.00023657343064885706,
            -0.0006086088293368886,
            0.0004976469532716521,
            0.011964698891990757,
            0.012329490543905938,
            0.00327214659562295
        ],
        [
            0.0009093388602450272,
            8.828018495498308e-05,
            -0.23435541237411164,
            0.012772111998645728,
            0.01712639508869528,
            -3.139135202697529,
            -1.0682134345243044,
            -0.05543615286174931,
            -6.03568127795584e-05,
            -0.0008673187588858583,
            0.00013591813052555692,
            0.0004515907741807003,
            5.6297024714774545e-05,
            9.133862526317315e-05,
            -5.096099619259682e-05,
            -0.0018017107605791504,
            -0.0018358629142794759,
            -0.00040405488709186334
        ],
        [
            0.003833655315541111,
            0.0005222171531746629,
            -0.769098534277869,
            0.044084249298290065,
            0.07359239882667218,
            -10.43355736695496,
            -2.350562108272633,
            -0.24183421572620742,
            4.524674933859776e-05,
            -0.0029470587326964445,
            0.0004515907741807003,
            0.0017851504054693266,
            0.00023449289545144681,
            0.0003517681219501379,
            -0.00022288998309829682,
            -0.005922923098670261,
            -0.006499965921392525,
            -0.0020409766327302995
        ],
        [
            0.0007984238119423951,
            0.00024405470709643512,
            -0.02733650293193702,
            0.003879687010074574,
            -0.0054966821598785385,
            -0.5203545634209847,
            0.40511893653366754,
            -0.05792895104191784,
            -0.00025960448086063774,
            -0.00023657343064885706,
            5.6297024714774545e-05,
            0.00023449289545144681,
            0.00012045271987708472,
            0.00013523894842706248,
            9.964854864958674e-06,
            -0.0013438066446898873,
            -0.001135151080579689,
            -0.0001619434578108322
        ],
        [
            0.0014250333273515758,
            0.0005535805786511263,
            0.08605542530695127,
            0.006116460381204681,
            -0.039663452969809415,
            0.11401898496589016,
            0.7897471228431802,
            -0.10715448842619353,
            -0.0015975366789060723,
            -0.0006086088293368886,
            9.133862526317315e-05,
            0.0003517681219501379,
            0.00013523894842706248,
            0.0005962833422432193,
            -0.00015841068046962766,
            -0.0036551948848305895,
            -0.003479546226552318,
            -0.0010829819645017723
        ],
        [
            -0.00048789053131538415,
            -0.00010421883742613028,
            0.0636673925888044,
            -0.0063302008232438926,
            0.009961755249979228,
            1.1176120652781263,
            0.3977908564328019,
            0.026917879955997336,
            0.0004026835906106412,
            0.0004976469532716521,
            -5.096099619259682e-05,
            -0.00022288998309829682,
            9.964854864958674e-06,
            -0.00015841068046962766,
            0.0001967573178174527,
            0.001485036696857764,
            0.0015399607913711907,
            0.0002661124726778119
        ],
        [
            -0.00933109797251745,
