3.499789623413792489e-03 -6.409509900261823939e-05 -9.763196015743091536e-04 -1.097965190199006293e-04 -7.121030593713300421e-06 -1.167305024665097890e-01 2.557036929163977908e-04 6.064027317043069187e-02 -4.776385665317247410e-06 3.008701166465956090e-06 2.853371288424131102e-06 9.165571850966125909e-06 -2.456071645326450343e-06 1.079460932169238823e-06 -1.156778486262727147e-06 1.138447915247920528e-05 5.136618414622394904e-06 1.690783614204744163e-05
-6.409509900261823939e-05 3.476394452338241875e-02 3.405848627548220368e-03 3.830203992734634421e-04 2.484140668201199163e-05 4.072093000872902824e-01 -8.920112534604690384e-04 -2.115409654980086596e-01 1.666221443944202740e-05 -1.049572365646177229e-05 -9.953862107136193980e-06 -3.197370027086529550e-05 8.567899516620034996e-06 -3.765652690361048552e-06 4.035371627756212416e-06 -3.971426225008706343e-05 -1.791887077701887767e-05 -5.898225378897051669e-05
-9.763196015743091536e-04 3.405848627548220368e-03 9.759295204121416134e+01 5.834304485561761164e-03 3.783932414760232395e-04 6.202758522961890897e+00 -1.358743624910774966e-02 -3.222268072996094190e+00 2.538048433655937220e-04 -1.598746378111097076e-04 -1.516208077963628292e-04 -4.870349027471260347e-04 1.305093271180295025e-04 -5.735977620021061660e-05 6.146823206645301066e-05 -6.049419269207892630e-04 -2.729466846906026482e-04 -8.984389043045266530e-04
-1.097965190199006293e-04 3.830203992734634421e-04 5.834304485561761164e-03 3.191456049187348931e+00 4.255395535204963036e-05 6.975597878441255340e-01 -1.528037745172014690e-03 -3.623750021954327827e-01 2.854279302289755509e-05 -1.797943898998036191e-05 -1.705121650756797388e-05 -5.477175391808441655e-05 1.467702768036510241e-05 -6.450657907910832115e-06 6.912693241353811855e-06 -6.803153155789469205e-05 -3.069547698184735366e-05 -1.010380863864921612e-04
-7.121030593713300421e-06 2.484140668201199163e-05 3.783932414760232395e-04 4.255395535204963036e-05 6.416549710728901290e-02 4.524136679853980186e-02 -9.910335617968344724e-05 -2.350241610631469830e-02 1.851188946247377332e-06 -1.166085557614500339e-06 -1.105884189173729424e-06 -3.552310572353592720e-06 9.519023377937271002e-07 -4.183678382689516476e-07 4.483338861381708794e-07 -4.412294869504309023e-06 -1.990804741603320609e-06 -6.552988297908143820e-06
-1.167305024665097890e-01 4.072093000872902824e-01 6.202758522961890897e+00 6.975597878441255340e-01 4.524136679853980186e-02 2.841456279815649614e+05 -1.624537966903964126e+00 -3.852600835178437819e+02 3.034535703956633620e-02 -1.911489513602855281e-02 -1.812805258637475991e-02 -5.823075642927432599e-02 1.560392652824779160e-02 -6.858036534778636818e-03 7.349250801965969207e-03 -7.232792927506098701e-02 -3.263398952466597253e-02 -1.074189482274219010e-01
2.557036929163977908e-04 -8.920112534604690384e-04 -1.358743624910774966e-02 -1.528037745172014690e-03 -9.910335617968344724e-05 -1.624537966903964126e+00 1.864128801067352924e+03 8.439304552557366224e-01 -6.647294146711921301e-05 4.187208289790832704e-05 3.971035756526953208e-05 1.275572292216649902e-04 -3.418113991596874782e-05 1.502285376182281126e-05 -1.609888187340452253e-05 1.584377538504577938e-04 7.148629929393322379e-05 2.353062924476623729e-04
6.064027317043069187e-02 -2.115409654980086596e-01 -3.222268072996094190e+00 -3.623750021954327827e-01 -2.350241610631469830e-02 -3.852600835178437819e+02 8.439304552557366224e-01 3.517842517836042680e+04 -1.576409508612796120e-02 9.929987776806372193e-03 9.417333410357645387e-03 3.025026794350598944e-02 -8.106076365736113523e-03 3.562678135486354886e-03 -3.817858801362429035e-03 3.757360155585415251e-02 1.695301568657667929e-02 5.580301829044273521e-02
-4.776385665317247410e-06 1.666221443944202740e-05 2.538048433655937220e-04 2.854279302289755509e-05 1.851188946247377332e-06 3.034535703956633620e-02 -6.647294146711921301e-05 -1.576409508612796120e-02 1.334036220484725518e-02 -7.821444197754853218e-07 -7.417647374431506153e-07 -2.382689566243945618e-06 6.384823967803032614e-07 -2.806175481540191044e-07 3.007170828498970420e-07 -2.959518525936234798e-06 -1.335319530663786327e-06 -4.395374933335146272e-06
3.008701166465956090e-06 -1.049572365646177229e-05 -1.598746378111097076e-04 -1.797943898998036191e-05 -1.166085557614500339e-06 -1.911489513602855281e-02 4.187208289790832704e-05 9.929987776806372193e-03 -7.821444197754853218e-07 2.658856642620691709e-04 4.672462793350017491e-07 1.500884011385263852e-06 -4.021875255823348323e-07 1.767642739974883837e-07 -1.894252058657056493e-07 1.864235316218028053e-06 8.411333822320353069e-07 2.768698052380223757e-06
2.853371288424131102e-06 -9.953862107136193980e-06 -1.516208077963628292e-04 -1.705121650756797388e-05 -1.105884189173729424e-06 -1.812805258637475991e-02 3.971035756526953208e-05 9.417333410357645387e-03 -7.417647374431506153e-07 4.672462793350017491e-07 5.069708060897739569e-04 1.423398040680755812e-06 -3.814238352581052576e-07 1.676384846275747747e-07 -1.796457719846968803e-07 1.767990648406920146e-06 7.977082833437744423e-07 2.625758788220594828e-06
9.165571850966125909e-06 -3.197370027086529550e-05 -4.870349027471260347e-04 -5.477175391808441655e-05 -3.552310572353592720e-06 -5.823075642927432599e-02 1.275572292216649902e-04 3.025026794350598944e-02 -2.382689566243945618e-06 1.500884011385263852e-06 1.423398040680755812e-06 2.599839052827936526e-03 -1.225205980698009385e-06 5.384867304421857643e-07 -5.770564235814479388e-07 5.679122582311877892e-06 2.562390887144659992e-06 8.434437163637816979e-06
-2.456071645326450343e-06 8.567899516620034996e-06 1.305093271180295025e-04 1.467702768036510241e-05 9.519023377937271002e-07 1.560392652824779160e-02 -3.418113991596874782e-05 -8.106076365736113523e-03 6.384823967803032614e-07 -4.021875255823348323e-07 -3.814238352581052576e-07 -1.225205980698009385e-06 7.434893537834113761e-04 -1.442967238191680111e-07 1.546321323707139554e-07 -1.521817969631546332e-06 -6.866364373648446772e-07 -2.260151608512555077e-06
1.079460932169238823e-06 -3.765652690361048552e-06 -5.735977620021061660e-05 -6.450657907910832115e-06 -4.183678382689516476e-07 -6.858036534778636818e-03 1.502285376182281126e-05 3.562678135486354886e-03 -2.806175481540191044e-07 1.767642739974883837e-07 1.676384846275747747e-07 5.384867304421857643e-07 -1.442967238191680111e-07 3.449597686437168602e-04 -6.796192043901954329e-08 6.688498062409014590e-07 3.017815910010654027e-07 9.933526844834724101e-07
-1.156778486262727147e-06 4.035371627756212416e-06 6.146823206645301066e-05 6.912693241353811855e-06 4.483338861381708794e-07 7.349250801965969207e-03 -1.609888187340452253e-05 -3.817858801362429035e-03 3.007170828498970420e-07 -1.894252058657056493e-07 -1.796457719846968803e-07 -5.770564235814479388e-07 1.546321323707139554e-07 -6.796192043901954329e-08 2.401886070424739237e-05 -7.167568953566957188e-07 -3.233970231036008625e-07 -1.064502642418607056e-06
1.138447915247920528e-05 -3.971426225008706343e-05 -6.049419269207892630e-04 -6.803153155789469205e-05 -4.412294869504309023e-06 -7.232792927506098701e-02 1.584377538504577938e-04 3.757360155585415251e-02 -2.959518525936234798e-06 1.864235316218028053e-06 1.767990648406920146e-06 5.679122582311877892e-06 -1.521817969631546332e-06 6.688498062409014590e-07 -7.167568953566957188e-07 9.800231720997041110e-03 3.182724014336995138e-06 1.047634295095391169e-05
5.136618414622394904e-06 -1.791887077701887767e-05 -2.729466846906026482e-04 -3.069547698184735366e-05 -1.990804741603320609e-06 -3.263398952466597253e-02 7.148629929393322379e-05 1.695301568657667929e-02 -1.335319530663786327e-06 8.411333822320353069e-07 7.977082833437744423e-07 2.562390887144659992e-06 -6.866364373648446772e-07 3.017815910010654027e-07 -3.233970231036008625e-07 3.182724014336995138e-06 3.268578618430165866e-03 4.726872033320074365e-06
1.690783614204744163e-05 -5.898225378897051669e-05 -8.984389043045266530e-04 -1.010380863864921612e-04 -6.552988297908143820e-06 -1.074189482274219010e-01 2.353062924476623729e-04 5.580301829044273521e-02 -4.395374933335146272e-06 2.768698052380223757e-06 2.625758788220594828e-06 8.434437163637816979e-06 -2.260151608512555077e-06 9.933526844834724101e-07 -1.064502642418607056e-06 1.047634295095391169e-05 4.726872033320074365e-06 7.410068912825004683e-02
1.120656269514700093e-03 -1.637014433552133922e-05 -3.621733797610147661e-04 -1.914506653962260452e-05 -4.925157760274113585e-07 -3.965579040827212770e-02 6.721339329951259243e-04 1.775006430726215959e-02 -1.094894970044019305e-06 1.192519877067202341e-06 1.073468511283061035e-06 2.841797853014009280e-06 -9.588194693672440896e-07 -1.266410011060881032e-07 -5.753412753562065058e-07 3.934466327550901457e-06 8.336846674179690697e-07 1.044502743698914384e-05
-1.637014433552133922e-05 1.114815242945533386e-02 8.052022405535574131e-04 2.140581811682488761e-04 1.816973280142140625e-05 1.171350640246077712e-01 3.092225766078728327e-03 -7.716179006159677722e-02 7.812616032633637488e-06 -2.044115103769188806e-06 -2.267507021503289031e-06 -1.075333351200972525e-05 1.752550907174732588e-06 -3.906122991833005060e-06 1.173506923697305540e-07 -1.104102246754839043e-05 -1.036894268067842741e-05 9.932542165751559357e-06
-3.621733797610147661e-04 8.052022405535574131e-04 3.123316533699715336e+01 7.675824702860712051e-04 -1.726974203586205944e-06 2.143160922121313483e+00 -4.493520868574510385e-02 -9.173468762897299955e-01 5.140852208850835750e-05 -6.695556305893996625e-05 -5.954640192896771720e-05 -1.495816495302607161e-04 5.364927271563707468e-05 1.410238184002974700e-05 3.377663757755401517e-05 -2.136191644178429903e-04 -3.164834875197187396e-05 -6.336535615027880314e-04
-1.914506653962260452e-05 2.140581811682488761e-04 7.675824702860712051e-04 1.021619277164325545e+00 5.308884336769874047e-05 1.723491130866748600e-01 1.255561134423183525e-02 -1.525281153146000879e-01 1.871420365904272195e-05 -6.767484165521517605e-07 -1.912113843327322970e-06 -1.954196129216055259e-05 8.764403983663675772e-07 -1.249593275807007727e-05 -2.321811916422555487e-06 -1.533003299910135991e-05 -2.772258538735655593e-05 7.892012619550011832e-05
-4.925157760274113585e-07 1.816973280142140625e-05 -1.726974203586205944e-06 5.308884336769874047e-05 2.053736842272784607e-02 8.794575316433596995e-03 1.425490220141410703e-03 -1.160577727762790272e-02 1.662613993543145282e-06 1.939648864502119744e-07 4.204613421973789049e-08 -1.361833937607143264e-06 -1.221446537436405569e-07 -1.299199704413853070e-06 -3.630097187655635206e-07 -6.925190947938223961e-07 -2.636660405925377923e-06 1.033097899960818534e-05
-3.965579040827212770e-02 1.171350640246077712e-01 2.143160922121313483e+00 1.723491130866748600e-01 8.794575316433596995e-03 9.093392463215529278e+04 -2.397860673433535261e+00 -1.180185717556241372e+02 8.331223043572196646e-03 -6.847647077572848427e-03 -6.311240687391312353e-03 -1.834374561462563322e-02 5.543245999454184808e-03 -6.927327570088987569e-04 3.004495056991299956e-03 -2.407210243999019506e-02 -7.865836584483096652e-03 -5.039088719305138270e-02
6.721339329951259243e-04 3.092225766078728327e-03 -4.493520868574510385e-02 1.255561134423183525e-02 1.425490220141410703e-03 -2.397860673433535261e+00 5.970027934930941456e+02 -1.079956118423393230e+00 3.324198817050617481e-04 2.008185640198588808e-04 1.435541199438295824e-04 -3.357102875311954908e-05 -1.519716067480263188e-04 -3.803087854267620319e-04 -1.725322274572055304e-04 2.884527371206539802e-04 -6.379539796555156947e-04 4.182487232661459900e-03
1.775006430726215959e-02 -7.716179006159677722e-02 -9.173468762897299955e-01 -1.525281153146000879e-01 -1.160577727762790272e-02 -1.180185717556241372e+02 -1.079956118423393230e+00 1.126088057514776483e+04 -6.036019374984977204e-03 2.652199650626471152e-03 2.646741495169702748e-03 9.888622718522163332e-03 -2.198582299604194025e-03 2.219659868187560166e-03 -7.524938204712500970e-04 1.135705621446329340e-02 7.277480473949184819e-03 6.343208668832250353e-03
-1.094894970044019305e-06 7.812616032633637488e-06 5.140852208850835750e-05 1.871420365904272195e-05 1.662613993543145282e-06 8.331223043572196646e-03 3.324198817050617481e-04 -6.036019374984977204e-03 4.269175671781327668e-03 -1.126371770653256540e-07 -1.412651262906775093e-07 -8.170954321809816429e-07 1.007331211588562200e-07 -3.726436422108726207e-07 -2.670212131886737809e-08 -7.724300285262080858e-07 -9.126442703740262737e-07 1.609978568315184362e-06
1.192519877067202341e-06 -2.044115103769188806e-06 -6.695556305893996625e-05 -6.767484165521517605e-07 1.939648864502119744e-07 -6.847647077572848427e-03 2.008185640198588808e-04 2.652199650626471152e-03 -1.126371770653256540e-07 8.515635221211568346e-05 2.004415794171663443e-07 4.513321473566359813e-07 -1.835872764545656145e-07 -9.331435712162483453e-08 -1.257569993258383038e-07 6.890835350387885889e-07 1.198197864659488289e-08 2.484413321128950416e-06
1.073468511283061035e-06 -2.267507021503289031e-06 -5.954640192896771720e-05 -1.912113843327322970e-06 4.204613421973789049e-08 -6.311240687391312353e-03 1.435541199438295824e-04 2.646741495169702748e-03 -1.412651262906775093e-07 2.004415794171663443e-07 1.622662096489293148e-04 4.352754344984989248e-07 -1.603751394617548295e-07 -5.099356298297098779e-08 -1.029647491781287378e-07 6.303555363615593960e-07 7.571610247585789581e-08 1.956185683014418042e-06
2.841797853014009280e-06 -1.075333351200972525e-05 -1.495816495302607161e-04 -1.954196129216055259e-05 -1.361833937607143264e-06 -1.834374561462563322e-02 -3.357102875311954908e-05 9.888622718522163332e-03 -8.170954321809816429e-07 4.513321473566359813e-07 4.352754344984989248e-07 8.319599878450745743e-04 -3.702804121493753356e-07 2.318047330652237747e-07 -1.588027350050710945e-07 1.780593514585329757e-06 9.220435954800858678e-07 2.064581354475912254e-06
-9.588194693672440896e-07 1.752550907174732588e-06 5.364927271563707468e-05 8.764403983663675772e-07 -1.221446537436405569e-07 5.543245999454184808e-03 -1.519716067480263188e-04 -2.198582299604194025e-03 1.007331211588562200e-07 -1.835872764545656145e-07 -1.603751394617548295e-07 -3.702804121493753356e-07 2.379578960177394006e-04 6.660931523775955648e-08 9.850099817445720446e-08 -5.566094783457355208e-07 -2.619453535023862565e-08 -1.926071057265876029e-06
-1.266410011060881032e-07 -3.906122991833005060e-06 1.410238184002974700e-05 -1.249593275807007727e-05 -1.299199704413853070e-06 -6.927327570088987569e-04 -3.803087854267620319e-04 2.219659868187560166e-03 -3.726436422108726207e-07 -9.331435712162483453e-08 -5.099356298297098779e-08 2.318047330652237747e-07 6.660931523775955648e-08 1.106951023908463134e-04 1.121060399762177742e-07 2.390170656516537333e-08 6.250339592781654020e-07 -2.966636556179718099e-06
-5.753412753562065058e-07 1.173506923697305540e-07 3.377663757755401517e-05 -2.321811916422555487e-06 -3.630097187655635206e-07 3.004495056991299956e-03 -1.725322274572055304e-04 -7.524938204712500970e-04 -2.670212131886737809e-08 -1.257569993258383038e-07 -1.029647491781287378e-07 -1.588027350050710945e-07 9.850099817445720446e-08 1.121060399762177742e-07 7.744211483404196233e-06 -3.119973119418962709e-07 1.261958685937487596e-07 -1.768166493444821437e-06
3.934466327550901457e-06 -1.104102246754839043e-05 -2.136191644178429903e-04 -1.533003299910135991e-05 -6.925190947938223961e-07 -2.407210243999019506e-02 2.884527371206539802e-04 1.135705621446329340e-02 -7.724300285262080858e-07 6.890835350387885889e-07 6.303555363615593960e-07 1.780593514585329757e-06 -5.566094783457355208e-07 2.390170656516537333e-08 -3.119973119418962709e-07 3.136191528225857564e-03 6.922228355709523529e-07 5.380132142451903383e-06
8.336846674179690697e-07 -1.036894268067842741e-05 -3.164834875197187396e-05 -2.772258538735655593e-05 -2.636660405925377923e-06 -7.865836584483096652e-03 -6.379539796555156947e-04 7.277480473949184819e-03 -9.126442703740262737e-07 1.198197864659488289e-08 7.571610247585789581e-08 9.220435954800858678e-07 -2.619453535023862565e-08 6.250339592781654020e-07 1.261958685937487596e-07 6.922228355709523529e-07 1.046851961205904269e-03 -4.123366404323690129e-06
1.044502743698914384e-05 9.932542165751559357e-06 -6.336535615027880314e-04 7.892012619550011832e-05 1.033097899960818534e-05 -5.039088719305138270e-02 4.182487232661459900e-03 6.343208668832250353e-03 1.609978568315184362e-06 2.484413321128950416e-06 1.956185683014418042e-06 2.064581354475912254e-06 -1.926071057265876029e-06 -2.966636556179718099e-06 -1.768166493444821437e-06 5.380132142451903383e-06 -4.123366404323690129e-06 2.374724918306712201e-02
3.591780420790583730e-04 -5.524636456143133863e-06 -1.186209106815819562e-04 -1.024159796113636302e-05 -1.442360955294268857e-06 -1.128131947588501167e-02 1.956030396932518904e-04 5.290186741143861233e-03 -2.529118273847524504e-07 5.360835967679429811e-07 2.406036705893253393e-07 9.416170239753614408e-07 -5.625892347473817820e-07 1.238730652048904782e-07 -1.784529272108462369e-07 4.804919404865156935e-07 2.068007710720151281e-07 -1.698011163696615387e-06
-5.524636456143133863e-06 3.567552967043665074e-03 2.590378544732294163e-04 7.057194406627983487e-05 6.461605769450648805e-06 3.677356707585512086e-02 9.993266516660061303e-04 -2.449536505123368901e-02 2.450937151356853171e-06 -7.319462218597272077e-07 -6.737555737844607186e-07 -3.457310882014049527e-06 6.896779278006093114e-07 -1.332787161665680318e-06 3.470244967062278781e-08 -3.140881170650853718e-06 -3.287843120183750484e-06 5.717899650678842832e-06
-1.186209106815819562e-04 2.590378544732294163e-04 9.994625984415684172e+00 2.653709590635582949e-04 5.611611772711610712e-06 6.790533683629741413e-01 -1.428580284086630216e-02 -2.916805823116168650e-01 1.598314123728472832e-05 -2.216696011519206299e-05 -1.856110564267482180e-05 -4.802082319455476284e-05 1.839493430620597680e-05 3.723981655336479490e-06 1.078138525650858368e-05 -6.462272000939908603e-05 -9.839696324651420645e-06 -1.785852649107823418e-04
-1.024159796113636302e-05 7.057194406627983487e-05 2.653709590635582949e-04 3.269479813874678342e-01 2.629593692784305348e-05 4.494749374397515734e-02 4.158918586227763545e-03 -4.598481748395962659e-02 5.282528543493924946e-06 -1.335680998290495747e-06 1.336353598145362078e-07 -6.487005019842743991e-06 2.133383482761561170e-06 -5.189693023124898654e-06 -7.839571491820980228e-07 7.345590814157703931e-07 -8.436710030422920383e-06 6.177012706354740061e-05
-1.442360955294268857e-06 6.461605769450648805e-06 5.611611772711610712e-06 2.629593692784305348e-05 6.574863693887464215e-03 -3.714885691185331753e-04 5.002153802083172300e-04 -2.832141458345544503e-03 3.116184726947364198e-07 -2.873203585997821072e-07 2.462031362691156169e-07 -5.087095986481086142e-07 5.393951199473826893e-07 -7.875717500962635998e-07 -1.289562118874098742e-07 1.539251769297109810e-06 -7.080752683175701339e-07 1.470609070600900106e-05
-1.128131947588501167e-02 3.677356707585512086e-02 6.790533683629741413e-01 4.494749374397515734e-02 -3.714885691185331753e-04 2.910234856069692614e+04 -8.156186648800213268e-01 -3.873259676822822684e+01 2.907645164151742047e-03 -1.808196662197838860e-03 -2.274769125875439682e-03 -5.790050245095624062e-03 1.139624536943197909e-03 1.859764620414004700e-04 9.754640490157052285e-04 -9.633577415253048032e-03 -2.665793313228502232e-03 -2.862359136757232705e-02
1.956030396932518904e-04 9.993266516660061303e-04 -1.428580284086630216e-02 4.158918586227763545e-03 5.002153802083172300e-04 -8.156186648800213268e-01 1.910415619449110807e+02 -3.322172721955406471e-01 1.030323243364108089e-04 5.896440748552020687e-05 4.946631258928013415e-05 -1.184840361872162816e-05 -3.985982152929351259e-05 -1.273365663561785912e-04 -5.540428528025773000e-05 1.190034824828560620e-04 -2.020884193486881329e-04 1.511248508542188370e-03
5.290186741143861233e-03 -2.449536505123368901e-02 -2.916805823116168650e-01 -4.598481748395962659e-02 -2.832141458345544503e-03 -3.873259676822822684e+01 -3.322172721955406471e-01 3.603749320726169117e+03 -1.998407695771979315e-03 7.426886510160142377e-04 9.175801811989846160e-04 3.142232303351279871e-03 -5.280175632545157111e-04 5.974673329381069518e-04 -2.446798369633463731e-04 4.168555577939688297e-03 2.369955907630628619e-03 5.488985736805428346e-03
-2.529118273847524504e-07 2.450937151356853171e-06 1.598314123728472832e-05 5.282528543493924946e-06 3.116184726947364198e-07 2.907645164151742047e-03 1.030323243364108089e-04 -1.998407695771979315e-03 1.366152934675510201e-03 -9.541146953491984873e-09 -6.285986024565260772e-08 -2.559390178059805245e-07 -1.164584002941126610e-08 -9.104113692537968796e-08 -7.574264016405999481e-09 -3.807466663211468715e-07 -3.023362941087053986e-07 -3.495620256362125894e-07
5.360835967679429811e-07 -7.319462218597272077e-07 -2.216696011519206299e-05 -1.335680998290495747e-06 -2.873203585997821072e-07 -1.808196662197838860e-03 5.896440748552020687e-05 7.426886510160142377e-04 -9.541146953491984873e-09 2.729204276258106256e-05 3.615596965934269140e-08 1.531944142740699589e-07 -1.283037162530401981e-07 1.484746072418090648e-08 -3.870401527849925342e-08 8.783666195233373947e-09 -1.247686012335937360e-08 -5.757289732699180745e-07
2.406036705893253393e-07 -6.737555737844607186e-07 -1.856110564267482180e-05 1.336353598145362078e-07 2.462031362691156169e-07 -2.274769125875439682e-03 4.946631258928013415e-05 9.175801811989846160e-04 -6.285986024565260772e-08 3.615596965934269140e-08 5.194382974410688549e-05 1.334471806519289481e-07 -4.984897278093463152e-09 -4.610057050318816658e-08 -3.397342036075580307e-08 3.427547939134481037e-07 3.509491874904788931e-08 1.539109715409771453e-06
9.416170239753614408e-07 -3.457310882014049527e-06 -4.802082319455476284e-05 -6.487005019842743991e-06 -5.087095986481086142e-07 -5.790050245095624062e-03 -1.184840361872162816e-05 3.142232303351279871e-03 -2.559390178059805245e-07 1.531944142740699589e-07 1.334471806519289481e-07 2.662290261497736324e-04 -1.330070657390863194e-07 8.350875474026470022e-08 -5.049582472690629906e-08 5.256001524479357092e-07 2.916495812796070150e-07 3.745718235879329211e-07
-5.625892347473817820e-07 6.896779278006093114e-07 1.839493430620597680e-05 2.133383482761561170e-06 5.393951199473826893e-07 1.139624536943197909e-03 -3.985982152929351259e-05 -5.280175632545157111e-04 -1.164584002941126610e-08 -1.283037162530401981e-07 -4.984897278093463152e-09 -1.330070657390863194e-07 7.626168981339056575e-05 -5.270786932247169566e-08 2.897349061384896386e-08 1.724335364043397321e-07 1.862392498247606403e-08 1.653185049646920337e-06
1.238730652048904782e-07 -1.332787161665680318e-06 3.723981655336479490e-06 -5.189693023124898654e-06 -7.875717500962635998e-07 1.859764620414004700e-04 -1.273365663561785912e-04 5.974673329381069518e-04 -9.104113692537968796e-08 1.484746072418090648e-08 -4.610057050318816658e-08 8.350875474026470022e-08 -5.270786932247169566e-08 3.547001209331119290e-05 3.751094627155579184e-08 -2.176719516441839878e-07 1.826522307777641815e-07 -2.408097674998544381e-06
-1.784529272108462369e-07 3.470244967062278781e-08 1.078138525650858368e-05 -7.839571491820980228e-07 -1.289562118874098742e-07 9.754640490157052285e-04 -5.540428528025773000e-05 -2.446798369633463731e-04 -7.574264016405999481e-09 -3.870401527849925342e-08 -3.397342036075580307e-08 -5.049582472690629906e-08 2.897349061384896386e-08 3.751094627155579184e-08 2.478203997744544756e-06 -1.075915126602485817e-07 3.978543703727693293e-08 -6.160038281214523747e-07
4.804919404865156935e-07 -3.140881170650853718e-06 -6.462272000939908603e-05 7.345590814157703931e-07 1.539251769297109810e-06 -9.633577415253048032e-03 1.190034824828560620e-04 4.168555577939688297e-03 -3.807466663211468715e-07 8.783666195233373947e-09 3.427547939134481037e-07 5.256001524479357092e-07 1.724335364043397321e-07 -2.176719516441839878e-07 -1.075915126602485817e-07 1.004648334923455852e-03 3.037162625898682541e-07 8.629929786813896598e-06
2.068007710720151281e-07 -3.287843120183750484e-06 -9.839696324651420645e-06 -8.436710030422920383e-06 -7.080752683175701339e-07 -2.665793313228502232e-03 -2.020884193486881329e-04 2.369955907630628619e-03 -3.023362941087053986e-07 -1.247686012335937360e-08 3.509491874904788931e-08 2.916495812796070150e-07 1.862392498247606403e-08 1.826522307777641815e-07 3.978543703727693293e-08 3.037162625898682541e-07 3.349989606355889592e-04 -7.872644652005612228e-07
-1.698011163696615387e-06 5.717899650678842832e-06 -1.785852649107823418e-04 6.177012706354740061e-05 1.470609070600900106e-05 -2.862359136757232705e-02 1.511248508542188370e-03 5.488985736805428346e-03 -3.495620256362125894e-07 -5.757289732699180745e-07 1.539109715409771453e-06 3.745718235879329211e-07 1.653185049646920337e-06 -2.408097674998544381e-06 -6.160038281214523747e-07 8.629929786813896598e-06 -7.872644652005612228e-07 7.643845496483790518e-03
1.149642787008129221e-04 -1.810335942864399445e-06 -3.872029315071788162e-05 -4.639729065048993761e-06 -5.677124361049345592e-07 -3.272327373195306477e-03 3.860340057851856010e-05 1.766348032167034060e-03 -1.878630856379072989e-07 1.899414492961129849e-07 9.294150898803892039e-08 3.170604870443464377e-07 -1.788055192134228108e-07 7.806367691916103140e-09 -6.081561540856875065e-08 1.187011152037829110e-07 1.492867255665426590e-07 -5.620318265847260247e-07
-1.810335942864399445e-06 1.141682951295009329e-03 8.407619871875530396e-05 2.470121420264962555e-05 2.232759242084329111e-06 1.124251703598217952e-02 3.570818431058782761e-04 -7.952771263953549094e-03 9.505492215151979217e-07 -2.628215857786105250e-07 -2.403971422756239561e-07 -1.130815662510609775e-06 2.187954459202142854e-07 -3.770001417329403451e-07 1.687388849062203364e-08 -9.505788739833026225e-07 -1.181324177816522983e-06 1.858751988601752114e-06
-3.872029315071788162e-05 8.407619871875530396e-05 3.198301557723003619e+00 1.229194666314244525e-04 4.756660824393754174e-06 2.078780421149994118e-01 -3.902336158069577999e-03 -9.538753235044841738e-02 8.097149110418101818e-06 -7.606494927193925500e-06 -6.384387145568233405e-06 -1.580577064241711074e-05 5.852265876695457409e-06 2.079565317265808506e-06 3.553542090084115824e-06 -1.970147465443485309e-05 -5.466832789738064008e-06 -5.662658701963958578e-05
-4.639729065048993761e-06 2.470121420264962555e-05 1.229194666314244525e-04 1.046913330231840356e-01 1.371148924580960741e-05 -2.466371341294881867e-03 2.527833848339453970e-03 -1.838190095449796641e-02 7.025836429153991903e-06 -1.345236881315368269e-06 -7.529922585060275477e-07 -2.861353811750893956e-06 6.216583081484934247e-07 -7.236677112818245400e-08 -6.571884948844106189e-08 1.984222799587401895e-06 -6.846614531159415095e-06 2.069790892274195728e-05
-5.677124361049345592e-07 2.232759242084329111e-06 4.756660824393754174e-06 1.371148924580960741e-05 2.104369097542023535e-03 -1.431761910805360964e-03 2.533352601734549774e-04 -1.191992001967455287e-03 5.154439964584761754e-07 -1.634571775558942892e-07 1.678128186099102461e-08 -2.239926500440871520e-07 1.678515357027702865e-07 -1.282629960313459106e-07 -2.683966064617673413e-08 6.288520040651224207e-07 -5.496998968301019751e-07 4.778527215594888402e-06
-3.272327373195306477e-03 1.124251703598217952e-02 2.078780421149994118e-01 -2.466371341294881867e-03 -1.431761910805360964e-03 9.316927947928810681e+03 -5.576866855740948425e-01 -1.148557183300757245e+01 -3.920160679706207450e-04 -3.511282795536642106e-04 -5.306866372183587479e-04 -1.658115561760580697e-03 3.798056300863089066e-04 -3.341792434820765553e-04 2.662570357694409528e-04 -3.516300243400662020e-03 1.748069476468710017e-04 -9.390427065752748534e-03
3.860340057851856010e-05 3.570818431058782761e-04 -3.902336158069577999e-03 2.527833848339453970e-03 2.533352601734549774e-04 -5.576866855740948425e-01 6.115437635073033817e+01 -1.708741514375296533e-01 1.269170212751153412e-04 2.707572632007022283e-06 1.817485241556580161e-06 -1.762285780754369797e-05 -1.382966605379913441e-05 -1.278015760911383097e-05 -1.446927875980801038e-05 6.888054752057661109e-05 -1.376867021412107428e-04 5.000008985926139571e-04
1.766348032167034060e-03 -7.952771263953549094e-03 -9.538753235044841738e-02 -1.838190095449796641e-02 -1.191992001967455287e-03 -1.148557183300757245e+01 -1.708741514375296533e-01 1.153397566187832126e+03 -9.272813092339528577e-04 2.871671615830448604e-04 3.365484001641418305e-04 1.047884556004758088e-03 -1.656739878023046856e-04 1.055153825142227792e-04 -8.828432771465324934e-05 1.239588573549700590e-03 9.820662802358659516e-04 1.706232404625150677e-03
-1.878630856379072989e-07 9.505492215151979217e-07 8.097149110418101818e-06 7.025836429153991903e-06 5.154439964584761754e-07 -3.920160679706207450e-04 1.269170212751153412e-04 -9.272813092339528577e-04 4.375876977294960025e-04 -7.508949942149816799e-08 -8.257116827398881369e-08 -1.435525333031132433e-07 -8.516256518663706598e-09 9.552957742433556435e-08 1.210779670306921694e-08 1.544669377572762002e-08 -4.222204199540008896e-07 -3.875223095491156871e-08
1.899414492961129849e-07 -2.628215857786105250e-07 -7.606494927193925500e-06 -1.345236881315368269e-06 -1.634571775558942892e-07 -3.511282795536642106e-04 2.707572632007022283e-06 2.871671615830448604e-04 -7.508949942149816799e-08 8.745845627193351998e-06 2.231381323212231551e-08 5.962781455579841293e-08 -4.023326748377883392e-08 -1.669373561133373979e-08 -1.488505513545265166e-08 -2.080558304880564195e-08 5.199638113295708442e-08 -1.968095008005491154e-07
9.294150898803892039e-08 -2.403971422756239561e-07 -6.384387145568233405e-06 -7.529922585060275477e-07 1.678128186099102461e-08 -5.306866372183587479e-04 1.817485241556580161e-06 3.365484001641418305e-04 -8.257116827398881369e-08 2.231381323212231551e-08 1.663134055844718624e-05 5.189823023078971695e-08 -8.808211349005157675e-10 -3.334508350013434435e-08 -1.303881311421986849e-08 8.920598508115017354e-08 5.977321508540181996e-08 4.816114285541852036e-07
3.170604870443464377e-07 -1.130815662510609775e-06 -1.580577064241711074e-05 -2.861353811750893956e-06 -2.239926500440871520e-07 -1.658115561760580697e-03 -1.762285780754369797e-05 1.047884556004758088e-03 -1.435525333031132433e-07 5.962781455579841293e-08 5.189823023078971695e-08 8.520236513595418895e-05 -4.185711046537781880e-08 8.369237803142402963e-09 -1.829808369013216676e-08 1.479800714352894624e-07 1.412458390912493155e-07 1.090996608602044436e-07
-1.788055192134228108e-07 2.187954459202142854e-07 5.852265876695457409e-06 6.216583081484934247e-07 1.678515357027702865e-07 3.798056300863089066e-04 -1.382966605379913441e-05 -1.656739878023046856e-04 -8.516256518663706598e-09 -4.023326748377883392e-08 -8.808211349005157675e-10 -4.185711046537781880e-08 2.440379552160432686e-05 -1.829235895570247434e-08 9.105311021620105047e-09 5.360851554065822655e-08 9.682279067585890320e-09 5.281830412576336226e-07
7.806367691916103140e-09 -3.770001417329403451e-07 2.079565317265808506e-06 -7.236677112818245400e-08 -1.282629960313459106e-07 -3.341792434820765553e-04 -1.278015760911383097e-05 1.055153825142227792e-04 9.552957742433556435e-08 -1.669373561133373979e-08 -3.334508350013434435e-08 8.369237803142402963e-09 -1.829235895570247434e-08 1.138751546068197036e-05 1.632948944464688563e-08 -2.878565197531658184e-08 -3.844321612095998241e-08 -7.488274158149252724e-07
-6.081561540856875065e-08 1.687388849062203364e-08 3.553542090084115824e-06 -6.571884948844106189e-08 -2.683966064617673413e-08 2.662570357694409528e-04 -1.446927875980801038e-05 -8.828432771465324934e-05 1.210779670306921694e-08 -1.488505513545265166e-08 -1.303881311421986849e-08 -1.829808369013216676e-08 9.105311021620105047e-09 1.632948944464688563e-08 7.935295465428819779e-07 -2.966526408796956566e-08 1.436938694045284144e-09 -1.945842795395520963e-07
1.187011152037829110e-07 -9.505788739833026225e-07 -1.970147465443485309e-05 1.984222799587401895e-06 6.288520040651224207e-07 -3.516300243400662020e-03 6.888054752057661109e-05 1.239588573549700590e-03 1.544669377572762002e-08 -2.080558304880564195e-08 8.920598508115017354e-08 1.479800714352894624e-07 5.360851554065822655e-08 -2.878565197531658184e-08 -2.966526408796956566e-08 3.215324748287936587e-04 -9.513642584785572943e-09 2.785545097517476840e-06
1.492867255665426590e-07 -1.181324177816522983e-06 -5.466832789738064008e-06 -6.846614531159415095e-06 -5.496998968301019751e-07 1.748069476468710017e-04 -1.376867021412107428e-04 9.820662802358659516e-04 -4.222204199540008896e-07 5.199638113295708442e-08 5.977321508540181996e-08 1.412458390912493155e-07 9.682279067585890320e-09 -3.844321612095998241e-08 1.436938694045284144e-09 -9.513642584785572943e-09 1.074526354353494401e-04 -3.087462426056726908e-07
-5.620318265847260247e-07 1.858751988601752114e-06 -5.662658701963958578e-05 2.069790892274195728e-05 4.778527215594888402e-06 -9.390427065752748534e-03 5.000008985926139571e-04 1.706232404625150677e-03 -3.875223095491156871e-08 -1.968095008005491154e-07 4.816114285541852036e-07 1.090996608602044436e-07 5.281830412576336226e-07 -7.488274158149252724e-07 -1.945842795395520963e-07 2.785545097517476840e-06 -3.087462426056726908e-07 2.446043322130957067e-03
3.680054995348547493e-05 -5.837603175427886314e-07 -1.398205423630332413e-05 -1.627906458870269006e-06 -1.395615695675737898e-07 -9.933430432654112661e-04 1.284285724862514698e-05 6.297769343817607350e-04 -6.400046640203090092e-08 6.337562748881426477e-08 2.944084459249495273e-08 1.036396641260415655e-07 -6.492790888090405566e-08 2.878351139534548265e-10 -1.826564980889106376e-08 6.645905285722969177e-08 3.586895543631002352e-08 -2.584090013251380685e-07
-5.837603175427886314e-07 3.653401993639649749e-04 2.749590866899758980e-05 7.957608229527043321e-06 6.988335375305070952e-07 3.577609311978171853e-03 1.140841604603629066e-04 -2.568876041205826397e-03 3.056193960022882453e-07 -8.506713800794088191e-08 -7.681542355398181103e-08 -3.626713532257533276e-07 7.288012210228046647e-08 -1.198185935180778571e-07 4.955377301931189492e-09 -3.147682477081312958e-07 -3.735999006078891474e-07 6.239980890564786006e-07
-1.398205423630332413e-05 2.749590866899758980e-05 1.023667926013997809e+00 5.835642728315169257e-05 -4.071407201494617125e-06 5.937379613054262484e-02 -1.313809925569579947e-03 -3.909843188372496420e-02 3.107086699070309242e-06 -2.778721241084465747e-06 -2.003092786185359416e-06 -5.347485133886034800e-06 2.896962993586370707e-06 9.590706728513424130e-07 9.783400607270262361e-07 -1.008713379450621731e-05 -1.681841570050888742e-07 -7.684524832820806422e-06
-1.627906458870269006e-06 7.957608229527043321e-06 5.835642728315169257e-05 3.350293800014311763e-02 3.884424245987339923e-06 -1.432272469241172019e-03 8.030531523265904388e-04 -6.653651523014531000e-03 2.294692237088163773e-06 -4.614834215127081387e-07 -2.373667093249644157e-07 -9.416920830191313998e-07 2.910816437545336283e-07 3.258790395379873055e-09 -3.531672129087409683e-08 2.946240959150160289e-07 -2.048655412521286955e-06 7.562259304830988632e-06
-1.395615695675737898e-07 6.988335375305070952e-07 -4.071407201494617125e-06 3.884424245987339923e-06 6.735460941791953857e-04 -2.690776955453907590e-04 8.278857648787551061e-05 -1.545920742625700244e-04 1.512907814492026428e-07 -4.318840629330106605e-08 4.314119934208823466e-09 -6.401495522170587450e-08 2.661519701550373077e-08 -4.881191494543591430e-08 -4.387644291888226113e-09 3.013069521498607721e-07 -2.177363427119291092e-07 1.253033769947575869e-06
-9.933430432654112661e-04 3.577609311978171853e-03 5.937379613054262484e-02 -1.432272469241172019e-03 -2.690776955453907590e-04 2.981658549248075815e+03 -1.762603467035492311e-01 -3.385529968532983602e+00 -1.428881683367393552e-04 -1.007106105306963416e-04 -1.711688939804370665e-04 -5.208059284067682914e-04 8.691407229702104620e-05 -1.168626546854112234e-04 9.057016441987270441e-05 -9.973455311304937117e-04 2.486655997478790659e-06 -3.357718613900915333e-03
1.284285724862514698e-05 1.140841604603629066e-04 -1.313809925569579947e-03 8.030531523265904388e-04 8.278857648787551061e-05 -1.762603467035492311e-01 1.956942045379751605e+01 -5.204113156510358634e-02 4.045465903311273235e-05 9.724797952658502713e-07 5.693134801890482029e-07 -5.550184366586923596e-06 -4.740680694422727720e-06 -4.180002632797308745e-06 -4.581303889950885646e-06 2.320580941233000284e-05 -4.454632626481450547e-05 1.567888344768904915e-04
6.297769343817607350e-04 -2.568876041205826397e-03 -3.909843188372496420e-02 -6.653651523014531000e-03 -1.545920742625700244e-04 -3.385529968532983602e+00 -5.204113156510358634e-02 3.694349559344546492e+02 -3.176563029254839956e-04 1.058704464600289006e-04 1.060768976157213132e-04 3.470693176688009664e-04 -9.455353585495317051e-05 2.185760931871835581e-05 -2.181113507189662515e-05 5.500737952627516919e-04 2.501357169225837613e-04 1.227641869884200335e-04
-6.400046640203090092e-08 3.056193960022882453e-07 3.107086699070309242e-06 2.294692237088163773e-06 1.512907814492026428e-07 -1.428881683367393552e-04 4.045465903311273235e-05 -3.176563029254839956e-04 1.400293225935249017e-04 -2.486975713363381620e-08 -2.632536890701653236e-08 -4.664368727485045878e-08 -2.255006958686929985e-10 3.128603340128497587e-08 3.486952072460482809e-09 -4.288824461276719875e-09 -1.312515348049327032e-07 1.306879948934782619e-08
6.337562748881426477e-08 -8.506713800794088191e-08 -2.778721241084465747e-06 -4.614834215127081387e-07 -4.318840629330106605e-08 -1.007106105306963416e-04 9.724797952658502713e-07 1.058704464600289006e-04 -2.486975713363381620e-08 2.799232394602934365e-06 7.075362126003559211e-09 1.955303333644741296e-08 -1.454423075745352863e-08 -5.820601500293393522e-09 -4.504372393903320476e-09 -4.917619522323129052e-10 1.406136272142311838e-08 -7.999048083554983846e-08
2.944084459249495273e-08 -7.681542355398181103e-08 -2.003092786185359416e-06 -2.373667093249644157e-07 4.314119934208823466e-09 -1.711688939804370665e-04 5.693134801890482029e-07 1.060768976157213132e-04 -2.632536890701653236e-08 7.075362126003559211e-09 5.322036512707017901e-06 1.655275871410994455e-08 -8.851774450320658684e-11 -1.061500211019956719e-08 -4.202395570496148928e-09 2.783186351266168855e-08 1.942591181767464580e-08 1.560856538586372167e-07
1.036396641260415655e-07 -3.626713532257533276e-07 -5.347485133886034800e-06 -9.416920830191313998e-07 -6.401495522170587450e-08 -5.208059284067682914e-04 -5.550184366586923596e-06 3.470693176688009664e-04 -4.664368727485045878e-08 1.955303333644741296e-08 1.655275871410994455e-08 2.726515362471954409e-05 -1.479739794154250213e-08 2.275934603038332241e-09 -5.637852733696737456e-09 5.253556185186889368e-08 4.303254998098694368e-08 2.061544398398820753e-08
-6.492790888090405566e-08 7.288012210228046647e-08 2.896962993586370707e-06 2.910816437545336283e-07 2.661519701550373077e-08 8.691407229702104620e-05 -4.740680694422727720e-06 -9.455353585495317051e-05 -2.255006958686929985e-10 -1.454423075745352863e-08 -8.851774450320658684e-11 -1.479739794154250213e-08 7.814176376947376215e-06 -4.431194014999733313e-09 2.144441998362359307e-09 -1.169972401328896656e-09 1.075829337363133860e-08 2.195745666599312768e-07
2.878351139534548265e-10 -1.198185935180778571e-07 9.590706728513424130e-07 3.258790395379873055e-09 -4.881191494543591430e-08 -1.168626546854112234e-04 -4.180002632797308745e-06 2.185760931871835581e-05 3.128603340128497587e-08 -5.820601500293393522e-09 -1.061500211019956719e-08 2.275934603038332241e-09 -4.431194014999733313e-09 3.644412683783810990e-06 5.004919958947373740e-09 -1.446439735394426826e-08 -1.010601091090877831e-08 -2.251323065262053008e-07
-1.826564980889106376e-08 4.955377301931189492e-09 9.783400607270262361e-07 -3.531672129087409683e-08 -4.387644291888226113e-09 9.057016441987270441e-05 -4.581303889950885646e-06 -2.181113507189662515e-05 3.486952072460482809e-09 -4.504372393903320476e-09 -4.202395570496148928e-09 -5.637852733696737456e-09 2.144441998362359307e-09 5.004919958947373740e-09 2.540487172478201151e-07 -6.651902826635424399e-09 -7.277472576362630432e-10 -7.010495162335462656e-08
