{
    "R": [
        [
            0.003166836103777613,
            -0.0002423183588134063,
            0.0014114760121910646,
            -0.0009774408705734967,
            -0.0011620431959572335,
            -0.036067788165588546,
            0.012984376149376496,
            0.1161609726282015,
            4.766850994337449e-05,
            -1.0523279488078726e-05,
            -4.331531098267837e-05,
            -6.39532980666765e-06,
            -1.7314574849476626e-07,
            9.601619822423135e-06,
            -5.432510615791302e-06,
            8.688011988308269e-05,
            -7.074461625292664e-05,
            0.00029209383210932106
        ],
        [
            0.0,
            0.04203665884736813,
            -0.0009463487719310035,
            0.00025114248385686846,
            0.000508024253804925,
            -0.07881487807643958,
            -0.0037648317241976564,
            -0.06617096454371209,
            -4.9916454635316686e-05,
            1.967264490166634e-05,
            4.6221825899009356e-05,
            9.881920659443461e-06,
            1.5449994990643514e-06,
            -1.1057550163877386e-05,
            2.737859761117598e-06,
            -7.695689540047557e-05,
            9.623586559716066e-05,
            -0.00026658799914233727
        ],
        [
            0.0,
            0.0,
            0.38929975787116533,
            -0.0062672255003809706,
            -0.006380219954377585,
            -0.3863623304046132,
            0.009982840943113944,
            0.08991185792609449,
            5.8173595358029966e-05,
            3.3560041968780174e-05,
            -3.049240471307905e-05,
            -2.6756152149781973e-05,
            -2.0334520719119216e-06,
            9.538511812859832e-07,
            3.380170005127481e-07,
            -0.00010643026849633878,
            -1.3899764323932677e-06,
            1.665182351602588e-05
        ],
        [
            0.0,
            0.0,
            0.0,
            0.6909219972240478,
            0.0027987204105088728,
            0.17441001807700846,
            0.005708625266074712,
            -0.07390447834838554,
            -1.9361058966905062e-05,
            -2.549252871027975e-05,
            1.607792338555297e-05,
            1.7558645320537096e-05,
            -8.361124047603412e-07,
            6.984046706452518e-06,
            2.815306677629499e-06,
            1.5254816901014691e-05,
            -3.752447935413249e-06,
            -2.8075919230110993e-05
        ],
        [
            0.0,
            0.0,
            0.0,
            0.0,
            0.27622653537845115,
            0.7017199286488575,
            -0.05925289512633991,
            -0.21157856241765938,
            -6.460196395764155e-05,
            -3.696248636692271e-05,
            2.298831896246985e-05,
            2.7780109830175802e-06,
            1.9612889758439714e-07,
            -1.120205496223114e-05,
            4.9546345730248925e-06,
            8.69944345936223e-05,
            -5.6094209533341865e-05,
            -0.00014022431477826836
        ],
        [
            0.0,
            0.0,
            0.0,
            0.0,
            0.0,
            68.71028137452485,
            -0.06773369880700751,
            -0.15354114120396606,
            -1.2143476496344862e-05,
            -9.196972462424844e-06,
            -1.2027426459424427e-05,
            -3.0000077373179377e-05,
            -1.8203413959364257e-06,
            -1.398152499654914e-05,
            5.662590043216057e-06,
            9.505420342714384e-06,
            -8.610042700471297e-05,
            -0.00012199610434990742
        ],
        [
            0.0,
            0.0,
            0.0,
            0.0,
            0.0,
            0.0,
            8.580484224938871,
            0.17507180593961158,
            2.018490173630696e-05,
            -1.9452608014886654e-05,
            1.814786156632974e-05,
            5.992372933732139e-05,
            8.201806015044231e-07,
            3.3904315603204574e-05,
            -5.812260181854432e-06,
            1.2385784094124753e-05,
            9.317572305806186e-05,
            0.0002399344160051223
        ],
        [
            0.0,
            0.0,
            0.0,
            0.0,
            0.0,
            0.0,
            0.0,
            35.23054833924327,
            2.358914118889259e-05,
            6.259909985837637e-06,
            -1.9250425941452018e-05,
            1.4110311902433426e-05,
            3.5678116781213677e-06,
            7.242578210996809e-06,
            -1.1257529623211446e-05,
            0.00010899546728036692,
            1.6793934568640206e-05,
            0.00030660927964246305
        ],
        [
            0.0,
            0.0,
            0.0,
            0.0,
            0.0,
            0.0,
            0.0,
            0.0,
            0.011511795064117763,
            -7.613495908667422e-06,
            -2.9961279255646507e-05,
            -4.176560942554734e-06,
            -1.0709003613006212e-06,
            9.705674318288618e-06,
            -2.2373126400140547e-06,
            3.0172080395989225e-05,
            -4.6499752045370703e-05,
            0.00018241999753148636
        ],
        [
            0.0,
            0.0,
            0.0,
            0.0,
            0.0,
            0.0,
            0.0,
            0.0,
            0.0,
            0.003222782441979266,
            6.245866616650452e-06,
            -3.861210594917757e-05,
            5.002976175851281e-06,
            -3.762951249937229e-05,
            -5.273901427348867e-06,
            -3.4147683944478604e-05,
            6.89111566882958e-05,
            -0.0001904771927594104
        ],
        [
            0.0,
            0.0,
            0.0,
            0.0,
            0.0,
            0.0,
            0.0,
            0.0,
            0.0,
            0.0,
            0.0050308173222692616,
            3.9041721951063765e-05,
            -9.207870491266881e-08,
            1.8158768835453572e-06,
            7.791587298324743e-06,
            -0.00015055781229039524,
            0.00015474580656242755,
            -0.00038971526209210643
        ],
        [
            0.0,
            0.0,
            0.0,
            0.0,
            0.0,
            0.0,
            0.0,
            0.0,
            0.0,
            0.0,
            0.0,
            0.0077521649668391155,
            6.751465582201576e-07,
            1.9094048997201455e-05,
            -2.1508631811224155e-06,
            2.4715378540402826e-06,
            7.100212779358445e-05,
            7.974443306545465e-05
        ],
        [
            0.0,
            0.0,
            0.0,
            0.0,
            0.0,
            0.0,
            0.0,
            0.0,
            0.0,
            0.0,
            0.0,
            0.0,
            0.0008482295804295071,
            -8.859772077973377e-06,
            -1.0337057428790455e-05,
            0.00010766717115022164,
            3.7812996435851104e-05,
            0.00014957468948057325
        ],
        [
            0.0,
            0.0,
            0.0,
            0.0,
            0.0,
            0.0,
            0.0,
            0.0,
            0.0,
            0.0,
            0.0,
            0.0,
            0.0,
            0.003962365785969615,
            -3.392165752106985e-07,
            -4.190008724839369e-06,
            1.8642678495357563e-05,
            0.00017147637898779787
        ],
        [
            0.0,
            0.0,
            0.0,
            0.0,
            0.0,
            0.0,
            0.0,
            0.0,
            0.0,
            0.0,
            0.0,
            0.0,
            0.0,
            0.0,
            0.0009052113276741742,
            -0.00029482455188293693,
            -1.5136194418058877e-05,
            -0.0006395333140274779
        ],
        [
            0.0,
            0.0,
            0.0,
            0.0,
            0.0,
            0.0,
            0.0,
            0.0,
            0.0,
            0.0,
            0.0,
            0.0,
            0.0,
            0.0,
            0.0,
            0.030714721775489662,
            -3.4635524752885353e-05,
            0.00024923647908901435
        ],
        [
            0.0,
            0.0,
            0.0,
            0.0,
            0.0,
            0.0,
            0.0,
            0.0,
            0.0,
            0.0,
            0.0,
            0.0,
            0.0,
            0.0,
            0.0,
            0.0,
            0.018647773364601963,
            -0.00010579886582349247
        ],
        [
            0.0,
            0.0,
            0.0,
            0.0,
            0.0,
            0.0,
            0.0,
            0.0,
            0.0,
            0.0,
            0.0,
            0.0,
            0.0,
            0.0,
            0.0,
            0.0,
            0.0,
            0.03959412146745994
        ]
    ],
    "RDR": [
        [
            [
                0.003166836103777613,
                -0.0002423183588134063,
                0.0014114760121910646,
                -0.0009774408705734967,
                -0.0011620431959572335,
                -0.036067788165588546,
                0.012984376149376496,
                0.1161609726282015,
                4.766850994337449e-05,
                -1.0523279488078726e-05,
                -4.331531098267837e-05,
                -6.39532980666765e-06,
                -1.7314574849476626e-07,
                9.601619822423135e-06,
                -5.432510615791302e-06,
                8.688011988308269e-05,
                -7.074461625292664e-05,
                0.00029209383210932106
            ],
            [
                0.0,
                0.04203665884736813,
                -0.0009463487719310035,
                0.00025114248385686846,
                0.000508024253804925,
                -0.07881487807643958,
                -0.0037648317241976564,
                -0.06617096454371209,
                -4.9916454635316686e-05,
                1.967264490166634e-05,
                4.6221825899009356e-05,
                9.881920659443461e-06,
                1.5449994990643514e-06,
                -1.1057550163877386e-05,
                2.737859761117598e-06,
                -7.695689540047557e-05,
                9.623586559716066e-05,
                -0.00026658799914233727
            ],
            [
                0.0,
                0.0,
                0.38929975787116533,
                -0.0062672255003809706,
                -0.006380219954377585,
                -0.3863623304046132,
                0.009982840943113944,
                0.08991185792609449,
                5.8173595358029966e-05,
                3.3560041968780174e-05,
                -3.049240471307905e-05,
                -2.6756152149781973e-05,
                -2.0334520719119216e-06,
                9.538511812859832e-07,
                3.380170005127481e-07,
                -0.00010643026849633878,
                -1.3899764323932677e-06,
                1.665182351602588e-05
            ],
            [
                0.0,
                0.0,
                0.0,
                0.6909219972240478,
                0.0027987204105088728,
                0.17441001807700846,
                0.005708625266074712,
                -0.07390447834838554,
                -1.9361058966905062e-05,
                -2.549252871027975e-05,
                1.607792338555297e-05,
                1.7558645320537096e-05,
                -8.361124047603412e-07,
                6.984046706452518e-06,
                2.815306677629499e-06,
                1.5254816901014691e-05,
                -3.752447935413249e-06,
                -2.8075919230110993e-05
            ],
            [
                0.0,
                0.0,
                0.0,
                0.0,
                0.27622653537845115,
                0.7017199286488575,
                -0.05925289512633991,
                -0.21157856241765938,
                -6.460196395764155e-05,
                -3.696248636692271e-05,
                2.298831896246985e-05,
                2.7780109830175802e-06,
                1.9612889758439714e-07,
                -1.120205496223114e-05,
                4.9546345730248925e-06,
                8.69944345936223e-05,
                -5.6094209533341865e-05,
                -0.00014022431477826836
            ],
            [
                0.0,
                0.0,
                0.0,
                0.0,
                0.0,
                68.71028137452485,
                -0.06773369880700751,
                -0.15354114120396606,
                -1.2143476496344862e-05,
                -9.196972462424844e-06,
                -1.2027426459424427e-05,
                -3.0000077373179377e-05,
                -1.8203413959364257e-06,
                -1.398152499654914e-05,
                5.662590043216057e-06,
                9.505420342714384e-06,
                -8.610042700471297e-05,
                -0.00012199610434990742
            ],
            [
                0.0,
                0.0,
                0.0,
                0.0,
                0.0,
                0.0,
                8.580484224938871,
                0.17507180593961158,
                2.018490173630696e-05,
                -1.9452608014886654e-05,
                1.814786156632974e-05,
                5.992372933732139e-05,
                8.201806015044231e-07,
                3.3904315603204574e-05,
                -5.812260181854432e-06,
                1.2385784094124753e-05,
                9.317572305806186e-05,
                0.0002399344160051223
            ],
            [
                0.0,
                0.0,
                0.0,
                0.0,
                0.0,
                0.0,
                0.0,
                35.23054833924327,
                2.358914118889259e-05,
                6.259909985837637e-06,
                -1.9250425941452018e-05,
                1.4110311902433426e-05,
                3.5678116781213677e-06,
                7.242578210996809e-06,
                -1.1257529623211446e-05,
                0.00010899546728036692,
                1.6793934568640206e-05,
                0.00030660927964246305
            ],
            [
                0.0,
                0.0,
                0.0,
                0.0,
                0.0,
                0.0,
                0.0,
                0.0,
                0.011511795064117763,
                -7.613495908667422e-06,
                -2.9961279255646507e-05,
                -4.176560942554734e-06,
                -1.0709003613006212e-06,
                9.705674318288618e-06,
                -2.2373126400140547e-06,
                3.0172080395989225e-05,
                -4.6499752045370703e-05,
                0.00018241999753148636
            ],
            [
                0.0,
                0.0,
                0.0,
                0.0,
                0.0,
                0.0,
                0.0,
                0.0,
                0.0,
                0.003222782441979266,
                6.245866616650452e-06,
                -3.861210594917757e-05,
                5.002976175851281e-06,
                -3.762951249937229e-05,
                -5.273901427348867e-06,
                -3.4147683944478604e-05,
                6.89111566882958e-05,
                -0.0001904771927594104
            ],
            [
                0.0,
                0.0,
                0.0,
                0.0,
                0.0,
                0.0,
                0.0,
                0.0,
                0.0,
                0.0,
                0.0050308173222692616,
                3.9041721951063765e-05,
                -9.207870491266881e-08,
                1.8158768835453572e-06,
                7.791587298324743e-06,
                -0.00015055781229039524,
                0.00015474580656242755,
                -0.00038971526209210643
            ],
            [
                0.0,
                0.0,
                0.0,
                0.0,
                0.0,
                0.0,
                0.0,
                0.0,
                0.0,
                0.0,
                0.0,
                0.0077521649668391155,
                6.751465582201576e-07,
                1.9094048997201455e-05,
                -2.1508631811224155e-06,
                2.4715378540402826e-06,
                7.100212779358445e-05,
                7.974443306545465e-05
            ],
            [
                0.0,
                0.0,
                0.0,
                0.0,
                0.0,
                0.0,
                0.0,
                0.0,
                0.0,
                0.0,
                0.0,
                0.0,
                0.0008482295804295071,
                -8.859772077973377e-06,
                -1.0337057428790455e-05,
                0.00010766717115022164,
                3.7812996435851104e-05,
                0.00014957468948057325
            ],
            [
                0.0,
                0.0,
                0.0,
                0.0,
                0.0,
                0.0,
                0.0,
                0.0,
                0.0,
                0.0,
                0.0,
                0.0,
                0.0,
                0.003962365785969615,
                -3.392165752106985e-07,
                -4.190008724839369e-06,
                1.8642678495357563e-05,
                0.00017147637898779787
            ],
            [
                0.0,
                0.0,
                0.0,
                0.0,
                0.0,
                0.0,
                0.0,
                0.0,
                0.0,
                0.0,
                0.0,
                0.0,
                0.0,
                0.0,
                0.0009052113276741742,
                -0.00029482455188293693,
                -1.5136194418058877e-05,
                -0.0006395333140274779
            ],
            [
                0.0,
                0.0,
                0.0,
                0.0,
                0.0,
                0.0,
                0.0,
                0.0,
                0.0,
                0.0,
                0.0,
                0.0,
                0.0,
                0.0,
                0.0,
                0.030714721775489662,
                -3.4635524752885353e-05,
                0.00024923647908901435
            ],
            [
                0.0,
                0.0,
                0.0,
                0.0,
                0.0,
                0.0,
                0.0,
                0.0,
                0.0,
                0.0,
                0.0,
                0.0,
                0.0,
                0.0,
                0.0,
                0.0,
                0.018647773364601963,
                -0.00010579886582349247
            ],
            [
                0.0,
                0.0,
                0.0,
                0.0,
                0.0,
                0.0,
                0.0,
                0.0,
                0.0,
                0.0,
                0.0,
                0.0,
                0.0,
                0.0,
                0.0,
                0.0,
                0.0,
                0.03959412146745994
            ]
        ],
        [
            [
                0.0006333672207555226,
                -4.846367176268126e-05,
                0.00028229520243821296,
                -0.00019548817411469937,
                -0.0002324086391914467,
                -0.00721355763311771,
                0.0025968752298752996,
                0.023232194525640303,
                9.533701988674899e-06,
                -2.1046558976157455e-06,
                -8.663062196535675e-06,
                -1.27906596133353e-06,
                -3.4629149698953254e-08,
                1.920323964484627e-06,
                -1.0865021231582603e-06,
                1.7376023976616537e-05,
                -1.414892325058533e-05,
                5.8418766421864215e-05
            ],
            [
                0.0,
                0.008407331769473626,
                -0.0001892697543862007,
                5.022849677137369e-05,
                0.00010160485076098501,
                -0.015762975615287916,
                -0.0007529663448395314,
                -0.013234192908742419,
                -9.983290927063338e-06,
                3.934528980333268e-06,
                9.244365179801872e-06,
                1.9763841318886925e-06,
                3.089998998128703e-07,
                -2.211510032775477e-06,
                5.475719522235196e-07,
                -1.5391379080095113e-05,
                1.9247173119432134e-05,
                -5.331759982846746e-05
            ],
            [
                0.0,
                0.0,
                0.07785995157423307,
                -0.0012534451000761942,
                -0.0012760439908755172,
                -0.07727246608092264,
                0.001996568188622789,
                0.017982371585218898,
                1.1634719071605994e-05,
                6.712008393756035e-06,
                -6.0984809426158106e-06,
                -5.351230429956395e-06,
                -4.0669041438238436e-07,
                1.9077023625719665e-07,
                6.760340010254963e-08,
                -2.1286053699267756e-05,
                -2.779952864786536e-07,
                3.3303647032051762e-06
            ],
            [
                0.0,
                0.0,
                0.0,
                0.13818439944480956,
                0.0005597440821017745,
                0.03488200361540169,
                0.0011417250532149423,
                -0.014780895669677108,
                -3.872211793381012e-06,
                -5.09850574205595e-06,
                3.215584677110594e-06,
                3.511729064107419e-06,
                -1.6722248095206824e-07,
                1.3968093412905037e-06,
                5.630613355258999e-07,
                3.0509633802029383e-06,
                -7.504895870826499e-07,
                -5.615183846022199e-06
            ],
            [
                0.0,
                0.0,
                0.0,
                0.0,
                0.05524530707569023,
                0.1403439857297715,
                -0.011850579025267982,
                -0.04231571248353188,
                -1.292039279152831e-05,
                -7.3924972733845425e-06,
                4.59766379249397e-06,
                5.556021966035161e-07,
                3.922577951687943e-08,
                -2.2404109924462282e-06,
                9.909269146049786e-07,
                1.739888691872446e-05,
                -1.1218841906668374e-05,
                -2.8044862955653673e-05
            ],
            [
                0.0,
                0.0,
                0.0,
                0.0,
                0.0,
                13.742056274904972,
                -0.013546739761401503,
                -0.030708228240793212,
                -2.4286952992689725e-06,
                -1.839394492484969e-06,
                -2.4054852918848854e-06,
                -6.0000154746358754e-06,
                -3.640682791872852e-07,
                -2.7963049993098284e-06,
                1.1325180086432115e-06,
                1.9010840685428769e-06,
                -1.7220085400942595e-05,
                -2.4399220869981485e-05
            ],
            [
                0.0,
                0.0,
                0.0,
                0.0,
                0.0,
                0.0,
                1.7160968449877743,
                0.03501436118792232,
                4.036980347261392e-06,
                -3.890521602977331e-06,
                3.6295723132659486e-06,
                1.1984745867464278e-05,
                1.6403612030088462e-07,
                6.780863120640915e-06,
                -1.1624520363708865e-06,
                2.477156818824951e-06,
                1.863514461161237e-05,
                4.7986883201024466e-05
            ],
            [
                0.0,
                0.0,
                0.0,
                0.0,
                0.0,
                0.0,
                0.0,
                7.046109667848654,
                4.717828237778518e-06,
                1.2519819971675275e-06,
                -3.850085188290403e-06,
                2.8220623804866856e-06,
                7.135623356242735e-07,
                1.4485156421993619e-06,
                -2.2515059246422893e-06,
                2.1799093456073385e-05,
                3.358786913728041e-06,
                6.132185592849261e-05
            ],
            [
                0.0,
                0.0,
                0.0,
                0.0,
                0.0,
                0.0,
                0.0,
                0.0,
                0.002302359012823553,
                -1.5226991817334845e-06,
                -5.9922558511293015e-06,
                -8.353121885109468e-07,
                -2.1418007226012427e-07,
                1.941134863657724e-06,
                -4.4746252800281095e-07,
                6.0344160791978455e-06,
                -9.29995040907414e-06,
                3.648399950629727e-05
            ],
            [
                0.0,
                0.0,
                0.0,
                0.0,
                0.0,
                0.0,
                0.0,
                0.0,
                0.0,
                0.0006445564883958533,
                1.2491733233300904e-06,
                -7.722421189835515e-06,
                1.0005952351702561e-06,
                -7.525902499874458e-06,
                -1.0547802854697736e-06,
                -6.829536788895721e-06,
                1.3782231337659162e-05,
                -3.809543855188208e-05
            ],
            [
                0.0,
                0.0,
                0.0,
                0.0,
                0.0,
                0.0,
                0.0,
                0.0,
                0.0,
                0.0,
                0.0010061634644538524,
                7.808344390212754e-06,
                -1.8415740982533765e-08,
                3.6317537670907146e-07,
                1.5583174596649487e-06,
                -3.011156245807905e-05,
                3.094916131248551e-05,
                -7.79430524184213e-05
            ],
            [
                0.0,
                0.0,
                0.0,
                0.0,
                0.0,
                0.0,
                0.0,
                0.0,
                0.0,
                0.0,
                0.0,
                0.0015504329933678231,
                1.3502931164403152e-07,
                3.818809799440291e-06,
                -4.3017263622448313e-07,
                4.943075708080565e-07,
                1.4200425558716892e-05,
                1.594888661309093e-05
            ],
            [
                0.0,
                0.0,
                0.0,
                0.0,
                0.0,
                0.0,
                0.0,
                0.0,
                0.0,
                0.0,
                0.0,
                0.0,
                0.00016964591608590142,
                -1.7719544155946754e-06,
                -2.067411485758091e-06,
                2.153343423004433e-05,
                7.562599287170221e-06,
                2.9914937896114653e-05
            ],
            [
                0.0,
                0.0,
                0.0,
                0.0,
                0.0,
                0.0,
                0.0,
                0.0,
                0.0,
                0.0,
                0.0,
                0.0,
                0.0,
                0.0007924731571939229,
                -6.78433150421397e-08,
                -8.380017449678739e-07,
                3.728535699071513e-06,
                3.429527579755958e-05
            ],
            [
                0.0,
                0.0,
                0.0,
                0.0,
                0.0,
                0.0,
                0.0,
                0.0,
                0.0,
                0.0,
                0.0,
                0.0,
                0.0,
                0.0,
                0.00018104226553483486,
                -5.896491037658739e-05,
                -3.0272388836117756e-06,
                -0.00012790666280549558
            ],
            [
                0.0,
                0.0,
                0.0,
                0.0,
                0.0,
                0.0,
                0.0,
                0.0,
                0.0,
                0.0,
                0.0,
                0.0,
                0.0,
                0.0,
                0.0,
                0.006142944355097933,
                -6.927104950577071e-06,
                4.984729581780287e-05
            ],
            [
                0.0,
                0.0,
                0.0,
                0.0,
                0.0,
                0.0,
                0.0,
                0.0,
                0.0,
                0.0,
                0.0,
                0.0,
                0.0,
                0.0,
                0.0,
                0.0,
                0.0037295546729203925,
                -2.1159773164698495e-05
            ],
            [
                0.0,
                0.0,
                0.0,
                0.0,
                0.0,
                0.0,
                0.0,
                0.0,
                0.0,
                0.0,
                0.0,
                0.0,
                0.0,
                0.0,
                0.0,
                0.0,
                0.0,
                0.007918824293491989
            ]
        ]
    ],
    "allnames": [
        "m1_flow_nominal",
        "m2_flow_nominal",
        "tau1",
        "tau2",
        "tau_m",
        "nominalUa.hasValue",
        "workingPressure.hasValue",
        "flowCoefficient.hasValue",
        "waterFlowRateMax",
        "c1",
        "c2",
        "c3",
        "c4",
        "eps_motor",
        "f_motorToAir",
        "kp",
        "Ti",
        "Td"
    ],
    "alpha_count": 1359,
    "cov": [
        [
            0.00031561314093553404,
            0.0040008426581031944,
            0.04790812044410589,
            0.03299486749620739,
            -0.01868907288210386,
            -8.186927550463622,
            -1.5849904243893622,
            -0.5330612978934421,
            0.0006905593412276814,
            -0.0005861684586266292,
            0.0011047738571054542,
            0.001970667752748278,
            0.00018739399237428087,
            -0.0004953737408160959,
            -3.947477356379216e-05,
            -0.00856675272594536,
            0.0007984472512797476,
            0.00045973207074800193
        ],
        [
            0.0040008426581031944,
            0.23526395455239812,
            2.0969593004280522,
            0.3460428097756154,
            -0.5843358274960585,
            -306.55247906936273,
            -70.83254814849728,
            -77.43064409773343,
            0.030064933329730554,
            -0.04060106621078685,
            0.06303450176586606,
            0.12779271308827436,
            0.010146109712321673,
            -0.019794337723458136,
            -0.0011197331080787917,
            -0.4896146596685705,
            0.06865248415419406,
            -0.024701250005431448
        ],
        [
            0.04790812044410589,
            2.0969593004280522,
            36.665922520479604,
            5.98985605331187,
            -9.449744006251999,
            -3913.545707510176,
            -1402.480855278446,
            -2017.6386589265014,
            0.5973171290002767,
            -0.7942614670997109,
            1.1546064352089238,
            2.333269167866605,
            0.16769020075730942,
            -0.34638024714871896,
            -0.006069288217796286,
            -7.914042489239413,
            1.4493714567813165,
            -1.3027258459926792
        ],
        [
            0.03299486749620739,
            0.3460428097756154,
            5.98985605331187,
            15.67860319102454,
            -0.5742791743077915,
            -469.90910282163964,
            -29.27565625146048,
            254.39068875085098,
            0.00871361007262759,
            -0.010276686407576058,
            -0.026908999561265086,
            -0.04831317081068874,
            0.01009315823398119,
            -0.015114084351583464,
            -0.006352460004972514,
            -0.06510069728325805,
            -0.08378675444017043,
            -0.17390989291600628
        ],
        [
            -0.01868907288210386,
            -0.5843358274960585,
            -9.449744006251999,
            -0.5742791743077915,
            6.062513307828254,
            1790.207802492831,
            411.06999297986016,
            231.8625922553336,
            -0.2513210639297424,
            0.17072046205114283,
            -0.3253327518800181,
            -0.5672413830585058,
            -0.04063386115782055,
            0.11077583083942097,
            0.004416597047161911,
            2.4561428766709446,
            -0.40026696919878874,
            0.3928347391187884
        ],
        [
            -8.186927550463622,
            -306.55247906936273,
            -3913.545707510176,
            -469.90910282163964,
            1790.207802492831,
            1136358.2316414025,
            126956.86689341416,
            -27022.387874644926,
            -99.93170675050771,
            60.97743048672631,
            -109.28615731208512,
            -214.99956308216463,
            -16.1275904070535,
            58.81093762008122,
            1.7789057014048861,
            1000.9411942603741,
            -122.16406065812164,
            193.53137595700807
        ],
        [
            -1.5849904243893622,
            -70.83254814849728,
            -1402.480855278446,
            -29.27565625146048,
            411.06999297986016,
            126956.86689341416,
            68761.51936050972,
            110645.16035504213,
            -32.81710026804085,
            36.04727340832832,
            -54.05446997873544,
            -104.90589712847085,
            -7.083235822703757,
            15.39808879872252,
            -0.04340231979426545,
            346.0484946501783,
            -74.75448558981903,
            70.82520781394427
        ],
        [
            -0.5330612978934421,
            -77.43064409773343,
            -2017.6386589265014,
            254.39068875085098,
            231.8625922553336,
            -27022.387874644926,
            110645.16035504213,
            301531.94782739773,
            -26.95915687458725,
            68.84777747980827,
            -91.84526150615832,
            -189.92523081397317,
            -12.24995934481017,
            18.572349532028394,
            -0.6654323793417353,
            477.44004185475893,
            -124.5959300791859,
            85.77107131851514
        ],
        [
            0.0006905593412276814,
            0.030064933329730554,
            0.5973171290002767,
            0.00871361007262759,
            -0.2513210639297424,
            -99.93170675050771,
            -32.81710026804085,
            -26.95915687458725,
            0.029048227561661,
            -0.014255186554633299,
            0.02573047271948414,
            0.042900979444990404,
            0.0027605947020962526,
            -0.008887752324250311,
            -3.537964578449132e-05,
            -0.18364160399198115,
            0.03927207337912074,
            -0.05359894829418136
        ],
        [
            -0.0005861684586266292,
            -0.04060106621078685,
            -0.7942614670997109,
            -0.010276686407576058,
            0.17072046205114283,
            60.97743048672631,
            36.04727340832832,
            68.84777747980827,
            -0.014255186554633299,
            0.021517670220400194,
            -0.03000508077795919,
            -0.06151541204076277,
            -0.004171492357999901,
            0.0080738135896522,
            -9.840119743433964e-05,
            0.18791488876373644,
            -0.04001267716154382,
            0.03568510603154725
        ],
        [
            0.0011047738571054542,
            0.06303450176586606,
            1.1546064352089238,
            -0.026908999561265086,
            -0.3253327518800181,
            -109.28615731208512,
            -54.05446997873544,
            -91.84526150615832,
            0.02573047271948414,
            -0.03000508077795919,
            0.04638910625267638,
            0.0881120635346404,
            0.005969182898222898,
            -0.012559176392579398,
            -9.837826173927664e-05,
            -0.2944881637353232,
            0.05999911629353325,
            -0.05043376233966835
        ],
        [
            0.001970667752748278,
            0.12779271308827436,
            2.333269167866605,
            -0.04831317081068874,
            -0.5672413830585058,
            -214.99956308216463,
            -104.90589712847085,
            -189.92523081397317,
            0.042900979444990404,
            -0.06151541204076277,
            0.0881120635346404,
            0.17942714370579238,
            0.01218762996035938,
            -0.024658151784993698,
            0.00013805409873319182,
            -0.56406797304355,
            0.11590657820530205,
            -0.09983198526622437
        ],
        [
            0.00018739399237428087,
            0.010146109712321673,
            0.16769020075730942,
            0.01009315823398119,
            -0.04063386115782055,
            -16.1275904070535,
            -7.083235822703757,
            -12.24995934481017,
            0.0027605947020962526,
            -0.004171492357999901,
            0.005969182898222898,
            0.01218762996035938,
            0.0008618974631624596,
            -0.0016575548276126408,
            -5.82634253538548e-06,
            -0.03906718896351509,
            0.007673849149774972,
            -0.0059971816666461175
        ],
        [
            -0.0004953737408160959,
            -0.019794337723458136,
            -0.34638024714871896,
            -0.015114084351583464,
            0.11077583083942097,
            58.81093762008122,
            15.39808879872252,
            18.572349532028394,
            -0.008887752324250311,
            0.0080738135896522,
            -0.012559176392579398,
            -0.024658151784993698,
            -0.0016575548276126408,
            0.005005206720153486,
            2.103044407805342e-05,
            0.0886680987244884,
            -0.016419376419280877,
            0.02063173742917104
        ],
        [
            -3.947477356379216e-05,
            -0.0011197331080787917,
            -0.006069288217796286,
            -0.006352460004972514,
            0.004416597047161911,
            1.7789057014048861,
            -0.04340231979426545,
            -0.6654323793417353,
            -3.537964578449132e-05,
            -9.840119743433964e-05,
            -9.837826173927664e-05,
            0.00013805409873319182,
            -5.82634253538548e-06,
            2.103044407805342e-05,
            3.8129779201081635e-05,
            0.0011161965618732743,
            0.0002763284356553465,
            -0.0006833506829092775
        ],
        [
            -0.00856675272594536,
            -0.4896146596685705,
            -7.914042489239413,
            -0.06510069728325805,
            2.4561428766709446,
            1000.9411942603741,
            346.0484946501783,
