3.049247292132094929e-04 -4.003352646998596822e-06 1.230560669638775537e-04 -1.349085672566604707e-04 -1.361348246647563177e-04 -1.685114380072271975e-02 1.763713495525621273e-03 1.062037366624044195e-02 1.544591304605579014e-06 7.882061423986817550e-07 -1.201173602467769278e-06 2.335362380937498157e-07 1.587225709860871300e-07 2.095174807243772860e-07 -5.278249599519382558e-07 4.069427213081755501e-06 7.614375458175685448e-07 1.375270764786439199e-05
-4.003352646998596822e-06 5.359543913745682536e-02 -8.908456458782280972e-04 9.766500157001201544e-04 9.855273193526805156e-04 1.219912878196273698e-01 -1.276813510159467008e-02 -7.688457685672134279e-02 -1.118183338959766150e-05 -5.706098263456270008e-06 8.695713263909109412e-06 -1.690650010142681957e-06 -1.149047866994319612e-06 -1.516769876071827781e-06 3.821108369220527471e-06 -2.945999822224466770e-05 -5.512311087424099891e-06 -9.956063142122504109e-05
1.230560669638775537e-04 -8.908456458782280972e-04 4.556825911421079844e+00 -3.002051538536574388e-02 -3.029338819199873731e-02 -3.749799082575548947e+00 3.924701685332743772e-01 2.363297583904655497e+00 3.437100249963901039e-04 1.753954927095351015e-04 -2.672910353037537485e-04 5.196762793719259866e-05 3.531972417457713502e-05 4.662285636480741058e-05 -1.174541962251468531e-04 9.055488820626810854e-04 1.694388134426126657e-04 3.060319888711641751e-03
-1.349085672566604707e-04 9.766500157001201544e-04 -3.002051538536574388e-02 1.453173951597264413e+01 3.321118331802408452e-02 4.110971805064315809e+00 -4.302720656865020032e-01 -2.590925412391856586e+00 -3.768154481779872520e-04 -1.922892158715374441e-04 2.930359429085608301e-04 -5.697304002728983041e-05 -3.872164535935766674e-05 -5.111347135314815964e-05 1.287671361678462134e-04 -9.927694365187873793e-04 -1.857588018469785241e-04 -3.355083432451517328e-03
-1.361348246647563177e-04 9.855273193526805156e-04 -3.029338819199873731e-02 3.321118331802408452e-02 2.296271739794610411e+00 4.148338665694025096e+00 -4.341830427191243902e-01 -2.614475743889521198e+00 -3.802405289138469698e-04 -1.940370372312500509e-04 2.956995061139009134e-04 -5.749089900256375800e-05 -3.907360747296634914e-05 -5.157806951896406474e-05 1.299375707655593811e-04 -1.001793258362112258e-03 -1.874472647186545314e-04 -3.385579612178904463e-03
-1.685114380072271975e-02 1.219912878196273698e-01 -3.749799082575548947e+00 4.110971805064315809e+00 4.148338665694025096e+00 1.435896230305897479e+05 -5.374437368772289858e+01 -3.236270133838108336e+02 -4.706722065694129986e-02 -2.401843925756699111e-02 3.660249984968055870e-02 -7.116381930272068328e-03 -4.836638824499186681e-03 -6.384475600332919359e-03 1.608403063271352657e-02 -1.240047305810715872e-01 -2.320273905376348672e-02 -4.190763754543665454e-01
1.763713495525621273e-03 -1.276813510159467008e-02 3.924701685332743772e-01 -4.302720656865020032e-01 -4.341830427191243902e-01 -5.374437368772289858e+01 2.222969659566074370e+03 3.387220106668355157e+01 4.926258611950683902e-03 2.513873595821814431e-03 -3.830975731872123154e-03 7.448312706937561993e-04 5.062235103225772546e-04 6.682267928707766921e-04 -1.683424117960924437e-03 1.297887071769422349e-02 2.428498889228333183e-03 4.386234357653089055e-02
1.062037366624044195e-02 -7.688457685672134279e-02 2.363297583904655497e+00 -2.590925412391856586e+00 -2.614475743889521198e+00 -3.236270133838108336e+02 3.387220106668355157e+01 3.785444867421172967e+04 2.966394903037197772e-02 1.513753622969616318e-02 -2.306859582466116304e-02 4.485074493752128945e-03 3.048274479897574493e-03 4.023793122910879726e-03 -1.013690331046543901e-02 7.815354202223175062e-02 1.462344406678611763e-02 2.641214005798325215e-01
1.544591304605579014e-06 -1.118183338959766150e-05 3.437100249963901039e-04 -3.768154481779872520e-04 -3.802405289138469698e-04 -4.706722065694129986e-02 4.926258611950683902e-03 2.966394903037197772e-02 4.034478944667711439e-03 2.201552183409896284e-06 -3.355018725329423940e-06 6.522940982367661061e-07 4.433307531040585982e-07 5.852068923842290068e-07 -1.474277007667194021e-06 1.136638740079269511e-05 2.126784354183618010e-06 3.841292514901425211e-05
7.882061423986817550e-07 -5.706098263456270008e-06 1.753954927095351015e-04 -1.922892158715374441e-04 -1.940370372312500509e-04 -2.401843925756699111e-02 2.513873595821814431e-03 1.513753622969616318e-02 2.201552183409896284e-06 3.109609073606903174e-04 -1.712068661323018996e-06 3.328661849562321338e-07 2.262320276366460857e-07 2.986315317041619045e-07 -7.523247020590757962e-07 5.800276318709138564e-06 1.085299707778043285e-06 1.960214553822400604e-05
-1.201173602467769278e-06 8.695713263909109412e-06 -2.672910353037537485e-04 2.930359429085608301e-04 2.956995061139009134e-04 3.660249984968055870e-02 -3.830975731872123154e-03 -2.306859582466116304e-02 -3.355018725329423940e-06 -1.712068661323018996e-06 7.625575456693267510e-04 -5.072658699497196635e-07 -3.447625246904602523e-07 -4.550945412020376229e-07 1.146492680008455161e-06 -8.839234340206779861e-06 -1.653924385544282409e-06 -2.987236270525847484e-05
2.335362380937498157e-07 -1.690650010142681957e-06 5.196762793719259866e-05 -5.697304002728983041e-05 -5.749089900256375800e-05 -7.116381930272068328e-03 7.448312706937561993e-04 4.485074493752128945e-03 6.522940982367661061e-07 3.328661849562321338e-07 -5.072658699497196635e-07 1.824090179723061086e-03 6.702989716598776159e-08 8.848102132029384252e-08 -2.229049880392957967e-07 1.718553863654667295e-06 3.215615780250154593e-07 5.807885883294115723e-06
1.587225709860871300e-07 -1.149047866994319612e-06 3.531972417457713502e-05 -3.872164535935766674e-05 -3.907360747296634914e-05 -4.836638824499186681e-03 5.062235103225772546e-04 3.048274479897574493e-03 4.433307531040585982e-07 2.262320276366460857e-07 -3.447625246904602523e-07 6.702989716598776159e-08 2.186771558660881030e-05 6.013599988621078827e-08 -1.514970570563751429e-07 1.168012681217555991e-06 2.185488676664595000e-07 3.947321353271875708e-06
2.095174807243772860e-07 -1.516769876071827781e-06 4.662285636480741058e-05 -5.111347135314815964e-05 -5.157806951896406474e-05 -6.384475600332919359e-03 6.682267928707766921e-04 4.023793122910879726e-03 5.852068923842290068e-07 2.986315317041619045e-07 -4.550945412020376229e-07 8.848102132029384252e-08 6.013599988621078827e-08 4.756659209713047054e-04 -1.999796344931386285e-07 1.541803871386876543e-06 2.884895820686752909e-07 5.210555880042776616e-06
-5.278249599519382558e-07 3.821108369220527471e-06 -1.174541962251468531e-04 1.287671361678462134e-04 1.299375707655593811e-04 1.608403063271352657e-02 -1.683424117960924437e-03 -1.013690331046543901e-02 -1.474277007667194021e-06 -7.523247020590757962e-07 1.146492680008455161e-06 -2.229049880392957967e-07 -1.514970570563751429e-07 -1.999796344931386285e-07 2.478885111177568244e-05 -3.884175028522265752e-06 -7.267746899947958909e-07 -1.312664432200249819e-05
4.069427213081755501e-06 -2.945999822224466770e-05 9.055488820626810854e-04 -9.927694365187873793e-04 -1.001793258362112258e-03 -1.240047305810715872e-01 1.297887071769422349e-02 7.815354202223175062e-02 1.136638740079269511e-05 5.800276318709138564e-06 -8.839234340206779861e-06 1.718553863654667295e-06 1.168012681217555991e-06 1.541803871386876543e-06 -3.884175028522265752e-06 2.869460722381060938e-02 5.603290722578151028e-06 1.012038605094880332e-04
7.614375458175685448e-07 -5.512311087424099891e-06 1.694388134426126657e-04 -1.857588018469785241e-04 -1.874472647186545314e-04 -2.320273905376348672e-02 2.428498889228333183e-03 1.462344406678611763e-02 2.126784354183618010e-06 1.085299707778043285e-06 -1.653924385544282409e-06 3.215615780250154593e-07 2.185488676664595000e-07 2.884895820686752909e-07 -7.267746899947958909e-07 5.603290722578151028e-06 1.054841340728250414e-02 1.893642892195894110e-05
1.375270764786439199e-05 -9.956063142122504109e-05 3.060319888711641751e-03 -3.355083432451517328e-03 -3.385579612178904463e-03 -4.190763754543665454e-01 4.386234357653089055e-02 2.641214005798325215e-01 3.841292514901425211e-05 1.960214553822400604e-05 -2.987236270525847484e-05 5.807885883294115723e-06 3.947321353271875708e-06 5.210555880042776616e-06 -1.312664432200249819e-05 1.012038605094880332e-04 1.893642892195894110e-05 4.754862764700867883e-02
9.782619386862770273e-05 -5.517671444283748293e-06 1.515640414736516116e-06 -5.907134018252432017e-06 -1.168628999759468516e-05 -2.152444843782696810e-03 6.936718446933663393e-04 4.336478592645806943e-03 9.944521319393593949e-07 -3.193446393762531395e-07 -9.820621582528590682e-07 1.493794942786898761e-07 4.425845076376165719e-08 2.818759067160584715e-07 -2.385983411830463573e-07 3.525921694640537023e-06 -1.310065429428463377e-06 9.458139148777674760e-06
-5.517671444283748293e-06 1.722225512504837325e-02 3.558397250791155023e-04 -3.182480019398979828e-04 -2.242235292330416521e-04 -1.580623105663220632e-02 -6.274237252672247057e-03 -4.048027253549623533e-02 -1.204498318324795573e-05 7.849253079220117722e-06 1.289990876729470402e-05 -1.804602868013737895e-06 -2.571124704681254280e-07 -4.121885098413082111e-06 2.402498918385015827e-06 -4.706874425136889150e-05 2.453659325576302723e-05 -1.174658823297699845e-04
1.515640414736516116e-06 3.558397250791155023e-04 1.463912079961072088e+00 -1.524378320107081138e-02 -1.451619734279245913e-02 -1.690069219394097599e+00 1.060325124079600639e-01 6.143612964867153359e-01 3.431980871787131717e-05 1.425934479401078797e-04 4.884573331500809636e-06 5.336947513542940046e-06 1.229058592394947775e-05 -1.758009886311673325e-05 -2.704201882172895487e-05 -4.662523875147445032e-05 2.892671605058420230e-04 2.142409004568929774e-04
-5.907134018252432017e-06 -3.182480019398979828e-04 -1.524378320107081138e-02 4.655704725489136386e+00 1.537363948226186904e-02 1.797894307814849935e+00 -1.184383773165570281e-01 -6.894458839176763609e-01 -4.611002664343720285e-05 -1.466321910697449883e-04 4.783517205813498563e-06 -7.117243866882313463e-06 -1.336357372514887507e-05 1.562920864105626386e-05 3.082887476501831918e-05 1.339535904412319478e-05 -2.907729058232093149e-04 -3.206626855015201724e-04
-1.168628999759468516e-05 -2.242235292330416521e-04 -1.451619734279245913e-02 1.537363948226186904e-02 7.388669363628320719e-01 1.740119320369229339e+00 -1.224724417204925420e-01 -7.171695544337806094e-01 -5.797142133470637294e-05 -1.348896574938190896e-04 1.849978497061730554e-05 -8.889595299303303414e-06 -1.333559763907741571e-05 1.085677361528614263e-05 3.270343594072207407e-05 -3.735276400146082088e-05 -2.578725924764289478e-04 -4.392684557064217995e-04
-2.152444843782696810e-03 -1.580623105663220632e-02 -1.690069219394097599e+00 1.797894307814849935e+00 1.740119320369229339e+00 4.599062066504764516e+04 -1.552460375698779416e+01 -9.141861548594582132e+01 -8.586563170925034724e-03 -1.508497301736982064e-02 3.975651713477169891e-03 -1.310913295607353188e-03 -1.632292196543290354e-03 7.379804016150416299e-04 4.244685297067195273e-03 -1.089529880061694544e-02 -2.753809966943013277e-02 -6.863724008492494422e-02
6.936718446933663393e-04 -6.274237252672247057e-03 1.060325124079600639e-01 -1.184383773165570281e-01 -1.224724417204925420e-01 -1.552460375698779416e+01 7.114170730468155170e+02 1.132361128259459626e+01 1.834774485218700459e-03 5.091921893488187420e-04 -1.534649932795671343e-03 2.769057134153560663e-04 1.586169906310597817e-04 3.248041360431420726e-04 -5.746966491084646526e-04 5.301903420876032114e-03 -2.546420704187621968e-05 1.664830685654496503e-02
4.336478592645806943e-03 -4.048027253549623533e-02 6.143612964867153359e-01 -6.894458839176763609e-01 -7.171695544337806094e-01 -9.141861548594582132e+01 1.132361128259459626e+01 1.211693869998018272e+04 1.136696465066535690e-02 2.701975915693497713e-03 -9.621859473016990127e-03 1.714976609742954478e-03 9.509654153415824296e-04 2.092718524614250401e-03 -3.504997776045049983e-03 3.334275903371295563e-02 -1.143287429745215101e-03 1.034716397833666951e-01
9.944521319393593949e-07 -1.204498318324795573e-05 3.431980871787131717e-05 -4.611002664343720285e-05 -5.797142133470637294e-05 -8.586563170925034724e-03 1.834774485218700459e-03 1.136696465066535690e-02 1.292032872441204600e-03 -4.377809765589009657e-07 -2.268076212077048699e-06 3.579171288154501352e-07 1.288101668675124238e-07 6.166022635269381435e-07 -6.110520555170566503e-07 8.081294345229755307e-06 -2.424532510762037233e-06 2.239904087197704393e-05
-3.193446393762531395e-07 7.849253079220117722e-06 1.425934479401078797e-04 -1.466321910697449883e-04 -1.348896574938190896e-04 -1.508497301736982064e-02 5.091921893488187420e-04 2.701975915693497713e-03 -4.377809765589009657e-07 1.008127975200090811e-04 8.170868230511624140e-07 -6.395771114919228703e-08 8.731327015015886002e-08 -3.950501704451176816e-07 -8.158152153664596086e-08 -3.222230906619239873e-06 3.895569621812480187e-06 -5.276707734254932477e-06
-9.820621582528590682e-07 1.289990876729470402e-05 4.884573331500809636e-06 4.783517205813498563e-06 1.849978497061730554e-05 3.975651713477169891e-03 -1.534649932795671343e-03 -9.621859473016990127e-03 -2.268076212077048699e-06 8.170868230511624140e-07 2.454457301630662996e-04 -3.405892466945903356e-07 -9.472331198630971164e-08 -6.586593944571210452e-07 5.333124316497719239e-07 -8.138911075619290942e-06 3.181144370851578271e-06 -2.163626118356756222e-05
1.493794942786898761e-07 -1.804602868013737895e-06 5.336947513542940046e-06 -7.117243866882313463e-06 -8.889595299303303414e-06 -1.310913295607353188e-03 2.769057134153560663e-04 1.714976609742954478e-03 3.579171288154501352e-07 -6.395771114919228703e-08 -3.405892466945903356e-07 5.837311217638277384e-04 1.950112262723075906e-08 9.238855507111898538e-08 -9.211641979873180699e-08 1.213172644951903632e-06 -3.605096663349077710e-07 3.366890081145359560e-06
4.425845076376165719e-08 -2.571124704681254280e-07 1.229058592394947775e-05 -1.336357372514887507e-05 -1.333559763907741571e-05 -1.632292196543290354e-03 1.586169906310597817e-04 9.509654153415824296e-04 1.288101668675124238e-07 8.731327015015886002e-08 -9.472331198630971164e-08 1.950112262723075906e-08 6.997839504818210415e-06 1.363606221914539517e-08 -4.665991020660600673e-08 3.157213563790402224e-07 1.104906676079715460e-07 1.131138915188156601e-06
2.818759067160584715e-07 -4.121885098413082111e-06 -1.758009886311673325e-05 1.562920864105626386e-05 1.085677361528614263e-05 7.379804016150416299e-04 3.248041360431420726e-04 2.092718524614250401e-03 6.166022635269381435e-07 -3.950501704451176816e-07 -6.586593944571210452e-07 9.238855507111898538e-08 1.363606221914539517e-08 1.523974960508022120e-04 -1.238161965745143617e-07 2.402112434205792844e-06 -1.241336159598175369e-06 6.008328887535364635e-06
-2.385983411830463573e-07 2.402498918385015827e-06 -2.704201882172895487e-05 3.082887476501831918e-05 3.270343594072207407e-05 4.244685297067195273e-03 -5.746966491084646526e-04 -3.504997776045049983e-03 -6.110520555170566503e-07 -8.158152153664596086e-08 5.333124316497719239e-07 -9.211641979873180699e-08 -4.665991020660600673e-08 -1.238161965745143617e-07 7.951839790959265195e-06 -1.862159919425501407e-06 2.000901859893316731e-07 -5.608799401259897060e-06
3.525921694640537023e-06 -4.706874425136889150e-05 -4.662523875147445032e-05 1.339535904412319478e-05 -3.735276400146082088e-05 -1.089529880061694544e-02 5.301903420876032114e-03 3.334275903371295563e-02 8.081294345229755307e-06 -3.222230906619239873e-06 -8.138911075619290942e-06 1.213172644951903632e-06 3.157213563790402224e-07 2.402112434205792844e-06 -1.862159919425501407e-06 9.202031597799182824e-03 -1.201156513111954276e-05 7.731834684168873231e-05
-1.310065429428463377e-06 2.453659325576302723e-05 2.892671605058420230e-04 -2.907729058232093149e-04 -2.578725924764289478e-04 -2.753809966943013277e-02 -2.546420704187621968e-05 -1.143287429745215101e-03 -2.424532510762037233e-06 3.895569621812480187e-06 3.181144370851578271e-06 -3.605096663349077710e-07 1.104906676079715460e-07 -1.241336159598175369e-06 2.000901859893316731e-07 -1.201156513111954276e-05 3.385137718395470150e-03 -2.533556783633494642e-05
9.458139148777674760e-06 -1.174658823297699845e-04 2.142409004568929774e-04 -3.206626855015201724e-04 -4.392684557064217995e-04 -6.863724008492494422e-02 1.664830685654496503e-02 1.034716397833666951e-01 2.239904087197704393e-05 -5.276707734254932477e-06 -2.163626118356756222e-05 3.366890081145359560e-06 1.131138915188156601e-06 6.008328887535364635e-06 -5.608799401259897060e-06 7.731834684168873231e-05 -2.533556783633494642e-05 1.531775021094532695e-02
3.133910979924897687e-05 -2.376320990335207920e-06 1.328268342648338362e-05 -1.008204216569891542e-05 -1.057543885845609901e-05 -1.765393772447005098e-04 8.384075479913870202e-05 1.145222032375681556e-03 4.592112474075884072e-07 -8.945324459195815893e-08 -4.397942727386768213e-07 -8.652439234662493393e-08 2.562936248940159006e-10 7.718472551894128076e-08 -5.624606746936725153e-08 9.124264030894587494e-07 -7.304937319281641518e-07 2.877081091010278393e-06
-2.376320990335207920e-06 5.521859824864008316e-03 -1.111705212971633488e-04 4.220764202891891145e-05 4.845222918203558916e-05 -1.406546868615357257e-02 4.212488762462848844e-04 -8.690334793542555530e-03 -6.333555862915157261e-06 2.287788042156592217e-06 6.335415000717758497e-06 1.784563441361460592e-06 1.622596090596199587e-07 -1.090132605693514110e-06 4.152586434191643406e-07 -1.126608387937063799e-05 1.332524873915485520e-05 -3.495980551596136212e-05
1.328268342648338362e-05 -1.111705212971633488e-04 4.731679938018293896e-01 -7.896791498013906382e-03 -7.164283169401649415e-03 -3.520532623482927614e-01 -1.697404449880380445e-02 1.072488981799277208e-01 6.293791168815374680e-05 5.032368540291416541e-05 -4.469815817365330451e-05 -4.779317336403000150e-05 -1.191724420958992941e-06 -1.042205401915005008e-05 -1.244316913597397025e-06 -9.447073152690660413e-05 -2.214300121732754349e-05 1.345555560004977362e-05
-1.008204216569891542e-05 4.220764202891891145e-05 -7.896791498013906382e-03 1.491757825602887833e+00 6.532033721852736029e-03 4.544957255704930033e-01 -5.316481395351356325e-03 -1.634320919215371537e-01 -4.801182976688244715e-05 -4.992677830459414315e-05 3.114240795665875768e-05 2.940793555471539144e-05 -9.960293991228425376e-07 8.071523718310121199e-06 5.122676485132792138e-06 5.520667339537543091e-05 -1.962273500258722496e-05 -6.734171788494512471e-05
-1.057543885845609901e-05 4.845222918203558916e-05 -7.164283169401649415e-03 6.532033721852736029e-03 2.377829863003182720e-01 4.560080762283329481e-01 -1.200078462768594707e-02 -1.817700850548149560e-01 -4.630270523607552956e-05 -4.567185431465871955e-05 3.063016786129627055e-05 2.359607830600402085e-05 -1.530047961288581989e-06 6.036156368566200895e-06 6.507544397066859658e-06 3.053876286061771159e-05 -2.124817147287381017e-05 -1.111336543231185905e-04
-1.765393772447005098e-04 -1.406546868615357257e-02 -3.520532623482927614e-01 4.544957255704930033e-01 4.560080762283329481e-01 1.472455432194866444e+04 -7.005386960972908028e+00 -3.283017023429505343e+01 -6.681138954895081937e-04 -4.639316910190113483e-03 -5.794542910103171610e-04 -2.400831108308700522e-03 -7.274564607816756418e-04 4.417096685574909391e-05 1.654858887680588911e-03 -6.670609366771265356e-03 -1.340354174480671082e-02 -2.416942408766370801e-02
8.384075479913870202e-05 4.212488762462848844e-04 -1.697404449880380445e-02 -5.316481395351356325e-03 -1.200078462768594707e-02 -7.005386960972908028e+00 2.282029104544982374e+02 4.587936799680129241e+00 2.633523949355977769e-05 1.122782496686057881e-04 8.241527848219990554e-06 6.229084763582264442e-04 1.060720132447479601e-04 1.557084427520329605e-04 -2.638748058768587224e-04 2.555254585343610680e-03 1.229979910858201332e-03 5.922207318085837696e-03
1.145222032375681556e-03 -8.690334793542555530e-03 1.072488981799277208e-01 -1.634320919215371537e-01 -1.817700850548149560e-01 -3.283017023429505343e+01 4.587936799680129241e+00 3.879113051245609313e+03 2.653134020721957271e-03 7.757089226050206546e-04 -2.202579447215875525e-03 1.486585406998190478e-03 4.013962390548836260e-04 7.605378119398078542e-04 -1.261964717223964649e-03 1.217676444659022798e-02 1.807292331415339889e-03 3.415481938201309076e-02
4.592112474075884072e-07 -6.333555862915157261e-06 6.293791168815374680e-05 -4.801182976688244715e-05 -4.630270523607552956e-05 -6.681138954895081937e-04 2.633523949355977769e-05 2.653134020721957271e-03 4.140228915664459432e-04 -8.838051762764549525e-08 -1.235424534201859085e-06 -4.307978835969348921e-07 -1.523751187035943407e-08 1.444725848230192182e-07 -1.139134426906496458e-07 1.709638554836717354e-06 -2.039544937916993607e-06 6.560662998225025693e-06
-8.945324459195815893e-08 2.287788042156592217e-06 5.032368540291416541e-05 -4.992677830459414315e-05 -4.567185431465871955e-05 -4.639316910190113483e-03 1.122782496686057881e-04 7.757089226050206546e-04 -8.838051762764549525e-08 3.226476674819424149e-05 2.154257585550987358e-07 -6.973291648315100059e-08 2.283981665169706028e-08 -1.311897503200593849e-07 -1.873206402191158674e-08 -1.110287615066527293e-06 1.132417302886797788e-06 -1.743386923165421304e-06
-4.397942727386768213e-07 6.335415000717758497e-06 -4.469815817365330451e-05 3.114240795665875768e-05 3.063016786129627055e-05 -5.794542910103171610e-04 8.241527848219990554e-06 -2.202579447215875525e-03 -1.235424534201859085e-06 2.154257585550987358e-07 7.899641703769600320e-05 3.765742734463667544e-07 1.995762171659957528e-08 -1.637221668280187866e-07 9.798269958256611791e-08 -1.824127023494487581e-06 2.143159314307323969e-06 -6.383104233943265557e-06
-8.652439234662493393e-08 1.784563441361460592e-06 -4.779317336403000150e-05 2.940793555471539144e-05 2.359607830600402085e-05 -2.400831108308700522e-03 6.229084763582264442e-04 1.486585406998190478e-03 -4.307978835969348921e-07 -6.973291648315100059e-08 3.765742734463667544e-07 1.873135268281310201e-04 6.002989495141637901e-08 7.990811055067449425e-08 -1.072442822772420574e-07 1.223187606655933560e-06 1.088629766916988154e-06 1.655756526672277076e-06
2.562936248940159006e-10 1.622596090596199587e-07 -1.191724420958992941e-06 -9.960293991228425376e-07 -1.530047961288581989e-06 -7.274564607816756418e-04 1.060720132447479601e-04 4.013962390548836260e-04 -1.523751187035943407e-08 2.283981665169706028e-08 1.995762171659957528e-08 6.002989495141637901e-08 2.244877334977434132e-06 9.575502313653852830e-09 -2.298219331498328889e-08 1.874733928052079888e-07 1.600033235202172627e-07 4.218397292804049041e-07
7.718472551894128076e-08 -1.090132605693514110e-06 -1.042205401915005008e-05 8.071523718310121199e-06 6.036156368566200895e-06 4.417096685574909391e-05 1.557084427520329605e-04 7.605378119398078542e-04 1.444725848230192182e-07 -1.311897503200593849e-07 -1.637221668280187866e-07 7.990811055067449425e-08 9.575502313653852830e-09 4.877207681985207450e-05 -4.715645571314831729e-08 8.495810191589586022e-07 -2.805661156735381196e-07 1.978704904519015843e-06
-5.624606746936725153e-08 4.152586434191643406e-07 -1.244316913597397025e-06 5.122676485132792138e-06 6.507544397066859658e-06 1.654858887680588911e-03 -2.638748058768587224e-04 -1.261964717223964649e-03 -1.139134426906496458e-07 -1.873206402191158674e-08 9.798269958256611791e-08 -1.072442822772420574e-07 -2.298219331498328889e-08 -4.715645571314831729e-08 2.556228618976228372e-06 -7.208667999381606736e-07 -1.161804123357681726e-07 -1.881381387244121703e-06
9.124264030894587494e-07 -1.126608387937063799e-05 -9.447073152690660413e-05 5.520667339537543091e-05 3.053876286061771159e-05 -6.670609366771265356e-03 2.555254585343610680e-03 1.217676444659022798e-02 1.709638554836717354e-06 -1.110287615066527293e-06 -1.824127023494487581e-06 1.223187606655933560e-06 1.874733928052079888e-07 8.495810191589586022e-07 -7.208667999381606736e-07 2.945991954952972836e-03 -1.908822204520272111e-06 2.567131200819121738e-05
-7.304937319281641518e-07 1.332524873915485520e-05 -2.214300121732754349e-05 -1.962273500258722496e-05 -2.124817147287381017e-05 -1.340354174480671082e-02 1.229979910858201332e-03 1.807292331415339889e-03 -2.039544937916993607e-06 1.132417302886797788e-06 2.143159314307323969e-06 1.088629766916988154e-06 1.600033235202172627e-07 -2.805661156735381196e-07 -1.161804123357681726e-07 -1.908822204520272111e-06 1.086034078485115153e-03 -6.767169260046438650e-06
2.877081091010278393e-06 -3.495980551596136212e-05 1.345555560004977362e-05 -6.734171788494512471e-05 -1.111336543231185905e-04 -2.416942408766370801e-02 5.922207318085837696e-03 3.415481938201309076e-02 6.560662998225025693e-06 -1.743386923165421304e-06 -6.383104233943265557e-06 1.655756526672277076e-06 4.218397292804049041e-07 1.978704904519015843e-06 -1.881381387244121703e-06 2.567131200819121738e-05 -6.767169260046438650e-06 4.902323853835483317e-03
1.002885090818937288e-05 -7.673825272984332007e-07 4.469913195022713907e-06 -3.095395038239970407e-06 -3.680000347106490265e-06 -1.142207737461887302e-04 4.111939117487443116e-05 3.678627619689115737e-04 1.509583583019604653e-07 -3.332550141299011050e-08 -1.371724906663008223e-07 -2.025296132732021591e-08 -5.483242075488240274e-10 3.040675630839637520e-08 -1.720387075224304653e-08 2.751351003462735015e-07 -2.240366048976606119e-07 9.250132932145544813e-07
-7.673825272984332007e-07 1.767139405237031467e-03 -4.012336702706801439e-05 1.079404278356635438e-05 2.163722664350103809e-05 -3.304374254561889476e-03 -1.614072995265784750e-04 -2.809754198370752361e-03 -2.109871929471494156e-06 8.295222461716499302e-07 1.953507221687915960e-06 4.169526333406060898e-07 6.498857325513357644e-08 -4.671491126838930838e-07 1.164068738066922295e-07 -3.256063405965965867e-06 4.062576970294307493e-06 -1.127724847076514949e-05
4.469913195022713907e-06 -4.012336702706801439e-05 1.515571893190790775e-01 -2.441446672545631927e-03 -2.485939047628894262e-03 -1.503870841317860862e-01 3.908207541367446011e-03 3.522924375782612166e-02 2.276148792124145967e-05 1.303144567268193685e-05 -1.197556626229983862e-05 -1.043454215156672679e-05 -7.933288986871173588e-07 3.953507889954376223e-07 1.213311078131347225e-07 -4.123782048718268342e-05 -7.320445106335835405e-07 7.147119525833417033e-06
-3.095395038239970407e-06 1.079404278356635438e-05 -2.441446672545631927e-03 4.774135028267423864e-01 1.974947187882672428e-03 1.229405982411666126e-01 3.868013085797251688e-03 -5.175588649565606575e-02 -1.380069786232372999e-05 -1.780845068124970444e-05 1.135364013258797503e-05 1.230807395929288116e-05 -5.643870951790299794e-07 4.807291462429609458e-06 1.949036434547354089e-06 1.110266372739403956e-05 -2.490619932652117764e-06 -1.985508694315394192e-05
-3.680000347106490265e-06 2.163722664350103809e-05 -2.485939047628894262e-03 1.974947187882672428e-03 7.635124732281689530e-02 1.967887386823520823e-01 -1.643193883861562843e-02 -5.939270918180453857e-02 -1.835087484474364383e-05 -1.047326377188938219e-05 6.663345633542925304e-06 9.996641288270203496e-07 6.579593255672198054e-08 -3.097619218266875348e-06 1.382027886782101098e-06 2.461185933369805718e-05 -1.536524439766746438e-05 -3.939335441140659483e-05
-1.142207737461887302e-04 -3.304374254561889476e-03 -1.503870841317860862e-01 1.229405982411666126e-01 1.967887386823520823e-01 4.721782384799750616e+03 -4.698613386137184378e+00 -1.074492655762870541e+01 -9.033521594153846000e-04 -6.764473130937548578e-04 -7.977719073553061948e-04 -2.046512575926088835e-03 -1.244142430177953861e-04 -9.671604759414108516e-04 3.928954962083603016e-04 7.608788487886094815e-04 -5.960497636831292925e-03 -8.481639289370615162e-03
4.111939117487443116e-05 -1.614072995265784750e-04 3.908207541367446011e-03 3.868013085797251688e-03 -1.643193883861562843e-02 -4.698613386137184378e+00 7.363312330745738166e+01 1.527370503992322881e+00 1.791236925398416620e-04 -1.641209220639361030e-04 1.542209198409986146e-04 5.157549154688881917e-04 7.116086429994545581e-06 2.927419120906817442e-04 -5.061053085461395456e-05 1.009199371539806257e-04 8.073322827710287209e-04 2.080127688304426667e-03
3.678627619689115737e-04 -2.809754198370752361e-03 3.522924375782612166e-02 -5.175588649565606575e-02 -5.939270918180453857e-02 -1.074492655762870541e+01 1.527370503992322881e+00 1.241321944773334963e+03 8.656267054718347950e-04 2.287443470091233308e-04 -6.900629642344115753e-04 5.065233177942605677e-04 1.258341670272878764e-04 2.670291779743535240e-04 -4.005341240283092946e-04 3.826760498631176077e-03 6.186268196268174214e-04 1.094756110047312610e-02
1.509583583019604653e-07 -2.109871929471494156e-06 2.276148792124145967e-05 -1.380069786232372999e-05 -1.835087484474364383e-05 -9.033521594153846000e-04 1.791236925398416620e-04 8.656267054718347950e-04 1.325352333109396097e-04 -8.442820235833191322e-08 -3.527920750893154231e-07 -4.904705046910141626e-08 -1.240531334782059981e-08 1.144083132848391658e-07 -2.695767020902036786e-08 3.459165617553123374e-07 -5.365336163800944301e-07 2.151340633808749559e-06
-3.332550141299011050e-08 8.295222461716499302e-07 1.303144567268193685e-05 -1.780845068124970444e-05 -1.047326377188938219e-05 -6.764473130937548578e-04 -1.641209220639361030e-04 2.287443470091233308e-04 -8.442820235833191322e-08 1.039052693158790550e-05 1.907649204266224331e-08 -1.263945832139906292e-07 1.613281698912036555e-08 -1.218817737767946488e-07 -1.712162160199758282e-08 -1.195307545366155895e-07 2.262842450154581976e-07 -6.187420898454126803e-07
-1.371724906663008223e-07 1.953507221687915960e-06 -1.197556626229983862e-05 1.135364013258797503e-05 6.663345633542925304e-06 -7.977719073553061948e-04 1.542209198409986146e-04 -6.900629642344115753e-04 -3.527920750893154231e-07 1.907649204266224331e-08 2.531663362444374870e-05 1.993682257748331669e-07 -2.998178994102301569e-10 8.152241452606532977e-09 3.978598659187462014e-08 -7.623637767223511711e-07 7.889297654868806316e-07 -1.996479283555372598e-06
-2.025296132732021591e-08 4.169526333406060898e-07 -1.043454215156672679e-05 1.230807395929288116e-05 9.996641288270203496e-07 -2.046512575926088835e-03 5.157549154688881917e-04 5.065233177942605677e-04 -4.904705046910141626e-08 -1.263945832139906292e-07 1.993682257748331669e-07 6.010495469405745071e-05 5.252297504792628405e-09 1.519521601766807573e-07 -1.671773522628575790e-08 1.851031136291733596e-08 5.636174810364115987e-07 6.261031964947014148e-07
-5.483242075488240274e-10 6.498857325513357644e-08 -7.933288986871173588e-07 -5.643870951790299794e-07 6.579593255672198054e-08 -1.244142430177953861e-04 7.116086429994545581e-06 1.258341670272878764e-04 -1.240531334782059981e-08 1.613281698912036555e-08 -2.998178994102301569e-10 5.252297504792628405e-09 7.195440671150969867e-07 -7.650673567944076492e-09 -8.846495332006389943e-09 9.160737760180409639e-08 3.295131403160222608e-08 1.268275403082160739e-07
3.040675630839637520e-08 -4.671491126838930838e-07 3.953507889954376223e-07 4.807291462429609458e-06 -3.097619218266875348e-06 -9.671604759414108516e-04 2.927419120906817442e-04 2.670291779743535240e-04 1.144083132848391658e-07 -1.218817737767946488e-07 8.152241452606532977e-09 1.519521601766807573e-07 -7.650673567944076492e-09 1.570408625171633779e-05 -1.578414838120439663e-09 -1.441256616285015777e-08 7.546835693048739003e-08 7.070841115616223762e-07
-1.720387075224304653e-08 1.164068738066922295e-07 1.213311078131347225e-07 1.949036434547354089e-06 1.382027886782101098e-06 3.928954962083603016e-04 -5.061053085461395456e-05 -4.005341240283092946e-04 -2.695767020902036786e-08 -1.712162160199758282e-08 3.978598659187462014e-08 -1.671773522628575790e-08 -8.846495332006389943e-09 -1.578414838120439663e-09 8.198748481492107885e-07 -2.705457383698740312e-07 -1.416438066866341151e-08 -5.917506181336517472e-07
2.751351003462735015e-07 -3.256063405965965867e-06 -4.123782048718268342e-05 1.110266372739403956e-05 2.461185933369805718e-05 7.608788487886094815e-04 1.009199371539806257e-04 3.826760498631176077e-03 3.459165617553123374e-07 -1.195307545366155895e-07 -7.623637767223511711e-07 1.851031136291733596e-08 9.160737760180409639e-08 -1.441256616285015777e-08 -2.705457383698740312e-07 9.435621376548165851e-04 -1.098419144712823889e-06 7.996769964091060410e-06
-2.240366048976606119e-07 4.062576970294307493e-06 -7.320445106335835405e-07 -2.490619932652117764e-06 -1.536524439766746438e-05 -5.960497636831292925e-03 8.073322827710287209e-04 6.186268196268174214e-04 -5.365336163800944301e-07 2.262842450154581976e-07 7.889297654868806316e-07 5.636174810364115987e-07 3.295131403160222608e-08 7.546835693048739003e-08 -1.416438066866341151e-08 -1.098419144712823889e-06 3.478123618458672578e-04 -2.039628485516224035e-06
9.250132932145544813e-07 -1.127724847076514949e-05 7.147119525833417033e-06 -1.985508694315394192e-05 -3.939335441140659483e-05 -8.481639289370615162e-03 2.080127688304426667e-03 1.094756110047312610e-02 2.151340633808749559e-06 -6.187420898454126803e-07 -1.996479283555372598e-06 6.261031964947014148e-07 1.268275403082160739e-07 7.070841115616223762e-07 -5.917506181336517472e-07 7.996769964091060410e-06 -2.039628485516224035e-06 1.568799919565887040e-03
1.002885090818937288e-05 -7.673825272984332007e-07 4.469913195022713907e-06 -3.095395038239970407e-06 -3.680000347106490265e-06 -1.142207737461887302e-04 4.111939117487443116e-05 3.678627619689115737e-04 1.509583583019604653e-07 -3.332550141299011050e-08 -1.371724906663008223e-07 -2.025296132732021591e-08 -5.483242075488240274e-10 3.040675630839637520e-08 -1.720387075224304653e-08 2.751351003462735015e-07 -2.240366048976606119e-07 9.250132932145544813e-07
-7.673825272984332007e-07 1.767139405237031467e-03 -4.012336702706801439e-05 1.079404278356635438e-05 2.163722664350103809e-05 -3.304374254561889476e-03 -1.614072995265784750e-04 -2.809754198370752361e-03 -2.109871929471494156e-06 8.295222461716499302e-07 1.953507221687915960e-06 4.169526333406060898e-07 6.498857325513357644e-08 -4.671491126838930838e-07 1.164068738066922295e-07 -3.256063405965965867e-06 4.062576970294307493e-06 -1.127724847076514949e-05
4.469913195022713907e-06 -4.012336702706801439e-05 1.515571893190790775e-01 -2.441446672545631927e-03 -2.485939047628894262e-03 -1.503870841317860862e-01 3.908207541367446011e-03 3.522924375782612166e-02 2.276148792124145967e-05 1.303144567268193685e-05 -1.197556626229983862e-05 -1.043454215156672679e-05 -7.933288986871173588e-07 3.953507889954376223e-07 1.213311078131347225e-07 -4.123782048718268342e-05 -7.320445106335835405e-07 7.147119525833417033e-06
-3.095395038239970407e-06 1.079404278356635438e-05 -2.441446672545631927e-03 4.774135028267423864e-01 1.974947187882672428e-03 1.229405982411666126e-01 3.868013085797251688e-03 -5.175588649565606575e-02 -1.380069786232372999e-05 -1.780845068124970444e-05 1.135364013258797503e-05 1.230807395929288116e-05 -5.643870951790299794e-07 4.807291462429609458e-06 1.949036434547354089e-06 1.110266372739403956e-05 -2.490619932652117764e-06 -1.985508694315394192e-05
-3.680000347106490265e-06 2.163722664350103809e-05 -2.485939047628894262e-03 1.974947187882672428e-03 7.635124732281689530e-02 1.967887386823520823e-01 -1.643193883861562843e-02 -5.939270918180453857e-02 -1.835087484474364383e-05 -1.047326377188938219e-05 6.663345633542925304e-06 9.996641288270203496e-07 6.579593255672198054e-08 -3.097619218266875348e-06 1.382027886782101098e-06 2.461185933369805718e-05 -1.536524439766746438e-05 -3.939335441140659483e-05
-1.142207737461887302e-04 -3.304374254561889476e-03 -1.503870841317860862e-01 1.229405982411666126e-01 1.967887386823520823e-01 4.721782384799750616e+03 -4.698613386137184378e+00 -1.074492655762870541e+01 -9.033521594153846000e-04 -6.764473130937548578e-04 -7.977719073553061948e-04 -2.046512575926088835e-03 -1.244142430177953861e-04 -9.671604759414108516e-04 3.928954962083603016e-04 7.608788487886094815e-04 -5.960497636831292925e-03 -8.481639289370615162e-03
4.111939117487443116e-05 -1.614072995265784750e-04 3.908207541367446011e-03 3.868013085797251688e-03 -1.643193883861562843e-02 -4.698613386137184378e+00 7.363312330745738166e+01 1.527370503992322881e+00 1.791236925398416620e-04 -1.641209220639361030e-04 1.542209198409986146e-04 5.157549154688881917e-04 7.116086429994545581e-06 2.927419120906817442e-04 -5.061053085461395456e-05 1.009199371539806257e-04 8.073322827710287209e-04 2.080127688304426667e-03
3.678627619689115737e-04 -2.809754198370752361e-03 3.522924375782612166e-02 -5.175588649565606575e-02 -5.939270918180453857e-02 -1.074492655762870541e+01 1.527370503992322881e+00 1.241321944773334963e+03 8.656267054718347950e-04 2.287443470091233308e-04 -6.900629642344115753e-04 5.065233177942605677e-04 1.258341670272878764e-04 2.670291779743535240e-04 -4.005341240283092946e-04 3.826760498631176077e-03 6.186268196268174214e-04 1.094756110047312610e-02
1.509583583019604653e-07 -2.109871929471494156e-06 2.276148792124145967e-05 -1.380069786232372999e-05 -1.835087484474364383e-05 -9.033521594153846000e-04 1.791236925398416620e-04 8.656267054718347950e-04 1.325352333109396097e-04 -8.442820235833191322e-08 -3.527920750893154231e-07 -4.904705046910141626e-08 -1.240531334782059981e-08 1.144083132848391658e-07 -2.695767020902036786e-08 3.459165617553123374e-07 -5.365336163800944301e-07 2.151340633808749559e-06
-3.332550141299011050e-08 8.295222461716499302e-07 1.303144567268193685e-05 -1.780845068124970444e-05 -1.047326377188938219e-05 -6.764473130937548578e-04 -1.641209220639361030e-04 2.287443470091233308e-04 -8.442820235833191322e-08 1.039052693158790550e-05 1.907649204266224331e-08 -1.263945832139906292e-07 1.613281698912036555e-08 -1.218817737767946488e-07 -1.712162160199758282e-08 -1.195307545366155895e-07 2.262842450154581976e-07 -6.187420898454126803e-07
-1.371724906663008223e-07 1.953507221687915960e-06 -1.197556626229983862e-05 1.135364013258797503e-05 6.663345633542925304e-06 -7.977719073553061948e-04 1.542209198409986146e-04 -6.900629642344115753e-04 -3.527920750893154231e-07 1.907649204266224331e-08 2.531663362444374870e-05 1.993682257748331669e-07 -2.998178994102301569e-10 8.152241452606532977e-09 3.978598659187462014e-08 -7.623637767223511711e-07 7.889297654868806316e-07 -1.996479283555372598e-06
-2.025296132732021591e-08 4.169526333406060898e-07 -1.043454215156672679e-05 1.230807395929288116e-05 9.996641288270203496e-07 -2.046512575926088835e-03 5.157549154688881917e-04 5.065233177942605677e-04 -4.904705046910141626e-08 -1.263945832139906292e-07 1.993682257748331669e-07 6.010495469405745071e-05 5.252297504792628405e-09 1.519521601766807573e-07 -1.671773522628575790e-08 1.851031136291733596e-08 5.636174810364115987e-07 6.261031964947014148e-07
-5.483242075488240274e-10 6.498857325513357644e-08 -7.933288986871173588e-07 -5.643870951790299794e-07 6.579593255672198054e-08 -1.244142430177953861e-04 7.116086429994545581e-06 1.258341670272878764e-04 -1.240531334782059981e-08 1.613281698912036555e-08 -2.998178994102301569e-10 5.252297504792628405e-09 7.195440671150969867e-07 -7.650673567944076492e-09 -8.846495332006389943e-09 9.160737760180409639e-08 3.295131403160222608e-08 1.268275403082160739e-07
3.040675630839637520e-08 -4.671491126838930838e-07 3.953507889954376223e-07 4.807291462429609458e-06 -3.097619218266875348e-06 -9.671604759414108516e-04 2.927419120906817442e-04 2.670291779743535240e-04 1.144083132848391658e-07 -1.218817737767946488e-07 8.152241452606532977e-09 1.519521601766807573e-07 -7.650673567944076492e-09 1.570408625171633779e-05 -1.578414838120439663e-09 -1.441256616285015777e-08 7.546835693048739003e-08 7.070841115616223762e-07
-1.720387075224304653e-08 1.164068738066922295e-07 1.213311078131347225e-07 1.949036434547354089e-06 1.382027886782101098e-06 3.928954962083603016e-04 -5.061053085461395456e-05 -4.005341240283092946e-04 -2.695767020902036786e-08 -1.712162160199758282e-08 3.978598659187462014e-08 -1.671773522628575790e-08 -8.846495332006389943e-09 -1.578414838120439663e-09 8.198748481492107885e-07 -2.705457383698740312e-07 -1.416438066866341151e-08 -5.917506181336517472e-07
