{
    "R": [
        [
            0.015426690542072725,
            -0.12639824630712107,
            0.07531009233056614,
            0.6616151695544362,
            2.617252597461132,
            -152.078483154272,
            3.369535803797569,
            -19.615879814056484,
            0.0008171140999711113,
            0.04827504446431437,
            -0.002639794189437023,
            -0.00028679436200219324,
            0.0020829840172187438,
            3.863573948828894e-05,
            -0.005153005685589783,
            0.046564272821141665,
            -0.13370678424187366,
            -0.13361899569546848
        ],
        [
            0.0,
            0.273804185606378,
            -0.9178380683765528,
            -2.497477827212733,
            4.9243767572271535,
            375.0403209485218,
            -18.384358770695634,
            37.46918406087939,
            0.03545225736617689,
            -0.08114192740822523,
            -0.11380014770167111,
            -1.8037334508425893e-05,
            -0.005870405358690329,
            3.1195568736221674e-05,
            0.014031702235413364,
            -0.050147620030537764,
            0.059155563659443924,
            -0.04737162722708793
        ],
        [
            0.0,
            0.0,
            0.4048706714769343,
            0.9383356856572169,
            -1.177555829997131,
            -63.97937901187642,
            5.259604854704525,
            -22.594165685227633,
            -0.014256287717476095,
            0.02381965695034979,
            0.01418287126525494,
            7.021582064321899e-08,
            0.0011895184435242456,
            -3.5410634847001913e-06,
            -0.0021570181936366125,
            -0.004968825747338648,
            -0.02727073108297478,
            0.037287412796154336
        ],
        [
            0.0,
            0.0,
            0.0,
            0.6396112930144453,
            -0.09457474306873553,
            -62.61392756740631,
            2.958074561461656,
            -14.16150709891645,
            -0.00763121705827461,
            0.01771236905503526,
            7.511381794180706e-05,
            -2.030625279616399e-05,
            0.0005210917057824541,
            8.45285420634882e-06,
            -0.0015734464992204732,
            -0.0005440079107239958,
            -0.03370968900656938,
            0.00016448595111302666
        ],
        [
            0.0,
            0.0,
            0.0,
            0.0,
            1.91938342156363,
            56.474738097866165,
            -0.5179083461589636,
            -26.323535196981087,
            -0.0007041672731891392,
            0.0026559749651115933,
            -0.038803144239485214,
            -0.00020777430472763536,
            -0.00034900331811273707,
            2.846934914254456e-07,
            0.002380552031786094,
            0.00013418697472094402,
            -0.01063029301085998,
            -0.04232213875849191
        ],
        [
            0.0,
            0.0,
            0.0,
            0.0,
            0.0,
            63.24411000422261,
            0.8392299567116519,
            -5.27912227771819,
            -0.00348324215965544,
            -0.006057009425711076,
            -0.011409202226308672,
            -9.304487281169789e-05,
            -0.0003192074994755766,
            -1.2925554860326206e-05,
            0.0013017589272008028,
            -0.013165746116206852,
            0.04707593873335868,
            0.010848466440351543
        ],
        [
            0.0,
            0.0,
            0.0,
            0.0,
            0.0,
            0.0,
            4.8980443918967085,
            6.03984787026676,
            -0.0011109329575738547,
            0.0024818380434020607,
            -0.006038661346756785,
            -7.008869952229055e-05,
            -9.124492633746708e-05,
            -1.6072817740143314e-06,
            0.00032066162248671584,
            -0.002063913820490901,
            -0.008630313175328932,
            -0.007233832899492836
        ],
        [
            0.0,
            0.0,
            0.0,
            0.0,
            0.0,
            0.0,
            0.0,
            24.172209707549438,
            0.0034820621046391816,
            -0.006120477151161308,
            0.005704752802036105,
            5.6018569312621105e-05,
            -0.0008207778474565631,
            -6.762550544490739e-06,
            0.0005383729480462715,
            0.004700303728590235,
            -0.02713373513255615,
            0.0213481795501864
        ],
        [
            0.0,
            0.0,
            0.0,
            0.0,
            0.0,
            0.0,
            0.0,
            0.0,
            0.010811546054501915,
            -0.001316649889813956,
            -0.0020661266842815947,
            -3.484780230848854e-05,
            0.00015636726896622316,
            1.4951885808259424e-06,
            -0.001308759183649212,
            0.0001788252839064514,
            0.004656608454443718,
            -0.011762680510838591
        ],
        [
            0.0,
            0.0,
            0.0,
            0.0,
            0.0,
            0.0,
            0.0,
            0.0,
            0.0,
            0.010306772970396902,
            -0.004367519577179799,
            -5.6167198694600174e-05,
            0.00027100384643096755,
            1.174345036974661e-05,
            -0.0016463757425166506,
            -0.0019174741934470823,
            0.018734429651270604,
            -0.0025415001627849877
        ],
        [
            0.0,
            0.0,
            0.0,
            0.0,
            0.0,
            0.0,
            0.0,
            0.0,
            0.0,
            0.0,
            0.013978458570379137,
            3.8317055951495786e-06,
            0.00011252209035290337,
            4.134568562068065e-06,
            -0.0006049340788333262,
            -0.0001553233194237328,
            0.01100329711970566,
            0.009446895008084119
        ],
        [
            0.0,
            0.0,
            0.0,
            0.0,
            0.0,
            0.0,
            0.0,
            0.0,
            0.0,
            0.0,
            0.0,
            0.00031736162331075745,
            0.0007450756455541782,
            -9.78085191000213e-06,
            0.00023132156323572002,
            0.007075478230766555,
            -0.00779242580966591,
            0.021039918042267975
        ],
        [
            0.0,
            0.0,
            0.0,
            0.0,
            0.0,
            0.0,
            0.0,
            0.0,
            0.0,
            0.0,
            0.0,
            0.0,
            0.0011570498854927321,
            4.735181401166931e-06,
            -0.0007956622103666416,
            -0.00010937639567195541,
            -4.0323005612494e-05,
            -0.005922843013279108
        ],
        [
            0.0,
            0.0,
            0.0,
            0.0,
            0.0,
            0.0,
            0.0,
            0.0,
            0.0,
            0.0,
            0.0,
            0.0,
            0.0,
            1.623326934565325e-05,
            -0.00010284952168015555,
            -5.302420143985318e-05,
            0.018535848200152173,
            0.0070542430798619885
        ],
        [
            0.0,
            0.0,
            0.0,
            0.0,
            0.0,
            0.0,
            0.0,
            0.0,
            0.0,
            0.0,
            0.0,
            0.0,
            0.0,
            0.0,
            0.0013156124968029172,
            0.002533894082063777,
            -0.004817633636276711,
            0.006628787243020914
        ],
        [
            0.0,
            0.0,
            0.0,
            0.0,
            0.0,
            0.0,
            0.0,
            0.0,
            0.0,
            0.0,
            0.0,
            0.0,
            0.0,
            0.0,
            0.0,
            0.014113805457935575,
            -0.02521468067962542,
            0.003232539762840976
        ],
        [
            0.0,
            0.0,
            0.0,
            0.0,
            0.0,
            0.0,
            0.0,
            0.0,
            0.0,
            0.0,
            0.0,
            0.0,
            0.0,
            0.0,
            0.0,
            0.0,
            0.03693643951994797,
            -0.0023327880811551253
        ],
        [
            0.0,
            0.0,
            0.0,
            0.0,
            0.0,
            0.0,
            0.0,
            0.0,
            0.0,
            0.0,
            0.0,
            0.0,
            0.0,
            0.0,
            0.0,
            0.0,
            0.0,
            0.025322779014167157
        ]
    ],
    "RDR": [
        [
            [
                0.015426690542072725,
                -0.12639824630712107,
                0.07531009233056614,
                0.6616151695544362,
                2.617252597461132,
                -152.078483154272,
                3.369535803797569,
                -19.615879814056484,
                0.0008171140999711113,
                0.04827504446431437,
                -0.002639794189437023,
                -0.00028679436200219324,
                0.0020829840172187438,
                3.863573948828894e-05,
                -0.005153005685589783,
                0.046564272821141665,
                -0.13370678424187366,
                -0.13361899569546848
            ],
            [
                0.0,
                0.273804185606378,
                -0.9178380683765528,
                -2.497477827212733,
                4.9243767572271535,
                375.0403209485218,
                -18.384358770695634,
                37.46918406087939,
                0.03545225736617689,
                -0.08114192740822523,
                -0.11380014770167111,
                -1.8037334508425893e-05,
                -0.005870405358690329,
                3.1195568736221674e-05,
                0.014031702235413364,
                -0.050147620030537764,
                0.059155563659443924,
                -0.04737162722708793
            ],
            [
                0.0,
                0.0,
                0.4048706714769343,
                0.9383356856572169,
                -1.177555829997131,
                -63.97937901187642,
                5.259604854704525,
                -22.594165685227633,
                -0.014256287717476095,
                0.02381965695034979,
                0.01418287126525494,
                7.021582064321899e-08,
                0.0011895184435242456,
                -3.5410634847001913e-06,
                -0.0021570181936366125,
                -0.004968825747338648,
                -0.02727073108297478,
                0.037287412796154336
            ],
            [
                0.0,
                0.0,
                0.0,
                0.6396112930144453,
                -0.09457474306873553,
                -62.61392756740631,
                2.958074561461656,
                -14.16150709891645,
                -0.00763121705827461,
                0.01771236905503526,
                7.511381794180706e-05,
                -2.030625279616399e-05,
                0.0005210917057824541,
                8.45285420634882e-06,
                -0.0015734464992204732,
                -0.0005440079107239958,
                -0.03370968900656938,
                0.00016448595111302666
            ],
            [
                0.0,
                0.0,
                0.0,
                0.0,
                1.91938342156363,
                56.474738097866165,
                -0.5179083461589636,
                -26.323535196981087,
                -0.0007041672731891392,
                0.0026559749651115933,
                -0.038803144239485214,
                -0.00020777430472763536,
                -0.00034900331811273707,
                2.846934914254456e-07,
                0.002380552031786094,
                0.00013418697472094402,
                -0.01063029301085998,
                -0.04232213875849191
            ],
            [
                0.0,
                0.0,
                0.0,
                0.0,
                0.0,
                63.24411000422261,
                0.8392299567116519,
                -5.27912227771819,
                -0.00348324215965544,
                -0.006057009425711076,
                -0.011409202226308672,
                -9.304487281169789e-05,
                -0.0003192074994755766,
                -1.2925554860326206e-05,
                0.0013017589272008028,
                -0.013165746116206852,
                0.04707593873335868,
                0.010848466440351543
            ],
            [
                0.0,
                0.0,
                0.0,
                0.0,
                0.0,
                0.0,
                4.8980443918967085,
                6.03984787026676,
                -0.0011109329575738547,
                0.0024818380434020607,
                -0.006038661346756785,
                -7.008869952229055e-05,
                -9.124492633746708e-05,
                -1.6072817740143314e-06,
                0.00032066162248671584,
                -0.002063913820490901,
                -0.008630313175328932,
                -0.007233832899492836
            ],
            [
                0.0,
                0.0,
                0.0,
                0.0,
                0.0,
                0.0,
                0.0,
                24.172209707549438,
                0.0034820621046391816,
                -0.006120477151161308,
                0.005704752802036105,
                5.6018569312621105e-05,
                -0.0008207778474565631,
                -6.762550544490739e-06,
                0.0005383729480462715,
                0.004700303728590235,
                -0.02713373513255615,
                0.0213481795501864
            ],
            [
                0.0,
                0.0,
                0.0,
                0.0,
                0.0,
                0.0,
                0.0,
                0.0,
                0.010811546054501915,
                -0.001316649889813956,
                -0.0020661266842815947,
                -3.484780230848854e-05,
                0.00015636726896622316,
                1.4951885808259424e-06,
                -0.001308759183649212,
                0.0001788252839064514,
                0.004656608454443718,
                -0.011762680510838591
            ],
            [
                0.0,
                0.0,
                0.0,
                0.0,
                0.0,
                0.0,
                0.0,
                0.0,
                0.0,
                0.010306772970396902,
                -0.004367519577179799,
                -5.6167198694600174e-05,
                0.00027100384643096755,
                1.174345036974661e-05,
                -0.0016463757425166506,
                -0.0019174741934470823,
                0.018734429651270604,
                -0.0025415001627849877
            ],
            [
                0.0,
                0.0,
                0.0,
                0.0,
                0.0,
                0.0,
                0.0,
                0.0,
                0.0,
                0.0,
                0.013978458570379137,
                3.8317055951495786e-06,
                0.00011252209035290337,
                4.134568562068065e-06,
                -0.0006049340788333262,
                -0.0001553233194237328,
                0.01100329711970566,
                0.009446895008084119
            ],
            [
                0.0,
                0.0,
                0.0,
                0.0,
                0.0,
                0.0,
                0.0,
                0.0,
                0.0,
                0.0,
                0.0,
                0.00031736162331075745,
                0.0007450756455541782,
                -9.78085191000213e-06,
                0.00023132156323572002,
                0.007075478230766555,
                -0.00779242580966591,
                0.021039918042267975
            ],
            [
                0.0,
                0.0,
                0.0,
                0.0,
                0.0,
                0.0,
                0.0,
                0.0,
                0.0,
                0.0,
                0.0,
                0.0,
                0.0011570498854927321,
                4.735181401166931e-06,
                -0.0007956622103666416,
                -0.00010937639567195541,
                -4.0323005612494e-05,
                -0.005922843013279108
            ],
            [
                0.0,
                0.0,
                0.0,
                0.0,
                0.0,
                0.0,
                0.0,
                0.0,
                0.0,
                0.0,
                0.0,
                0.0,
                0.0,
                1.623326934565325e-05,
                -0.00010284952168015555,
                -5.302420143985318e-05,
                0.018535848200152173,
                0.0070542430798619885
            ],
            [
                0.0,
                0.0,
                0.0,
                0.0,
                0.0,
                0.0,
                0.0,
                0.0,
                0.0,
                0.0,
                0.0,
                0.0,
                0.0,
                0.0,
                0.0013156124968029172,
                0.002533894082063777,
                -0.004817633636276711,
                0.006628787243020914
            ],
            [
                0.0,
                0.0,
                0.0,
                0.0,
                0.0,
                0.0,
                0.0,
                0.0,
                0.0,
                0.0,
                0.0,
                0.0,
                0.0,
                0.0,
                0.0,
                0.014113805457935575,
                -0.02521468067962542,
                0.003232539762840976
            ],
            [
                0.0,
                0.0,
                0.0,
                0.0,
                0.0,
                0.0,
                0.0,
                0.0,
                0.0,
                0.0,
                0.0,
                0.0,
                0.0,
                0.0,
                0.0,
                0.0,
                0.03693643951994797,
                -0.0023327880811551253
            ],
            [
                0.0,
                0.0,
                0.0,
                0.0,
                0.0,
                0.0,
                0.0,
                0.0,
                0.0,
                0.0,
                0.0,
                0.0,
                0.0,
                0.0,
                0.0,
                0.0,
                0.0,
                0.025322779014167157
            ]
        ],
        [
            [
                0.003085338108414545,
                -0.025279649261424217,
                0.015062018466113228,
                0.13232303391088726,
                0.5234505194922264,
                -30.4156966308544,
                0.6739071607595138,
                -3.923175962811297,
                0.00016342281999422227,
                0.009655008892862874,
                -0.0005279588378874046,
                -5.735887240043865e-05,
                0.0004165968034437488,
                7.727147897657789e-06,
                -0.0010306011371179567,
                0.009312854564228333,
                -0.026741356848374732,
                -0.026723799139093698
            ],
            [
                0.0,
                0.0547608371212756,
                -0.18356761367531058,
                -0.4994955654425466,
                0.9848753514454307,
                75.00806418970437,
                -3.676871754139127,
                7.4938368121758785,
                0.007090451473235378,
                -0.016228385481645048,
                -0.022760029540334223,
                -3.607466901685179e-06,
                -0.0011740810717380658,
                6.239113747244335e-06,
                0.002806340447082673,
                -0.010029524006107553,
                0.011831112731888785,
                -0.009474325445417587
            ],
            [
                0.0,
                0.0,
                0.08097413429538686,
                0.1876671371314434,
                -0.2355111659994262,
                -12.795875802375285,
                1.0519209709409052,
                -4.518833137045527,
                -0.002851257543495219,
                0.004763931390069958,
                0.002836574253050988,
                1.4043164128643799e-08,
                0.00023790368870484915,
                -7.082126969400383e-07,
                -0.0004314036387273225,
                -0.0009937651494677296,
                -0.005454146216594956,
                0.007457482559230868
            ],
            [
                0.0,
                0.0,
                0.0,
                0.12792225860288906,
                -0.01891494861374711,
                -12.522785513481262,
                0.5916149122923312,
                -2.83230141978329,
                -0.001526243411654922,
                0.0035424738110070523,
                1.5022763588361411e-05,
                -4.061250559232799e-06,
                0.00010421834115649082,
                1.6905708412697639e-06,
                -0.00031468929984409464,
                -0.00010880158214479917,
                -0.006741937801313876,
                3.2897190222605334e-05
            ],
            [
                0.0,
                0.0,
                0.0,
                0.0,
                0.38387668431272604,
                11.294947619573234,
                -0.10358166923179274,
                -5.264707039396217,
                -0.00014083345463782783,
                0.0005311949930223187,
                -0.007760628847897043,
                -4.155486094552707e-05,
                -6.980066362254742e-05,
                5.693869828508912e-08,
                0.0004761104063572188,
                2.6837394944188804e-05,
                -0.002126058602171996,
                -0.008464427751698382
            ],
            [
                0.0,
                0.0,
                0.0,
                0.0,
                0.0,
                12.648822000844524,
                0.1678459913423304,
                -1.055824455543638,
                -0.000696648431931088,
                -0.0012114018851422154,
                -0.0022818404452617344,
                -1.860897456233958e-05,
                -6.384149989511532e-05,
                -2.5851109720652415e-06,
                0.0002603517854401606,
                -0.0026331492232413707,
                0.009415187746671737,
                0.002169693288070309
            ],
            [
                0.0,
                0.0,
                0.0,
                0.0,
                0.0,
                0.0,
                0.9796088783793417,
                1.207969574053352,
                -0.00022218659151477095,
                0.0004963676086804121,
                -0.001207732269351357,
                -1.4017739904458111e-05,
                -1.8248985267493418e-05,
                -3.214563548028663e-07,
                6.413232449734317e-05,
                -0.00041278276409818023,
                -0.0017260626350657866,
                -0.0014467665798985673
            ],
            [
                0.0,
                0.0,
                0.0,
                0.0,
                0.0,
                0.0,
                0.0,
                4.834441941509888,
                0.0006964124209278364,
                -0.0012240954302322618,
                0.001140950560407221,
                1.1203713862524222e-05,
                -0.00016415556949131264,
                -1.352510108898148e-06,
                0.00010767458960925431,
                0.0009400607457180471,
                -0.00542674702651123,
                0.00426963591003728
            ],
            [
                0.0,
                0.0,
                0.0,
                0.0,
                0.0,
                0.0,
                0.0,
                0.0,
                0.002162309210900383,
                -0.00026332997796279123,
                -0.00041322533685631896,
                -6.9695604616977084e-06,
                3.127345379324463e-05,
                2.990377161651885e-07,
                -0.00026175183672984243,
                3.576505678129028e-05,
                0.0009313216908887437,
                -0.0023525361021677184
            ],
            [
                0.0,
                0.0,
                0.0,
                0.0,
                0.0,
                0.0,
                0.0,
                0.0,
                0.0,
                0.0020613545940793804,
                -0.0008735039154359599,
                -1.1233439738920035e-05,
                5.420076928619351e-05,
                2.3486900739493223e-06,
                -0.00032927514850333015,
                -0.0003834948386894165,
                0.003746885930254121,
                -0.0005083000325569975
            ],
            [
                0.0,
                0.0,
                0.0,
                0.0,
                0.0,
                0.0,
                0.0,
                0.0,
                0.0,
                0.0,
                0.0027956917140758274,
                7.663411190299158e-07,
                2.2504418070580677e-05,
                8.269137124136131e-07,
                -0.00012098681576666523,
                -3.106466388474656e-05,
                0.0022006594239411324,
                0.001889379001616824
            ],
            [
                0.0,
                0.0,
                0.0,
                0.0,
                0.0,
                0.0,
                0.0,
                0.0,
                0.0,
                0.0,
                0.0,
                6.34723246621515e-05,
                0.00014901512911083567,
                -1.956170382000426e-06,
                4.6264312647144e-05,
                0.001415095646153311,
                -0.0015584851619331822,
                0.004207983608453595
            ],
            [
                0.0,
                0.0,
                0.0,
                0.0,
                0.0,
                0.0,
                0.0,
                0.0,
                0.0,
                0.0,
                0.0,
                0.0,
                0.00023140997709854643,
                9.470362802333863e-07,
                -0.00015913244207332834,
                -2.1875279134391084e-05,
                -8.0646011224988e-06,
                -0.0011845686026558217
            ],
            [
                0.0,
                0.0,
                0.0,
                0.0,
                0.0,
                0.0,
                0.0,
                0.0,
                0.0,
                0.0,
                0.0,
                0.0,
                0.0,
                3.2466538691306498e-06,
                -2.056990433603111e-05,
                -1.0604840287970636e-05,
                0.0037071696400304346,
                0.0014108486159723978
            ],
            [
                0.0,
                0.0,
                0.0,
                0.0,
                0.0,
                0.0,
                0.0,
                0.0,
                0.0,
                0.0,
                0.0,
                0.0,
                0.0,
                0.0,
                0.00026312249936058345,
                0.0005067788164127554,
                -0.0009635267272553422,
                0.0013257574486041828
            ],
            [
                0.0,
                0.0,
                0.0,
                0.0,
                0.0,
                0.0,
                0.0,
                0.0,
                0.0,
                0.0,
                0.0,
                0.0,
                0.0,
                0.0,
                0.0,
                0.002822761091587115,
                -0.005042936135925085,
                0.0006465079525681953
            ],
            [
                0.0,
                0.0,
                0.0,
                0.0,
                0.0,
                0.0,
                0.0,
                0.0,
                0.0,
                0.0,
                0.0,
                0.0,
                0.0,
                0.0,
                0.0,
                0.0,
                0.007387287903989594,
                -0.00046655761623102507
            ],
            [
                0.0,
                0.0,
                0.0,
                0.0,
                0.0,
                0.0,
                0.0,
                0.0,
                0.0,
                0.0,
                0.0,
                0.0,
                0.0,
                0.0,
                0.0,
                0.0,
                0.0,
                0.005064555802833432
            ]
        ]
    ],
    "allnames": [
        "m1_flow_nominal",
        "m2_flow_nominal",
        "tau1",
        "tau2",
        "tau_m",
        "nominalUa.hasValue",
        "workingPressure.hasValue",
        "flowCoefficient.hasValue",
        "waterFlowRateMax",
        "c1",
        "c2",
        "c3",
        "c4",
        "eps_motor",
        "f_motorToAir",
        "kp",
        "Ti",
        "Td"
    ],
    "alpha_count": 5874,
    "cov": [
        [
            0.0007436961908777377,
            -0.006093458221377011,
            0.0036305796533705257,
            0.03189541399580395,
            0.12617358091084035,
            -7.331461555402419,
            0.16243995661131055,
            -0.9456503362560639,
            3.9391769868183156e-05,
            0.0023272630370493085,
            -0.0001272602751725208,
            -1.3825899599434427e-05,
            0.00010041734324286578,
            1.8625674904686648e-06,
            -0.00024841820022854656,
            0.0022447894597762506,
            -0.006445791199609596,
            -0.006441559053551687
        ],
        [
            -0.006093458221377011,
            0.28420390226589853,
            -0.8150842763443251,
            -2.398271499099494,
            3.1796838411553514,
            380.96894755816146,
            -17.061305617421432,
            39.808225735601745,
            0.0300115458337019,
            -0.08849650097883932,
            -0.0963290356474532,
            9.784877100705467e-05,
            -0.005845709641492919,
            1.1431211175782667e-05,
            0.014041467765961633,
            -0.06130084589911915,
            0.10342919993561792,
            0.012245802860825753
        ],
        [
            0.0036305796533705257,
            -0.8150842763443251,
            3.162558094969449,
            8.506284760535811,
            -14.998227298865839,
            -1192.4459452867811,
            60.17838795049851,
            -140.67385085770053,
            -0.1195307726974678,
            0.2742332139888249,
            0.3437297912998835,
            -1.5671029037323425e-05,
            0.018832976139473098,
            -8.486403810447489e-05,
            -0.04418817879435649,
            0.14850757053499714,
            -0.2356431804831866,
            0.1516037618232434
        ],
        [
            0.03189541399580395,
            -2.398271499099494,
            8.506284760535811,
            24.889708109791215,
            -36.66356710569136,
            -3554.2344591953406,
            171.7848663193762,
            -427.5480995675234,
            -0.3320587741659055,
            0.8383422865566229,
            0.9244473613053517,
            -0.0004925683751360941,
            0.05465251496197535,
            -0.00015707629724339244,
            -0.12963616636543512,
            0.47199943204302297,
            -0.8854760726381924,
            0.20312047271945477
        ],
        [
            0.12617358091084035,
            3.1796838411553514,
            -14.998227298865839,
            -36.66356710569136,
            113.05972637436284,
            5120.217804243376,
            -278.68714027339104,
            345.6028814834709,
            0.6027393571376867,
            -0.9307866256115948,
            -2.0577817152579243,
            -0.0038637396876008614,
            -0.07992584390439875,
            0.0008082969767106022,
            0.1964646268398835,
            -0.3716101097767046,
            -0.13669643821758196,
            -2.212957442692389
        ],
        [
            -7.331461555402419,
            380.96894755816146,
            -1192.4459452867811,
            -3554.2344591953406,
            5120.217804243376,
            559331.8304165155,
            -24703.765665809737,
            54835.588084942545,
            44.69258500857089,
            -126.99741427120621,
            -144.07270230664665,
            0.0640592065317074,
            -8.33451835766489,
            0.014749477727420534,
            20.31065432864766,
            -82.3809886082336,
            152.35012442327076,
            -4.830158804436594
        ],
        [
            0.16243995661131055,
            -17.061305617421432,
            60.17838795049851,
            171.7848663193762,
            -278.68714027339104,
            -24703.765665809737,
            1283.4857566305602,
            -2740.263391865579,
            -2.3580306830586673,
            5.74306457743649,
            6.6844070310264305,
            -0.0031507272008256372,
            0.38189404407282135,
            -0.0014244185542082262,
            -0.9059260576755216,
            3.218315062470581,
            -5.557732959321811,
            1.9151822867093122
        ],
        [
            -0.9456503362560639,
            39.808225735601745,
            -140.67385085770053,
            -427.5480995675234,
            345.6028814834709,
            54835.588084942545,
            -2740.263391865579,
            12004.188197260193,
            5.8028159642841315,
            -15.459977778827088,
            -10.470750846841163,
            0.037897428786800226,
            -0.9518545840577897,
            0.0008089644465994981,
            2.010216548894736,
            -7.829052594829297,
            16.425392095303106,
            4.78253106260615
        ],
        [
            3.9391769868183156e-05,
            0.0300115458337019,
            -0.1195307726974678,
            -0.3320587741659055,
            0.6027393571376867,
            44.69258500857089,
            -2.3580306830586673,
            5.8028159642841315,
            0.005193389766252538,
            -0.010409504275161947,
            -0.013025305296307792,
            -1.1039890094316867e-06,
            -0.0007095631058698069,
            3.633517565545137e-06,
            0.0016161292654866982,
            -0.004995161146238552,
            0.007634156269917008,
            -0.007419484815865044
        ],
        [
            0.0023272630370493085,
            -0.08849650097883932,
            0.2742332139888249,
            0.8383422865566229,
            -0.9307866256115948,
            -126.99741427120621,
            5.74306457743649,
            -15.459977778827088,
            -0.010409504275161947,
            0.03122162762235316,
            0.029123552261310397,
            -4.305476525662538e-05,
            0.0019463960351497756,
            -1.1413674059449332e-06,
            -0.00464336510393842,
            0.019422462856711536,
            -0.03900973674551552,
            -0.006415588712781578
        ],
        [
            -0.0001272602751725208,
            -0.0963290356474532,
            0.3437297912998835,
            0.9244473613053517,
            -2.0577817152579243,
            -144.07270230664665,
            6.6844070310264305,
            -10.470750846841163,
            -0.013025305296307792,
            0.029123552261310397,
            0.04713189548168061,
            4.077109609979423e-05,
            0.0021643233237486656,
            -1.1220849803296404e-05,
            -0.005370528855718226,
            0.017823401474227087,
            -0.021666198889565565,
            0.02538707651948918
        ],
        [
            -1.3825899599434427e-05,
            9.784877100705467e-05,
            -1.5671029037323425e-05,
            -0.0004925683751360941,
            -0.0038637396876008614,
            0.0640592065317074,
            -0.0031507272008256372,
            0.037897428786800226,
            -1.1039890094316867e-06,
            -4.305476525662538e-05,
            4.077109609979423e-05,
            7.749028805268452e-07,
            -6.973423070431541e-07,
            -4.605527636334395e-08,
            2.6802398687919347e-06,
            -2.652406301128922e-05,
            9.759368350447651e-05,
            0.00017477495795941404
        ],
        [
            0.00010041734324286578,
            -0.005845709641492919,
            0.018832976139473098,
            0.05465251496197535,
            -0.07992584390439875,
            -8.33451835766489,
            0.38189404407282135,
            -0.9518545840577897,
            -0.0007095631058698069,
            0.0019463960351497756,
            0.0021643233237486656,
            -6.973423070431541e-07,
            0.00013561602507312445,
            -2.8332423580377003e-07,
            -0.00031148682793707765,
            0.0012197117188043026,
            -0.0020714034323234256,
            0.00014377508627202702
        ],
        [
            1.8625674904686648e-06,
            1.1431211175782667e-05,
            -8.486403810447489e-05,
            -0.00015707629724339244,
            0.0008082969767106022,
            0.014749477727420534,
            -0.0014244185542082262,
            0.0008089644465994981,
            3.633517565545137e-06,
            -1.1413674059449332e-06,
            -1.1220849803296404e-05,
            -4.605527636334395e-08,
            -2.8332423580377003e-07,
            1.032557851915066e-08,
            5.661829635471182e-07,
            9.247708168853874e-07,
            -1.0230008906580584e-05,
            -2.2448775328287706e-05
        ],
        [
            -0.00024841820022854656,
            0.014041467765961633,
            -0.04418817879435649,
            -0.12963616636543512,
            0.1964646268398835,
            20.31065432864766,
            -0.9059260576755216,
            2.010216548894736,
            0.0016161292654866982,
            -0.00464336510393842,
            -0.005370528855718226,
            2.6802398687919347e-06,
            -0.00031148682793707765,
            5.661829635471182e-07,
            0.0007673194418470932,
            -0.0029340609128755296,
            0.0049871857324715885,
            -0.00032146520578064605
        ],
        [
            0.0022447894597762506,
            -0.06130084589911915,
            0.14850757053499714,
            0.47199943204302297,
            -0.3716101097767046,
            -82.3809886082336,
            3.218315062470581,
            -7.829052594829297,
            -0.004995161146238552,
            0.019422462856711536,
            0.017823401474227087,
            -2.652406301128922e-05,
            0.0012197117188043026,
            9.247708168853874e-07,
            -0.0029340609128755296,
            0.016147306394128157,
            -0.031970512880292096,
