1.608006387571642463e-03 -1.977147763311121881e-02 4.535596572386175335e-02 1.518374517593487627e-01 3.728861775191202876e-02 -2.510926165588835346e+01 1.162232421721787645e+00 -2.675572912057592845e+00 -8.440403086974254806e-04 7.165446191194060378e-03 3.387499764799345361e-03 -3.575197945868550025e-05 3.787603715758914333e-04 2.270326908045281410e-06 -9.992486445298980925e-04 5.009769359465988947e-03 -1.290993641396226410e-02 -1.090031695295509175e-02
-1.977147763311121881e-02 6.769420055457144869e-01 -1.865313591648996461e+00 -5.295373305971724065e+00 3.631728193986145214e+00 7.130915119544688423e+02 -4.054515091893833301e+01 1.349322953887215419e+02 6.153735100062129176e-02 -2.106549826977222595e-01 -1.316222951666717045e-01 1.054799780562707496e-03 -1.255737028155218260e-02 1.869427448023264487e-05 2.990550511395112174e-02 -1.252300151225336777e-01 1.797405192847797706e-01 1.640713307197985416e-01
4.535596572386175335e-02 -1.865313591648996461e+00 7.880269901002206367e+00 2.094169911870983825e+01 -1.705759261220275391e+01 -2.310155878046982707e+03 1.437598589520069936e+02 -5.486903746833514788e+02 -2.786954325678073774e-01 7.369456079276123228e-01 4.234946949817024464e-01 -2.913089151031944112e-03 4.124214714241000723e-02 -9.280102298233891339e-05 -9.299736408834856360e-02 3.088565346347019180e-01 -6.361370687874170482e-01 -1.484124752442774475e-01
1.518374517593487627e-01 -5.295373305971724065e+00 2.094169911870983825e+01 6.319586506963668882e+01 -4.220632375470357545e+01 -6.998143165366123867e+03 4.292531590612975947e+02 -1.657158488766650180e+03 -8.063917212600487661e-01 2.220450399004842090e+00 1.110554529208933161e+00 -9.101222628020910407e-03 1.200377737318657628e-01 -1.196484996835903527e-04 -2.752349867080605694e-01 8.813740531724540972e-01 -2.095164168109615588e+00 -7.413674237396874478e-01
3.728861775191202876e-02 3.631728193986145214e+00 -1.705759261220275391e+01 -4.220632375470357545e+01 8.005559072953755617e+01 4.461042508989410635e+03 -2.931534072316879929e+02 9.927673161682839691e+02 6.991710607676364653e-01 -1.357719661744664519e+00 -1.320428767263774450e+00 4.128938145373047333e-03 -8.770656837843837650e-02 4.550584997807334466e-04 2.119979970196783081e-01 -2.870185753205560797e-01 -4.649494564064000635e-01 -9.867747596008203947e-01
-2.510926165588835346e+01 7.130915119544688423e+02 -2.310155878046982707e+03 -6.998143165366123867e+03 4.461042508989410635e+03 9.153260904863695614e+05 -5.009588768434515077e+04 1.703242301167735131e+05 7.774060685663300774e+01 -2.717783431128020197e+02 -1.495477251841888346e+02 1.191943589104149437e+00 -1.504841309730873000e+01 -9.818543157785250899e-03 3.709849467700252745e+01 -1.363638583268006812e+02 2.779621801313807055e+02 1.785458014453810449e+02
1.162232421721787645e+00 -4.054515091893833301e+01 1.437598589520069936e+02 4.292531590612975947e+02 -2.931534072316879929e+02 -5.009588768434515077e+04 3.413741238187659746e+03 -1.047328805639980965e+04 -5.579563405334436510e+00 1.574386233676529123e+01 7.992113148394178523e+00 -7.271337639202866965e-02 8.479647969319799028e-01 -1.099944747818860273e-03 -1.963024925290369538e+00 6.770909934970171129e+00 -1.510242664116932509e+01 -7.182438511378928858e+00
-2.675572912057592845e+00 1.349322953887215419e+02 -5.486903746833514788e+02 -1.657158488766650180e+03 9.927673161682839691e+02 1.703242301167735131e+05 -1.047328805639980965e+04 5.656188470330966084e+04 2.359184487909876893e+01 -5.791572741628589682e+01 -2.315752137450916237e+01 2.388519900523976836e-01 -3.234763655268893867e+00 5.092502331667496905e-03 6.609160730878519630e+00 -2.058109144677512248e+01 4.377363557308806463e+01 1.919047887331820590e+01
-8.440403086974254806e-04 6.153735100062129176e-02 -2.786954325678073774e-01 -8.063917212600487661e-01 6.991710607676364653e-01 7.774060685663300774e+01 -5.579563405334436510e+00 2.359184487909876893e+01 1.386419623014432771e-02 -2.696653622358211738e-02 -1.318095410593486845e-02 1.057881781582063112e-04 -1.453621926268862385e-03 4.989820728795021607e-06 2.918338737562904770e-03 -7.449322014396060274e-03 1.615798907406257312e-02 -1.202007628035757676e-03
7.165446191194060378e-03 -2.106549826977222595e-01 7.369456079276123228e-01 2.220450399004842090e+00 -1.357719661744664519e+00 -2.717783431128020197e+02 1.574386233676529123e+01 -5.791572741628589682e+01 -2.696653622358211738e-02 8.498393941043369537e-02 4.267762322649552159e-02 -3.659867520227206824e-04 4.632206199495788636e-03 2.015869452841201319e-06 -1.098366964347578453e-02 3.816709967065997494e-02 -8.143757066079095053e-02 -4.703162222297622291e-02
3.387499764799345361e-03 -1.316222951666717045e-01 4.234946949817024464e-01 1.110554529208933161e+00 -1.320428767263774450e+00 -1.495477251841888346e+02 7.992113148394178523e+00 -2.315752137450916237e+01 -1.318095410593486845e-02 4.267762322649552159e-02 3.738563775744012385e-02 -1.754535553259395050e-04 2.634960946639763966e-03 -3.314488296157947175e-06 -6.870791141923474933e-03 2.259994364177695531e-02 -2.187677483335551815e-02 -1.354659933090298848e-02
-3.575197945868550025e-05 1.054799780562707496e-03 -2.913089151031944112e-03 -9.101222628020910407e-03 4.128938145373047333e-03 1.191943589104149437e+00 -7.271337639202866965e-02 2.388519900523976836e-01 1.057881781582063112e-04 -3.659867520227206824e-04 -1.754535553259395050e-04 2.837990393916250746e-06 -1.812717180759249337e-05 -3.088473300649573606e-08 4.844320735055373633e-05 -1.945835612934767483e-04 3.921089273210446127e-04 3.473146479846048727e-04
3.787603715758914333e-04 -1.255737028155218260e-02 4.124214714241000723e-02 1.200377737318657628e-01 -8.770656837843837650e-02 -1.504841309730873000e+01 8.479647969319799028e-01 -3.234763655268893867e+00 -1.453621926268862385e-03 4.632206199495788636e-03 2.634960946639763966e-03 -1.812717180759249337e-05 2.922949039654333951e-04 -5.885416567702457575e-08 -6.465169521394628421e-04 2.212160231408250976e-03 -3.673235997377569811e-03 -2.586513181537335431e-03
2.270326908045281410e-06 1.869427448023264487e-05 -9.280102298233891339e-05 -1.196484996835903527e-04 4.550584997807334466e-04 -9.818543157785250899e-03 -1.099944747818860273e-03 5.092502331667496905e-03 4.989820728795021607e-06 2.015869452841201319e-06 -3.314488296157947175e-06 -3.088473300649573606e-08 -5.885416567702457575e-08 2.217762559459546482e-08 -6.348017173691747850e-07 9.385106231628397426e-07 -1.051913737500349693e-05 -1.877496198312869445e-05
-9.992486445298980925e-04 2.990550511395112174e-02 -9.299736408834856360e-02 -2.752349867080605694e-01 2.119979970196783081e-01 3.709849467700252745e+01 -1.963024925290369538e+00 6.609160730878519630e+00 2.918338737562904770e-03 -1.098366964347578453e-02 -6.870791141923474933e-03 4.844320735055373633e-05 -6.465169521394628421e-04 -6.348017173691747850e-07 1.650399261170557063e-03 -5.462881643080755474e-03 8.947149465011848199e-03 7.121725763490229996e-03
5.009769359465988947e-03 -1.252300151225336777e-01 3.088565346347019180e-01 8.813740531724540972e-01 -2.870185753205560797e-01 -1.363638583268006812e+02 6.770909934970171129e+00 -2.058109144677512248e+01 -7.449322014396060274e-03 3.816709967065997494e-02 2.259994364177695531e-02 -1.945835612934767483e-04 2.212160231408250976e-03 9.385106231628397426e-07 -5.462881643080755474e-03 3.088217077331692831e-02 -5.469438054123568205e-02 -4.465926943220941553e-02
-1.290993641396226410e-02 1.797405192847797706e-01 -6.361370687874170482e-01 -2.095164168109615588e+00 -4.649494564064000635e-01 2.779621801313807055e+02 -1.510242664116932509e+01 4.377363557308806463e+01 1.615798907406257312e-02 -8.143757066079095053e-02 -2.187677483335551815e-02 3.921089273210446127e-04 -3.673235997377569811e-03 -1.051913737500349693e-05 8.947149465011848199e-03 -5.469438054123568205e-02 2.157598642264581812e-01 9.515726914957073346e-02
-1.090031695295509175e-02 1.640713307197985416e-01 -1.484124752442774475e-01 -7.413674237396874478e-01 -9.867747596008203947e-01 1.785458014453810449e+02 -7.182438511378928858e+00 1.919047887331820590e+01 -1.202007628035757676e-03 -4.703162222297622291e-02 -1.354659933090298848e-02 3.473146479846048727e-04 -2.586513181537335431e-03 -1.877496198312869445e-05 7.121725763490229996e-03 -4.465926943220941553e-02 9.515726914957073346e-02 1.321587934847304191e-01
1.883753563251238565e-03 -2.636750601602969729e-02 4.952086596094688181e-02 1.888985537202049758e-01 8.293750213577237573e-02 -3.522985533156619198e+01 1.217132331099276765e+00 -3.716707821679274826e+00 -1.403084060200713093e-03 9.289912496438004416e-03 5.021187360624805064e-03 -2.718165179500555472e-05 5.218708609206921742e-04 3.320570055098343412e-06 -1.243613256546541139e-03 7.812025752921177880e-03 -1.929656985245693443e-02 -1.329901037713998417e-02
-2.636750601602969729e-02 6.552780403922767727e-01 -1.532383862006957198e+00 -4.969403649227714048e+00 2.325194251831434578e+00 8.099672907920545413e+02 -3.405966471556640585e+01 1.019167636843290552e+02 5.358853317325057430e-02 -2.105221887350768595e-01 -1.523822439931031558e-01 6.174374827151540672e-04 -1.236872930001383861e-02 -1.715317098671733520e-05 2.993305989906513281e-02 -1.569464765595367794e-01 3.086993506428851175e-01 1.791579228327255802e-01
4.952086596094688181e-02 -1.532383862006957198e+00 5.182440236763846464e+00 1.508873326603058018e+01 -1.134675091823454984e+01 -2.041626152589768935e+03 1.000246223259486555e+02 -3.314121835790946307e+02 -1.873374493284769293e-01 5.659557248773351423e-01 3.994476907641893448e-01 -1.510874467101800322e-03 3.223676292944737537e-02 -1.137407642650144764e-05 -7.597165979562990612e-02 3.268852540024644315e-01 -7.105115180658843066e-01 -2.051917603701145232e-01
1.888985537202049758e-01 -4.969403649227714048e+00 1.508873326603058018e+01 4.941604282056276531e+01 -2.817286061214113246e+01 -6.918865884599851597e+03 3.204820025626205506e+02 -1.070259269752672026e+03 -5.815970736262663365e-01 1.892866070936377598e+00 1.231886151918868633e+00 -5.054050714929989377e-03 1.051664152629899901e-01 1.174863360285353936e-04 -2.511978381469112676e-01 1.122942381334216755e+00 -2.660628996025542925e+00 -9.946155570262801282e-01
8.293750213577237573e-02 2.325194251831434578e+00 -1.134675091823454984e+01 -2.817286061214113246e+01 7.794939688854344695e+01 3.349746601374559759e+03 -2.031989624964355130e+02 3.275033981699018568e+02 4.724037565007320194e-01 -7.597687055125299516e-01 -1.276902123795557564e+00 2.525900523795079227e-04 -4.861375081617834437e-02 5.141527422924275365e-04 1.453762534391283279e-01 -1.373212121555903720e-01 -4.643295937822041197e-01 -1.466831468092192559e+00
-3.522985533156619198e+01 8.099672907920545413e+02 -2.041626152589768935e+03 -6.918865884599851597e+03 3.349746601374559759e+03 1.117817842975880485e+06 -4.537753508796147798e+04 1.335755263417617825e+05 7.288452000814139353e+01 -2.879102448361410893e+02 -2.034728740294162890e+02 7.062089088493944677e-01 -1.632296428820016132e+01 -4.076291141489549880e-02 4.043740532043207025e+01 -2.021391351613052905e+02 4.530878287800233011e+02 2.181878421711869862e+02
1.217132331099276765e+00 -3.405966471556640585e+01 1.000246223259486555e+02 3.204820025626205506e+02 -2.031989624964355130e+02 -4.537753508796147798e+04 2.345736234875537320e+03 -6.589639681485020446e+03 -3.874473931804923943e+00 1.244177880212228793e+01 8.206365556544952256e+00 -3.821740699512161943e-02 6.909667543699058445e-01 3.387292675091503722e-04 -1.657132244018219236e+00 7.380508583344352225e+00 -1.674986760347910320e+01 -6.843266879219600085e+00
-3.716707821679274826e+00 1.019167636843290552e+02 -3.314121835790946307e+02 -1.070259269752672026e+03 3.275033981699018568e+02 1.335755263417617825e+05 -6.589639681485020446e+03 3.395455384316085838e+04 1.383513303687507623e+01 -4.139354319014011452e+01 -1.811077916346670946e+01 1.372260750859199130e-01 -2.372853664541021423e+00 -2.509375022467781862e-03 4.899132688011461845e+00 -2.184750917842346851e+01 5.042997947301829953e+01 2.761129463091680947e+01
-1.403084060200713093e-03 5.358853317325057430e-02 -1.873374493284769293e-01 -5.815970736262663365e-01 4.724037565007320194e-01 7.288452000814139353e+01 -3.874473931804923943e+00 1.383513303687507623e+01 8.801690874468736173e-03 -2.099915063958040021e-02 -1.393407171982984777e-02 5.476517439187949924e-05 -1.162642020846563814e-03 1.258809333559781413e-06 2.591636202236858363e-03 -1.019994602658828506e-02 2.292392900113387338e-02 3.874681666681187298e-03
9.289912496438004416e-03 -2.105221887350768595e-01 5.659557248773351423e-01 1.892866070936377598e+00 -7.597687055125299516e-01 -2.879102448361410893e+02 1.244177880212228793e+01 -4.139354319014011452e+01 -2.099915063958040021e-02 7.840737872369479833e-02 4.890368370292867695e-02 -2.176017154530462462e-04 4.396965654203329604e-03 1.105288457166011366e-05 -1.052392423212549291e-02 5.101504180278587652e-02 -1.171282776462513747e-01 -5.904129034262614595e-02
5.021187360624805064e-03 -1.523822439931031558e-01 3.994476907641893448e-01 1.231886151918868633e+00 -1.276902123795557564e+00 -2.034728740294162890e+02 8.206365556544952256e+00 -1.811077916346670946e+01 -1.393407171982984777e-02 4.890368370292867695e-02 4.846024504271378291e-02 -8.757535979115293990e-05 2.912638991033409362e-03 1.295353994598667956e-06 -7.717949056978456665e-03 3.500053193495017423e-02 -6.302284595804255596e-02 -1.874090255003131589e-02
-2.718165179500555472e-05 6.174374827151540672e-04 -1.510874467101800322e-03 -5.054050714929989377e-03 2.525900523795079227e-04 7.062089088493944677e-01 -3.821740699512161943e-02 1.372260750859199130e-01 5.476517439187949924e-05 -2.176017154530462462e-04 -8.757535979115293990e-05 1.575599219676825091e-06 -1.072559825872045795e-05 -4.164796361282822639e-08 2.769708194776191986e-05 -1.310408176306669399e-04 2.931612591268874897e-04 2.579769230256831599e-04
5.218708609206921742e-04 -1.236872930001383861e-02 3.223676292944737537e-02 1.051664152629899901e-01 -4.861375081617834437e-02 -1.632296428820016132e+01 6.909667543699058445e-01 -2.372853664541021423e+00 -1.162642020846563814e-03 4.396965654203329604e-03 2.912638991033409362e-03 -1.072559825872045795e-05 2.702749938717206890e-04 5.410501301976050964e-07 -6.147924462216700385e-04 2.972389105945222841e-03 -6.233951462924553454e-03 -3.377540284858980210e-03
3.320570055098343412e-06 -1.715317098671733520e-05 -1.137407642650144764e-05 1.174863360285353936e-04 5.141527422924275365e-04 -4.076291141489549880e-02 3.387292675091503722e-04 -2.509375022467781862e-03 1.258809333559781413e-06 1.105288457166011366e-05 1.295353994598667956e-06 -4.164796361282822639e-08 5.410501301976050964e-07 1.650264783766390813e-08 -1.488977146481102385e-06 9.827818750719429755e-06 -3.022986605857869158e-05 -2.779217953098572414e-05
-1.243613256546541139e-03 2.993305989906513281e-02 -7.597165979562990612e-02 -2.511978381469112676e-01 1.453762534391283279e-01 4.043740532043207025e+01 -1.657132244018219236e+00 4.899132688011461845e+00 2.591636202236858363e-03 -1.052392423212549291e-02 -7.717949056978456665e-03 2.769708194776191986e-05 -6.147924462216700385e-04 -1.488977146481102385e-06 1.551014782793722936e-03 -7.154462202119750078e-03 1.486615980055610090e-02 7.759465389282208143e-03
7.812025752921177880e-03 -1.569464765595367794e-01 3.268852540024644315e-01 1.122942381334216755e+00 -1.373212121555903720e-01 -2.021391351613052905e+02 7.380508583344352225e+00 -2.184750917842346851e+01 -1.019994602658828506e-02 5.101504180278587652e-02 3.500053193495017423e-02 -1.310408176306669399e-04 2.972389105945222841e-03 9.827818750719429755e-06 -7.154462202119750078e-03 4.432944138183838451e-02 -9.545811193850770038e-02 -5.638050500531495424e-02
-1.929656985245693443e-02 3.086993506428851175e-01 -7.105115180658843066e-01 -2.660628996025542925e+00 -4.643295937822041197e-01 4.530878287800233011e+02 -1.674986760347910320e+01 5.042997947301829953e+01 2.292392900113387338e-02 -1.171282776462513747e-01 -6.302284595804255596e-02 2.931612591268874897e-04 -6.233951462924553454e-03 -3.022986605857869158e-05 1.486615980055610090e-02 -9.545811193850770038e-02 2.751911614151338892e-01 1.340249667900993980e-01
-1.329901037713998417e-02 1.791579228327255802e-01 -2.051917603701145232e-01 -9.946155570262801282e-01 -1.466831468092192559e+00 2.181878421711869862e+02 -6.843266879219600085e+00 2.761129463091680947e+01 3.874681666681187298e-03 -5.904129034262614595e-02 -1.874090255003131589e-02 2.579769230256831599e-04 -3.377540284858980210e-03 -2.779217953098572414e-05 7.759465389282208143e-03 -5.638050500531495424e-02 1.340249667900993980e-01 1.308803924574851452e-01
1.281849545288836489e-03 -1.636423158581519835e-02 2.832906798425045142e-02 1.137403054497932303e-01 9.139090496232786520e-02 -2.150500948757517961e+01 7.196412252971191581e-01 -2.400158057329368155e+00 -7.483021277209158263e-04 5.852511523160512652e-03 2.610698991167930989e-03 -1.989670557416265459e-05 3.187612135962080828e-04 2.442021742068268703e-06 -7.574022840710588952e-04 4.983746787784912660e-03 -1.268818071717038067e-02 -9.533159962079564703e-03
-1.636423158581519835e-02 4.934111383769620995e-01 -1.238741360919805690e+00 -3.880151017831120264e+00 3.260748322935735910e+00 6.334448450760957030e+02 -2.698528435371866507e+01 7.081913606489190727e+01 4.442120690886564027e-02 -1.560603397300657502e-01 -1.365484188585747716e-01 3.240580681930046352e-04 -9.577386493810990595e-03 -5.722351490511435579e-07 2.331116288009494122e-02 -1.151918381790534573e-01 2.142653875028218136e-01 8.778816993621371689e-02
2.832906798425045142e-02 -1.238741360919805690e+00 4.288637061398321570e+00 1.223523968221999780e+01 -1.412009803464751378e+01 -1.719068240642279761e+03 8.310329779507955550e+01 -2.323349274626872898e+02 -1.582827843762046605e-01 4.376261701779338154e-01 4.001981525867962519e-01 -6.735930129708150686e-04 2.661699200395585205e-02 -4.924151582489553835e-05 -6.351830931151171422e-02 2.583794837460864358e-01 -5.057853720819107668e-01 -1.546176389032181270e-02
1.137403054497932303e-01 -3.880151017831120264e+00 1.223523968221999780e+01 3.862286202967928972e+01 -3.591140180430650730e+01 -5.548081838134277859e+03 2.565134298422169081e+02 -7.426343189471456299e+02 -4.748288370528491176e-01 1.419286008128050280e+00 1.171303850595395213e+00 -2.495312267558488784e-03 8.347509027596825004e-02 -3.054162258098857820e-05 -2.010835636745192945e-01 8.544531341024366178e-01 -1.857933448682792310e+00 -3.462082384240086630e-01
9.139090496232786520e-02 3.260748322935735910e+00 -1.412009803464751378e+01 -3.591140180430650730e+01 1.032794948800137576e+02 5.049690458320187645e+03 -2.645993554691883674e+02 3.098161753688025897e+02 5.772514581063399319e-01 -9.827343911487910200e-01 -1.901419282592247351e+00 -2.431119876647606752e-03 -7.274949064038638280e-02 6.681697726389241188e-04 1.981602679405333189e-01 -4.110613666385923848e-01 -5.121441488129309383e-02 -1.923647754315924718e+00
-2.150500948757517961e+01 6.334448450760957030e+02 -1.719068240642279761e+03 -5.548081838134277859e+03 5.049690458320187645e+03 8.994565032659214921e+05 -3.730857015160685842e+04 9.378851086152083008e+04 6.291615546591892638e+01 -2.178852824252580263e+02 -1.932809030718019585e+02 3.269529086502244164e-01 -1.307817057258921167e+01 -9.291674458840961520e-03 3.249583609577494059e+01 -1.522366826567867406e+02 3.161424801210156943e+02 9.348531442844706874e+01
7.196412252971191581e-01 -2.698528435371866507e+01 8.310329779507955550e+01 2.565134298422169081e+02 -2.645993554691883674e+02 -3.730857015160685842e+04 1.887013968880110269e+03 -4.615053293993221814e+03 -3.240390076213541359e+00 9.482759237543321618e+00 8.110317391140309695e+00 -1.888962819400344384e-02 5.614933866828905051e-01 -5.947470966425740056e-04 -1.358372585294815194e+00 5.718783148498785884e+00 -1.180346463380059774e+01 -2.173792657181990329e+00
-2.400158057329368155e+00 7.081913606489190727e+01 -2.323349274626872898e+02 -7.426343189471456299e+02 3.098161753688025897e+02 9.378851086152083008e+04 -4.615053293993221814e+03 2.279448054476130346e+04 9.681038119957221966e+00 -2.838418699345146123e+01 -1.390034822677572457e+01 8.676950941807247408e-02 -1.651833971289159431e+00 -1.077016055414912543e-03 3.438025415798577011e+00 -1.507890215654955846e+01 3.393339563826917527e+01 1.663322998498039240e+01
-7.483021277209158263e-04 4.442120690886564027e-02 -1.582827843762046605e-01 -4.748288370528491176e-01 5.772514581063399319e-01 6.291615546591892638e+01 -3.240390076213541359e+00 9.681038119957221966e+00 7.203915660284261266e-03 -1.641512122390392792e-02 -1.464807366503988878e-02 2.316866261315078245e-05 -9.803571520752502391e-04 2.507036135730626258e-06 2.243176102847230669e-03 -8.420431752767241693e-03 1.657062662340349352e-02 -2.269549190947625812e-03
5.852511523160512652e-03 -1.560603397300657502e-01 4.376261701779338154e-01 1.419286008128050280e+00 -9.827343911487910200e-01 -2.178852824252580263e+02 9.482759237543321618e+00 -2.838418699345146123e+01 -1.641512122390392792e-02 5.662392790111288321e-02 4.232746336423935662e-02 -1.206452863457125300e-04 3.301064018717231579e-03 4.335361786518317358e-06 -7.947757700463364133e-03 3.694001226863095899e-02 -8.040342065665956328e-02 -3.053309736584584877e-02
2.610698991167930989e-03 -1.365484188585747716e-01 4.001981525867962519e-01 1.171303850595395213e+00 -1.901419282592247351e+00 -1.932809030718019585e+02 8.110317391140309695e+00 -1.390034822677572457e+01 -1.464807366503988878e-02 4.232746336423935662e-02 5.380146693925610957e-02 -5.004536415879041228e-06 2.764505034332099230e-03 -5.796811767355277106e-06 -7.215301701139109798e-03 2.986979258633494505e-02 -4.731309730469595437e-02 6.854756973610763235e-03
-1.989670557416265459e-05 3.240580681930046352e-04 -6.735930129708150686e-04 -2.495312267558488784e-03 -2.431119876647606752e-03 3.269529086502244164e-01 -1.888962819400344384e-02 8.676950941807247408e-02 2.316866261315078245e-05 -1.206452863457125300e-04 -5.004536415879041228e-06 1.180541784141727797e-06 -5.096577730537433873e-06 -4.417655456711401142e-08 1.329454595196173632e-05 -7.094782566994423687e-05 1.818483302295241977e-04 2.194487905538519180e-04
3.187612135962080828e-04 -9.577386493810990595e-03 2.661699200395585205e-02 8.347509027596825004e-02 -7.274949064038638280e-02 -1.307817057258921167e+01 5.614933866828905051e-01 -1.651833971289159431e+00 -9.803571520752502391e-04 3.301064018717231579e-03 2.764505034332099230e-03 -5.096577730537433873e-06 2.116366766989425047e-04 1.038542403318955884e-07 -4.888217045540580678e-04 2.229061451251117699e-03 -4.350318708597520657e-03 -1.502660820249028268e-03
2.442021742068268703e-06 -5.722351490511435579e-07 -4.924151582489553835e-05 -3.054162258098857820e-05 6.681697726389241188e-04 -9.291674458840961520e-03 -5.947470966425740056e-04 -1.077016055414912543e-03 2.507036135730626258e-06 4.335361786518317358e-06 -5.796811767355277106e-06 -4.417655456711401142e-08 1.038542403318955884e-07 1.305557078729408732e-08 -3.490603217242152643e-07 4.523684211833201741e-06 -1.851070218481087052e-05 -2.451998038123070272e-05
-7.574022840710588952e-04 2.331116288009494122e-02 -6.351830931151171422e-02 -2.010835636745192945e-01 1.981602679405333189e-01 3.249583609577494059e+01 -1.358372585294815194e+00 3.438025415798577011e+00 2.243176102847230669e-03 -7.947757700463364133e-03 -7.215301701139109798e-03 1.329454595196173632e-05 -4.888217045540580678e-04 -3.490603217242152643e-07 1.232828397638829031e-03 -5.396420748642111707e-03 1.041416494347800932e-02 3.301586114083902932e-03
4.983746787784912660e-03 -1.151918381790534573e-01 2.583794837460864358e-01 8.544531341024366178e-01 -4.110613666385923848e-01 -1.522366826567867406e+02 5.718783148498785884e+00 -1.507890215654955846e+01 -8.420431752767241693e-03 3.694001226863095899e-02 2.986979258633494505e-02 -7.094782566994423687e-05 2.229061451251117699e-03 4.523684211833201741e-06 -5.396420748642111707e-03 3.152726858962372897e-02 -6.523219130465529592e-02 -3.168750377991902401e-02
-1.268818071717038067e-02 2.142653875028218136e-01 -5.057853720819107668e-01 -1.857933448682792310e+00 -5.121441488129309383e-02 3.161424801210156943e+02 -1.180346463380059774e+01 3.393339563826917527e+01 1.657062662340349352e-02 -8.040342065665956328e-02 -4.731309730469595437e-02 1.818483302295241977e-04 -4.350318708597520657e-03 -1.851070218481087052e-05 1.041416494347800932e-02 -6.523219130465529592e-02 1.847233701471086842e-01 8.459904778563273609e-02
-9.533159962079564703e-03 8.778816993621371689e-02 -1.546176389032181270e-02 -3.462082384240086630e-01 -1.923647754315924718e+00 9.348531442844706874e+01 -2.173792657181990329e+00 1.663322998498039240e+01 -2.269549190947625812e-03 -3.053309736584584877e-02 6.854756973610763235e-03 2.194487905538519180e-04 -1.502660820249028268e-03 -2.451998038123070272e-05 3.301586114083902932e-03 -3.168750377991902401e-02 8.459904778563273609e-02 1.046565131360078921e-01
9.874044677547883474e-04 -1.150100525797208458e-02 1.816003511421397307e-02 7.760818310292855182e-02 9.334211811312803642e-02 -1.493368773017976103e+01 4.796291905962202784e-01 -1.757967728619388659e+00 -4.368531538509206778e-04 4.194267862699769915e-03 1.472276413805120822e-03 -1.621362798376617989e-05 2.201788914696943067e-04 2.015334252389407886e-06 -5.242505332679088656e-04 3.607762949702263914e-03 -9.491886264347963384e-03 -7.664774684660926977e-03
-1.150100525797208458e-02 3.927596297228689859e-01 -1.020731697952696804e+00 -3.139335556352074175e+00 3.186139130277820808e+00 5.108773624306378451e+02 -2.201555238617425303e+01 5.438362514778916079e+01 3.700428903517254120e-02 -1.228834072153715401e-01 -1.168735994575298143e-01 2.045128492767984464e-04 -7.742947452694440985e-03 4.920691835851294672e-06 1.879259158067121335e-02 -9.021785429704656800e-02 1.615593940410922080e-01 5.051777513966564104e-02
1.816003511421397307e-02 -1.020731697952696804e+00 3.585283720919758998e+00 1.009928797454650429e+01 -1.356624841976175588e+01 -1.433549828432528784e+03 6.948265171914452765e+01 -1.793696993026165671e+02 -1.335481852605259756e-01 3.517700493809721163e-01 3.583602729469692050e-01 -3.506106259321263401e-04 2.221956226946028221e-02 -5.843379354581525490e-05 -5.291535060543265528e-02 2.092665877619290793e-01 -3.829370296615521307e-01 4.983368061279298822e-02
7.760818310292855182e-02 -3.139335556352074175e+00 1.009928797454650429e+01 3.127633035466912403e+01 -3.437977325686253494e+01 -4.522397483159632429e+03 2.102726319544694888e+02 -5.698152883484901849e+02 -3.932125093185310782e-01 1.123477291683676160e+00 1.024134278060847780e+00 -1.485030812067856349e-03 6.825248691113094957e-02 -7.651181856763282507e-05 -1.640282985811180039e-01 6.795867538582264222e-01 -1.402765629498394340e+00 -1.061575514334507919e-01
9.334211811312803642e-02 3.186139130277820808e+00 -1.356624841976175588e+01 -3.437977325686253494e+01 1.014063755866342262e+02 4.949287910241313512e+03 -2.562100796897263990e+02 2.740861193748746700e+02 5.526543398851098132e-01 -9.271523712959307550e-01 -1.894782366004084118e+00 -3.064548978933184353e-03 -7.277253804139410809e-02 6.747311837901115222e-04 1.911351360213337791e-01 -4.334307444321941483e-01 -9.066327337806136255e-03 -1.936855455212517008e+00
-1.493368773017976103e+01 5.108773624306378451e+02 -1.433549828432528784e+03 -4.522397483159632429e+03 4.949287910241313512e+03 7.311251225938799325e+05 -3.077606312136324777e+04 7.237867545413553307e+04 5.298355084585014652e+01 -1.726670551119860306e+02 -1.676949899657545870e+02 1.850907915129025860e-01 -1.069097264706926076e+01 1.364347875524978384e-03 2.643895438275852072e+01 -1.202318692871076564e+02 2.386479626867817956e+02 4.620250565342986704e+01
4.796291905962202784e-01 -2.201555238617425303e+01 6.948265171914452765e+01 2.102726319544694888e+02 -2.562100796897263990e+02 -3.077606312136324777e+04 1.553912431509627822e+03 -3.560313128071301435e+03 -2.718056733097927058e+00 7.567942155739141086e+00 7.211956610250610744e+00 -1.116228289488804815e-02 4.648690682381149131e-01 -8.640111261512714276e-04 -1.121026490685115506e+00 4.588834171634322168e+00 -8.919956203242312753e+00 -4.363752581506248895e-01
-1.757967728619388659e+00 5.438362514778916079e+01 -1.793696993026165671e+02 -5.698152883484901849e+02 2.740861193748746700e+02 7.237867545413553307e+04 -3.560313128071301435e+03 1.716167518015177120e+04 7.465339278505031650e+00 -2.161836324526591468e+01 -1.124276530007113095e+01 6.289637791310988268e-02 -1.270229919854171552e+00 -5.163968282021742882e-04 2.652849525454885615e+00 -1.152588690794987869e+01 2.551534290773339109e+01 1.162026207201109962e+01
-4.368531538509206778e-04 3.700428903517254120e-02 -1.335481852605259756e-01 -3.932125093185310782e-01 5.526543398851098132e-01 5.298355084585014652e+01 -2.718056733097927058e+00 7.465339278505031650e+00 5.999055503823019428e-03 -1.325698107105860793e-02 -1.332766590475052172e-02 1.115351588549681865e-05 -8.260239761998731641e-04 2.747067895020685003e-06 1.894503928402701144e-03 -6.938163673135592201e-03 1.256929305257467946e-02 -4.174816885578655143e-03
4.194267862699769915e-03 -1.228834072153715401e-01 3.517700493809721163e-01 1.123477291683676160e+00 -9.271523712959307550e-01 -1.726670551119860306e+02 7.567942155739141086e+00 -2.161836324526591468e+01 -1.325698107105860793e-02 4.398008139315308374e-02 3.546422817584923837e-02 -8.063151910107493122e-05 2.619862531906311243e-03 1.895128093842897753e-06 -6.298967731628407965e-03 2.869361793316894949e-02 -6.056204740175707285e-02 -1.899102520652478157e-02
1.472276413805120822e-03 -1.168735994575298143e-01 3.583602729469692050e-01 1.024134278060847780e+00 -1.894782366004084118e+00 -1.676949899657545870e+02 7.211956610250610744e+00 -1.124276530007113095e+01 -1.332766590475052172e-02 3.546422817584923837e-02 4.951858661397016970e-02 2.053368807191499130e-05 2.429360443074602815e-03 -7.738513399073157080e-06 -6.243147538718908998e-03 2.484373394758436146e-02 -3.605883958201275274e-02 1.481301519621208186e-02
-1.621362798376617989e-05 2.045128492767984464e-04 -3.506106259321263401e-04 -1.485030812067856349e-03 -3.064548978933184353e-03 1.850907915129025860e-01 -1.116228289488804815e-02 6.289637791310988268e-02 1.115351588549681865e-05 -8.063151910107493122e-05 2.053368807191499130e-05 9.492539634449933473e-07 -2.877620375048046772e-06 -4.219311474664759452e-08 7.768518742738039122e-06 -4.672185022531237053e-05 1.349757560672012655e-04 1.902126441703740122e-04
2.201788914696943067e-04 -7.742947452694440985e-03 2.221956226946028221e-02 6.825248691113094957e-02 -7.277253804139410809e-02 -1.069097264706926076e+01 4.648690682381149131e-01 -1.270229919854171552e+00 -8.260239761998731641e-04 2.619862531906311243e-03 2.429360443074602815e-03 -2.877620375048046772e-06 1.725139315856037497e-04 -5.350094218898259138e-08 -3.988822172408186843e-04 1.766279755753396869e-03 -3.284953825277847107e-03 -7.509927504740299478e-04
2.015334252389407886e-06 4.920691835851294672e-06 -5.843379354581525490e-05 -7.651181856763282507e-05 6.747311837901115222e-04 1.364347875524978384e-03 -8.640111261512714276e-04 -5.163968282021742882e-04 2.747067895020685003e-06 1.895128093842897753e-06 -7.738513399073157080e-06 -4.219311474664759452e-08 -5.350094218898259138e-08 1.106956498759004038e-08 4.356977263995811359e-08 2.494897825606071216e-06 -1.372604221035670418e-05 -2.200328015574477998e-05
-5.242505332679088656e-04 1.879259158067121335e-02 -5.291535060543265528e-02 -1.640282985811180039e-01 1.911351360213337791e-01 2.643895438275852072e+01 -1.121026490685115506e+00 2.652849525454885615e+00 1.894503928402701144e-03 -6.298967731628407965e-03 -6.243147538718908998e-03 7.768518742738039122e-06 -3.988822172408186843e-04 4.356977263995811359e-08 1.000172344927909495e-03 -4.268750153625678126e-03 7.866622085749864005e-03 1.600591940935783882e-03
3.607762949702263914e-03 -9.021785429704656800e-02 2.092665877619290793e-01 6.795867538582264222e-01 -4.334307444321941483e-01 -1.202318692871076564e+02 4.588834171634322168e+00 -1.152588690794987869e+01 -6.938163673135592201e-03 2.869361793316894949e-02 2.484373394758436146e-02 -4.672185022531237053e-05 1.766279755753396869e-03 2.494897825606071216e-06 -4.268750153625678126e-03 2.428812530102610404e-02 -4.907344913481172244e-02 -2.118056674688167940e-02
-9.491886264347963384e-03 1.615593940410922080e-01 -3.829370296615521307e-01 -1.402765629498394340e+00 -9.066327337806136255e-03 2.386479626867817956e+02 -8.919956203242312753e+00 2.551534290773339109e+01 1.256929305257467946e-02 -6.056204740175707285e-02 -3.605883958201275274e-02 1.349757560672012655e-04 -3.284953825277847107e-03 -1.372604221035670418e-05 7.866622085749864005e-03 -4.907344913481172244e-02 1.386435573809945421e-01 6.289633636818381390e-02
-7.664774684660926977e-03 5.051777513966564104e-02 4.983368061279298822e-02 -1.061575514334507919e-01 -1.936855455212517008e+00 4.620250565342986704e+01 -4.363752581506248895e-01 1.162026207201109962e+01 -4.174816885578655143e-03 -1.899102520652478157e-02 1.481301519621208186e-02 1.902126441703740122e-04 -7.509927504740299478e-04 -2.200328015574477998e-05 1.600591940935783882e-03 -2.118056674688167940e-02 6.289633636818381390e-02 8.870531891674778013e-02
8.256790429885294642e-04 -8.621144634823597191e-03 1.149774039325216456e-02 5.498466214649325862e-02 9.901342651870619072e-02 -1.100536027922599835e+01 3.263607151437266651e-01 -1.346501177826970652e+00 -2.291819824338787559e-04 3.196957523152547161e-03 7.619361526638727044e-04 -1.437807288273187302e-05 1.593341714752210018e-04 1.821233280040362652e-06 -3.831752617868489563e-04 2.819797412683558088e-03 -7.659931998626372598e-03 -6.692688815611034028e-03
-8.621144634823597191e-03 3.236924301166310691e-01 -8.649471136591916354e-01 -2.624896957015444343e+00 2.942583204784394724e+00 4.239444316191983830e+02 -1.853035600173767250e+01 4.437094670662738594e+01 3.153568401095550866e-02 -1.008124401047655327e-01 -1.002986717885109569e-01 1.407290155978539281e-04 -6.464000366899797997e-03 7.319523731550503416e-06 1.561685529311906961e-02 -7.329926656453926437e-02 1.281202544570417268e-01 3.128484384712378052e-02
1.149774039325216456e-02 -8.649471136591916354e-01 3.120537294541065432e+00 8.669846752750258290e+00 -1.289585911666693896e+01 -1.225299622084834709e+03 6.036200566545287671e+01 -1.482952165344698017e+02 -1.168807492401550130e-01 2.944727589551224822e-01 3.216067685787886710e-01 -1.616970460871632541e-04 1.917443233965827193e-02 -6.432835253556754940e-05 -4.534699765879736388e-02 1.729399483204622778e-01 -3.004132936128011133e-01 8.719773874951829151e-02
5.498466214649325862e-02 -2.624896957015444343e+00 8.669846752750258290e+00 2.640281878419569850e+01 -3.228915865752070147e+01 -3.801801234956600638e+03 1.793941984406824304e+02 -4.669505631048512555e+02 -3.380753429192712156e-01 9.293036980071520681e-01 9.012204405828128095e-01 -9.094692623145142832e-04 5.787652506944029884e-02 -1.023884470832953623e-04 -1.382810671901018584e-01 5.566886051713058059e-01 -1.108307076054151352e+00 2.605386994808225887e-02
9.901342651870619072e-02 2.942583204784394724e+00 -1.289585911666693896e+01 -3.228915865752070147e+01 9.762716324798401502e+01 4.596422644043555010e+03 -2.436566872088958178e+02 2.582524589007006739e+02 5.234269562058282421e-01 -8.479313848590653846e-01 -1.798584971064345561e+00 -3.408155966859479150e-03 -6.956136372740574780e-02 6.816882137551592532e-04 1.773685734233852451e-01 -3.922246512212094749e-01 -5.390746957221407426e-02 -1.930981640804338539e+00
-1.100536027922599835e+01 4.239444316191983830e+02 -1.225299622084834709e+03 -3.801801234956600638e+03 4.596422644043555010e+03 6.094871173952149693e+05 -2.610815880693970757e+04 5.934226070755100955e+04 4.551656409404805004e+01 -1.421959704597517771e+02 -1.451138529052443573e+02 1.110477393499837567e-01 -8.989109912329761087e+00 6.570537043047394200e-03 2.209279533477737090e+01 -9.796611026149682289e+01 1.890858269399871006e+02 2.218824090901093626e+01
3.263607151437266651e-01 -1.853035600173767250e+01 6.036200566545287671e+01 1.793941984406824304e+02 -2.436566872088958178e+02 -2.610815880693970757e+04 1.333492718989944706e+03 -2.938390430297708463e+03 -2.364566137982659910e+00 6.301428819700017669e+00 6.431835888048128780e+00 -6.679224135179448463e-03 3.983867596047124815e-01 -1.024120573780552259e-03 -9.539338615617600770e-01 3.776521989378860411e+00 -7.023672540013487620e+00 5.475788996714349155e-01
-1.346501177826970652e+00 4.437094670662738594e+01 -1.482952165344698017e+02 -4.669505631048512555e+02 2.582524589007006739e+02 5.934226070755100955e+04 -2.938390430297708463e+03 1.382549038565751471e+04 6.161837919612572101e+00 -1.753581726351154302e+01 -9.642534585366352218e+00 4.801300705462031859e-02 -1.042285461820736447e+00 -7.499172992612254294e-05 2.178215305040112071e+00 -9.308154847801684895e+00 2.028115936085588800e+01 8.384036606550363757e+00
-2.291819824338787559e-04 3.153568401095550866e-02 -1.168807492401550130e-01 -3.380753429192712156e-01 5.234269562058282421e-01 4.551656409404805004e+01 -2.364566137982659910e+00 6.161837919612572101e+00 5.198679779751946492e-03 -1.112583346220819003e-02 -1.205447149753905399e-02 4.197773550177734453e-06 -7.165497447395978176e-04 2.896993081025461554e-06 1.635802254157427095e-03 -5.773039584552260538e-03 9.821615222060552791e-03 -5.222302730313203856e-03
3.196957523152547161e-03 -1.008124401047655327e-01 2.944727589551224822e-01 9.293036980071520681e-01 -8.479313848590653846e-01 -1.421959704597517771e+02 6.301428819700017669e+00 -1.753581726351154302e+01 -1.112583346220819003e-02 3.585474110297609540e-02 3.018840034429231059e-02 -5.830208319460939635e-05 2.168219026341879074e-03 6.005362788180894088e-07 -5.195039908326344949e-03 2.324125242292814433e-02 -4.813120293095741326e-02 -1.272204065199683369e-02
7.619361526638727044e-04 -1.002986717885109569e-01 3.216067685787886710e-01 9.012204405828128095e-01 -1.798584971064345561e+00 -1.451138529052443573e+02 6.431835888048128780e+00 -9.642534585366352218e+00 -1.205447149753905399e-02 3.018840034429231059e-02 4.448308579446550587e-02 3.281133502946667483e-05 2.137907512131915089e-03 -8.620423223901857730e-06 -5.414250017050985415e-03 2.067364184617042147e-02 -2.805452208189996438e-02 1.839050802072136545e-02
-1.437807288273187302e-05 1.407290155978539281e-04 -1.616970460871632541e-04 -9.094692623145142832e-04 -3.408155966859479150e-03 1.110477393499837567e-01 -6.679224135179448463e-03 4.801300705462031859e-02 4.197773550177734453e-06 -5.830208319460939635e-05 3.281133502946667483e-05 8.145033924971466294e-07 -1.642761180595450364e-06 -4.196940214328247794e-08 4.792262038397016612e-06 -3.473703547855883485e-05 1.106314509399656577e-04 1.742346714005969831e-04
1.593341714752210018e-04 -6.464000366899797997e-03 1.917443233965827193e-02 5.787652506944029884e-02 -6.956136372740574780e-02 -8.989109912329761087e+00 3.983867596047124815e-01 -1.042285461820736447e+00 -7.165497447395978176e-04 2.168219026341879074e-03 2.137907512131915089e-03 -1.642761180595450364e-06 1.457694030050577579e-04 -1.404325987156347330e-07 -3.358439180838439231e-04 1.444123967871294677e-03 -2.595038699030201377e-03 -3.377471666349023864e-04
1.821233280040362652e-06 7.319523731550503416e-06 -6.432835253556754940e-05 -1.023884470832953623e-04 6.816882137551592532e-04 6.570537043047394200e-03 -1.024120573780552259e-03 -7.499172992612254294e-05 2.896993081025461554e-06 6.005362788180894088e-07 -8.620423223901857730e-06 -4.196940214328247794e-08 -1.404325987156347330e-07 1.007399527365720080e-08 2.454653843439626873e-07 1.605851790170774738e-06 -1.138116554121465744e-05 -2.087923700424825594e-05
-3.831752617868489563e-04 1.561685529311906961e-02 -4.534699765879736388e-02 -1.382810671901018584e-01 1.773685734233852451e-01 2.209279533477737090e+01 -9.539338615617600770e-01 2.178215305040112071e+00 1.635802254157427095e-03 -5.195039908326344949e-03 -5.414250017050985415e-03 4.792262038397016612e-06 -3.358439180838439231e-04 2.454653843439626873e-07 8.362332569701329179e-04 -3.482529350781919837e-03 6.222320630754142427e-03 7.131085153138058989e-04
