3.698643227358947363e-03 -2.818473137025073847e-05 1.685768893481269688e-03 -3.463656089796750184e-04 2.403294065075113910e-04 2.019856938423037623e-02 4.801633075682131165e-03 1.011985192639130657e-02 -4.256718909565315853e-06 -5.167761448206562337e-06 -1.590230406806596875e-06 5.367014576852638152e-07 2.436869068701864143e-06 2.402060031288973030e-07 1.881641744810527448e-06 -8.558454390514122132e-06 -4.161876767126895720e-06 -3.986973232261021247e-06
-2.818473137025073847e-05 5.802966945028776441e-02 -1.500778911758576979e-02 3.083567407876654926e-03 -2.139565551106398754e-03 -1.798205382526960605e-01 -4.274719796914015768e-02 -9.009337175443755952e-02 3.789602476035112250e-05 4.600670609392489252e-05 1.415724461758269018e-05 -4.778058443946970303e-06 -2.169456159243785272e-05 -2.138466935578611975e-06 -1.675157408003049810e-05 7.619281573055027847e-05 3.705167956055540549e-05 3.549457681809901156e-05
1.685768893481269688e-03 -1.500778911758576979e-02 1.016505762994514441e+02 -1.844325549484522875e-01 1.279704604680499125e-01 1.075532229891737401e+01 2.556770744883673174e+00 5.388612778221548716e+00 -2.266615171469260701e-03 -2.751726564494972379e-03 -8.467649480213486650e-04 2.857824752781976531e-04 1.297582602786391580e-03 1.279047507098723317e-04 1.001935485209888566e-03 -4.557200740287536966e-03 -2.216113683465787028e-03 -2.122981152496980668e-03
-3.463656089796750184e-04 3.083567407876654926e-03 -1.844325549484522875e-01 1.700054929696777251e+01 -2.629338258810266782e-02 -2.209836575014833215e+00 -5.253255410617114762e-01 -1.107168458085623586e+00 4.657088805140203731e-04 5.653820348343258691e-04 1.739801096213049105e-04 -5.871814426533766146e-05 -2.666071192519213029e-04 -2.627988156759204162e-05 -2.058621415041106905e-04 9.363428259686633120e-04 4.553326191448950995e-04 4.361971932098409059e-04
2.403294065075113910e-04 -2.139565551106398754e-03 1.279704604680499125e-01 -2.629338258810266782e-02 3.013641179216179111e+01 1.533318259039601283e+00 3.645026302654860717e-01 7.682204339495162237e-01 -3.231369857674864826e-04 -3.922962481235141253e-04 -1.207179217722322088e-04 4.074219956213701526e-05 1.849881428160248464e-04 1.823457114819300220e-05 1.428396036078496761e-04 -6.496912794417180129e-04 -3.159373081090875268e-04 -3.026599923507847061e-04
2.019856938423037623e-02 -1.798205382526960605e-01 1.075532229891737401e+01 -2.209836575014833215e+00 1.533318259039601283e+00 3.110690091630162788e+05 3.063475159009216497e+01 6.456535620424750732e+01 -2.715816146881569124e-02 -3.297067596531678274e-02 -1.014578013681533344e-02 3.424192472660494892e-03 1.554739343898231541e-02 1.532530936936967077e-03 1.200500465680191635e-02 -5.460353178096329779e-02 -2.655306203117063779e-02 -2.543716536468412434e-02
4.801633075682131165e-03 -4.274719796914015768e-02 2.556770744883673174e+00 -5.253255410617114762e-01 3.645026302654860717e-01 3.063475159009216497e+01 3.633087792297475062e+03 1.534856969303749707e+01 -6.456077353933360220e-03 -7.837836691853172777e-03 -2.411869502082933468e-03 8.140039782750631628e-04 3.695948814847479537e-03 3.643154669185524712e-04 2.853847039227549662e-03 -1.298043040876104177e-02 -6.312232242004715832e-03 -6.046959675372924441e-03
1.011985192639130657e-02 -9.009337175443755952e-02 5.388612778221548716e+00 -1.107168458085623586e+00 7.682204339495162237e-01 6.456535620424750732e+01 1.534856969303749707e+01 1.151521726616243723e+04 -1.360673458745121321e-02 -1.651891044038652709e-02 -5.083221029626674124e-03 1.715582927266226477e-03 7.789527884419711161e-03 7.678259712058702578e-04 6.014726448761439220e-03 -2.735736604755610590e-02 -1.330356872489802875e-02 -1.274448412760898625e-02
-4.256718909565315853e-06 3.789602476035112250e-05 -2.266615171469260701e-03 4.657088805140203731e-04 -3.231369857674864826e-04 -2.715816146881569124e-02 -6.456077353933360220e-03 -1.360673458745121321e-02 1.064204040845051144e-02 6.948358429398849301e-06 2.138158071451929526e-06 -7.216265949877088310e-07 -3.276513419699769881e-06 -3.229710626855865887e-07 -2.529977710793972850e-06 1.150734400241947621e-05 5.595887466326693966e-06 5.360719403133933227e-06
-5.167761448206562337e-06 4.600670609392489252e-05 -2.751726564494972379e-03 5.653820348343258691e-04 -3.922962481235141253e-04 -3.297067596531678274e-02 -7.837836691853172777e-03 -1.651891044038652709e-02 6.948358429398849301e-06 2.233617214242032342e-03 2.595776485732134545e-06 -8.760724343808898821e-07 -3.977767875817995696e-06 -3.920948134212876666e-07 -3.071455164512636763e-06 1.397019863663654972e-05 6.793545012334030473e-06 6.508045199770398853e-06
-1.590230406806596875e-06 1.415724461758269018e-05 -8.467649480213486650e-04 1.739801096213049105e-04 -1.207179217722322088e-04 -1.014578013681533344e-02 -2.411869502082933468e-03 -5.083221029626674124e-03 2.138158071451929526e-06 2.595776485732134545e-06 2.262594360483199864e-03 -2.695861714361937520e-07 -1.224044006431355361e-06 -1.206559360185017652e-07 -9.451522568725039633e-07 4.298928053038778492e-06 2.090518681424833227e-06 2.002664300446425322e-06
5.367014576852638152e-07 -4.778058443946970303e-06 2.857824752781976531e-04 -5.871814426533766146e-05 4.074219956213701526e-05 3.424192472660494892e-03 8.140039782750631628e-04 1.715582927266226477e-03 -7.216265949877088310e-07 -8.760724343808898821e-07 -2.695861714361937520e-07 1.566532171199483013e-03 4.131138479749345552e-07 4.072127942110556383e-08 3.189881112993225471e-07 -1.450884691095327631e-06 -7.055483399365276672e-07 -6.758975584313275929e-07
2.436869068701864143e-06 -2.169456159243785272e-05 1.297582602786391580e-03 -2.666071192519213029e-04 1.849881428160248464e-04 1.554739343898231541e-02 3.695948814847479537e-03 7.789527884419711161e-03 -3.276513419699769881e-06 -3.977767875817995696e-06 -1.224044006431355361e-06 4.131138479749345552e-07 1.990362736680351564e-03 1.848931558472689979e-07 1.448351314456081897e-06 -6.587677330395185102e-06 -3.203510818622619165e-06 -3.068882765580825752e-06
2.402060031288973030e-07 -2.138466935578611975e-06 1.279047507098723317e-04 -2.627988156759204162e-05 1.823457114819300220e-05 1.532530936936967077e-03 3.643154669185524712e-04 7.678259712058702578e-04 -3.229710626855865887e-07 -3.920948134212876666e-07 -1.206559360185017652e-07 4.072127942110556383e-08 1.848931558472689979e-07 4.045519272402987670e-04 1.427662589017595133e-07 -6.493576785723764594e-07 -3.157750818887614262e-07 -3.025045837132393459e-07
1.881641744810527448e-06 -1.675157408003049810e-05 1.001935485209888566e-03 -2.058621415041106905e-04 1.428396036078496761e-04 1.200500465680191635e-02 2.853847039227549662e-03 6.014726448761439220e-03 -2.529977710793972850e-06 -3.071455164512636763e-06 -9.451522568725039633e-07 3.189881112993225471e-07 1.448351314456081897e-06 1.427662589017595133e-07 7.461552759951917352e-04 -5.086710987232807938e-06 -2.473608354134325811e-06 -2.369654568565965704e-06
-8.558454390514122132e-06 7.619281573055027847e-05 -4.557200740287536966e-03 9.363428259686633120e-04 -6.496912794417180129e-04 -5.460353178096329779e-02 -1.298043040876104177e-02 -2.735736604755610590e-02 1.150734400241947621e-05 1.397019863663654972e-05 4.298928053038778492e-06 -1.450884691095327631e-06 -6.587677330395185102e-06 -6.493576785723764594e-07 -5.086710987232807938e-06 6.255565329201229208e-02 1.125095376802723078e-05 1.077813064164740492e-05
-4.161876767126895720e-06 3.705167956055540549e-05 -2.216113683465787028e-03 4.553326191448950995e-04 -3.159373081090875268e-04 -2.655306203117063779e-02 -6.312232242004715832e-03 -1.330356872489802875e-02 5.595887466326693966e-06 6.793545012334030473e-06 2.090518681424833227e-06 -7.055483399365276672e-07 -3.203510818622619165e-06 -3.157750818887614262e-07 -2.473608354134325811e-06 1.125095376802723078e-05 1.190461173799676510e-02 5.241279495541739357e-06
-3.986973232261021247e-06 3.549457681809901156e-05 -2.122981152496980668e-03 4.361971932098409059e-04 -3.026599923507847061e-04 -2.543716536468412434e-02 -6.046959675372924441e-03 -1.274448412760898625e-02 5.360719403133933227e-06 6.508045199770398853e-06 2.002664300446425322e-06 -6.758975584313275929e-07 -3.068882765580825752e-06 -3.025045837132393459e-07 -2.369654568565965704e-06 1.077813064164740492e-05 5.241279495541739357e-06 2.033255642388013054e-02
1.186237842660074022e-03 -6.113801608922728605e-06 6.094666601578403080e-04 -8.430880969093872016e-05 -2.177616811011579402e-04 1.766935517628585861e-02 3.745620192631382919e-03 -5.418169334728094441e-04 -1.205072938191724631e-06 -2.838074829029276472e-06 -1.654668162870658955e-06 -2.331207118323006700e-06 5.917853968243436432e-07 -4.811984398218129611e-07 2.532535589810969916e-07 -6.308129164609735104e-06 3.044368181771019478e-06 -2.039402762795761167e-06
-6.113801608922728605e-06 1.857265320950485243e-02 -4.726358158809714459e-03 1.015586024275801818e-03 -1.005056481223843808e-03 -4.535834056895641370e-02 -1.127712170802399119e-02 -3.294010832763362429e-02 1.229751998794049898e-05 1.343434145196097495e-05 3.284480528100360431e-06 -4.250471738322776279e-06 -7.146688461191976711e-06 -1.291100330163722939e-06 -5.739836721187657809e-06 2.050061840940743644e-05 1.661480479605046768e-05 1.052802317170641883e-05
6.094666601578403080e-04 -4.726358158809714459e-03 3.253001932160438514e+01 -5.832324058673002409e-02 3.322873064472601362e-02 3.735353958565571286e+00 8.760565328440826915e-01 1.625295904667469538e+00 -7.212006141686232597e-04 -9.115897347290172941e-04 -3.009905814815147431e-04 2.585998875734182812e-05 4.102995181091470393e-04 2.630531944997738887e-05 3.114770921206924757e-04 -1.551841780918130059e-03 -5.944779027349751449e-04 -6.993635254007278534e-04
-8.430880969093872016e-05 1.015586024275801818e-03 -5.832324058673002409e-02 5.440439151526796913e+00 -1.133938923371717762e-02 -5.958944181924735739e-01 -1.461718628110924290e-01 -3.918240959950517466e-01 1.505863310201245846e-04 1.691634069494267728e-04 4.429798604685359031e-05 -4.363955055192893641e-05 -8.718090142778083744e-05 -1.395012341423089534e-05 -6.933954598118755573e-05 2.641918362443548417e-04 1.891538125881186288e-04 1.320022311266703073e-04
-2.177616811011579402e-04 -1.005056481223843808e-03 3.322873064472601362e-02 -1.133938923371717762e-02 9.676147421976178720e+00 -7.451061483708634192e-01 -1.269766558183934579e-01 6.627045793689765318e-01 -1.207261724064004311e-04 5.078900389228188365e-06 8.772754833389125463e-05 2.890609802035682698e-04 7.993009475860532920e-05 6.737794910786837680e-05 8.418197301481365844e-05 1.857319557869630715e-04 -5.837002885285830093e-04 -1.264516903668003573e-05
1.766935517628585861e-02 -4.535834056895641370e-02 3.735353958565571286e+00 -5.958944181924735739e-01 -7.451061483708634192e-01 9.958907760989766393e+04 1.906758266199588547e+01 4.807726876562755436e+00 -8.031865328635730619e-03 -1.551768842309260259e-02 -8.051855677485434196e-03 -9.401078531188039947e-03 4.186682591888062598e-03 -1.849987432641279125e-03 2.378511054899943352e-03 -3.244249648668267455e-02 9.855694826046678889e-03 -1.134214058874979426e-02
3.745620192631382919e-03 -1.127712170802399119e-02 8.760565328440826915e-01 -1.461718628110924290e-01 -1.269766558183934579e-01 1.906758266199588547e+01 1.164414476077404743e+03 1.786268141734525861e+00 -1.936080461326592774e-03 -3.487309085765661135e-03 -1.719089542266083633e-03 -1.808846519911574751e-03 1.027263172528752183e-03 -3.448015635889412978e-04 6.247995403409288941e-04 -7.104776750332406597e-03 1.598105172199013133e-03 -2.566313526716478347e-03
-5.418169334728094441e-04 -3.294010832763362429e-02 1.625295904667469538e+00 -3.918240959950517466e-01 6.627045793689765318e-01 4.807726876562755436e+00 1.786268141734525861e+00 3.690217440162211915e+03 -4.576376594146813401e-03 -3.610458967305003441e-03 -5.642268141717394249e-06 4.089984400266471511e-03 2.758635924656202467e-03 1.035214072543762459e-03 2.418271469574163023e-03 -3.704590298406941744e-03 -1.044823425229248273e-02 -2.997988519258259262e-03
-1.205072938191724631e-06 1.229751998794049898e-05 -7.212006141686232597e-04 1.505863310201245846e-04 -1.207261724064004311e-04 -8.031865328635730619e-03 -1.936080461326592774e-03 -4.576376594146813401e-03 3.405462164659224782e-03 2.153848928267371518e-06 6.168537661559938996e-07 -3.780593394184433513e-07 -1.059536833013345715e-06 -1.361571822893792952e-07 -8.301016892581377252e-07 3.472517483343256499e-06 2.047941999722947602e-06 1.670542808132003729e-06
-2.838074829029276472e-06 1.343434145196097495e-05 -9.115897347290172941e-04 1.691634069494267728e-04 5.078900389228188365e-06 -1.551768842309260259e-02 -3.487309085765661135e-03 -3.610458967305003441e-03 2.153848928267371518e-06 7.152825000368692515e-04 1.338531624007873936e-06 8.291114450873852573e-07 -1.189547486156156129e-06 1.218964443521313602e-07 -8.282252539381116317e-07 6.052641069493126574e-06 2.341603060569503118e-07 2.421033963641218602e-06
-1.654668162870658955e-06 3.284480528100360431e-06 -3.009905814815147431e-04 4.429798604685359031e-05 8.772754833389125463e-05 -8.051855677485434196e-03 -1.719089542266083633e-03 -5.642268141717394249e-06 6.168537661559938996e-07 1.338531624007873936e-06 7.245215276956563748e-04 9.870323352753438533e-07 -3.110716598028001737e-07 2.006957394495109805e-07 -1.528477178583950463e-07 2.906274757896807821e-06 -1.207595099560337279e-06 9.682824166613809688e-07
-2.331207118323006700e-06 -4.250471738322776279e-06 2.585998875734182812e-05 -4.363955055192893641e-05 2.890609802035682698e-04 -9.401078531188039947e-03 -1.808846519911574751e-03 4.089984400266471511e-03 -3.780593394184433513e-07 8.291114450873852573e-07 9.870323352753438533e-07 5.036348843841750335e-04 3.083135548036264930e-07 5.357863851364396150e-07 4.288748431008493244e-07 2.879302878280302861e-06 -4.325063603844992973e-06 4.989728793153539547e-07
5.917853968243436432e-07 -7.146688461191976711e-06 4.102995181091470393e-04 -8.718090142778083744e-05 7.993009475860532920e-05 4.186682591888062598e-03 1.027263172528752183e-03 2.758635924656202467e-03 -1.059536833013345715e-06 -1.189547486156156129e-06 -3.110716598028001737e-07 3.083135548036264930e-07 6.369293050214933603e-04 9.843332528237142276e-08 4.880203576016121088e-07 -1.856898613563323823e-06 -1.333047217333033508e-06 -9.283147234349431722e-07
-4.811984398218129611e-07 -1.291100330163722939e-06 2.630531944997738887e-05 -1.395012341423089534e-05 6.737794910786837680e-05 -1.849987432641279125e-03 -3.448015635889412978e-04 1.035214072543762459e-03 -1.361571822893792952e-07 1.218964443521313602e-07 2.006957394495109805e-07 5.357863851364396150e-07 9.843332528237142276e-08 1.295731716107279756e-04 1.185490486518197524e-07 5.376998559760840886e-07 -1.015035586664449428e-06 6.267471798774452497e-08
2.532535589810969916e-07 -5.739836721187657809e-06 3.114770921206924757e-04 -6.933954598118755573e-05 8.418197301481365844e-05 2.378511054899943352e-03 6.247995403409288941e-04 2.418271469574163023e-03 -8.301016892581377252e-07 -8.282252539381116317e-07 -1.528477178583950463e-07 4.288748431008493244e-07 4.880203576016121088e-07 1.185490486518197524e-07 2.388152388728025295e-04 -1.161704599205593200e-06 -1.362930498753758734e-06 -6.585935353717558603e-07
-6.308129164609735104e-06 2.050061840940743644e-05 -1.551841780918130059e-03 2.641918362443548417e-04 1.857319557869630715e-04 -3.244249648668267455e-02 -7.104776750332406597e-03 -3.704590298406941744e-03 3.472517483343256499e-06 6.052641069493126574e-06 2.906274757896807821e-06 2.879302878280302861e-06 -1.856898613563323823e-06 5.376998559760840886e-07 -1.161704599205593200e-06 2.002257729399239961e-02 -2.245631469912741800e-06 4.469024087698718888e-06
3.044368181771019478e-06 1.661480479605046768e-05 -5.944779027349751449e-04 1.891538125881186288e-04 -5.837002885285830093e-04 9.855694826046678889e-03 1.598105172199013133e-03 -1.044823425229248273e-02 2.047941999722947602e-06 2.341603060569503118e-07 -1.207595099560337279e-06 -4.325063603844992973e-06 -1.333047217333033508e-06 -1.015035586664449428e-06 -1.362930498753758734e-06 -2.245631469912741800e-06 3.816642964958255960e-03 4.266463409437467292e-07
-2.039402762795761167e-06 1.052802317170641883e-05 -6.993635254007278534e-04 1.320022311266703073e-04 -1.264516903668003573e-05 -1.134214058874979426e-02 -2.566313526716478347e-03 -2.997988519258259262e-03 1.670542808132003729e-06 2.421033963641218602e-06 9.682824166613809688e-07 4.989728793153539547e-07 -9.283147234349431722e-07 6.267471798774452497e-08 -6.585935353717558603e-07 4.469024087698718888e-06 4.266463409437467292e-07 6.506636258864812936e-03
3.799682167501744002e-04 -2.249588411258387422e-06 1.395674567693564426e-04 -4.337693436532523666e-05 -7.396562561996514944e-05 5.913205371543126497e-03 1.936018189369869682e-03 -2.097048452898168035e-04 -6.661950725447749448e-07 -6.315046275439805062e-07 -2.071125043254993402e-07 -5.618115716202678350e-07 5.862548808121514083e-08 -3.608223830942028615e-07 -2.625140224383773071e-08 -7.276152636964057354e-07 3.191812955030441481e-07 -7.448909644053912371e-07
-2.249588411258387422e-06 5.943480008286154866e-03 -1.468737882201031318e-03 3.379071053925629788e-04 -3.182445045777877258e-04 -1.471873645600000474e-02 -4.189669582415905466e-03 -1.051221653881422892e-02 4.156260353655628898e-06 4.081002022493034484e-06 7.970393151450197157e-07 -1.505256620871748933e-06 -2.183929626930706742e-06 -2.501900241446837359e-07 -1.752215212061743036e-06 5.543069125824996584e-06 5.832805184792195653e-06 3.441673666896133744e-06
1.395674567693564426e-04 -1.468737882201031318e-03 1.041787267266766115e+01 -1.621932825379934773e-02 1.127140123915133102e-02 1.156708049924947357e+00 1.704270447534126931e-01 5.255086290053696541e-01 -1.889654990542298572e-04 -3.329472554034200883e-04 -1.443673234052138049e-04 -1.917570273142287264e-05 1.507832711264909511e-04 3.924665486459725182e-05 1.156644241777876576e-04 -6.890084543899308066e-04 -9.260392833881045426e-05 -2.100418548341565080e-04
-4.337693436532523666e-05 3.379071053925629788e-04 -1.621932825379934773e-02 1.741663165022456994e+00 -3.439909182624686750e-03 -2.021004114316069522e-01 -7.927180609723979976e-02 -1.237830002307486604e-01 6.055193614652433037e-05 4.193951197150899652e-05 -3.143025095254310124e-08 -2.208091644212953583e-05 -2.213614582234269863e-05 4.650991753780158073e-06 -1.746045828558037187e-05 2.764986786284078169e-05 8.939466352255183543e-05 4.630742538320043437e-05
-7.396562561996514944e-05 -3.182445045777877258e-04 1.127140123915133102e-02 -3.439909182624686750e-03 3.096416447303853570e+00 -2.414144509790234205e-01 -4.911812029244279343e-02 2.124834440734321150e-01 -3.540379758069574256e-05 -1.558538913837425694e-06 2.436312933079798045e-05 9.038018993934121786e-05 2.708214070905070301e-05 2.394106723813808516e-05 2.817286142133586444e-05 4.457867124568498407e-05 -1.792467269352239414e-04 -2.984551476235865146e-06
5.913205371543126497e-03 -1.471873645600000474e-02 1.156708049924947357e+00 -2.021004114316069522e-01 -2.414144509790234205e-01 3.186868512484396706e+04 6.614920471192988316e+00 1.513189038202857883e+00 -2.765493812455619652e-03 -4.773072771978332553e-03 -2.352194616421764053e-03 -2.880147074413902126e-03 1.248730480144483613e-03 -7.359698338883570749e-04 6.864406702587778084e-04 -9.482985232300544451e-03 2.697886530551535898e-03 -3.693719559480684693e-03
1.936018189369869682e-03 -4.189669582415905466e-03 1.704270447534126931e-01 -7.927180609723979976e-02 -4.911812029244279343e-02 6.614920471192988316e+00 3.740740069231517850e+02 4.996221979119190859e-01 -1.175566127352464796e-03 -5.676322835320683638e-04 8.876745737861853932e-05 -2.138444023323034942e-04 6.961988423312282371e-05 -5.202375012620577945e-04 -1.269012676558374996e-05 2.848708850294552684e-04 -7.866791501770656423e-04 -1.004099469336415702e-03
-2.097048452898168035e-04 -1.051221653881422892e-02 5.255086290053696541e-01 -1.237830002307486604e-01 2.124834440734321150e-01 1.513189038202857883e+00 4.996221979119190859e-01 1.180873126581946508e+03 -1.437052355620402561e-03 -1.182355063985536222e-03 -3.327494360718392642e-05 1.290816699048154834e-03 8.955263184569710842e-04 3.514591875031573527e-04 7.843202870587997165e-04 -1.311489167134230168e-03 -3.279495184696589946e-03 -9.503481632489758088e-04
-6.661950725447749448e-07 4.156260353655628898e-06 -1.889654990542298572e-04 6.055193614652433037e-05 -3.540379758069574256e-05 -2.765493812455619652e-03 -1.175566127352464796e-03 -1.437052355620402561e-03 1.089959446023852554e-03 4.806132359061095207e-07 -4.568488243242491491e-08 -2.598481919332987430e-07 -2.404683770608956577e-07 1.123878752597930353e-07 -1.847331053954603875e-07 1.377917608566256717e-07 1.149229143162439627e-06 6.041551261219102025e-07
-6.315046275439805062e-07 4.081002022493034484e-06 -3.329472554034200883e-04 4.193951197150899652e-05 -1.558538913837425694e-06 -4.773072771978332553e-03 -5.676322835320683638e-04 -1.182355063985536222e-03 4.806132359061095207e-07 2.290961242376565428e-04 6.680359477776443856e-07 4.022583120387438906e-07 -4.778709423472188752e-07 -1.147876797913968410e-07 -3.448091861833346041e-07 2.896754656974324420e-06 -4.121046256267026704e-07 7.061147546374530157e-07
-2.071125043254993402e-07 7.970393151450197157e-07 -1.443673234052138049e-04 -3.143025095254310124e-08 2.436312933079798045e-05 -2.352194616421764053e-03 8.876745737861853932e-05 -3.327494360718392642e-05 -4.568488243242491491e-08 6.680359477776443856e-07 2.321261893863233621e-04 4.754132334262201184e-07 -2.128168102237832374e-07 -1.149757435814166275e-07 -1.418659857615765143e-07 2.048475639035472251e-06 -9.539151259106919259e-07 2.299002250535369387e-07
-5.618115716202678350e-07 -1.505256620871748933e-06 -1.917570273142287264e-05 -2.208091644212953583e-05 9.038018993934121786e-05 -2.880147074413902126e-03 -2.138444023323034942e-04 1.290816699048154834e-03 -2.598481919332987430e-07 4.022583120387438906e-07 4.754132334262201184e-07 1.612543204210970698e-04 3.394757999964357029e-08 6.907657299075897969e-08 8.413542075167075556e-08 1.560351508442750458e-06 -1.708221305015851482e-06 1.139962319223721750e-07
5.862548808121514083e-08 -2.183929626930706742e-06 1.507832711264909511e-04 -2.213614582234269863e-05 2.708214070905070301e-05 1.248730480144483613e-03 6.961988423312282371e-05 8.955263184569710842e-04 -2.404683770608956577e-07 -4.778709423472188752e-07 -2.128168102237832374e-07 3.394757999964357029e-08 2.038633172689765898e-04 1.041748459394478003e-07 1.938654815739382427e-07 -1.047816361644188782e-06 -1.964244755162169919e-07 -2.646359121875715947e-07
-3.608223830942028615e-07 -2.501900241446837359e-07 3.924665486459725182e-05 4.650991753780158073e-06 2.394106723813808516e-05 -7.359698338883570749e-04 -5.202375012620577945e-04 3.514591875031573527e-04 1.123878752597930353e-07 -1.147876797913968410e-07 -1.149757435814166275e-07 6.907657299075897969e-08 1.041748459394478003e-07 4.157838805991995304e-05 9.757516321647938099e-08 -5.455415859752368687e-07 3.928509376791411818e-08 7.135168563980374080e-08
-2.625140224383773071e-08 -1.752215212061743036e-06 1.156644241777876576e-04 -1.746045828558037187e-05 2.817286142133586444e-05 6.864406702587778084e-04 -1.269012676558374996e-05 7.843202870587997165e-04 -1.847331053954603875e-07 -3.448091861833346041e-07 -1.418659857615765143e-07 8.413542075167075556e-08 1.938654815739382427e-07 9.757516321647938099e-08 7.645181293422522958e-05 -7.439855506880190132e-07 -2.472717385312154636e-07 -1.841415195899330212e-07
-7.276152636964057354e-07 5.543069125824996584e-06 -6.890084543899308066e-04 2.764986786284078169e-05 4.457867124568498407e-05 -9.482985232300544451e-03 2.848708850294552684e-04 -1.311489167134230168e-03 1.377917608566256717e-07 2.896754656974324420e-06 2.048475639035472251e-06 1.560351508442750458e-06 -1.047816361644188782e-06 -5.455415859752368687e-07 -7.439855506880190132e-07 6.411703673165257411e-03 -2.991112345220700189e-06 1.109924829060525503e-06
3.191812955030441481e-07 5.832805184792195653e-06 -9.260392833881045426e-05 8.939466352255183543e-05 -1.792467269352239414e-04 2.697886530551535898e-03 -7.866791501770656423e-04 -3.279495184696589946e-03 1.149229143162439627e-06 -4.121046256267026704e-07 -9.539151259106919259e-07 -1.708221305015851482e-06 -1.964244755162169919e-07 3.928509376791411818e-08 -2.472717385312154636e-07 -2.991112345220700189e-06 1.222478768028070978e-03 2.989700813800676132e-07
-7.448909644053912371e-07 3.441673666896133744e-06 -2.100418548341565080e-04 4.630742538320043437e-05 -2.984551476235865146e-06 -3.693719559480684693e-03 -1.004099469336415702e-03 -9.503481632489758088e-04 6.041551261219102025e-07 7.061147546374530157e-07 2.299002250535369387e-07 1.139962319223721750e-07 -2.646359121875715947e-07 7.135168563980374080e-08 -1.841415195899330212e-07 1.109924829060525503e-06 2.989700813800676132e-07 2.082146488673560815e-03
1.215902768452898090e-04 -7.042883561091447290e-07 4.475179648306905935e-05 -1.381273079081950522e-05 -2.357339044610503269e-05 1.987581331699876316e-03 6.192142678746678525e-04 -7.177005788181800344e-05 -2.162873028732553073e-07 -2.053664220401388892e-07 -6.240771525946287816e-08 -1.836746650424056567e-07 1.864234450254939520e-08 -1.179676878857109771e-07 -8.561913262586734710e-09 -2.096175751819015810e-07 1.299951491637935187e-07 -2.169183170067360782e-07
-7.042883561091447290e-07 1.902456043768145210e-03 -4.668553015331121880e-04 1.104939134419799198e-04 -9.850943045627834382e-05 -1.390032941827780942e-03 -1.351541487619997489e-03 -3.526311800277966146e-03 1.221901813666102913e-06 1.191550007647175918e-06 3.897333338948379550e-07 -6.172916405795029483e-07 -7.029592884293597312e-07 -1.672599812006013975e-07 -5.663305219336240139e-07 2.582200615597796714e-06 2.836389684991133072e-06 1.848040948979176461e-06
4.475179648306905935e-05 -4.668553015331121880e-04 3.333737441107959221e+00 -5.176499189443197445e-03 3.626122744360515352e-03 3.893696908263440393e-01 5.447384717620353672e-02 1.672224248020720838e-01 -6.109488465891287892e-05 -1.072053460136129587e-04 -4.541772040153689555e-05 -6.921425682299170461e-06 4.822689663759677984e-05 1.205403240394438417e-05 3.698006546121372184e-05 -2.158018330955242640e-04 -2.401742720677284008e-05 -6.288985006559923803e-05
-1.381273079081950522e-05 1.104939134419799198e-04 -5.176499189443197445e-03 5.573425121604946852e-01 -1.086265935651982862e-03 -5.020568449601090638e-02 -2.541424376885778602e-02 -4.031821479594333013e-02 1.890557673879639900e-05 1.292228377341956362e-05 5.768019201324650540e-07 -7.656799890949320147e-06 -7.101439931889711975e-06 1.108354590395709728e-06 -5.611842517267899754e-06 1.237057059448442708e-05 3.283251199022536241e-05 1.807207947989013670e-05
-2.357339044610503269e-05 -9.850943045627834382e-05 3.626122744360515352e-03 -1.086265935651982862e-03 9.908736911291246008e-01 -5.687893189501035812e-02 -1.578436488834081969e-02 6.699808285863959045e-02 -1.199260421054236873e-05 -1.200593414593628247e-06 8.622699893612234542e-06 2.808946267542920724e-05 8.641113367556609961e-06 7.126024321483516547e-06 8.980817119602439906e-06 1.922621536984450539e-05 -5.140699367998383189e-05 3.627267762328033979e-06
1.987581331699876316e-03 -1.390032941827780942e-03 3.893696908263440393e-01 -5.020568449601090638e-02 -5.687893189501035812e-02 1.021829877722802848e+04 2.050385095596215734e+00 -5.097496474081222306e-01 -1.546583656029368011e-03 -2.227378638483149941e-03 7.159932177555664273e-05 -1.751633110194182174e-03 3.744890028824257827e-04 -7.692051510540465686e-04 1.852541795238600911e-04 1.913298396706671111e-03 6.799461777108825773e-03 3.388153738213411491e-03
6.192142678746678525e-04 -1.351541487619997489e-03 5.447384717620353672e-02 -2.541424376885778602e-02 -1.578436488834081969e-02 2.050385095596215734e+00 1.197038991278165128e+02 1.631266741371059648e-01 -3.740194498381720404e-04 -1.793552555188791873e-04 2.571236882772656642e-05 -6.571841857724405639e-05 2.236038700381749077e-05 -1.647322743139303296e-04 -3.948424076543364705e-06 7.499269945374943940e-05 -2.711323058129532404e-04 -3.362437337022992326e-04
-7.177005788181800344e-05 -3.526311800277966146e-03 1.672224248020720838e-01 -4.031821479594333013e-02 6.699808285863959045e-02 -5.097496474081222306e-01 1.631266741371059648e-01 3.779280225109942535e+02 -4.274920342260788049e-04 -3.441119707908532762e-04 -5.097031628112051732e-05 4.536617439471649993e-04 2.877964701772523773e-04 1.385736712619274342e-04 2.526655698778009352e-04 -6.617105294846941863e-04 -1.339816331533472083e-03 -5.276689964970051553e-04
-2.162873028732553073e-07 1.221901813666102913e-06 -6.109488465891287892e-05 1.890557673879639900e-05 -1.199260421054236873e-05 -1.546583656029368011e-03 -3.740194498381720404e-04 -4.274920342260788049e-04 3.488085659584791226e-04 1.765888248730370348e-07 -4.145929472439818237e-08 -5.612619745155687305e-08 -7.613244340859806812e-08 5.334178766769501270e-08 -5.799427077073594142e-08 -1.170139879076215289e-07 1.744663880265262131e-07 4.452091565101424503e-08
-2.053664220401388892e-07 1.191550007647175918e-06 -1.072053460136129587e-04 1.292228377341956362e-05 -1.200593414593628247e-06 -2.227378638483149941e-03 -1.793552555188791873e-04 -3.441119707908532762e-04 1.765888248730370348e-07 7.333487415813261180e-05 1.853748287179060190e-07 1.573151600795516941e-07 -1.520538585877299907e-07 -1.834660529929421677e-08 -1.091536456322590434e-07 7.565110256366845455e-07 -3.363697248668105231e-07 6.851811893268732406e-08
-6.240771525946287816e-08 3.897333338948379550e-07 -4.541772040153689555e-05 5.768019201324650540e-07 8.622699893612234542e-06 7.159932177555664273e-05 2.571236882772656642e-05 -5.097031628112051732e-05 -4.145929472439818237e-08 1.853748287179060190e-07 7.431382000319589726e-05 1.184622344475330546e-07 -6.911980237420358785e-08 -5.844260697200710932e-08 -4.679289570613239515e-08 8.562315238842237855e-07 -6.444183901127932952e-08 2.589648629577065820e-07
-1.836746650424056567e-07 -6.172916405795029483e-07 -6.921425682299170461e-06 -7.656799890949320147e-06 2.808946267542920724e-05 -1.751633110194182174e-03 -6.571841857724405639e-05 4.536617439471649993e-04 -5.612619745155687305e-08 1.573151600795516941e-07 1.184622344475330546e-07 5.163528472591639697e-05 1.188867182667853291e-08 4.390417499627206916e-08 2.832874031121720110e-08 2.972089874139629781e-07 -7.891024701079946412e-07 -1.501965072832319257e-07
1.864234450254939520e-08 -7.029592884293597312e-07 4.822689663759677984e-05 -7.101439931889711975e-06 8.641113367556609961e-06 3.744890028824257827e-04 2.236038700381749077e-05 2.877964701772523773e-04 -7.613244340859806812e-08 -1.520538585877299907e-07 -6.911980237420358785e-08 1.188867182667853291e-08 6.523629254294570237e-05 3.399532964515078042e-08 6.207946368468073430e-08 -3.414142997948816731e-07 -7.018991980426653748e-08 -9.032989636465963041e-08
-1.179676878857109771e-07 -1.672599812006013975e-07 1.205403240394438417e-05 1.108354590395709728e-06 7.126024321483516547e-06 -7.692051510540465686e-04 -1.647322743139303296e-04 1.385736712619274342e-04 5.334178766769501270e-08 -1.834660529929421677e-08 -5.844260697200710932e-08 4.390417499627206916e-08 3.399532964515078042e-08 1.331910172987665614e-05 3.212775140291621373e-08 -3.045292095635668372e-07 -1.433420671793260258e-07 -9.720277795789056665e-08
-8.561913262586734710e-09 -5.663305219336240139e-07 3.698006546121372184e-05 -5.611842517267899754e-06 8.980817119602439906e-06 1.852541795238600911e-04 -3.948424076543364705e-06 2.526655698778009352e-04 -5.799427077073594142e-08 -1.091536456322590434e-07 -4.679289570613239515e-08 2.832874031121720110e-08 6.207946368468073430e-08 3.212775140291621373e-08 2.446463839964352777e-05 -2.464535190061870397e-07 -8.917854956611739440e-08 -6.666385767918643830e-08
-2.096175751819015810e-07 2.582200615597796714e-06 -2.158018330955242640e-04 1.237057059448442708e-05 1.922621536984450539e-05 1.913298396706671111e-03 7.499269945374943940e-05 -6.617105294846941863e-04 -1.170139879076215289e-07 7.565110256366845455e-07 8.562315238842237855e-07 2.972089874139629781e-07 -3.414142997948816731e-07 -3.045292095635668372e-07 -2.464535190061870397e-07 2.052949989066616462e-03 4.883072126638404278e-07 1.468016432002003511e-06
1.299951491637935187e-07 2.836389684991133072e-06 -2.401742720677284008e-05 3.283251199022536241e-05 -5.140699367998383189e-05 6.799461777108825773e-03 -2.711323058129532404e-04 -1.339816331533472083e-03 1.744663880265262131e-07 -3.363697248668105231e-07 -6.444183901127932952e-08 -7.891024701079946412e-07 -7.018991980426653748e-08 -1.433420671793260258e-07 -8.917854956611739440e-08 4.883072126638404278e-07 3.929273857805572938e-04 1.430789699455510532e-06
-2.169183170067360782e-07 1.848040948979176461e-06 -6.288985006559923803e-05 1.807207947989013670e-05 3.627267762328033979e-06 3.388153738213411491e-03 -3.362437337022992326e-04 -5.276689964970051553e-04 4.452091565101424503e-08 6.851811893268732406e-08 2.589648629577065820e-07 -1.501965072832319257e-07 -9.032989636465963041e-08 -9.720277795789056665e-08 -6.666385767918643830e-08 1.468016432002003511e-06 1.430789699455510532e-06 6.673147647506469382e-04
3.888520623143130350e-05 -2.098071588017105813e-07 1.735039319609441900e-05 -5.045869129603142068e-06 -7.164243714138958211e-06 7.299865274834140038e-04 1.860221077831456784e-04 -3.654078495961390937e-05 -6.741666406779206972e-08 -7.107675531695122523e-08 -3.491473173850402747e-08 -6.562896696024980024e-08 1.610235320375434875e-08 -3.908103968650143688e-08 -9.665004839285539365e-09 -3.033915704344159180e-08 5.986102037852027251e-08 -1.085470879162822818e-07
-2.098071588017105813e-07 6.087757039096786853e-04 -1.513850298263213730e-04 3.576935319913670207e-05 -3.177227219650195788e-05 -5.065656232755223927e-04 -4.245232206188168903e-04 -1.119498089859023889e-03 3.898286460349024716e-07 3.848185078933694195e-07 1.345367108252422463e-07 -1.930291753789819433e-07 -2.316093366756343158e-07 -5.264815125056432453e-08 -1.766742179132104707e-07 8.021580184727625336e-07 8.956417122695016985e-07 6.170932261833640826e-07
1.735039319609441900e-05 -1.513850298263213730e-04 1.066408359337077005e+00 -1.576418206656365851e-03 1.111840799958098468e-03 1.125774019758630506e-01 1.898303753931980878e-02 5.524782151442655248e-02 -1.978004251442350397e-05 -3.362003950164499020e-05 -1.262176634345884325e-05 -1.338103629861446358e-06 1.413574831045303403e-05 4.027621297132339424e-06 1.271960005763737434e-05 -7.375674674677721004e-05 -1.002201105620720566e-05 -1.511821672425008271e-05
-5.045869129603142068e-06 3.576935319913670207e-05 -1.576418206656365851e-03 1.783330675434748602e-01 -3.375838270801080924e-04 -1.358295667830143431e-02 -8.452993992935196529e-03 -1.326052502743784930e-02 6.097223802975962784e-06 3.993508516353554881e-06 -2.103185512833238963e-07 -2.631265248466605301e-06 -2.004600494650358391e-06 3.194923858388614418e-07 -1.978784585206825855e-06 4.929379421139863321e-06 1.098898378888490062e-05 4.748988202500908980e-06
-7.164243714138958211e-06 -3.177227219650195788e-05 1.111840799958098468e-03 -3.375838270801080924e-04 3.170735081215053097e-01 -1.970590965927505184e-02 -4.856807798771763454e-03 2.165676179363964018e-02 -3.866382235108596384e-06 -2.983646816068454453e-07 2.998576299298556743e-06 9.098370850443935820e-06 2.602828968927440444e-06 2.301648041550928659e-06 2.984759152841657936e-06 5.564071625636536470e-06 -1.674268859326221709e-05 1.787391838663852189e-06
7.299865274834140038e-04 -5.065656232755223927e-04 1.125774019758630506e-01 -1.358295667830143431e-02 -1.970590965927505184e-02 3.269482817480935864e+03 7.042353322717372910e-01 -1.092631631627534738e-01 -5.020295711986674401e-04 -6.914971791500395398e-04 8.220361392160253195e-05 -5.333328089377268851e-04 7.961839766867512540e-05 -2.408633582202083666e-04 8.675725597562575610e-05 4.664944683670654781e-04 2.103370439693167965e-03 1.239471497969444344e-03
1.860221077831456784e-04 -4.245232206188168903e-04 1.898303753931980878e-02 -8.452993992935196529e-03 -4.856807798771763454e-03 7.042353322717372910e-01 3.829903841625768024e+01 4.524983528079361272e-02 -1.187669616118896518e-04 -6.013799259867739561e-05 5.758075595197724029e-07 -2.453898335433046693e-05 1.234583355456060704e-05 -5.339605540005750871e-05 -4.809513079385101813e-06 4.280945000576629595e-05 -7.741106004042748543e-05 -1.276360080391008612e-04
-3.654078495961390937e-05 -1.119498089859023889e-03 5.524782151442655248e-02 -1.326052502743784930e-02 2.165676179363964018e-02 -1.092631631627534738e-01 4.524983528079361272e-02 1.209291865840410196e+02 -1.357684279787367109e-04 -1.131878143316315447e-04 -2.487632438708663687e-05 1.412436806511849533e-04 9.790513106319174476e-05 4.358044837669062713e-05 7.688356775595989699e-05 -1.906894413666102147e-04 -4.182733984327759603e-04 -1.912846464868008130e-04
-6.741666406779206972e-08 3.898286460349024716e-07 -1.978004251442350397e-05 6.097223802975962784e-06 -3.866382235108596384e-06 -5.020295711986674401e-04 -1.187669616118896518e-04 -1.357684279787367109e-04 1.116186050136575686e-04 5.691470803342032351e-08 -1.213410451100968285e-08 -1.744087674791563395e-08 -2.513081577500564196e-08 1.717029905922916620e-08 -1.803319317475890335e-08 -4.022948467928027355e-08 5.444482546308081609e-08 1.721323949569927815e-08
-7.107675531695122523e-08 3.848185078933694195e-07 -3.362003950164499020e-05 3.993508516353554881e-06 -2.983646816068454453e-07 -6.914971791500395398e-04 -6.013799259867739561e-05 -1.131878143316315447e-04 5.691470803342032351e-08 2.346594683441222503e-05 5.593794340042252337e-08 4.878994776166773114e-08 -4.636319816091916040e-08 -6.172215145575230285e-09 -3.649639102650237740e-08 2.503977262596723250e-07 -1.035053511038531500e-07 1.306964749173104173e-08
-3.491473173850402747e-08 1.345367108252422463e-07 -1.262176634345884325e-05 -2.103185512833238963e-07 2.998576299298556743e-06 8.220361392160253195e-05 5.758075595197724029e-07 -2.487632438708663687e-05 -1.213410451100968285e-08 5.593794340042252337e-08 2.377099213304497414e-05 3.358342432739926421e-08 -1.572171691290792931e-08 -1.954177376694614851e-08 -1.934372617709842587e-08 2.971771373784776759e-07 -9.097169746252578022e-09 5.817454298573108782e-08
-6.562896696024980024e-08 -1.930291753789819433e-07 -1.338103629861446358e-06 -2.631265248466605301e-06 9.098370850443935820e-06 -5.333328089377268851e-04 -2.453898335433046693e-05 1.412436806511849533e-04 -1.744087674791563395e-08 4.878994776166773114e-08 3.358342432739926421e-08 1.652130800642368009e-05 6.737708700789151284e-09 1.366406851597522449e-08 7.061221779871904684e-09 1.057380566683774809e-07 -2.472280650350230053e-07 -5.938704568489612275e-08
1.610235320375434875e-08 -2.316093366756343158e-07 1.413574831045303403e-05 -2.004600494650358391e-06 2.602828968927440444e-06 7.961839766867512540e-05 1.234583355456060704e-05 9.790513106319174476e-05 -2.513081577500564196e-08 -4.636319816091916040e-08 -1.572171691290792931e-08 6.737708700789151284e-09 2.087127473964470422e-05 1.144837828774949565e-08 2.282963108527309457e-08 -1.249778083878934583e-07 -3.027773632285294414e-08 -1.215530116243257212e-08
-3.908103968650143688e-08 -5.264815125056432453e-08 4.027621297132339424e-06 3.194923858388614418e-07 2.301648041550928659e-06 -2.408633582202083666e-04 -5.339605540005750871e-05 4.358044837669062713e-05 1.717029905922916620e-08 -6.172215145575230285e-09 -1.954177376694614851e-08 1.366406851597522449e-08 1.144837828774949565e-08 4.262037705799951362e-06 9.891558596842443236e-09 -9.538397662848390962e-08 -4.484277256292889854e-08 -3.330488844106993789e-08
-9.665004839285539365e-09 -1.766742179132104707e-07 1.271960005763737434e-05 -1.978784585206825855e-06 2.984759152841657936e-06 8.675725597562575610e-05 -4.809513079385101813e-06 7.688356775595989699e-05 -1.803319317475890335e-08 -3.649639102650237740e-08 -1.934372617709842587e-08 7.061221779871904684e-09 2.282963108527309457e-08 9.891558596842443236e-09 7.826659223898128469e-06 -6.812206796552478096e-08 -2.319679655918717050e-08 -3.277576784756951978e-08
