{
    "R": [
        [
            0.004388165902336861,
            3.260421517283593e-05,
            -0.009365712573753316,
            0.0004033252198760496,
            -0.0001153664710397264,
            0.09982067122708443,
            -0.16222886077396795,
            -0.003610696314224075,
            6.101165140246483e-06,
            -2.8506343012916674e-06,
            -7.822297854566087e-06,
            -3.960464756733986e-06,
            -6.0088334898707946e-06,
            1.4810142282519582e-05,
            -8.399234081201301e-08,
            7.67023091935481e-05,
            -0.0011104381201394449,
            4.3119356817518144e-05
        ],
        [
            0.0,
            0.019761075042575214,
            -0.0027092080903275296,
            -1.2635963018457894e-05,
            -0.00016640971389217165,
            0.12849125335264738,
            -0.0771439273343808,
            0.0019742870151419597,
            2.1252496265297864e-05,
            -8.467648398700424e-07,
            2.3631098895647e-05,
            -3.5262227123834864e-07,
            -7.1007879400102895e-06,
            1.1478943326600275e-05,
            2.653122158583557e-06,
            0.0002727282364805432,
            -0.0005389147613307563,
            0.0003541718360876329
        ],
        [
            0.0,
            0.0,
            2.112111572207683,
            -0.00039883252500065575,
            0.00012036573956629712,
            -0.11015780998477051,
            0.14106795818286835,
            0.0032445653002087867,
            8.840666888142207e-08,
            1.4876533264556602e-06,
            5.680579291208052e-06,
            3.4801542556244584e-06,
            4.975172469256885e-06,
            -1.5052547397066923e-05,
            -4.3190925802454674e-08,
            -0.00013348955562875463,
            0.0011935805035555064,
            -3.717933567710281e-05
        ],
        [
            0.0,
            0.0,
            0.0,
            0.1811564754116508,
            5.351743438771095e-06,
            0.011289971125007054,
            -0.051636661235114095,
            -0.004055351985177929,
            -1.1758785648842292e-05,
            -5.987463497525354e-07,
            -1.781669837236685e-05,
            -2.1336318499752106e-06,
            2.586059733678646e-06,
            3.1907455429898876e-06,
            -1.2072840140843383e-06,
            -9.595641151102842e-05,
            -0.0005129497975432916,
            -0.00017509403785540478
        ],
        [
            0.0,
            0.0,
            0.0,
            0.0,
            0.07912855454217622,
            -0.18826291148569285,
            0.05667133959590505,
            -0.0031705079405397675,
            -1.190710621511416e-05,
            -1.990581856081135e-06,
            -3.3720747001621024e-05,
            -4.1287153775936e-07,
            7.078710338405644e-06,
            -1.5871846852278855e-05,
            -3.5157822017304715e-06,
            -0.00048162020593578474,
            0.0009390049472012334,
            -0.00042527981844728345
        ],
        [
            0.0,
            0.0,
            0.0,
            0.0,
            0.0,
            74.3200232906975,
            -0.04564505225834923,
            0.0025232239433053165,
            6.790378715629122e-06,
            2.283996026817691e-06,
            2.900676065927956e-05,
            3.771829608684345e-07,
            -5.407584950628093e-06,
            1.4369453708515313e-05,
            3.069503183872168e-06,
            0.0004382378460289203,
            -0.0009128389140168644,
            0.0003568201275232864
        ],
        [
            0.0,
            0.0,
            0.0,
            0.0,
            0.0,
            0.0,
            39.81297484581088,
            0.001986081105732833,
            -1.606221570088137e-05,
            3.596668682402353e-06,
            1.3567338756207017e-06,
            3.3291872883853452e-06,
            8.016108774203289e-06,
            -1.3048312509636968e-05,
            -3.4373922479233434e-07,
            -7.695871054849116e-05,
            0.0008024567211186233,
            -0.0001257094508015971
        ],
        [
            0.0,
            0.0,
            0.0,
            0.0,
            0.0,
            0.0,
            0.0,
            4.179742231098555,
            6.7583664311472205e-06,
            1.2252460551497989e-06,
            1.7743535172041285e-05,
            1.3233289261121698e-06,
            -2.4642743861917034e-06,
            2.3138585363011278e-06,
            1.5304362165751528e-06,
            0.00018060178523562486,
            -2.5467325627262654e-06,
            0.0001890831219828044
        ],
        [
            0.0,
            0.0,
            0.0,
            0.0,
            0.0,
            0.0,
            0.0,
            0.0,
            0.009837911504216033,
            -2.961187867739096e-06,
            2.0050238743477773e-05,
            -9.32733552776504e-08,
            -8.587098551587424e-06,
            5.263889147048182e-06,
            1.953824162030056e-06,
            0.0001179200481358461,
            9.890123519733063e-05,
            0.00032661890898613027
        ],
        [
            0.0,
            0.0,
            0.0,
            0.0,
            0.0,
            0.0,
            0.0,
            0.0,
            0.0,
            0.00273789024494939,
            1.449156581433636e-05,
            1.6835155715646183e-06,
            1.7801562852154139e-06,
            2.5615457303554993e-06,
            1.3195561529162089e-06,
            0.000228105777153416,
            -0.0002782075069880523,
            9.612868903170304e-05
        ],
        [
            0.0,
            0.0,
            0.0,
            0.0,
            0.0,
            0.0,
            0.0,
            0.0,
            0.0,
            0.0,
            0.008910678075020705,
            3.345007364272454e-06,
            -9.459177717967125e-06,
            1.639132892731638e-05,
            6.053086232379501e-06,
            0.0007460399592851928,
            -0.0007074682794903378,
            0.0007221055062570418
        ],
        [
            0.0,
            0.0,
            0.0,
            0.0,
            0.0,
            0.0,
            0.0,
            0.0,
            0.0,
            0.0,
            0.0,
            0.0008742388997896989,
            2.661891296061142e-06,
            -5.18329271753825e-06,
            2.7560782608855997e-06,
            0.0002785488170511884,
            0.0005250769019148912,
            0.00025478802917178504
        ],
        [
            0.0,
            0.0,
            0.0,
            0.0,
            0.0,
            0.0,
            0.0,
            0.0,
            0.0,
            0.0,
            0.0,
            0.0,
            0.007334732580622375,
            -5.992796628459622e-06,
            -1.0729691535973496e-06,
            -0.00014418163761329176,
            0.00024487616136945696,
            -0.00017371146513462966
        ],
        [
            0.0,
            0.0,
            0.0,
            0.0,
            0.0,
            0.0,
            0.0,
            0.0,
            0.0,
            0.0,
            0.0,
            0.0,
            0.0,
            0.004491574244451677,
            3.527573794469004e-06,
            0.0005610903112313708,
            -0.0014613333812711089,
            0.00044775201648899213
        ],
        [
            0.0,
            0.0,
            0.0,
            0.0,
            0.0,
            0.0,
            0.0,
            0.0,
            0.0,
            0.0,
            0.0,
            0.0,
            0.0,
            0.0,
            0.0007170135560259023,
            0.0008918516378741525,
            -0.0010710204343938694,
            0.0008664917088912446
        ],
        [
            0.0,
            0.0,
            0.0,
            0.0,
            0.0,
            0.0,
            0.0,
            0.0,
            0.0,
            0.0,
            0.0,
            0.0,
            0.0,
            0.0,
            0.0,
            0.15895733612241403,
            -0.000935678165233892,
            0.00046308262545740697
        ],
        [
            0.0,
            0.0,
            0.0,
            0.0,
            0.0,
            0.0,
            0.0,
            0.0,
            0.0,
            0.0,
            0.0,
            0.0,
            0.0,
            0.0,
            0.0,
            0.0,
            0.4314692558390764,
            -0.00019702940798760517
        ],
        [
            0.0,
            0.0,
            0.0,
            0.0,
            0.0,
            0.0,
            0.0,
            0.0,
            0.0,
            0.0,
            0.0,
            0.0,
            0.0,
            0.0,
            0.0,
            0.0,
            0.0,
            0.3606777000836487
        ]
    ],
    "RDR": [
        [
            [
                0.004388165902336861,
                3.260421517283593e-05,
                -0.009365712573753316,
                0.0004033252198760496,
                -0.0001153664710397264,
                0.09982067122708443,
                -0.16222886077396795,
                -0.003610696314224075,
                6.101165140246483e-06,
                -2.8506343012916674e-06,
                -7.822297854566087e-06,
                -3.960464756733986e-06,
                -6.0088334898707946e-06,
                1.4810142282519582e-05,
                -8.399234081201301e-08,
                7.67023091935481e-05,
                -0.0011104381201394449,
                4.3119356817518144e-05
            ],
            [
                0.0,
                0.019761075042575214,
                -0.0027092080903275296,
                -1.2635963018457894e-05,
                -0.00016640971389217165,
                0.12849125335264738,
                -0.0771439273343808,
                0.0019742870151419597,
                2.1252496265297864e-05,
                -8.467648398700424e-07,
                2.3631098895647e-05,
                -3.5262227123834864e-07,
                -7.1007879400102895e-06,
                1.1478943326600275e-05,
                2.653122158583557e-06,
                0.0002727282364805432,
                -0.0005389147613307563,
                0.0003541718360876329
            ],
            [
                0.0,
                0.0,
                2.112111572207683,
                -0.00039883252500065575,
                0.00012036573956629712,
                -0.11015780998477051,
                0.14106795818286835,
                0.0032445653002087867,
                8.840666888142207e-08,
                1.4876533264556602e-06,
                5.680579291208052e-06,
                3.4801542556244584e-06,
                4.975172469256885e-06,
                -1.5052547397066923e-05,
                -4.3190925802454674e-08,
                -0.00013348955562875463,
                0.0011935805035555064,
                -3.717933567710281e-05
            ],
            [
                0.0,
                0.0,
                0.0,
                0.1811564754116508,
                5.351743438771095e-06,
                0.011289971125007054,
                -0.051636661235114095,
                -0.004055351985177929,
                -1.1758785648842292e-05,
                -5.987463497525354e-07,
                -1.781669837236685e-05,
                -2.1336318499752106e-06,
                2.586059733678646e-06,
                3.1907455429898876e-06,
                -1.2072840140843383e-06,
                -9.595641151102842e-05,
                -0.0005129497975432916,
                -0.00017509403785540478
            ],
            [
                0.0,
                0.0,
                0.0,
                0.0,
                0.07912855454217622,
                -0.18826291148569285,
                0.05667133959590505,
                -0.0031705079405397675,
                -1.190710621511416e-05,
                -1.990581856081135e-06,
                -3.3720747001621024e-05,
                -4.1287153775936e-07,
                7.078710338405644e-06,
                -1.5871846852278855e-05,
                -3.5157822017304715e-06,
                -0.00048162020593578474,
                0.0009390049472012334,
                -0.00042527981844728345
            ],
            [
                0.0,
                0.0,
                0.0,
                0.0,
                0.0,
                74.3200232906975,
                -0.04564505225834923,
                0.0025232239433053165,
                6.790378715629122e-06,
                2.283996026817691e-06,
                2.900676065927956e-05,
                3.771829608684345e-07,
                -5.407584950628093e-06,
                1.4369453708515313e-05,
                3.069503183872168e-06,
                0.0004382378460289203,
                -0.0009128389140168644,
                0.0003568201275232864
            ],
            [
                0.0,
                0.0,
                0.0,
                0.0,
                0.0,
                0.0,
                39.81297484581088,
                0.001986081105732833,
                -1.606221570088137e-05,
                3.596668682402353e-06,
                1.3567338756207017e-06,
                3.3291872883853452e-06,
                8.016108774203289e-06,
                -1.3048312509636968e-05,
                -3.4373922479233434e-07,
                -7.695871054849116e-05,
                0.0008024567211186233,
                -0.0001257094508015971
            ],
            [
                0.0,
                0.0,
                0.0,
                0.0,
                0.0,
                0.0,
                0.0,
                4.179742231098555,
                6.7583664311472205e-06,
                1.2252460551497989e-06,
                1.7743535172041285e-05,
                1.3233289261121698e-06,
                -2.4642743861917034e-06,
                2.3138585363011278e-06,
                1.5304362165751528e-06,
                0.00018060178523562486,
                -2.5467325627262654e-06,
                0.0001890831219828044
            ],
            [
                0.0,
                0.0,
                0.0,
                0.0,
                0.0,
                0.0,
                0.0,
                0.0,
                0.009837911504216033,
                -2.961187867739096e-06,
                2.0050238743477773e-05,
                -9.32733552776504e-08,
                -8.587098551587424e-06,
                5.263889147048182e-06,
                1.953824162030056e-06,
                0.0001179200481358461,
                9.890123519733063e-05,
                0.00032661890898613027
            ],
            [
                0.0,
                0.0,
                0.0,
                0.0,
                0.0,
                0.0,
                0.0,
                0.0,
                0.0,
                0.00273789024494939,
                1.449156581433636e-05,
                1.6835155715646183e-06,
                1.7801562852154139e-06,
                2.5615457303554993e-06,
                1.3195561529162089e-06,
                0.000228105777153416,
                -0.0002782075069880523,
                9.612868903170304e-05
            ],
            [
                0.0,
                0.0,
                0.0,
                0.0,
                0.0,
                0.0,
                0.0,
                0.0,
                0.0,
                0.0,
                0.008910678075020705,
                3.345007364272454e-06,
                -9.459177717967125e-06,
                1.639132892731638e-05,
                6.053086232379501e-06,
                0.0007460399592851928,
                -0.0007074682794903378,
                0.0007221055062570418
            ],
            [
                0.0,
                0.0,
                0.0,
                0.0,
                0.0,
                0.0,
                0.0,
                0.0,
                0.0,
                0.0,
                0.0,
                0.0008742388997896989,
                2.661891296061142e-06,
                -5.18329271753825e-06,
                2.7560782608855997e-06,
                0.0002785488170511884,
                0.0005250769019148912,
                0.00025478802917178504
            ],
            [
                0.0,
                0.0,
                0.0,
                0.0,
                0.0,
                0.0,
                0.0,
                0.0,
                0.0,
                0.0,
                0.0,
                0.0,
                0.007334732580622375,
                -5.992796628459622e-06,
                -1.0729691535973496e-06,
                -0.00014418163761329176,
                0.00024487616136945696,
                -0.00017371146513462966
            ],
            [
                0.0,
                0.0,
                0.0,
                0.0,
                0.0,
                0.0,
                0.0,
                0.0,
                0.0,
                0.0,
                0.0,
                0.0,
                0.0,
                0.004491574244451677,
                3.527573794469004e-06,
                0.0005610903112313708,
                -0.0014613333812711089,
                0.00044775201648899213
            ],
            [
                0.0,
                0.0,
                0.0,
                0.0,
                0.0,
                0.0,
                0.0,
                0.0,
                0.0,
                0.0,
                0.0,
                0.0,
                0.0,
                0.0,
                0.0007170135560259023,
                0.0008918516378741525,
                -0.0010710204343938694,
                0.0008664917088912446
            ],
            [
                0.0,
                0.0,
                0.0,
                0.0,
                0.0,
                0.0,
                0.0,
                0.0,
                0.0,
                0.0,
                0.0,
                0.0,
                0.0,
                0.0,
                0.0,
                0.15895733612241403,
                -0.000935678165233892,
                0.00046308262545740697
            ],
            [
                0.0,
                0.0,
                0.0,
                0.0,
                0.0,
                0.0,
                0.0,
                0.0,
                0.0,
                0.0,
                0.0,
                0.0,
                0.0,
                0.0,
                0.0,
                0.0,
                0.4314692558390764,
                -0.00019702940798760517
            ],
            [
                0.0,
                0.0,
                0.0,
                0.0,
                0.0,
                0.0,
                0.0,
                0.0,
                0.0,
                0.0,
                0.0,
                0.0,
                0.0,
                0.0,
                0.0,
                0.0,
                0.0,
                0.3606777000836487
            ]
        ],
        [
            [
                0.0008776331804673722,
                6.520843034567186e-06,
                -0.0018731425147506633,
                8.066504397520992e-05,
                -2.307329420794528e-05,
                0.01996413424541689,
                -0.03244577215479359,
                -0.000722139262844815,
                1.2202330280492966e-06,
                -5.701268602583335e-07,
                -1.5644595709132175e-06,
                -7.920929513467973e-07,
                -1.201766697974159e-06,
                2.9620284565039165e-06,
                -1.6798468162402603e-08,
                1.534046183870962e-05,
                -0.00022208762402788898,
                8.62387136350363e-06
            ],
            [
                0.0,
                0.003952215008515043,
                -0.0005418416180655059,
                -2.527192603691579e-06,
                -3.328194277843433e-05,
                0.025698250670529478,
                -0.015428785466876161,
                0.00039485740302839194,
                4.250499253059573e-06,
                -1.693529679740085e-07,
                4.7262197791294e-06,
                -7.052445424766973e-08,
                -1.420157588002058e-06,
                2.295788665320055e-06,
                5.306244317167115e-07,
                5.454564729610864e-05,
                -0.00010778295226615126,
                7.083436721752659e-05
            ],
            [
                0.0,
                0.0,
                0.42242231444153666,
                -7.976650500013116e-05,
                2.4073147913259425e-05,
                -0.022031561996954104,
                0.028213591636573672,
                0.0006489130600417574,
                1.7681333776284413e-08,
                2.975306652911321e-07,
                1.1361158582416106e-06,
                6.960308511248917e-07,
                9.95034493851377e-07,
                -3.0105094794133847e-06,
                -8.638185160490934e-09,
                -2.669791112575093e-05,
                0.00023871610071110128,
                -7.435867135420562e-06
            ],
            [
                0.0,
                0.0,
                0.0,
                0.03623129508233016,
                1.070348687754219e-06,
                0.002257994225001411,
                -0.01032733224702282,
                -0.0008110703970355859,
                -2.3517571297684587e-06,
                -1.197492699505071e-07,
                -3.5633396744733703e-06,
                -4.2672636999504213e-07,
                5.172119467357291e-07,
                6.381491085979775e-07,
                -2.4145680281686765e-07,
                -1.9191282302205687e-05,
                -0.00010258995950865832,
                -3.501880757108096e-05
            ],
            [
                0.0,
                0.0,
                0.0,
                0.0,
                0.015825710908435247,
                -0.037652582297138575,
                0.011334267919181011,
                -0.0006341015881079536,
                -2.3814212430228325e-06,
                -3.98116371216227e-07,
                -6.744149400324205e-06,
                -8.2574307551872e-08,
                1.415742067681129e-06,
                -3.174369370455771e-06,
                -7.031564403460943e-07,
                -9.632404118715695e-05,
                0.00018780098944024668,
                -8.505596368945669e-05
            ],
            [
                0.0,
                0.0,
                0.0,
                0.0,
                0.0,
                14.864004658139502,
                -0.009129010451669846,
                0.0005046447886610633,
                1.3580757431258246e-06,
                4.5679920536353827e-07,
                5.801352131855912e-06,
                7.54365921736869e-08,
                -1.0815169901256187e-06,
                2.8738907417030627e-06,
                6.139006367744337e-07,
                8.764756920578407e-05,
                -0.0001825677828033729,
                7.136402550465728e-05
            ],
            [
                0.0,
                0.0,
                0.0,
                0.0,
                0.0,
                0.0,
                7.962594969162176,
                0.0003972162211465666,
                -3.2124431401762745e-06,
                7.193337364804706e-07,
                2.7134677512414036e-07,
                6.658374576770691e-07,
                1.6032217548406578e-06,
                -2.6096625019273935e-06,
                -6.874784495846687e-08,
                -1.5391742109698233e-05,
                0.00016049134422372466,
                -2.514189016031942e-05
            ],
            [
                0.0,
                0.0,
                0.0,
                0.0,
                0.0,
                0.0,
                0.0,
                0.835948446219711,
                1.3516732862294443e-06,
                2.450492110299598e-07,
                3.548707034408257e-06,
                2.64665785222434e-07,
                -4.928548772383407e-07,
                4.6277170726022557e-07,
                3.0608724331503057e-07,
                3.612035704712497e-05,
                -5.093465125452531e-07,
                3.781662439656088e-05
            ],
            [
                0.0,
                0.0,
                0.0,
                0.0,
                0.0,
                0.0,
                0.0,
                0.0,
                0.0019675823008432065,
                -5.922375735478192e-07,
                4.010047748695554e-06,
                -1.865467105553008e-08,
                -1.7174197103174849e-06,
                1.0527778294096364e-06,
                3.9076483240601126e-07,
                2.358400962716922e-05,
                1.9780247039466127e-05,
                6.532378179722606e-05
            ],
            [
                0.0,
                0.0,
                0.0,
                0.0,
                0.0,
                0.0,
                0.0,
                0.0,
                0.0,
                0.000547578048989878,
                2.8983131628672723e-06,
                3.367031143129237e-07,
                3.560312570430828e-07,
                5.123091460710999e-07,
                2.639112305832418e-07,
                4.56211554306832e-05,
                -5.564150139761046e-05,
                1.922573780634061e-05
            ],
            [
                0.0,
                0.0,
                0.0,
                0.0,
                0.0,
                0.0,
                0.0,
                0.0,
                0.0,
                0.0,
                0.0017821356150041412,
                6.690014728544908e-07,
                -1.891835543593425e-06,
                3.278265785463276e-06,
                1.2106172464759004e-06,
                0.00014920799185703858,
                -0.00014149365589806757,
                0.00014442110125140837
            ],
            [
                0.0,
                0.0,
                0.0,
                0.0,
                0.0,
                0.0,
                0.0,
                0.0,
                0.0,
                0.0,
                0.0,
                0.0001748477799579398,
                5.323782592122284e-07,
                -1.0366585435076502e-06,
                5.512156521771199e-07,
                5.5709763410237686e-05,
                0.00010501538038297823,
                5.095760583435701e-05
            ],
            [
                0.0,
                0.0,
                0.0,
                0.0,
                0.0,
                0.0,
                0.0,
                0.0,
                0.0,
                0.0,
                0.0,
                0.0,
                0.001466946516124475,
                -1.1985593256919245e-06,
                -2.1459383071946993e-07,
                -2.8836327522658354e-05,
                4.8975232273891396e-05,
                -3.474229302692593e-05
            ],
            [
                0.0,
                0.0,
                0.0,
                0.0,
                0.0,
                0.0,
                0.0,
                0.0,
                0.0,
                0.0,
                0.0,
                0.0,
                0.0,
                0.0008983148488903354,
                7.055147588938008e-07,
                0.00011221806224627418,
                -0.0002922666762542218,
                8.955040329779843e-05
            ],
            [
                0.0,
                0.0,
                0.0,
                0.0,
                0.0,
                0.0,
                0.0,
                0.0,
                0.0,
                0.0,
                0.0,
                0.0,
                0.0,
                0.0,
                0.00014340271120518046,
                0.0001783703275748305,
                -0.00021420408687877388,
                0.00017329834177824894
            ],
            [
                0.0,
                0.0,
                0.0,
                0.0,
                0.0,
                0.0,
                0.0,
                0.0,
                0.0,
                0.0,
                0.0,
                0.0,
                0.0,
                0.0,
                0.0,
                0.031791467224482804,
                -0.0001871356330467784,
                9.26165250914814e-05
            ],
            [
                0.0,
                0.0,
                0.0,
                0.0,
                0.0,
                0.0,
                0.0,
                0.0,
                0.0,
                0.0,
                0.0,
                0.0,
                0.0,
                0.0,
                0.0,
                0.0,
                0.0862938511678153,
                -3.940588159752104e-05
            ],
            [
                0.0,
                0.0,
                0.0,
                0.0,
                0.0,
                0.0,
                0.0,
                0.0,
                0.0,
                0.0,
                0.0,
                0.0,
                0.0,
                0.0,
                0.0,
                0.0,
                0.0,
                0.07213554001672974
            ]
        ]
    ],
    "allnames": [
        "m1_flow_nominal",
        "m2_flow_nominal",
        "tau1",
        "tau2",
        "tau_m",
        "nominalUa.hasValue",
        "workingPressure.hasValue",
        "flowCoefficient.hasValue",
        "waterFlowRateMax",
        "c1",
        "c2",
        "c3",
        "c4",
        "eps_motor",
        "f_motorToAir",
        "kp",
        "Ti",
        "Td"
    ],
    "alpha_count": 1350,
    "cov": [
        [
            0.006337153135887607,
            0.029238007829961336,
            1.6132993799586663,
            0.11408549642900655,
            -0.04724458921578514,
            -169.57740612958335,
            30.42838333354911,
            -2.6088978350602967,
            0.01301263155974806,
            -0.007964166846385082,
            -0.02941681020278178,
            0.0007972457183961773,
            -0.016276246372598765,
            0.002537334956263409,
            -0.0002781063144033397,
            0.0786577650445275,
            -0.28535677343113475,
            -0.322419597356813
        ],
        [
            0.029238007829961336,
            0.19828778842344585,
            9.923584290679099,
            0.6685716300418271,
            -0.20456496331945473,
            -1112.691621039401,
            147.46621552566586,
            -18.000761339661846,
            0.07739271385328006,
            -0.04640911591495068,
            -0.16955581914003706,
            0.002537053656142063,
            -0.0887005828864508,
            0.005532616259847706,
            -0.0009670266397014326,
            0.47216872330906334,
            -1.5798045962504303,
            -1.8621728132170685
        ],
        [
            1.6132993799586663,
            9.923584290679099,
            774.349895993472,
            48.08706616986574,
            -10.29304477937998,
            -69332.552502395,
            10184.946928362984,
            -802.6798057046863,
            3.9601819934013394,
            -2.4619525371349713,
            -9.199056631192319,
            0.05464314944749226,
            -4.8406253088459605,
            0.5254723024979824,
            -0.0399873383253883,
            28.708081194935925,
            -80.39401929209102,
            -65.80803353063229
        ],
        [
            0.11408549642900655,
            0.6685716300418271,
            48.08706616986574,
            3.903923956485418,
            -0.8530842706815214,
            -4522.525245557833,
            756.2367155500084,
            -57.39090828389218,
            0.2686166308445361,
            -0.1743072588128258,
            -0.6279463225542593,
            0.00693974742388207,
            -0.3375848909707631,
            0.039684805675030084,
            -0.004244399951911423,
            2.0778739477778543,
            -5.248858975832586,
            -3.392276625777942
        ],
        [
            -0.04724458921578514,
            -0.20456496331945473,
            -10.29304477937998,
            -0.8530842706815214,
            0.5893375730250197,
            979.6742432125385,
            -188.08005102224942,
            18.658319132270094,
            -0.09128020434314515,
            0.05433198408108327,
            0.21196797031876305,
            -0.008571976471272646,
            0.11210325768112789,
            -0.020427849773952973,
            0.0024754236686981203,
            -0.5740935428437448,
            2.467351499141996,
            2.5398715506619007
        ],
        [
            -169.57740612958335,
            -1112.691621039401,
            -69332.552502395,
            -4522.525245557833,
            979.6742432125385,
            8386259.961476232,
            -1349488.3546260216,
            96637.18486899053,
            -436.7048216215523,
            299.3130540132939,
            1096.393160747147,
            -6.341116858576552,
            610.1049438868754,
            -35.65873932680335,
            -0.5394913164591516,
            -3140.468135097444,
            10776.688019537442,
            9427.153791199375
        ],
        [
            30.42838333354911,
            147.46621552566586,
            10184.946928362984,
            756.2367155500084,
            -188.08005102224942,
            -1349488.3546260216,
            347830.52462805994,
            -11620.113832572193,
            60.882498401576726,
            -48.432066930810166,
            -179.9908665073949,
            1.976035067655166,
            -109.74773135570206,
            13.867254577694947,
            0.8161093237114786,
            520.8217339285901,
            -1766.7237625324449,
            -1296.4905200981673
        ],
        [
            -2.6088978350602967,
            -18.000761339661846,
            -802.6798057046863,
            -57.39090828389218,
            18.658319132270094,
            96637.18486899053,
            -11620.113832572193,
            1989.3486890086444,
            -7.544836379619583,
            4.258550091063942,
            14.804440901302273,
            -0.23531528992345482,
            7.72633389919844,
            -0.2970372604392154,
            0.11491093015738454,
            -47.12283295505316,
            152.6228763191353,
            177.7288978842765
        ],
        [
            0.01301263155974806,
            0.07739271385328006,
            3.9601819934013394,
            0.2686166308445361,
            -0.09128020434314515,
            -436.7048216215523,
            60.882498401576726,
            -7.544836379619583,
            0.03488447419026597,
            -0.019282788941325273,
            -0.06865565548837546,
            0.0012363658537682426,
            -0.036230062039135535,
            0.0029828629384187856,
            -0.0005402629688510749,
            0.20552333948078252,
            -0.6881777088099886,
            -0.8173061344516388
        ],
        [
            -0.007964166846385082,
            -0.04640911591495068,
            -2.4619525371349713,
            -0.1743072588128258,
            0.05433198408108327,
            299.3130540132939,
            -48.432066930810166,
            4.258550091063942,
            -0.019282788941325273,
            0.012666468219548428,
            0.045227979961937885,
            -0.0007631182465103366,
            0.02516990925081858,
            -0.0021333299035699816,
            0.00022433650322762293,
            -0.12436025677029887,
            0.45267868262427563,
            0.4643824063615557
        ],
        [
            -0.02941681020278178,
            -0.16955581914003706,
            -9.199056631192319,
            -0.6279463225542593,
            0.21196797031876305,
            1096.393160747147,
            -179.9908665073949,
            14.804440901302273,
            -0.06865565548837546,
            0.045227979961937885,
            0.16770496278798802,
            -0.0029098792488164112,
            0.09274929527444564,
            -0.008720405263287366,
            0.0006773162796366458,
            -0.44300868925506953,
            1.6611455146036536,
            1.7137003438561231
        ],
        [
            0.0007972457183961773,
            0.002537053656142063,
            0.05464314944749226,
            0.00693974742388207,
            -0.008571976471272646,
            -6.341116858576552,
            1.976035067655166,
            -0.23531528992345482,
            0.0012363658537682426,
            -0.0007631182465103366,
            -0.0029098792488164112,
            0.00020700790048765473,
            -0.001701869708513005,
            0.0004403959089402308,
            -6.584280827963834e-05,
            0.005750384511469979,
            -0.03670875504651265,
            -0.04865209989001536
        ],
        [
            -0.016276246372598765,
            -0.0887005828864508,
            -4.8406253088459605,
            -0.3375848909707631,
            0.11210325768112789,
            610.1049438868754,
            -109.74773135570206,
            7.72633389919844,
            -0.036230062039135535,
            0.02516990925081858,
            0.09274929527444564,
            -0.001701869708513005,
            0.05380222299276438,
            -0.005509876491649282,
            0.000346069709094533,
            -0.24255013956054824,
            0.9612026514288824,
            0.938187477377338
        ],
        [
            0.002537334956263409,
            0.005532616259847706,
            0.5254723024979824,
            0.039684805675030084,
            -0.020427849773952973,
            -35.65873932680335,
            13.867254577694947,
            -0.2970372604392154,
            0.0029828629384187856,
            -0.0021333299035699816,
            -0.008720405263287366,
            0.0004403959089402308,
            -0.005509876491649282,
            0.00232274373414942,
            -0.00016321388030945947,
            0.020987625136728454,
            -0.06930538146438332,
            -0.06136861440825525
        ],
        [
            -0.0002781063144033397,
            -0.0009670266397014326,
            -0.0399873383253883,
            -0.004244399951911423,
            0.0024754236686981203,
            -0.5394913164591516,
            0.8161093237114786,
            0.11491093015738454,
            -0.0005402629688510749,
            0.00022433650322762293,
            0.0006773162796366458,
            -6.584280827963834e-05,
            0.000346069709094533,
            -0.00016321388030945947,
            5.61816628169437e-05,
            -0.0017787229971858562,
            0.006266538053273107,
            0.010805617172152037
        ],
        [
            0.0786577650445275,
            0.47216872330906334,
            28.708081194935925,
            2.0778739477778543,
            -0.5740935428437448,
            -3140.468135097444,
            520.8217339285901,
            -47.12283295505316,
            0.20552333948078252,
            -0.12436025677029887,
