{
    "R": [
        [
            0.0033026928741659188,
            -2.02811404702639e-06,
            -0.004638145372174258,
            0.0022488432767850505,
            -0.001544704478876352,
            -0.00241712087111587,
            -0.05974213151142298,
            -0.006031666810199893,
            -1.9123848845853917e-05,
            1.3104216533440799e-06,
            -1.5094283508946328e-05,
            -8.516312320969747e-06,
            -4.758570094178126e-06,
            -2.309039638919719e-06,
            1.2081050364065742e-05,
            2.0081719049520006e-05,
            -0.00039393237926149346,
            -4.032057793646388e-05
        ],
        [
            0.0,
            0.029992933632588464,
            -0.0002528908186082774,
            0.00042673535685896195,
            -5.087093902711631e-05,
            -0.13022224538858435,
            0.005885033469811144,
            0.07468623697422576,
            1.4135028254610719e-05,
            1.352273751865372e-06,
            -6.145033962605882e-06,
            7.232152344754676e-06,
            -1.0068084653648458e-05,
            1.4587751082382477e-06,
            7.174783172992144e-07,
            5.6668699808756754e-05,
            0.00016858258227783098,
            3.0311153573895596e-05
        ],
        [
            0.0,
            0.0,
            0.9130228989025643,
            -0.0008762739572887976,
            0.001773519754965203,
            0.13719819849811035,
            0.05862727860204204,
            -0.11286563711123332,
            1.9372321844337077e-06,
            -1.4399455513152196e-06,
            6.399816235747958e-06,
            1.8769780384500005e-05,
            9.395577661941617e-06,
            -8.178049955084117e-06,
            -3.7484084182854465e-06,
            1.960608589561544e-05,
            0.00031572372242880944,
            9.647203433519487e-06
        ],
        [
            0.0,
            0.0,
            0.0,
            0.586257493406333,
            -0.00010164106019560397,
            0.042188688075331264,
            -0.027214246658089455,
            -0.022817179640369296,
            -5.650098020859005e-06,
            6.632951842949825e-07,
            -1.322847628933347e-05,
            6.5537853536263795e-06,
            -6.1319555183404705e-06,
            -2.692196565219719e-06,
            5.451329223819129e-06,
            6.284490555157287e-05,
            -9.60953346900616e-05,
            -2.286310627267217e-06
        ],
        [
            0.0,
            0.0,
            0.0,
            0.0,
            0.435576595886873,
            0.2789681216201653,
            0.008998683988682898,
            -0.14312394165097914,
            -3.153132427552852e-06,
            -1.8470089974155757e-06,
            -5.742331798720616e-06,
            2.2204608195922278e-05,
            2.528674371017085e-06,
            -5.401163931397072e-06,
            -4.631155252867705e-06,
            7.317728098255219e-05,
            0.0001342646405869786,
            1.9502081627434952e-05
        ],
        [
            0.0,
            0.0,
            0.0,
            0.0,
            0.0,
            107.00793287538539,
            -0.028632580076048755,
            -0.13651322567652877,
            -1.5486402624805302e-05,
            -1.8762432550549072e-06,
            -5.97490324050472e-06,
            6.955587008905357e-06,
            4.360847203682677e-06,
            -2.684068985395782e-06,
            -1.880236482287234e-06,
            2.5504666965940737e-05,
            -0.0001715619894427934,
            -1.0447146017418771e-05
        ],
        [
            0.0,
            0.0,
            0.0,
            0.0,
            0.0,
            0.0,
            23.18240870119059,
            -0.004864146961052473,
            7.291246461410717e-06,
            4.2136381544493596e-07,
            1.2148716070691774e-05,
            7.0423691741671246e-06,
            8.802988224992116e-06,
            -7.90209978833012e-06,
            1.9787405817581774e-06,
            -2.7530528346982693e-05,
            0.0003539731942517141,
            -5.273435492759369e-06
        ],
        [
            0.0,
            0.0,
            0.0,
            0.0,
            0.0,
            0.0,
            0.0,
            34.44987018443179,
            2.8172080739233645e-05,
            2.7885078333817353e-06,
            3.452173417049099e-06,
            -1.6278696210286056e-05,
            -1.5624720757458885e-05,
            1.3009516459815532e-05,
            -1.7371225368762773e-06,
            -2.2281373366058877e-05,
            0.00011134633678570057,
            3.7875305583175144e-05
        ],
        [
            0.0,
            0.0,
            0.0,
            0.0,
            0.0,
            0.0,
            0.0,
            0.0,
            0.006639754282546864,
            1.5986136875637602e-06,
            1.6864568102113111e-06,
            2.740249775947455e-06,
            -1.0781676349457976e-05,
            5.584084747663376e-06,
            -3.32879956073413e-06,
            2.6916217730036872e-05,
            0.00029703861528857244,
            4.62043520949263e-05
        ],
        [
            0.0,
            0.0,
            0.0,
            0.0,
            0.0,
            0.0,
            0.0,
            0.0,
            0.0,
            0.001977740533123807,
            -8.097040106885377e-07,
            -6.962031249387062e-07,
            -3.3813927643001537e-06,
            6.306891400933284e-07,
            1.5847981805706379e-06,
            6.8293452138172085e-06,
            5.2464757584328886e-05,
            5.646015080597712e-06
        ],
        [
            0.0,
            0.0,
            0.0,
            0.0,
            0.0,
            0.0,
            0.0,
            0.0,
            0.0,
            0.0,
            0.0060749985380773195,
            -9.460040790292004e-06,
            1.0830597397739417e-05,
            -1.0204912889452563e-06,
            -1.4717352158189057e-06,
            -9.10158312900576e-05,
            0.00011138380437114277,
            -1.7944094894885217e-05
        ],
        [
            0.0,
            0.0,
            0.0,
            0.0,
            0.0,
            0.0,
            0.0,
            0.0,
            0.0,
            0.0,
            0.0,
            0.00914604793326399,
            -1.3416035338447741e-06,
            -5.655911257044814e-06,
            7.407912863206967e-07,
            6.811526903651296e-05,
            0.00017355766429093735,
            1.4952332084834575e-05
        ],
        [
            0.0,
            0.0,
            0.0,
            0.0,
            0.0,
            0.0,
            0.0,
            0.0,
            0.0,
            0.0,
            0.0,
            0.0,
            0.00808992356596018,
            -4.901263217655861e-06,
            9.092463845980212e-07,
            -4.668496371959835e-05,
            6.002361104407543e-06,
            -2.5996176331284894e-05
        ],
        [
            0.0,
            0.0,
            0.0,
            0.0,
            0.0,
            0.0,
            0.0,
            0.0,
            0.0,
            0.0,
            0.0,
            0.0,
            0.0,
            0.005034463732183155,
            -4.494230030794931e-06,
            -9.60429526085936e-06,
            -0.000120447023783349,
            1.9104397255256124e-05
        ],
        [
            0.0,
            0.0,
            0.0,
            0.0,
            0.0,
            0.0,
            0.0,
            0.0,
            0.0,
            0.0,
            0.0,
            0.0,
            0.0,
            0.0,
            0.004717743784355546,
            4.67640023515131e-06,
            2.757116860659152e-06,
            -1.6808296894918056e-05
        ],
        [
            0.0,
            0.0,
            0.0,
            0.0,
            0.0,
            0.0,
            0.0,
            0.0,
            0.0,
            0.0,
            0.0,
            0.0,
            0.0,
            0.0,
            0.0,
            0.04010938319816577,
            7.104997987570175e-05,
            2.7554123924748475e-05
        ],
        [
            0.0,
            0.0,
            0.0,
            0.0,
            0.0,
            0.0,
            0.0,
            0.0,
            0.0,
            0.0,
            0.0,
            0.0,
            0.0,
            0.0,
            0.0,
            0.0,
            0.1704016190499453,
            1.607341696158092e-05
        ],
        [
            0.0,
            0.0,
            0.0,
            0.0,
            0.0,
            0.0,
            0.0,
            0.0,
            0.0,
            0.0,
            0.0,
            0.0,
            0.0,
            0.0,
            0.0,
            0.0,
            0.0,
            0.026254081048309213
        ]
    ],
    "RDR": [
        [
            [
                0.0033026928741659188,
                -2.02811404702639e-06,
                -0.004638145372174258,
                0.0022488432767850505,
                -0.001544704478876352,
                -0.00241712087111587,
                -0.05974213151142298,
                -0.006031666810199893,
                -1.9123848845853917e-05,
                1.3104216533440799e-06,
                -1.5094283508946328e-05,
                -8.516312320969747e-06,
                -4.758570094178126e-06,
                -2.309039638919719e-06,
                1.2081050364065742e-05,
                2.0081719049520006e-05,
                -0.00039393237926149346,
                -4.032057793646388e-05
            ],
            [
                0.0,
                0.029992933632588464,
                -0.0002528908186082774,
                0.00042673535685896195,
                -5.087093902711631e-05,
                -0.13022224538858435,
                0.005885033469811144,
                0.07468623697422576,
                1.4135028254610719e-05,
                1.352273751865372e-06,
                -6.145033962605882e-06,
                7.232152344754676e-06,
                -1.0068084653648458e-05,
                1.4587751082382477e-06,
                7.174783172992144e-07,
                5.6668699808756754e-05,
                0.00016858258227783098,
                3.0311153573895596e-05
            ],
            [
                0.0,
                0.0,
                0.9130228989025643,
                -0.0008762739572887976,
                0.001773519754965203,
                0.13719819849811035,
                0.05862727860204204,
                -0.11286563711123332,
                1.9372321844337077e-06,
                -1.4399455513152196e-06,
                6.399816235747958e-06,
                1.8769780384500005e-05,
                9.395577661941617e-06,
                -8.178049955084117e-06,
                -3.7484084182854465e-06,
                1.960608589561544e-05,
                0.00031572372242880944,
                9.647203433519487e-06
            ],
            [
                0.0,
                0.0,
                0.0,
                0.586257493406333,
                -0.00010164106019560397,
                0.042188688075331264,
                -0.027214246658089455,
                -0.022817179640369296,
                -5.650098020859005e-06,
                6.632951842949825e-07,
                -1.322847628933347e-05,
                6.5537853536263795e-06,
                -6.1319555183404705e-06,
                -2.692196565219719e-06,
                5.451329223819129e-06,
                6.284490555157287e-05,
                -9.60953346900616e-05,
                -2.286310627267217e-06
            ],
            [
                0.0,
                0.0,
                0.0,
                0.0,
                0.435576595886873,
                0.2789681216201653,
                0.008998683988682898,
                -0.14312394165097914,
                -3.153132427552852e-06,
                -1.8470089974155757e-06,
                -5.742331798720616e-06,
                2.2204608195922278e-05,
                2.528674371017085e-06,
                -5.401163931397072e-06,
                -4.631155252867705e-06,
                7.317728098255219e-05,
                0.0001342646405869786,
                1.9502081627434952e-05
            ],
            [
                0.0,
                0.0,
                0.0,
                0.0,
                0.0,
                107.00793287538539,
                -0.028632580076048755,
                -0.13651322567652877,
                -1.5486402624805302e-05,
                -1.8762432550549072e-06,
                -5.97490324050472e-06,
                6.955587008905357e-06,
                4.360847203682677e-06,
                -2.684068985395782e-06,
                -1.880236482287234e-06,
                2.5504666965940737e-05,
                -0.0001715619894427934,
                -1.0447146017418771e-05
            ],
            [
                0.0,
                0.0,
                0.0,
                0.0,
                0.0,
                0.0,
                23.18240870119059,
                -0.004864146961052473,
                7.291246461410717e-06,
                4.2136381544493596e-07,
                1.2148716070691774e-05,
                7.0423691741671246e-06,
                8.802988224992116e-06,
                -7.90209978833012e-06,
                1.9787405817581774e-06,
                -2.7530528346982693e-05,
                0.0003539731942517141,
                -5.273435492759369e-06
            ],
            [
                0.0,
                0.0,
                0.0,
                0.0,
                0.0,
                0.0,
                0.0,
                34.44987018443179,
                2.8172080739233645e-05,
                2.7885078333817353e-06,
                3.452173417049099e-06,
                -1.6278696210286056e-05,
                -1.5624720757458885e-05,
                1.3009516459815532e-05,
                -1.7371225368762773e-06,
                -2.2281373366058877e-05,
                0.00011134633678570057,
                3.7875305583175144e-05
            ],
            [
                0.0,
                0.0,
                0.0,
                0.0,
                0.0,
                0.0,
                0.0,
                0.0,
                0.006639754282546864,
                1.5986136875637602e-06,
                1.6864568102113111e-06,
                2.740249775947455e-06,
                -1.0781676349457976e-05,
                5.584084747663376e-06,
                -3.32879956073413e-06,
                2.6916217730036872e-05,
                0.00029703861528857244,
                4.62043520949263e-05
            ],
            [
                0.0,
                0.0,
                0.0,
                0.0,
                0.0,
                0.0,
                0.0,
                0.0,
                0.0,
                0.001977740533123807,
                -8.097040106885377e-07,
                -6.962031249387062e-07,
                -3.3813927643001537e-06,
                6.306891400933284e-07,
                1.5847981805706379e-06,
                6.8293452138172085e-06,
                5.2464757584328886e-05,
                5.646015080597712e-06
            ],
            [
                0.0,
                0.0,
                0.0,
                0.0,
                0.0,
                0.0,
                0.0,
                0.0,
                0.0,
                0.0,
                0.0060749985380773195,
                -9.460040790292004e-06,
                1.0830597397739417e-05,
                -1.0204912889452563e-06,
                -1.4717352158189057e-06,
                -9.10158312900576e-05,
                0.00011138380437114277,
                -1.7944094894885217e-05
            ],
            [
                0.0,
                0.0,
                0.0,
                0.0,
                0.0,
                0.0,
                0.0,
                0.0,
                0.0,
                0.0,
                0.0,
                0.00914604793326399,
                -1.3416035338447741e-06,
                -5.655911257044814e-06,
                7.407912863206967e-07,
                6.811526903651296e-05,
                0.00017355766429093735,
                1.4952332084834575e-05
            ],
            [
                0.0,
                0.0,
                0.0,
                0.0,
                0.0,
                0.0,
                0.0,
                0.0,
                0.0,
                0.0,
                0.0,
                0.0,
                0.00808992356596018,
                -4.901263217655861e-06,
                9.092463845980212e-07,
                -4.668496371959835e-05,
                6.002361104407543e-06,
                -2.5996176331284894e-05
            ],
            [
                0.0,
                0.0,
                0.0,
                0.0,
                0.0,
                0.0,
                0.0,
                0.0,
                0.0,
                0.0,
                0.0,
                0.0,
                0.0,
                0.005034463732183155,
                -4.494230030794931e-06,
                -9.60429526085936e-06,
                -0.000120447023783349,
                1.9104397255256124e-05
            ],
            [
                0.0,
                0.0,
                0.0,
                0.0,
                0.0,
                0.0,
                0.0,
                0.0,
                0.0,
                0.0,
                0.0,
                0.0,
                0.0,
                0.0,
                0.004717743784355546,
                4.67640023515131e-06,
                2.757116860659152e-06,
                -1.6808296894918056e-05
            ],
            [
                0.0,
                0.0,
                0.0,
                0.0,
                0.0,
                0.0,
                0.0,
                0.0,
                0.0,
                0.0,
                0.0,
                0.0,
                0.0,
                0.0,
                0.0,
                0.04010938319816577,
                7.104997987570175e-05,
                2.7554123924748475e-05
            ],
            [
                0.0,
                0.0,
                0.0,
                0.0,
                0.0,
                0.0,
                0.0,
                0.0,
                0.0,
                0.0,
                0.0,
                0.0,
                0.0,
                0.0,
                0.0,
                0.0,
                0.1704016190499453,
                1.607341696158092e-05
            ],
            [
                0.0,
                0.0,
                0.0,
                0.0,
                0.0,
                0.0,
                0.0,
                0.0,
                0.0,
                0.0,
                0.0,
                0.0,
                0.0,
                0.0,
                0.0,
                0.0,
                0.0,
                0.026254081048309213
            ]
        ],
        [
            [
                0.0006605385748331838,
                -4.0562280940527803e-07,
                -0.0009276290744348516,
                0.0004497686553570101,
                -0.0003089408957752704,
                -0.000483424174223174,
                -0.011948426302284596,
                -0.0012063333620399787,
                -3.824769769170784e-06,
                2.62084330668816e-07,
                -3.0188567017892657e-06,
                -1.7032624641939494e-06,
                -9.517140188356252e-07,
                -4.618079277839438e-07,
                2.4162100728131486e-06,
                4.016343809904001e-06,
                -7.87864758522987e-05,
                -8.064115587292776e-06
            ],
            [
                0.0,
                0.005998586726517693,
                -5.057816372165548e-05,
                8.53470713717924e-05,
                -1.0174187805423263e-05,
                -0.026044449077716872,
                0.001177006693962229,
                0.014937247394845152,
                2.8270056509221438e-06,
                2.704547503730744e-07,
                -1.2290067925211765e-06,
                1.4464304689509353e-06,
                -2.0136169307296917e-06,
                2.9175502164764955e-07,
                1.4349566345984288e-07,
                1.1333739961751352e-05,
                3.37165164555662e-05,
                6.06223071477912e-06
            ],
            [
                0.0,
                0.0,
                0.18260457978051287,
                -0.00017525479145775953,
                0.00035470395099304066,
                0.02743963969962207,
                0.01172545572040841,
                -0.022573127422246667,
                3.8744643688674157e-07,
                -2.8798911026304394e-07,
                1.2799632471495917e-06,
                3.753956076900001e-06,
                1.8791155323883235e-06,
                -1.6356099910168233e-06,
                -7.496816836570893e-07,
                3.921217179123089e-06,
                6.314474448576189e-05,
                1.9294406867038976e-06
            ],
            [
                0.0,
                0.0,
                0.0,
                0.11725149868126661,
                -2.0328212039120795e-05,
                0.008437737615066254,
                -0.005442849331617892,
                -0.004563435928073859,
                -1.130019604171801e-06,
                1.326590368589965e-07,
                -2.6456952578666943e-06,
                1.310757070725276e-06,
                -1.226391103668094e-06,
                -5.384393130439438e-07,
                1.0902658447638259e-06,
                1.2568981110314573e-05,
                -1.9219066938012323e-05,
                -4.572621254534434e-07
            ],
            [
                0.0,
                0.0,
                0.0,
                0.0,
                0.0871153191773746,
                0.055793624324033064,
                0.0017997367977365796,
                -0.028624788330195827,
                -6.306264855105705e-07,
                -3.6940179948311517e-07,
                -1.1484663597441232e-06,
                4.440921639184455e-06,
                5.05734874203417e-07,
                -1.0802327862794143e-06,
                -9.262310505735411e-07,
                1.4635456196510438e-05,
                2.6852928117395722e-05,
                3.90041632548699e-06
            ],
            [
                0.0,
                0.0,
                0.0,
                0.0,
                0.0,
                21.40158657507708,
                -0.005726516015209751,
                -0.027302645135305753,
                -3.0972805249610606e-06,
                -3.7524865101098147e-07,
                -1.194980648100944e-06,
                1.3911174017810716e-06,
                8.721694407365355e-07,
                -5.368137970791565e-07,
                -3.7604729645744683e-07,
                5.100933393188148e-06,
                -3.431239788855868e-05,
                -2.0894292034837545e-06
            ],
            [
                0.0,
                0.0,
                0.0,
                0.0,
                0.0,
                0.0,
                4.636481740238118,
                -0.0009728293922104946,
                1.4582492922821434e-06,
                8.42727630889872e-08,
                2.429743214138355e-06,
                1.408473834833425e-06,
                1.7605976449984232e-06,
                -1.5804199576660241e-06,
                3.957481163516355e-07,
                -5.506105669396539e-06,
                7.079463885034283e-05,
                -1.0546870985518738e-06
            ],
            [
                0.0,
                0.0,
                0.0,
                0.0,
                0.0,
                0.0,
                0.0,
                6.889974036886358,
                5.63441614784673e-06,
                5.577015666763471e-07,
                6.904346834098199e-07,
                -3.2557392420572114e-06,
                -3.1249441514917773e-06,
                2.6019032919631067e-06,
                -3.4742450737525546e-07,
                -4.456274673211776e-06,
                2.2269267357140116e-05,
                7.575061116635029e-06
            ],
            [
                0.0,
                0.0,
                0.0,
                0.0,
                0.0,
                0.0,
                0.0,
                0.0,
                0.0013279508565093728,
                3.1972273751275207e-07,
                3.372913620422622e-07,
                5.48049955189491e-07,
                -2.1563352698915953e-06,
                1.1168169495326753e-06,
                -6.657599121468261e-07,
                5.383243546007375e-06,
                5.940772305771449e-05,
                9.24087041898526e-06
            ],
            [
                0.0,
                0.0,
                0.0,
                0.0,
                0.0,
                0.0,
                0.0,
                0.0,
                0.0,
                0.0003955481066247614,
                -1.6194080213770755e-07,
                -1.3924062498774125e-07,
                -6.762785528600308e-07,
                1.2613782801866567e-07,
                3.169596361141276e-07,
                1.3658690427634419e-06,
                1.0492951516865778e-05,
                1.1292030161195425e-06
            ],
            [
                0.0,
                0.0,
                0.0,
                0.0,
                0.0,
                0.0,
                0.0,
                0.0,
                0.0,
                0.0,
                0.001214999707615464,
                -1.892008158058401e-06,
                2.1661194795478837e-06,
                -2.0409825778905128e-07,
                -2.943470431637812e-07,
                -1.820316625801152e-05,
                2.2276760874228557e-05,
                -3.5888189789770435e-06
            ],
            [
                0.0,
                0.0,
                0.0,
                0.0,
                0.0,
                0.0,
                0.0,
                0.0,
                0.0,
                0.0,
                0.0,
                0.001829209586652798,
                -2.6832070676895486e-07,
                -1.131182251408963e-06,
                1.4815825726413936e-07,
                1.3623053807302594e-05,
                3.471153285818747e-05,
                2.990466416966915e-06
            ],
            [
                0.0,
                0.0,
                0.0,
                0.0,
                0.0,
                0.0,
                0.0,
                0.0,
                0.0,
                0.0,
                0.0,
                0.0,
                0.001617984713192036,
                -9.802526435311723e-07,
                1.8184927691960424e-07,
                -9.33699274391967e-06,
                1.2004722208815087e-06,
                -5.199235266256979e-06
            ],
            [
                0.0,
                0.0,
                0.0,
                0.0,
                0.0,
                0.0,
                0.0,
                0.0,
                0.0,
                0.0,
                0.0,
                0.0,
                0.0,
                0.001006892746436631,
                -8.988460061589863e-07,
                -1.920859052171872e-06,
                -2.40894047566698e-05,
                3.820879451051225e-06
            ],
            [
                0.0,
                0.0,
                0.0,
                0.0,
                0.0,
                0.0,
                0.0,
                0.0,
                0.0,
                0.0,
                0.0,
                0.0,
                0.0,
                0.0,
                0.0009435487568711092,
                9.35280047030262e-07,
                5.514233721318304e-07,
                -3.3616593789836113e-06
            ],
            [
                0.0,
                0.0,
                0.0,
                0.0,
                0.0,
                0.0,
                0.0,
                0.0,
                0.0,
                0.0,
                0.0,
                0.0,
                0.0,
                0.0,
                0.0,
                0.008021876639633154,
                1.4209995975140352e-05,
                5.510824784949695e-06
            ],
            [
                0.0,
                0.0,
                0.0,
                0.0,
                0.0,
                0.0,
                0.0,
                0.0,
                0.0,
                0.0,
                0.0,
                0.0,
                0.0,
                0.0,
                0.0,
                0.0,
                0.034080323809989065,
                3.2146833923161845e-06
            ],
            [
                0.0,
                0.0,
                0.0,
                0.0,
                0.0,
                0.0,
                0.0,
                0.0,
                0.0,
                0.0,
                0.0,
                0.0,
                0.0,
                0.0,
                0.0,
                0.0,
                0.0,
                0.005250816209661843
            ]
        ]
    ],
    "allnames": [
        "m1_flow_nominal",
        "m2_flow_nominal",
        "tau1",
        "tau2",
        "tau_m",
        "nominalUa.hasValue",
        "workingPressure.hasValue",
        "flowCoefficient.hasValue",
        "waterFlowRateMax",
        "c1",
        "c2",
        "c3",
        "c4",
        "eps_motor",
        "f_motorToAir",
        "kp",
        "Ti",
        "Td"
    ],
    "alpha_count": 1323,
    "cov": [
        [
            0.0027275725764365345,
            -0.010679265634970165,
            0.5084932471434106,
            -0.1246907165447687,
            0.21551229183475176,
            -70.93876726842923,
            1.2015132951181473,
            -0.2053833006598516,
            7.25044744155622e-05,
            0.0010687083607000868,
            -0.00014719103480888854,
            -0.002306873447370955,
            -0.0009657536267614553,
            -0.0001321259470159,
            -0.0015871527801477189,
            -0.0008242173858298002,
            0.03539640994302878,
            -0.0027686726507780528
        ],
        [
            -0.010679265634970165,
            0.09098409782447518,
            -2.3941998220535345,
            0.513444896205916,
            -1.088261941745618,
            353.2052587381544,
            -0.9778462937476279,
            -5.326784505774387,
            0.0036429104703376565,
            -0.004003209452125807,
            -0.00412628941810078,
            0.003062060854148971,
            0.0049818161353818195,
            -0.00017169215614028528,
            0.005622841579147204,
            -0.02762748197714799,
            -0.22082916796797045,
            0.00025443552918341677
        ],
        [
            0.5084932471434106,
            -2.3941998220535345,
            137.5815016109794,
            -13.949575978421997,
            48.15603763648997,
            -11028.880750073067,
            -757.9025308757356,
            -749.686690220918,
            0.378988651372359,
            0.15354708188001057,
            -1.0504347287595501,
            -0.7922887773090009,
            -0.7347749669415509,
            0.010557194984739652,
            -0.3093666513278926,
            -3.8314835005288344,
            8.370284678935171,
            1.2280790966891988
        ],
        [
            -0.1246907165447687,
            0.513444896205916,
            -13.949575978421997,
            33.36377642859881,
            -7.502940220780557,
            12159.218564601271,
            -1597.5646650940314,
            -1606.4916709765455,
            0.6791100176943214,
            -0.26013614257698187,
            -2.001422851630158,
            -0.7289533968285024,
            -0.8982316767353404,
            0.01878301272842482,
            0.031379111743873596,
            -6.250454849414019,
            -3.2675748483917104,
            2.9144785845229433
        ],
        [
            0.21551229183475176,
            -1.088261941745618,
            48.15603763648997,
            -7.502940220780557,
            46.47974477862364,
            -5669.628019033688,
            -1006.0819513400852,
            -113.75949487338642,
            0.49258247875522587,
            0.08964583402241902,
            -0.8843190459236132,
            -0.6549437854164205,
            -0.4668782005173215,
            -0.018345753406672792,
            -0.2286438505453752,
            -2.3994790580415146,
            -3.1652749673676785,
            0.7091631092583386
        ],
        [
            -70.93876726842923,
            353.2052587381544,
            -11028.880750073067,
            12159.218564601271,
            -5669.628019033688,
            6695449.319639246,
            -755660.695749466,
            -932006.4007690597,
            339.14234852714543,
            -149.84089567466262,
            -1008.0795351420976,
            -354.87608278859176,
            -416.8804181291323,
            8.925500804121283,
            16.91001912459706,
            -3251.537233348307,
            -1229.1012427045225,
            1490.6271517969942
        ],
        [
            1.2015132951181473,
            -0.9778462937476279,
            -757.9025308757356,
            -1597.5646650940314,
            -1006.0819513400852,
            -755660.695749466,
            169659.9129366343,
            160420.22653453884,
            -75.4408632552796,
            19.609616375366294,
            201.99568065287997,
            84.80314362901481,
            85.45205973667596,
            -0.6555448825879424,
            9.189028922493614,
            650.7005473055286,
            209.7718819535506,
            -281.34031020652833
        ],
        [
            -0.2053833006598516,
            -5.326784505774387,
            -749.686690220918,
            -1606.4916709765455,
            -113.75949487338642,
            -932006.4007690597,
            160420.22653453884,
            258048.81905347118,
            -75.27061206671335,
            26.404319494274397,
            236.0995525537539,
            100.27140091607805,
            96.97570350960468,
            1.1064923116267718,
            8.970481466313444,
            826.6275061247688,
            -173.7811530400192,
            -352.6389895899864
        ],
        [
            7.25044744155622e-05,
            0.0036429104703376565,
            0.378988651372359,
            0.6791100176943214,
            0.49258247875522587,
            339.14234852714543,
            -75.4408632552796,
            -75.27061206671335,
            0.037441654443621346,
            -0.008952928937194893,
            -0.09573099578012342,
            -0.041825045856517425,
            -0.03938918215211295,
            -9.959242122047035e-05,
            -0.004974692397796365,
            -0.31714502363745645,
            -0.08964070832750202,
            0.13270384452408662
        ],
        [
            0.0010687083607000868,
            -0.004003209452125807,
            0.15354708188001057,
            -0.26013614257698187,
            0.08964583402241902,
            -149.84089567466262,
            19.609616375366294,
            26.404319494274397,
            -0.008952928937194893,
            0.003909274791632649,
            0.027698182753345773,
            0.010384280655169475,
            0.011395043307629504,
            -0.00010321313214612827,
            0.00034325939671714227,
            0.09167644355770375,
            -0.00017479420635471224,
            -0.041920107994798186
        ],
        [
            -0.00014719103480888854,
            -0.00412628941810078,
            -1.0504347287595501,
            -2.001422851630158,
            -0.8843190459236132,
            -1008.0795351420976,
            201.99568065287997,
            236.0995525537539,
            -0.09573099578012342,
            0.027698182753345773,
            0.2721198741111886,
            0.11602779443147494,
            0.11378999645325681,
            2.133231200321799e-06,
            0.012365651506626829,
            0.907871537991199,
            0.02602856020913766,
            -0.38858992464707726
        ],
        [
            -0.002306873447370955,
            0.003062060854148971,
            -0.7922887773090009,
            -0.7289533968285024,
            -0.6549437854164205,
            -354.87608278859176,
            84.80314362901481,
            100.27140091607805,
            -0.041825045856517425,
            0.010384280655169475,
            0.11602779443147494,
            0.055333783163423314,
            0.04968082770503614,
            0.0007798249151830857,
            0.007295496627667992,
            0.3932314565131633,
            0.04843351178064689,
            -0.1571596756801046
        ],
        [
            -0.0009657536267614553,
            0.0049818161353818195,
            -0.7347749669415509,
            -0.8982316767353404,
            -0.4668782005173215,
            -416.8804181291323,
            85.45205973667596,
            96.97570350960468,
            -0.03938918215211295,
            0.011395043307629504,
            0.11378999645325681,
            0.04968082770503614,
            0.05308443838834167,
            -0.0003063606146587837,
            0.004833930582507186,
            0.37228637788192587,
            0.040940353611940976,
            -0.15958835322958234
        ],
        [
            -0.0001321259470159,
            -0.00017169215614028528,
            0.010557194984739652,
            0.01878301272842482,
            -0.018345753406672792,
            8.925500804121283,
            -0.6555448825879424,
            1.1064923116267718,
            -9.959242122047035e-05,
            -0.00010321313214612827,
            2.133231200321799e-06,
            0.0007798249151830857,
            -0.0003063606146587837,
            0.0005230489060104894,
            0.00044688654524571134,
            0.0012244959067773261,
            0.006647497176877874,
            0.0020686416496747666
        ],
        [
            -0.0015871527801477189,
            0.005622841579147204,
            -0.3093666513278926,
            0.031379111743873596,
            -0.2286438505453752,
            16.91001912459706,
            9.189028922493614,
            8.970481466313444,
            -0.004974692397796365,
            0.00034325939671714227,
            0.012365651506626829,
            0.007295496627667992,
            0.004833930582507186,
            0.00044688654524571134,
            0.002617658867086374,
            0.04444489900038997,
            -0.014571479468074064,
            -0.014827105419383967
        ],
        [
            -0.0008242173858298002,
            -0.02762748197714799,
            -3.8314835005288344,
            -6.250454849414019,
            -2.3994790580415146,
            -3251.537233348307,
            650.7005473055286,
            826.6275061247688,
            -0.31714502363745645,
