{
    "R": [
        [
            0.009719129733919588,
            9.464361938702322e-05,
            -0.003200128710982414,
            0.00019453382058520852,
            0.0012177646382922733,
            -0.023507018862545293,
            0.01445487362262492,
            0.07519439458403776,
            -2.803450818624828e-07,
            1.4352755488224498e-06,
            -9.64368207170886e-07,
            5.669382323631938e-06,
            7.127648324159682e-06,
            8.021142408626056e-06,
            -4.2301158101432046e-07,
            -0.0006224234945089749,
            0.0001652381690430531,
            -0.0001465367344778119
        ],
        [
            0.0,
            0.04429208775964417,
            -0.0014158026828500882,
            -0.0001127981797418058,
            0.0012086584159385777,
            -0.04974642796353757,
            0.009594393536721636,
            0.017153058265732185,
            1.57756811602077e-06,
            1.0049723877788567e-07,
            -6.847865500616965e-07,
            1.351193585839742e-05,
            3.1730343547391195e-06,
            6.884038045755149e-06,
            6.175483731799514e-07,
            -0.0003719850382550329,
            0.00012557589520577198,
            -0.00028776837244973114
        ],
        [
            0.0,
            0.0,
            1.0441319912280145,
            -0.0006078199380659308,
            -0.000962178449991562,
            -0.013843197098192497,
            -0.013669108500581638,
            -0.06740858180416535,
            5.1754691399301495e-06,
            -1.6577744259610562e-06,
            1.0028878910989715e-06,
            -8.534771538950516e-06,
            -4.644473660019555e-06,
            -1.4157951322837194e-05,
            -1.3402098631966245e-06,
            0.0005401773220478081,
            -8.940785721689638e-05,
            0.00017840124835396537
        ],
        [
            0.0,
            0.0,
            0.0,
            0.35044653597047987,
            0.0007401621412780625,
            0.05961927305450294,
            0.005977743934797,
            0.007465724453245932,
            -1.533388335481317e-05,
            8.523458400339409e-07,
            1.7350129954662717e-07,
            8.302598423494629e-06,
            5.932143910822863e-07,
            1.2249749357350628e-05,
            1.5089198484591576e-06,
            -0.0005530447647504595,
            8.586493659281002e-06,
            2.8865406275980918e-05
        ],
        [
            0.0,
            0.0,
            0.0,
            0.0,
            0.9370188620417346,
            -0.010748642106838421,
            0.006547728416610603,
            0.006937319254098586,
            -4.3956722876897085e-06,
            1.9581297892364671e-07,
            -1.5068527426979494e-07,
            9.271017788679594e-06,
            2.1481576341203086e-06,
            5.990647493973153e-06,
            3.6644352868703073e-07,
            -0.0004207549820424008,
            8.255690562200164e-05,
            -0.00010860104500735417
        ],
        [
            0.0,
            0.0,
            0.0,
            0.0,
            0.0,
            41.19454448183409,
            -0.0011131266423324427,
            0.0008528258818653,
            -6.532359635102125e-06,
            4.1918028077960524e-07,
            2.484001098670909e-07,
            -2.2707869945785374e-06,
            -1.0449300100645244e-06,
            2.9034624511747786e-06,
            5.390850125808998e-07,
            -4.980416938576886e-05,
            -5.32934232767373e-05,
            0.00011503588684889566
        ],
        [
            0.0,
            0.0,
            0.0,
            0.0,
            0.0,
            0.0,
            7.639984430818245,
            0.031249966541081094,
            -2.7008823095545325e-06,
            7.079362859659267e-07,
            -5.205125622314203e-07,
            7.332323452594161e-06,
            2.9719626583168606e-06,
            7.657002566987404e-06,
            5.88959871427135e-07,
            -0.00037764994411089263,
            7.79903976230154e-05,
            -0.00013319157170341636
        ],
        [
            0.0,
            0.0,
            0.0,
            0.0,
            0.0,
            0.0,
            0.0,
            27.006802720941245,
            2.264930919458555e-06,
            1.5331672430554564e-06,
            -8.81908685922457e-07,
            -3.636792822881019e-06,
            5.0529619151346e-06,
            4.230892896204067e-06,
            -4.499610843864283e-07,
            -0.00024013662240798602,
            7.228175093496113e-05,
            -2.9686841163547077e-05
        ],
        [
            0.0,
            0.0,
            0.0,
            0.0,
            0.0,
            0.0,
            0.0,
            0.0,
            0.004364047108253236,
            -4.6767587770941983e-07,
            -5.526267462096181e-07,
            -1.0485057083875758e-05,
            5.5413586243454815e-08,
            -1.1613661475344572e-05,
            -1.369880615197978e-06,
            0.0006490109265902664,
            -1.4008737922326016e-05,
            -6.450966108431163e-05
        ],
        [
            0.0,
            0.0,
            0.0,
            0.0,
            0.0,
            0.0,
            0.0,
            0.0,
            0.0,
            0.0006522377791045516,
            -6.578602427386756e-07,
            -1.1523663150475095e-06,
            3.7595507690404606e-06,
            7.4471249414162125e-06,
            2.952955810808317e-07,
            -0.00031058657001731835,
            4.192935905185077e-05,
            -5.569490648116542e-06
        ],
        [
            0.0,
            0.0,
            0.0,
            0.0,
            0.0,
            0.0,
            0.0,
            0.0,
            0.0,
            0.0,
            0.00028141875842437665,
            -9.270813235281709e-06,
            -4.069267670977139e-06,
            -1.342708430156177e-05,
            -2.205064356905196e-06,
            4.9477075587735534e-05,
            -7.219040330218284e-05,
            0.0004442123211931588
        ],
        [
            0.0,
            0.0,
            0.0,
            0.0,
            0.0,
            0.0,
            0.0,
            0.0,
            0.0,
            0.0,
            0.0,
            0.005100007872210581,
            -2.0536613348223902e-09,
            1.7890068141803977e-05,
            3.274820982517027e-06,
            -0.0005523865869101684,
            8.201089643836818e-05,
            -0.0004245758354698173
        ],
        [
            0.0,
            0.0,
            0.0,
            0.0,
            0.0,
            0.0,
            0.0,
            0.0,
            0.0,
            0.0,
            0.0,
            0.0,
            0.004377612929989539,
            1.145158705474234e-06,
            -7.315914227281447e-07,
            -0.0002682822903343354,
            7.414465557131119e-05,
            -3.357233536256393e-06
        ],
        [
            0.0,
            0.0,
            0.0,
            0.0,
            0.0,
            0.0,
            0.0,
            0.0,
            0.0,
            0.0,
            0.0,
            0.0,
            0.0,
            0.004108571956599662,
            3.868251467539886e-06,
            -0.0006024248932213212,
            4.6109528490633555e-05,
            -0.00035268443405557184
        ],
        [
            0.0,
            0.0,
            0.0,
            0.0,
            0.0,
            0.0,
            0.0,
            0.0,
            0.0,
            0.0,
            0.0,
            0.0,
            0.0,
            0.0,
            0.001354603583135518,
            -2.2377337444463967e-06,
            -4.477575973723297e-05,
            -0.00023770456161597992
        ],
        [
            0.0,
            0.0,
            0.0,
            0.0,
            0.0,
            0.0,
            0.0,
            0.0,
            0.0,
            0.0,
            0.0,
            0.0,
            0.0,
            0.0,
            0.0,
            0.1549560333104097,
            -0.00022674431095915482,
            6.850981231236825e-05
        ],
        [
            0.0,
            0.0,
            0.0,
            0.0,
            0.0,
            0.0,
            0.0,
            0.0,
            0.0,
            0.0,
            0.0,
            0.0,
            0.0,
            0.0,
            0.0,
            0.0,
            0.15465263722750752,
            -3.634314359423835e-05
        ],
        [
            0.0,
            0.0,
            0.0,
            0.0,
            0.0,
            0.0,
            0.0,
            0.0,
            0.0,
            0.0,
            0.0,
            0.0,
            0.0,
            0.0,
            0.0,
            0.0,
            0.0,
            0.11644995699359596
        ]
    ],
    "RDR": [
        [
            [
                0.009719129733919588,
                9.464361938702322e-05,
                -0.003200128710982414,
                0.00019453382058520852,
                0.0012177646382922733,
                -0.023507018862545293,
                0.01445487362262492,
                0.07519439458403776,
                -2.803450818624828e-07,
                1.4352755488224498e-06,
                -9.64368207170886e-07,
                5.669382323631938e-06,
                7.127648324159682e-06,
                8.021142408626056e-06,
                -4.2301158101432046e-07,
                -0.0006224234945089749,
                0.0001652381690430531,
                -0.0001465367344778119
            ],
            [
                0.0,
                0.04429208775964417,
                -0.0014158026828500882,
                -0.0001127981797418058,
                0.0012086584159385777,
                -0.04974642796353757,
                0.009594393536721636,
                0.017153058265732185,
                1.57756811602077e-06,
                1.0049723877788567e-07,
                -6.847865500616965e-07,
                1.351193585839742e-05,
                3.1730343547391195e-06,
                6.884038045755149e-06,
                6.175483731799514e-07,
                -0.0003719850382550329,
                0.00012557589520577198,
                -0.00028776837244973114
            ],
            [
                0.0,
                0.0,
                1.0441319912280145,
                -0.0006078199380659308,
                -0.000962178449991562,
                -0.013843197098192497,
                -0.013669108500581638,
                -0.06740858180416535,
                5.1754691399301495e-06,
                -1.6577744259610562e-06,
                1.0028878910989715e-06,
                -8.534771538950516e-06,
                -4.644473660019555e-06,
                -1.4157951322837194e-05,
                -1.3402098631966245e-06,
                0.0005401773220478081,
                -8.940785721689638e-05,
                0.00017840124835396537
            ],
            [
                0.0,
                0.0,
                0.0,
                0.35044653597047987,
                0.0007401621412780625,
                0.05961927305450294,
                0.005977743934797,
                0.007465724453245932,
                -1.533388335481317e-05,
                8.523458400339409e-07,
                1.7350129954662717e-07,
                8.302598423494629e-06,
                5.932143910822863e-07,
                1.2249749357350628e-05,
                1.5089198484591576e-06,
                -0.0005530447647504595,
                8.586493659281002e-06,
                2.8865406275980918e-05
            ],
            [
                0.0,
                0.0,
                0.0,
                0.0,
                0.9370188620417346,
                -0.010748642106838421,
                0.006547728416610603,
                0.006937319254098586,
                -4.3956722876897085e-06,
                1.9581297892364671e-07,
                -1.5068527426979494e-07,
                9.271017788679594e-06,
                2.1481576341203086e-06,
                5.990647493973153e-06,
                3.6644352868703073e-07,
                -0.0004207549820424008,
                8.255690562200164e-05,
                -0.00010860104500735417
            ],
            [
                0.0,
                0.0,
                0.0,
                0.0,
                0.0,
                41.19454448183409,
                -0.0011131266423324427,
                0.0008528258818653,
                -6.532359635102125e-06,
                4.1918028077960524e-07,
                2.484001098670909e-07,
                -2.2707869945785374e-06,
                -1.0449300100645244e-06,
                2.9034624511747786e-06,
                5.390850125808998e-07,
                -4.980416938576886e-05,
                -5.32934232767373e-05,
                0.00011503588684889566
            ],
            [
                0.0,
                0.0,
                0.0,
                0.0,
                0.0,
                0.0,
                7.639984430818245,
                0.031249966541081094,
                -2.7008823095545325e-06,
                7.079362859659267e-07,
                -5.205125622314203e-07,
                7.332323452594161e-06,
                2.9719626583168606e-06,
                7.657002566987404e-06,
                5.88959871427135e-07,
                -0.00037764994411089263,
                7.79903976230154e-05,
                -0.00013319157170341636
            ],
            [
                0.0,
                0.0,
                0.0,
                0.0,
                0.0,
                0.0,
                0.0,
                27.006802720941245,
                2.264930919458555e-06,
                1.5331672430554564e-06,
                -8.81908685922457e-07,
                -3.636792822881019e-06,
                5.0529619151346e-06,
                4.230892896204067e-06,
                -4.499610843864283e-07,
                -0.00024013662240798602,
                7.228175093496113e-05,
                -2.9686841163547077e-05
            ],
            [
                0.0,
                0.0,
                0.0,
                0.0,
                0.0,
                0.0,
                0.0,
                0.0,
                0.004364047108253236,
                -4.6767587770941983e-07,
                -5.526267462096181e-07,
                -1.0485057083875758e-05,
                5.5413586243454815e-08,
                -1.1613661475344572e-05,
                -1.369880615197978e-06,
                0.0006490109265902664,
                -1.4008737922326016e-05,
                -6.450966108431163e-05
            ],
            [
                0.0,
                0.0,
                0.0,
                0.0,
                0.0,
                0.0,
                0.0,
                0.0,
                0.0,
                0.0006522377791045516,
                -6.578602427386756e-07,
                -1.1523663150475095e-06,
                3.7595507690404606e-06,
                7.4471249414162125e-06,
                2.952955810808317e-07,
                -0.00031058657001731835,
                4.192935905185077e-05,
                -5.569490648116542e-06
            ],
            [
                0.0,
                0.0,
                0.0,
                0.0,
                0.0,
                0.0,
                0.0,
                0.0,
                0.0,
                0.0,
                0.00028141875842437665,
                -9.270813235281709e-06,
                -4.069267670977139e-06,
                -1.342708430156177e-05,
                -2.205064356905196e-06,
                4.9477075587735534e-05,
                -7.219040330218284e-05,
                0.0004442123211931588
            ],
            [
                0.0,
                0.0,
                0.0,
                0.0,
                0.0,
                0.0,
                0.0,
                0.0,
                0.0,
                0.0,
                0.0,
                0.005100007872210581,
                -2.0536613348223902e-09,
                1.7890068141803977e-05,
                3.274820982517027e-06,
                -0.0005523865869101684,
                8.201089643836818e-05,
                -0.0004245758354698173
            ],
            [
                0.0,
                0.0,
                0.0,
                0.0,
                0.0,
                0.0,
                0.0,
                0.0,
                0.0,
                0.0,
                0.0,
                0.0,
                0.004377612929989539,
                1.145158705474234e-06,
                -7.315914227281447e-07,
                -0.0002682822903343354,
                7.414465557131119e-05,
                -3.357233536256393e-06
            ],
            [
                0.0,
                0.0,
                0.0,
                0.0,
                0.0,
                0.0,
                0.0,
                0.0,
                0.0,
                0.0,
                0.0,
                0.0,
                0.0,
                0.004108571956599662,
                3.868251467539886e-06,
                -0.0006024248932213212,
                4.6109528490633555e-05,
                -0.00035268443405557184
            ],
            [
                0.0,
                0.0,
                0.0,
                0.0,
                0.0,
                0.0,
                0.0,
                0.0,
                0.0,
                0.0,
                0.0,
                0.0,
                0.0,
                0.0,
                0.001354603583135518,
                -2.2377337444463967e-06,
                -4.477575973723297e-05,
                -0.00023770456161597992
            ],
            [
                0.0,
                0.0,
                0.0,
                0.0,
                0.0,
                0.0,
                0.0,
                0.0,
                0.0,
                0.0,
                0.0,
                0.0,
                0.0,
                0.0,
                0.0,
                0.1549560333104097,
                -0.00022674431095915482,
                6.850981231236825e-05
            ],
            [
                0.0,
                0.0,
                0.0,
                0.0,
                0.0,
                0.0,
                0.0,
                0.0,
                0.0,
                0.0,
                0.0,
                0.0,
                0.0,
                0.0,
                0.0,
                0.0,
                0.15465263722750752,
                -3.634314359423835e-05
            ],
            [
                0.0,
                0.0,
                0.0,
                0.0,
                0.0,
                0.0,
                0.0,
                0.0,
                0.0,
                0.0,
                0.0,
                0.0,
                0.0,
                0.0,
                0.0,
                0.0,
                0.0,
                0.11644995699359596
            ]
        ],
        [
            [
                0.0019438259467839177,
                1.8928723877404645e-05,
                -0.0006400257421964829,
                3.8906764117041705e-05,
                0.00024355292765845468,
                -0.004701403772509059,
                0.0028909747245249844,
                0.015038878916807552,
                -5.6069016372496565e-08,
                2.8705510976449e-07,
                -1.928736414341772e-07,
                1.1338764647263877e-06,
                1.4255296648319365e-06,
                1.6042284817252113e-06,
                -8.46023162028641e-08,
                -0.00012448469890179498,
                3.304763380861062e-05,
                -2.9307346895562384e-05
            ],
            [
                0.0,
                0.008858417551928835,
                -0.00028316053657001766,
                -2.2559635948361163e-05,
                0.00024173168318771554,
                -0.009949285592707515,
                0.0019188787073443272,
                0.003430611653146437,
                3.15513623204154e-07,
                2.0099447755577136e-08,
                -1.369573100123393e-07,
                2.7023871716794842e-06,
                6.346068709478239e-07,
                1.3768076091510299e-06,
                1.2350967463599028e-07,
                -7.439700765100659e-05,
                2.51151790411544e-05,
                -5.755367448994623e-05
            ],
            [
                0.0,
                0.0,
                0.2088263982456029,
                -0.00012156398761318617,
                -0.00019243568999831242,
                -0.0027686394196384996,
                -0.0027338217001163278,
                -0.013481716360833071,
                1.03509382798603e-06,
                -3.3155488519221127e-07,
                2.0057757821979432e-07,
                -1.7069543077901033e-06,
                -9.288947320039111e-07,
                -2.8315902645674388e-06,
                -2.680419726393249e-07,
                0.00010803546440956162,
                -1.7881571443379277e-05,
                3.568024967079308e-05
            ],
            [
                0.0,
                0.0,
                0.0,
                0.07008930719409598,
                0.0001480324282556125,
                0.011923854610900588,
                0.0011955487869594,
                0.0014931448906491864,
                -3.066776670962634e-06,
                1.704691680067882e-07,
                3.470025990932544e-08,
                1.660519684698926e-06,
                1.1864287821645726e-07,
                2.449949871470126e-06,
                3.017839696918315e-07,
                -0.0001106089529500919,
                1.7172987318562006e-06,
                5.773081255196184e-06
            ],
            [
                0.0,
                0.0,
                0.0,
                0.0,
                0.18740377240834694,
                -0.0021497284213676843,
                0.0013095456833221207,
                0.0013874638508197172,
                -8.791344575379418e-07,
                3.9162595784729344e-08,
                -3.013705485395899e-08,
                1.8542035577359188e-06,
                4.296315268240617e-07,
                1.1981294987946307e-06,
                7.328870573740615e-08,
                -8.415099640848017e-05,
                1.6511381124400328e-05,
                -2.1720209001470836e-05
            ],
            [
                0.0,
                0.0,
                0.0,
                0.0,
                0.0,
                8.23890889636682,
                -0.00022262532846648855,
                0.00017056517637306,
                -1.306471927020425e-06,
                8.383605615592106e-08,
                4.968002197341818e-08,
                -4.541573989157075e-07,
                -2.089860020129049e-07,
                5.806924902349558e-07,
                1.0781700251617996e-07,
                -9.960833877153772e-06,
                -1.0658684655347461e-05,
                2.3007177369779134e-05
            ],
            [
                0.0,
                0.0,
                0.0,
                0.0,
                0.0,
                0.0,
                1.527996886163649,
                0.006249993308216219,
                -5.401764619109065e-07,
                1.4158725719318533e-07,
                -1.0410251244628406e-07,
                1.4664646905188321e-06,
                5.943925316633722e-07,
                1.531400513397481e-06,
                1.1779197428542701e-07,
                -7.552998882217853e-05,
                1.559807952460308e-05,
                -2.6638314340683272e-05
            ],
            [
                0.0,
                0.0,
                0.0,
                0.0,
                0.0,
                0.0,
                0.0,
                5.4013605441882495,
                4.5298618389171103e-07,
                3.066334486110913e-07,
                -1.7638173718449142e-07,
                -7.273585645762039e-07,
                1.01059238302692e-06,
                8.461785792408135e-07,
                -8.999221687728566e-08,
                -4.802732448159721e-05,
                1.4456350186992226e-05,
                -5.9373682327094156e-06
            ],
            [
                0.0,
                0.0,
                0.0,
                0.0,
                0.0,
                0.0,
                0.0,
                0.0,
                0.0008728094216506471,
                -9.353517554188398e-08,
                -1.1052534924192364e-07,
                -2.097011416775152e-06,
                1.1082717248690964e-08,
                -2.3227322950689143e-06,
                -2.739761230395956e-07,
                0.0001298021853180533,
                -2.8017475844652032e-06,
                -1.2901932216862327e-05
            ],
            [
                0.0,
                0.0,
                0.0,
                0.0,
                0.0,
                0.0,
                0.0,
                0.0,
                0.0,
                0.00013044755582091033,
                -1.3157204854773512e-07,
                -2.304732630095019e-07,
                7.519101538080921e-07,
                1.4894249882832426e-06,
                5.905911621616634e-08,
                -6.211731400346367e-05,
                8.385871810370154e-06,
                -1.1138981296233084e-06
            ],
            [
                0.0,
                0.0,
                0.0,
                0.0,
                0.0,
                0.0,
                0.0,
                0.0,
                0.0,
                0.0,
                5.628375168487533e-05,
                -1.8541626470563418e-06,
                -8.138535341954278e-07,
                -2.685416860312354e-06,
                -4.410128713810392e-07,
                9.895415117547107e-06,
                -1.4438080660436568e-05,
                8.884246423863176e-05
            ],
            [
                0.0,
                0.0,
                0.0,
                0.0,
                0.0,
                0.0,
                0.0,
                0.0,
                0.0,
                0.0,
                0.0,
                0.0010200015744421163,
                -4.1073226696447806e-10,
                3.5780136283607956e-06,
                6.549641965034055e-07,
                -0.00011047731738203369,
                1.6402179287673635e-05,
                -8.491516709396347e-05
            ],
            [
                0.0,
                0.0,
                0.0,
                0.0,
                0.0,
                0.0,
                0.0,
                0.0,
                0.0,
                0.0,
                0.0,
                0.0,
                0.0008755225859979079,
                2.290317410948468e-07,
                -1.4631828454562895e-07,
                -5.365645806686709e-05,
                1.4828931114262238e-05,
                -6.714467072512786e-07
            ],
            [
                0.0,
                0.0,
                0.0,
                0.0,
                0.0,
                0.0,
                0.0,
                0.0,
                0.0,
                0.0,
                0.0,
                0.0,
                0.0,
                0.0008217143913199325,
                7.736502935079773e-07,
                -0.00012048497864426424,
                9.221905698126711e-06,
                -7.053688681111437e-05
            ],
            [
                0.0,
                0.0,
                0.0,
                0.0,
                0.0,
                0.0,
                0.0,
                0.0,
                0.0,
                0.0,
                0.0,
                0.0,
                0.0,
                0.0,
                0.0002709207166271036,
                -4.4754674888927937e-07,
                -8.955151947446594e-06,
                -4.754091232319599e-05
            ],
            [
                0.0,
                0.0,
                0.0,
                0.0,
                0.0,
                0.0,
                0.0,
                0.0,
                0.0,
                0.0,
                0.0,
                0.0,
                0.0,
                0.0,
                0.0,
                0.030991206662081938,
                -4.5348862191830965e-05,
                1.3701962462473651e-05
            ],
            [
                0.0,
                0.0,
                0.0,
                0.0,
                0.0,
                0.0,
                0.0,
                0.0,
                0.0,
                0.0,
                0.0,
                0.0,
                0.0,
                0.0,
                0.0,
                0.0,
                0.030930527445501507,
                -7.26862871884767e-06
            ],
            [
                0.0,
                0.0,
                0.0,
                0.0,
                0.0,
                0.0,
                0.0,
                0.0,
                0.0,
                0.0,
                0.0,
                0.0,
                0.0,
                0.0,
                0.0,
                0.0,
                0.0,
                0.023289991398719193
            ]
        ]
    ],
    "allnames": [
        "m1_flow_nominal",
        "m2_flow_nominal",
        "tau1",
        "tau2",
        "tau_m",
        "nominalUa.hasValue",
        "workingPressure.hasValue",
        "flowCoefficient.hasValue",
        "waterFlowRateMax",
        "c1",
        "c2",
        "c3",
        "c4",
        "eps_motor",
        "f_motorToAir",
        "kp",
        "Ti",
        "Td"
    ],
    "alpha_count": 1404,
    "cov": [
        [
            0.01609986513623816,
            0.006483863599832927,
            0.8210087007912976,
            -0.1559553616298793,
            -0.2664655891981103,
            -61.943377125302376,
            8.255759144436155,
            43.811301929311384,
            0.00451274101949011,
            -0.0008908913538480994,
            0.000499304639606263,
            -0.010896928977069485,
            -0.003551659299463989,
            -0.00035095311924786027,
            -0.001906443442709436,
            -0.08910927651129141,
            -0.17520612939632763,
            0.01640915864825192
        ],
        [
            0.006483863599832927,
            0.06894071704753435,
            0.6954641893675075,
            -0.018586490463272057,
            -0.05249877140515073,
            -30.452880743668658,
            8.704439890430901,
            28.186139623459276,
            0.0030189927007959394,
            -0.0002694876111904115,
            0.00037212199818218827,
            -0.0031838792221527885,
            -0.0012555597731631087,
            -0.0023940142220910355,
            -0.0011035149023335352,
            -0.10442282028036828,
            -0.1501704736615229,
            0.03688350037046334
        ],
        [
            0.8210087007912976,
            0.6954641893675075,
            290.1532611398989,
            -1.3687327949456058,
            97.3815227344916,
            -5368.214434441728,
            273.5578045398749,
            1623.0647427776007,
            0.20223991986855724,
            -0.02213039114931948,
            0.041243100284899234,
            -0.2921942301446164,
            -0.23476041177702103,
            0.05970152752778501,
            -0.05730417131222065,
            -9.992679287958143,
            -16.78554066917628,
            6.983168372938123
        ],
        [
            -0.1559553616298793,
            -0.018586490463272057,
            -1.3687327949456058,
            15.95297054394585,
            -0.06567988801458677,
            638.6400510389634,
            -102.82995031862991,
            -965.6459788328252,
            -0.008699402644349881,
            0.025474749356740507,
            -0.010156412233355325,
            0.19630915362907678,
            0.13942750153237632,
            0.04142858138766913,
            0.034209094553636556,
            0.35888640193551624,
            4.524703188601938,
            1.5453825028857207
        ],
        [
            -0.2664655891981103,
            -0.05249877140515073,
            97.3815227344916,
            -0.06567988801458677,
            96.9406672157811,
            2382.407493933327,
            -505.4196087845648,
            -1302.9300260583482,
            -0.2561868626970688,
            0.03573614576329858,
            -0.0063241687791688265,
            0.44193272770692665,
            0.04791939962218059,
            0.13583761766009392,
            0.05214729450603968,
            0.2332733007873854,
            2.684352705103145,
            -1.0933499105621505
        ],
        [
            -61.943377125302376,
            -30.452880743668658,
            -5368.214434441728,
            638.6400510389634,
            2382.407493933327,
            595475.6121439227,
            -61068.13913721097,
            -273005.23818244063,
            -37.162703037405905,
            4.996650533362005,
            -3.200038811205726,
            66.97838426891306,
            25.584377518243063,
            12.180450562514892,
            9.545072041580653,
            594.1314535895875,
            1508.578527213276,
            -459.1757469758966
        ],
        [
            8.255759144436155,
            8.704439890430901,
            273.5578045398749,
            -102.82995031862991,
            -505.4196087845648,
            -61068.13913721097,
            9022.436629117356,
            34126.30982320046,
            4.154781984298251,
            -0.6920028185200897,
            0.35403928427972603,
            -7.868682243121256,
            -2.8609944379815695,
            -1.80997595709824,
            -1.2310962236170453,
            -68.09566684731878,
            -162.68085165199602,
            37.82478386116366
        ],
        [
            43.811301929311384,
            28.186139623459276,
            1623.0647427776007,
            -965.6459788328252,
            -1302.9300260583482,
            -273005.23818244063,
            34126.30982320046,
            188409.2701499798,
            17.795193083009195,
            -3.542072470830576,
            1.9285445824400602,
            -42.008908512651175,
            -17.66356228576135,
            -6.489534236261191,
            -6.865998826224501,
            -289.61153852893665,
            -845.8003857249878,
            77.31123430113628
        ],
        [
            0.00451274101949011,
            0.0030189927007959394,
            0.20223991986855724,
            -0.008699402644349881,
            -0.2561868626970688,
            -37.162703037405905,
            4.154781984298251,
            17.795193083009195,
            0.0029254978680597695,
            -0.0002902093141653792,
            0.00020118573239361246,
            -0.004545875093128258,
            -0.001411244672734961,
            -0.0007882955773319764,
            -0.0006770863189204442,
            -0.038819731250320864,
            -0.08648225431165842,
            0.031567948581304836
        ],
        [
            -0.0008908913538480994,
            -0.0002694876111904115,
            -0.02213039114931948,
            0.025474749356740507,
            0.03573614576329858,
            4.996650533362005,
            -0.6920028185200897,
            -3.542072470830576,
            -0.0002902093141653792,
            8.711507219739103e-05,
            -3.79487619763918e-05,
            0.0008289827999945966,
            0.00036644844382097716,
            0.00012161781990806203,
            0.00013452132948767455,
            0.004720825484196538,
            0.015979147427058166,
            -0.0001755404954714475
        ],
        [
            0.000499304639606263,
            0.00037212199818218827,
            0.041243100284899234,
            -0.010156412233355325,
            -0.0063241687791688265,
            -3.200038811205726,
            0.35403928427972603,
            1.9285445824400602,
            0.00020118573239361246,
            -3.79487619763918e-05,
            2.508032446178136e-05,
            -0.0004591445374633906,
            -0.000200251573268488,
            -6.0733972301416134e-05,
            -7.10429022492067e-05,
            -0.0034699292784105195,
            -0.009440986337246571,
            0.0013304408416450124
        ],
        [
            -0.010896928977069485,
            -0.0031838792221527885,
            -0.2921942301446164,
            0.19630915362907678,
            0.44193272770692665,
            66.97838426891306,
            -7.868682243121256,
            -42.008908512651175,
            -0.004545875093128258,
            0.0008289827999945966,
            -0.0004591445374633906,
            0.0108155443515107,
            0.003969837217580556,
            0.001289712989327592,
            0.0016255107685203241,
            0.06326748403992526,
            0.18229914843789646,
            -0.02155056630513014
        ],
        [
            -0.003551659299463989,
            -0.0012555597731631087,
            -0.23476041177702103,
            0.13942750153237632,
            0.04791939962218059,
            25.584377518243063,
            -2.8609944379815695,
            -17.66356228576135,
            -0.001411244672734961,
            0.00036644844382097716,
            -0.000200251573268488,
            0.003969837217580556,
            0.0022518165894729438,
            0.0006347627271570484,
            0.0006293866343878512,
            0.022994806158848642,
            0.0888536457031773,
            -0.002461365335185875
        ],
        [
            -0.00035095311924786027,
            -0.0023940142220910355,
            0.05970152752778501,
            0.04142858138766913,
            0.13583761766009392,
            12.180450562514892,
            -1.80997595709824,
            -6.489534236261191,
            -0.0007882955773319764,
            0.00012161781990806203,
            -6.0733972301416134e-05,
            0.001289712989327592,
            0.0006347627271570484,
            0.000921693991957441,
            0.00016170472200089132,
            0.011693381785374345,
            0.03902442319930103,
            -0.009617502208014439
        ],
        [
            -0.001906443442709436,
            -0.0011035149023335352,
            -0.05730417131222065,
            0.034209094553636556,
            0.05214729450603968,
            9.545072041580653,
            -1.2310962236170453,
            -6.865998826224501,
            -0.0006770863189204442,
            0.00013452132948767455,
            -7.10429022492067e-05,
            0.0016255107685203241,
            0.0006293866343878512,
            0.00016170472200089132,
            0.0002925070514815858,
            0.010577885509022056,
            0.0291700176964113,
            -0.001689043082996557
        ],
        [
            -0.08910927651129141,
            -0.10442282028036828,
            -9.992679287958143,
            0.35888640193551624,
            0.2332733007873854,
            594.1314535895875,
