2.372866998666921245e-02 -4.870296512505952607e-02 -9.412218276202548584e-01 -1.917537888369987564e-01 -1.512336754744724399e+00 -9.565635295150255502e+01 -7.079887490790612503e+01 -2.969568078023634783e+01 -3.294013095568910227e-02 -9.319524390048707779e-03 -1.507331604395001183e-02 -1.055177256701331570e-02 -6.610054116745658903e-03 -3.620308732848053976e-03 8.356091616764566021e-03 2.262574249999800211e-03 3.034046389785883136e-03 -5.312333620841825027e-04
-4.870296512505952607e-02 3.078227670137488881e-01 -2.084000618797879234e+00 -1.437845285719231148e-01 6.062421867635143791e+00 1.796065029092199552e+02 1.263882780974137461e+02 8.173298592797142703e+01 3.693796627386203985e-02 2.290564721323948630e-02 2.678467458736114373e-02 3.444087786048569133e-02 1.724832632162068280e-02 -1.903975923654114590e-03 -2.946238314392580701e-02 -1.320678458161550148e-02 -1.103793561429341000e-02 -1.407006237305688805e-04
-9.412218276202548584e-01 -2.084000618797879234e+00 2.437533168316316505e+02 3.486398727273011389e+01 9.221216458157197593e+00 4.900711302001521290e+03 3.140991861633297503e+03 1.349912734184986903e+03 2.169121682913198512e+00 3.086728861104146016e-01 6.697084407970962383e-01 3.544548661644307541e-02 1.689189366459953046e-01 2.717474542020651973e-01 -7.668110665250024716e-02 1.095660502097447336e-02 7.744975816734793461e-02 4.350614398725570486e-02
-1.917537888369987564e-01 -1.437845285719231148e-01 3.486398727273011389e+01 1.160541437994226399e+01 4.814447834499382850e+00 4.564855267232123879e+02 6.259871475309490734e+02 3.247671784318218329e+02 3.807343582808521698e-01 7.774052042245177541e-02 1.145082467701955542e-01 9.760109807675360072e-02 6.204794357615936451e-02 5.530532875473165300e-02 -4.492882373856785239e-02 2.124652767688144268e-03 -2.026696990076604088e-02 1.502634315146070612e-02
-1.512336754744724399e+00 6.062421867635143791e+00 9.221216458157197593e+00 4.814447834499382850e+00 1.623303320982076343e+02 6.572271141993232050e+03 3.944904721702472216e+03 2.267997744919617617e+03 1.622276295600538321e+00 6.508836482355223607e-01 8.148424689990871883e-01 8.277702587189615935e-01 4.798068933900462851e-01 1.510393716787054585e-01 -7.009671622411549619e-01 -2.973673317217337964e-01 -2.313787225818928484e-01 2.491888390021137351e-02
-9.565635295150255502e+01 1.796065029092199552e+02 4.900711302001521290e+03 4.564855267232123879e+02 6.572271141993232050e+03 4.968439094227675232e+05 2.942648057698702323e+05 1.042261506606903422e+05 1.335253411525770275e+02 3.483147790420450463e+01 6.065084087067762653e+01 3.186291159402291484e+01 2.418938723497683796e+01 1.464608193810846259e+01 -3.166823367272131762e+01 -1.038949441667132056e+01 -7.245322351551798157e+00 2.325784175223866157e+00
-7.079887490790612503e+01 1.263882780974137461e+02 3.140991861633297503e+03 6.259871475309490734e+02 3.944904721702472216e+03 2.942648057698702323e+05 2.388229035906738718e+05 7.947292610391764902e+04 1.074582978790437267e+02 2.634459383580740521e+01 4.764926047837015233e+01 2.818496894244771411e+01 1.911188460205362105e+01 9.658032203456926368e+00 -2.421017381924431433e+01 -5.722605235146898117e+00 -8.665962009920212594e+00 1.658011873120290192e+00
-2.969568078023634783e+01 8.173298592797142703e+01 1.349912734184986903e+03 3.247671784318218329e+02 2.267997744919617617e+03 1.042261506606903422e+05 7.947292610391764902e+04 5.604679301597440644e+04 4.019138740982549507e+01 1.342452338876577045e+01 1.776779608435904478e+01 1.625635235644962151e+01 8.325681779670102145e+00 3.786450027471352175e+00 -1.205302725788858531e+01 -3.970769788977570158e+00 -4.517729883796515189e+00 2.883421294621684727e-01
-3.294013095568910227e-02 3.693796627386203985e-02 2.169121682913198512e+00 3.807343582808521698e-01 1.622276295600538321e+00 1.335253411525770275e+02 1.074582978790437267e+02 4.019138740982549507e+01 5.873008704827442639e-02 1.227017224291254011e-02 2.223732277317898992e-02 1.159860821880939925e-02 9.093618723823511038e-03 6.184147912821870256e-03 -9.837594524781298130e-03 -1.648549194497014652e-03 -3.401984975973116384e-03 1.065863560569850965e-03
-9.319524390048707779e-03 2.290564721323948630e-02 3.086728861104146016e-01 7.774052042245177541e-02 6.508836482355223607e-01 3.483147790420450463e+01 2.634459383580740521e+01 1.342452338876577045e+01 1.227017224291254011e-02 4.059541248801347424e-03 5.783220019651615779e-03 5.221562902214845273e-03 2.800685256635452713e-03 1.544273500659056617e-03 -3.489386107144797078e-03 -9.923941712023205079e-04 -1.453620048734387488e-03 1.802776601884517127e-04
-1.507331604395001183e-02 2.678467458736114373e-02 6.697084407970962383e-01 1.145082467701955542e-01 8.148424689990871883e-01 6.065084087067762653e+01 4.764926047837015233e+01 1.776779608435904478e+01 2.223732277317898992e-02 5.783220019651615779e-03 1.025078119260175100e-02 6.326549163102265089e-03 4.037811309938489461e-03 2.198842722286732925e-03 -5.100695493043380137e-03 -1.162105939466839257e-03 -1.900099091873832472e-03 3.441813606747890159e-04
-1.055177256701331570e-02 3.444087786048569133e-02 3.544548661644307541e-02 9.760109807675360072e-02 8.277702587189615935e-01 3.186291159402291484e+01 2.818496894244771411e+01 1.625635235644962151e+01 1.159860821880939925e-02 5.221562902214845273e-03 6.326549163102265089e-03 8.595384018055568509e-03 3.802868129499668414e-03 1.908935421707094217e-03 -4.461212283498341979e-03 -1.253958735078955500e-03 -2.438464730949635884e-03 2.077752189614796125e-04
-6.610054116745658903e-03 1.724832632162068280e-02 1.689189366459953046e-01 6.204794357615936451e-02 4.798068933900462851e-01 2.418938723497683796e+01 1.911188460205362105e+01 8.325681779670102145e+00 9.093618723823511038e-03 2.800685256635452713e-03 4.037811309938489461e-03 3.802868129499668414e-03 2.506658587573623587e-03 1.231929895652573688e-03 -2.541771694979406450e-03 -6.511226373502290894e-04 -1.118288246654213598e-03 2.063660243829121212e-04
-3.620308732848053976e-03 -1.903975923654114590e-03 2.717474542020651973e-01 5.530532875473165300e-02 1.510393716787054585e-01 1.464608193810846259e+01 9.658032203456926368e+00 3.786450027471352175e+00 6.184147912821870256e-03 1.544273500659056617e-03 2.198842722286732925e-03 1.908935421707094217e-03 1.231929895652573688e-03 1.687131445648387251e-03 -6.096076852915230382e-04 1.581633189068201782e-04 -3.772271567994682105e-04 2.133958403686432841e-04
8.356091616764566021e-03 -2.946238314392580701e-02 -7.668110665250024716e-02 -4.492882373856785239e-02 -7.009671622411549619e-01 -3.166823367272131762e+01 -2.421017381924431433e+01 -1.205302725788858531e+01 -9.837594524781298130e-03 -3.489386107144797078e-03 -5.100695493043380137e-03 -4.461212283498341979e-03 -2.541771694979406450e-03 -6.096076852915230382e-04 3.791446472362705340e-03 1.303869592060410282e-03 1.417645618336068258e-03 -1.059404897316556517e-04
2.262574249999800211e-03 -1.320678458161550148e-02 1.095660502097447336e-02 2.124652767688144268e-03 -2.973673317217337964e-01 -1.038949441667132056e+01 -5.722605235146898117e+00 -3.970769788977570158e+00 -1.648549194497014652e-03 -9.923941712023205079e-04 -1.162105939466839257e-03 -1.253958735078955500e-03 -6.511226373502290894e-04 1.581633189068201782e-04 1.303869592060410282e-03 7.107755676410014477e-04 3.561624769075820386e-04 2.143196492706982801e-05
3.034046389785883136e-03 -1.103793561429341000e-02 7.744975816734793461e-02 -2.026696990076604088e-02 -2.313787225818928484e-01 -7.245322351551798157e+00 -8.665962009920212594e+00 -4.517729883796515189e+00 -3.401984975973116384e-03 -1.453620048734387488e-03 -1.900099091873832472e-03 -2.438464730949635884e-03 -1.118288246654213598e-03 -3.772271567994682105e-04 1.417645618336068258e-03 3.561624769075820386e-04 8.339425952903369412e-04 -4.277811869475912942e-05
-5.312333620841825027e-04 -1.407006237305688805e-04 4.350614398725570486e-02 1.502634315146070612e-02 2.491888390021137351e-02 2.325784175223866157e+00 1.658011873120290192e+00 2.883421294621684727e-01 1.065863560569850965e-03 1.802776601884517127e-04 3.441813606747890159e-04 2.077752189614796125e-04 2.063660243829121212e-04 2.133958403686432841e-04 -1.059404897316556517e-04 2.143196492706982801e-05 -4.277811869475912942e-05 6.975868668029582800e-05
1.993545481149161525e-02 -3.713783902670239612e-02 -1.462210671769135772e-01 -1.544290533570642221e-01 -9.539001937802183972e-01 -4.651453172134822012e+01 -5.678256397013379342e+01 -2.309007715561691398e+01 -2.821161661565410247e-02 -8.427114276891632325e-03 -1.401345480082824557e-02 -1.167086822287355038e-02 -7.494624946959140520e-03 -4.595750243240442554e-03 7.372386020343763002e-03 4.578849226918167052e-04 4.550197459728586545e-03 -6.430457593113856523e-04
-3.713783902670239612e-02 1.782024876967216453e-01 -1.776271390815612028e+00 -2.368497244818933492e-02 3.359011904732365217e+00 8.999073352363437550e+01 9.640872801013655646e+01 5.240651536622435458e+01 3.531449313977641502e-02 1.749581428542857850e-02 2.355494320499533500e-02 2.808099558518900932e-02 1.539213924420826558e-02 3.329075755782876303e-03 -1.988662296506765043e-02 -5.637065260996892632e-03 -1.039927031635973220e-02 5.071742149284495967e-04
-1.462210671769135772e-01 -1.776271390815612028e+00 1.454177619019286851e+02 1.729767208884034346e+01 -4.546725034577598024e+00 2.363544190947897732e+03 7.435761926800809078e+02 4.150276214064505780e+02 7.024200815200909442e-01 -6.786321286744157171e-04 8.079988701437833265e-02 -2.742548924600943239e-01 -8.921551985409928442e-02 3.253063131852786116e-02 9.542360455508024086e-02 -1.465419720984759665e-02 1.629756763734480640e-01 7.849702072111854750e-03
-1.544290533570642221e-01 -2.368497244818933492e-02 1.729767208884034346e+01 6.662748592905278322e+00 3.626740179386565899e+00 1.957838157124780878e+02 4.749844712602462664e+02 2.365979323859207568e+02 2.936785590260360124e-01 6.537343367112219417e-02 1.054019230609878760e-01 8.762939030816217778e-02 6.006887128020806099e-02 4.941806929657639735e-02 -4.444541576127161026e-02 7.179500410426518410e-03 -3.135410731577217142e-02 1.046812237026077327e-02
-9.539001937802183972e-01 3.359011904732365217e+00 -4.546725034577598024e+00 3.626740179386565899e+00 8.586902704907133455e+01 3.254846851230603988e+03 2.493430754879957476e+03 1.327079987811655883e+03 1.090882462186519852e+00 4.181806235609899502e-01 5.662781283816619160e-01 5.747677100467819544e-01 3.436278010490415036e-01 1.435992045774624748e-01 -4.290482020183143952e-01 -1.320271534406450009e-01 -1.908839469306373438e-01 2.166298633255613407e-02
-4.651453172134822012e+01 8.999073352363437550e+01 2.363544190947897732e+03 1.957838157124780878e+02 3.254846851230603988e+03 2.485162773264184361e+05 1.431884979976764007e+05 5.000548716404180595e+04 6.392587804103153815e+01 1.686993351646112416e+01 2.925509229096767427e+01 1.538924911086687786e+01 1.154703547961900867e+01 6.834947322351313304e+00 -1.539400519422814462e+01 -5.321866386839500862e+00 -3.244234962479412676e+00 1.094658376998126847e+00
-5.678256397013379342e+01 9.640872801013655646e+01 7.435761926800809078e+02 4.749844712602462664e+02 2.493430754879957476e+03 1.431884979976764007e+05 1.760936094542182400e+05 6.181447401503912261e+04 8.509537512902426215e+01 2.314585825040158440e+01 4.099774036438215319e+01 3.093508118389051731e+01 2.064149830231937344e+01 1.224026805243908278e+01 -2.055158405050763548e+01 -1.056858011756788507e+00 -1.236247526483439252e+01 1.832939685412616537e+00
-2.309007715561691398e+01 5.240651536622435458e+01 4.150276214064505780e+02 2.365979323859207568e+02 1.327079987811655883e+03 5.000548716404180595e+04 6.181447401503912261e+04 3.685546736639656592e+04 3.267527255723953772e+01 1.052984564586650862e+01 1.553913839463054636e+01 1.441574969599650657e+01 8.401838689448617004e+00 4.793669771727576467e+00 -9.245373874958398019e+00 -1.251881728963033291e+00 -5.332271695175640147e+00 5.385959890654881121e-01
-2.821161661565410247e-02 3.531449313977641502e-02 7.024200815200909442e-01 2.936785590260360124e-01 1.090882462186519852e+00 6.392587804103153815e+01 8.509537512902426215e+01 3.267527255723953772e+01 4.714965729524396576e-02 1.158409193645505882e-02 2.058228738642770700e-02 1.480688644468300744e-02 1.058740322029891844e-02 7.205288099431072547e-03 -9.520019925595465948e-03 2.018720269188770610e-04 -6.082348875026582016e-03 1.090782535651946619e-03
-8.427114276891632325e-03 1.749581428542857850e-02 -6.786321286744157171e-04 6.537343367112219417e-02 4.181806235609899502e-01 1.686993351646112416e+01 2.314585825040158440e+01 1.052984564586650862e+01 1.158409193645505882e-02 3.788404750954215468e-03 5.912359581167602601e-03 5.605052366604142133e-03 3.356748451640358902e-03 2.068328125114628647e-03 -3.237241622092591059e-03 -1.846780509733117763e-04 -2.142302710528055671e-03 2.658411912994333845e-04
-1.401345480082824557e-02 2.355494320499533500e-02 8.079988701437833265e-02 1.054019230609878760e-01 5.662781283816619160e-01 2.925509229096767427e+01 4.099774036438215319e+01 1.553913839463054636e+01 2.058228738642770700e-02 5.912359581167602601e-03 1.032224294371123993e-02 8.273925434403091306e-03 5.375639161750248377e-03 3.337090393841177140e-03 -5.110701424016887186e-03 -3.999041881446786952e-05 -3.379694789980361002e-03 4.753045053710752981e-04
-1.167086822287355038e-02 2.808099558518900932e-02 -2.742548924600943239e-01 8.762939030816217778e-02 5.747677100467819544e-01 1.538924911086687786e+01 3.093508118389051731e+01 1.441574969599650657e+01 1.480688644468300744e-02 5.605052366604142133e-03 8.273925434403091306e-03 9.471416263083983281e-03 5.235800020440344385e-03 3.130418565727377100e-03 -4.779315767732711731e-03 -1.173703290747335774e-04 -3.627884977745404662e-03 3.985279878707559289e-04
-7.494624946959140520e-03 1.539213924420826558e-02 -8.921551985409928442e-02 6.006887128020806099e-02 3.436278010490415036e-01 1.154703547961900867e+01 2.064149830231937344e+01 8.401838689448617004e+00 1.058740322029891844e-02 3.356748451640358902e-03 5.375639161750248377e-03 5.235800020440344385e-03 3.426883002176298564e-03 2.053934731985021089e-03 -2.931498657934196971e-03 1.779470918696063122e-05 -2.131748151148209116e-03 2.979018512241212932e-04
-4.595750243240442554e-03 3.329075755782876303e-03 3.253063131852786116e-02 4.941806929657639735e-02 1.435992045774624748e-01 6.834947322351313304e+00 1.224026805243908278e+01 4.793669771727576467e+00 7.205288099431072547e-03 2.068328125114628647e-03 3.337090393841177140e-03 3.130418565727377100e-03 2.053934731985021089e-03 1.805567008220600742e-03 -1.404062000177883941e-03 3.126557154199469785e-04 -1.230021895823149580e-03 2.372001364888728220e-04
7.372386020343763002e-03 -1.988662296506765043e-02 9.542360455508024086e-02 -4.444541576127161026e-02 -4.290482020183143952e-01 -1.539400519422814462e+01 -2.055158405050763548e+01 -9.245373874958398019e+00 -9.520019925595465948e-03 -3.237241622092591059e-03 -5.110701424016887186e-03 -4.779315767732711731e-03 -2.931498657934196971e-03 -1.404062000177883941e-03 3.161114722827660165e-03 3.880697223239478887e-04 1.909948117334794079e-03 -2.018285572886920336e-04
4.578849226918167052e-04 -5.637065260996892632e-03 -1.465419720984759665e-02 7.179500410426518410e-03 -1.320271534406450009e-01 -5.321866386839500862e+00 -1.056858011756788507e+00 -1.251881728963033291e+00 2.018720269188770610e-04 -1.846780509733117763e-04 -3.999041881446786952e-05 -1.173703290747335774e-04 1.779470918696063122e-05 3.126557154199469785e-04 3.880697223239478887e-04 4.119632958439553442e-04 -7.030026627841084823e-05 4.243866636316586852e-05
4.550197459728586545e-03 -1.039927031635973220e-02 1.629756763734480640e-01 -3.135410731577217142e-02 -1.908839469306373438e-01 -3.244234962479412676e+00 -1.236247526483439252e+01 -5.332271695175640147e+00 -6.082348875026582016e-03 -2.142302710528055671e-03 -3.379694789980361002e-03 -3.627884977745404662e-03 -2.131748151148209116e-03 -1.230021895823149580e-03 1.909948117334794079e-03 -7.030026627841084823e-05 1.553509157545589214e-03 -1.625097627738625989e-04
-6.430457593113856523e-04 5.071742149284495967e-04 7.849702072111854750e-03 1.046812237026077327e-02 2.166298633255613407e-02 1.094658376998126847e+00 1.832939685412616537e+00 5.385959890654881121e-01 1.090782535651946619e-03 2.658411912994333845e-04 4.753045053710752981e-04 3.985279878707559289e-04 2.979018512241212932e-04 2.372001364888728220e-04 -2.018285572886920336e-04 4.243866636316586852e-05 -1.625097627738625989e-04 5.247631726968343620e-05
1.515486280526276430e-02 -2.698138129238316155e-02 -5.911481158737406927e-02 -1.238214290684062358e-01 -6.779444364366968845e-01 -3.033386585627603438e+01 -4.290696485460477305e+01 -1.753106134453807741e+01 -2.181375543719986029e-02 -6.475204652428931222e-03 -1.085654149882301842e-02 -9.137367350721709025e-03 -5.942795730175683654e-03 -3.732949749281400977e-03 5.632895338517914831e-03 1.294829199860403292e-04 3.721171860231854613e-03 -5.197425834364341598e-04
-2.698138129238316155e-02 1.213201623757609871e-01 -1.228045842365654394e+00 9.486417006900445953e-03 2.287287740586242624e+00 5.914471116812516271e+01 7.030350175499604859e+01 3.747544971613977793e+01 2.714871432267677506e-02 1.268423748042152820e-02 1.751293628820331169e-02 2.033317810744855389e-02 1.138998985640133320e-02 3.024789887118621134e-03 -1.410703882821361457e-02 -3.541435546803453106e-03 -7.752619519519909387e-03 4.476695322390942546e-04
-5.911481158737406927e-02 -1.228045842365654394e+00 9.755657648551223815e+01 1.108646956778613912e+01 -3.898235438449522139e+00 1.585695016145332829e+03 3.913173732329426002e+02 2.324183315199412903e+02 4.059955997760935076e-01 -1.799669797259665152e-02 2.280047215449550191e-02 -2.102660282525380120e-01 -7.870865058829353000e-02 7.999072048940526411e-03 7.821297978672706042e-02 -1.330179119027836802e-02 1.224958984907660448e-01 3.366415591509689092e-03
-1.238214290684062358e-01 9.486417006900445953e-03 1.108646956778613912e+01 4.669046675090130272e+00 2.894137323687861585e+00 1.233459814283050378e+02 3.731703439376688607e+02 1.815940206696244559e+02 2.293312314407788266e-01 5.317263344379870305e-02 8.721102361973805117e-02 7.359752251805937173e-02 5.062587728393424386e-02 4.040921936690566180e-02 -3.767899852754814927e-02 6.732816164274246958e-03 -2.859346745263637024e-02 7.990385505870375993e-03
-6.779444364366968845e-01 2.287287740586242624e+00 -3.898235438449522139e+00 2.894137323687861585e+00 5.813365765658780049e+01 2.152024447962603517e+03 1.776285638627304479e+03 9.326303569557516084e+02 7.953826803348018615e-01 2.981032069848615906e-01 4.118134642673942913e-01 4.138095947629152338e-01 2.504982565597530519e-01 1.109652948561337671e-01 -3.021324069144150082e-01 -8.386973652383274136e-02 -1.428589982797847657e-01 1.651273104562921493e-02
-3.033386585627603438e+01 5.914471116812516271e+01 1.585695016145332829e+03 1.233459814283050378e+02 2.152024447962603517e+03 1.656068134010348876e+05 9.360774500562243338e+04 3.256579387177474200e+04 4.154148611457919316e+01 1.094125294085564981e+01 1.896485001187198449e+01 9.789345437141218298e+00 7.369416645265095767e+00 4.326038270579734224e+00 -1.000535475142390496e+01 -3.599938142352685055e+00 -1.930101859693641897e+00 6.982057763839764064e-01
-4.290696485460477305e+01 7.030350175499604859e+01 3.913173732329426002e+02 3.731703439376688607e+02 1.776285638627304479e+03 9.360774500562243338e+04 1.310672154179003119e+05 4.700593860523834883e+04 6.487018956835797212e+01 1.775398332941548318e+01 3.143369843690343401e+01 2.430253782922328298e+01 1.632634931518865073e+01 9.974451486810149703e+00 -1.564690526584643138e+01 -2.282409553724478180e-01 -1.010604975834192309e+01 1.468691404735086969e+00
-1.753106134453807741e+01 3.747544971613977793e+01 2.324183315199412903e+02 1.815940206696244559e+02 9.326303569557516084e+02 3.256579387177474200e+04 4.700593860523834883e+04 2.700983506111904353e+04 2.522989215089272363e+01 8.001728053323333256e+00 1.209626598370710049e+01 1.116506358106838803e+01 6.686573380124166022e+00 3.963530174311636678e+00 -6.985937379524391311e+00 -6.322324600111191018e-01 -4.343255774295068150e+00 4.636797202110802818e-01
-2.181375543719986029e-02 2.714871432267677506e-02 4.059955997760935076e-01 2.293312314407788266e-01 7.953826803348018615e-01 4.154148611457919316e+01 6.487018956835797212e+01 2.522989215089272363e+01 3.627043586932442859e-02 9.104796513344674130e-03 1.616144407831322793e-02 1.205993869051668818e-02 8.583456146305151746e-03 5.880925634048301230e-03 -7.505132857893828321e-03 4.165059116669182922e-04 -5.163397966771539685e-03 8.736969527864950780e-04
-6.475204652428931222e-03 1.268423748042152820e-02 -1.799669797259665152e-02 5.317263344379870305e-02 2.981032069848615906e-01 1.094125294085564981e+01 1.775398332941548318e+01 8.001728053323333256e+00 9.104796513344674130e-03 2.919338636716672496e-03 4.637584679844983411e-03 4.359546132915693810e-03 2.672560748182049341e-03 1.686230472123992612e-03 -2.488061770621540283e-03 -4.242154144782571526e-05 -1.743978992555258230e-03 2.190737843778714597e-04
-1.085654149882301842e-02 1.751293628820331169e-02 2.280047215449550191e-02 8.721102361973805117e-02 4.118134642673942913e-01 1.896485001187198449e+01 3.143369843690343401e+01 1.209626598370710049e+01 1.616144407831322793e-02 4.637584679844983411e-03 8.110444597887846510e-03 6.617400602788741509e-03 4.351893580547449430e-03 2.767700321066961754e-03 -3.990253451845402269e-03 1.154929583183552381e-04 -2.811088418349421726e-03 3.907433932670167529e-04
-9.137367350721709025e-03 2.033317810744855389e-02 -2.102660282525380120e-01 7.359752251805937173e-02 4.138095947629152338e-01 9.789345437141218298e+00 2.430253782922328298e+01 1.116506358106838803e+01 1.205993869051668818e-02 4.359546132915693810e-03 6.617400602788741509e-03 7.298188782693457513e-03 4.177830518732951991e-03 2.572951806308184253e-03 -3.708094305236421962e-03 4.912453140068248316e-05 -2.917501366051454634e-03 3.318601807402088888e-04
-5.942795730175683654e-03 1.138998985640133320e-02 -7.870865058829353000e-02 5.062587728393424386e-02 2.504982565597530519e-01 7.369416645265095767e+00 1.632634931518865073e+01 6.686573380124166022e+00 8.583456146305151746e-03 2.672560748182049341e-03 4.351893580547449430e-03 4.177830518732951991e-03 2.763874732763371180e-03 1.708173025590454348e-03 -2.318524876464960263e-03 1.005284954618756662e-04 -1.769343265244082168e-03 2.447018928396996890e-04
-3.732949749281400977e-03 3.024789887118621134e-03 7.999072048940526411e-03 4.040921936690566180e-02 1.109652948561337671e-01 4.326038270579734224e+00 9.974451486810149703e+00 3.963530174311636678e+00 5.880925634048301230e-03 1.686230472123992612e-03 2.767700321066961754e-03 2.572951806308184253e-03 1.708173025590454348e-03 1.442637076242342820e-03 -1.193979133358278157e-03 2.707186604852351679e-04 -1.066207157700827662e-03 1.906601166422550392e-04
5.632895338517914831e-03 -1.410703882821361457e-02 7.821297978672706042e-02 -3.767899852754814927e-02 -3.021324069144150082e-01 -1.000535475142390496e+01 -1.564690526584643138e+01 -6.985937379524391311e+00 -7.505132857893828321e-03 -2.488061770621540283e-03 -3.990253451845402269e-03 -3.708094305236421962e-03 -2.318524876464960263e-03 -1.193979133358278157e-03 2.383383660071495928e-03 1.908247620201984347e-04 1.537808233401742695e-03 -1.696450715495589814e-04
1.294829199860403292e-04 -3.541435546803453106e-03 -1.330179119027836802e-02 6.732816164274246958e-03 -8.386973652383274136e-02 -3.599938142352685055e+00 -2.282409553724478180e-01 -6.322324600111191018e-01 4.165059116669182922e-04 -4.242154144782571526e-05 1.154929583183552381e-04 4.912453140068248316e-05 1.005284954618756662e-04 2.707186604852351679e-04 1.908247620201984347e-04 2.904631170477930350e-04 -1.111407106760808601e-04 3.676892477564053669e-05
3.721171860231854613e-03 -7.752619519519909387e-03 1.224958984907660448e-01 -2.859346745263637024e-02 -1.428589982797847657e-01 -1.930101859693641897e+00 -1.010604975834192309e+01 -4.343255774295068150e+00 -5.163397966771539685e-03 -1.743978992555258230e-03 -2.811088418349421726e-03 -2.917501366051454634e-03 -1.769343265244082168e-03 -1.066207157700827662e-03 1.537808233401742695e-03 -1.111407106760808601e-04 1.288312065087989259e-03 -1.418514723403824045e-04
-5.197425834364341598e-04 4.476695322390942546e-04 3.366415591509689092e-03 7.990385505870375993e-03 1.651273104562921493e-02 6.982057763839764064e-01 1.468691404735086969e+00 4.636797202110802818e-01 8.736969527864950780e-04 2.190737843778714597e-04 3.907433932670167529e-04 3.318601807402088888e-04 2.447018928396996890e-04 1.906601166422550392e-04 -1.696450715495589814e-04 3.676892477564053669e-05 -1.418514723403824045e-04 3.938849804385407909e-05
