{
    "R": [
        [
            0.015353654681564743,
            5.3089408843198174e-05,
            -0.0024177254925229616,
            -0.0009010860889847857,
            0.0005079244377533928,
            0.00693067540210746,
            -0.16680559743857631,
            -0.00726600288350531,
            -5.231371379018328e-06,
            3.279343397643578e-06,
            1.9730980253871e-07,
            -1.3850051806655087e-05,
            7.313724934202058e-06,
            6.0786753090977e-06,
            -5.321872517774385e-07,
            4.042359533695591e-05,
            7.1583159683611546e-06,
            -2.819384159884196e-05
        ],
        [
            0.0,
            0.07698763115608463,
            0.0051042701104228325,
            0.0019110827960555467,
            0.006588467857434378,
            -0.028968261073052833,
            0.09174471218959482,
            -0.0016448070952848684,
            -1.8760212428400425e-05,
            1.4397724231242246e-05,
            2.7698492959294835e-06,
            -5.038794175864548e-05,
            6.717536719676937e-06,
            -2.74782112788573e-06,
            4.973379889754611e-07,
            -8.149634339966064e-06,
            0.00012734203171692042,
            -0.00022710209793915654
        ],
        [
            0.0,
            0.0,
            2.164349276586759,
            0.0008254813226226725,
            0.002643492876984406,
            -0.015489025343230458,
            0.17424742122135753,
            0.00011760916226863504,
            -5.920504782845622e-06,
            -5.367210971029535e-06,
            2.43856160681734e-06,
            -1.7206707234970306e-05,
            3.1748937374779505e-06,
            -1.9500174406718336e-07,
            -7.745427420814552e-07,
            -1.362604328209782e-05,
            5.151237432546861e-05,
            -0.00011972131432524187
        ],
        [
            0.0,
            0.0,
            0.0,
            0.8104272319910976,
            0.003518810672170039,
            -0.044672356032310595,
            0.11107233772663554,
            3.6004747361773877e-06,
            2.125812177525392e-06,
            1.1296534336040626e-05,
            5.54562486677879e-07,
            -5.09388061402343e-05,
            -9.400789331824084e-06,
            -4.699140290214218e-06,
            -1.9540428042630475e-06,
            -3.863008055756113e-06,
            8.550588294856396e-05,
            -0.00019394928493107836
        ],
        [
            0.0,
            0.0,
            0.0,
            0.0,
            0.9903542539095327,
            -0.03942129599596839,
            0.07397350383500942,
            -0.00033597225677141053,
            -2.615012443576022e-05,
            2.8299339887790772e-05,
            2.74492456258395e-06,
            -6.787626092499398e-05,
            6.703734478394389e-06,
            -6.769383673947306e-06,
            1.7602065655743441e-06,
            -1.760114361596538e-05,
            0.00017602701033272826,
            -0.0002840755587229699
        ],
        [
            0.0,
            0.0,
            0.0,
            0.0,
            0.0,
            19.155528520206037,
            -0.059952609210867897,
            0.00013267476444033303,
            2.3221364049802065e-06,
            -4.229889845397295e-06,
            -7.3690959140103e-07,
            2.1458483472128573e-05,
            1.4071711091368949e-06,
            1.6622857094524603e-06,
            5.325604603275324e-07,
            3.747265720101358e-06,
            -4.3754167335441525e-05,
            9.176281018002411e-05
        ],
        [
            0.0,
            0.0,
            0.0,
            0.0,
            0.0,
            0.0,
            43.116369664436455,
            0.001538602500892534,
            3.2072221066883827e-06,
            -2.603123414558485e-05,
            4.106277247138054e-06,
            -1.263292382279436e-05,
            -5.421521653000393e-07,
            1.235919303499086e-06,
            -3.309473057893767e-06,
            -2.7963671327575412e-05,
            3.891692290729896e-05,
            -0.000160754709946402
        ],
        [
            0.0,
            0.0,
            0.0,
            0.0,
            0.0,
            0.0,
            0.0,
            5.71814175251173,
            7.260794997796497e-08,
            3.432158681685484e-06,
            -5.122184330610683e-07,
            5.728277499515352e-06,
            -2.1436502165475303e-06,
            -2.8914600456262186e-06,
            8.72375546014577e-07,
            -1.3797354606154728e-05,
            -1.678244816318386e-06,
            2.570354147509983e-05
        ],
        [
            0.0,
            0.0,
            0.0,
            0.0,
            0.0,
            0.0,
            0.0,
            0.0,
            0.007519012247744918,
            -1.2792527740045378e-05,
            -8.943396575440087e-07,
            1.867311585647821e-05,
            -5.577399144734864e-06,
            2.378724800753743e-06,
            -1.640668418827636e-06,
            6.825431755929025e-06,
            -6.108045021576204e-05,
            7.611243075416859e-05
        ],
        [
            0.0,
            0.0,
            0.0,
            0.0,
            0.0,
            0.0,
            0.0,
            0.0,
            0.0,
            0.009261075345787096,
            -1.1987109838254903e-06,
            -2.034458986208385e-05,
            -9.2091361813454e-07,
            -6.617248479439444e-06,
            2.6551245482947885e-06,
            -9.375032936692201e-06,
            5.720538415910755e-05,
            -3.5107415816561353e-05
        ],
        [
            0.0,
            0.0,
            0.0,
            0.0,
            0.0,
            0.0,
            0.0,
            0.0,
            0.0,
            0.0,
            0.0016077975851526336,
            -1.3034464729666483e-05,
            4.150659145117373e-06,
            2.1211199719630418e-06,
            -1.0529253180649167e-06,
            1.1628286682158372e-07,
            3.205841749863114e-05,
            -9.040207639802273e-05
        ],
        [
            0.0,
            0.0,
            0.0,
            0.0,
            0.0,
            0.0,
            0.0,
            0.0,
            0.0,
            0.0,
            0.0,
            0.009314693521195816,
            -2.032232334013371e-06,
            3.074047984308285e-06,
            6.733052364333339e-07,
            -5.278122738023303e-06,
            -0.00014652086751610954,
            0.00028359779447308824
        ],
        [
            0.0,
            0.0,
            0.0,
            0.0,
            0.0,
            0.0,
            0.0,
            0.0,
            0.0,
            0.0,
            0.0,
            0.0,
            0.0027089303632118517,
            5.02046298894577e-06,
            6.122292828184285e-07,
            1.2166475981325889e-05,
            3.462694882987337e-05,
            -6.26915271090062e-05
        ],
        [
            0.0,
            0.0,
            0.0,
            0.0,
            0.0,
            0.0,
            0.0,
            0.0,
            0.0,
            0.0,
            0.0,
            0.0,
            0.0,
            0.005094881037318828,
            -1.4800485350557464e-06,
            1.673220226105281e-05,
            -2.5453066116975327e-05,
            7.455390265846219e-06
        ],
        [
            0.0,
            0.0,
            0.0,
            0.0,
            0.0,
            0.0,
            0.0,
            0.0,
            0.0,
            0.0,
            0.0,
            0.0,
            0.0,
            0.0,
            0.0027277087803466624,
            -8.565933776430561e-06,
            8.789867105481967e-06,
            2.3540646657620475e-05
        ],
        [
            0.0,
            0.0,
            0.0,
            0.0,
            0.0,
            0.0,
            0.0,
            0.0,
            0.0,
            0.0,
            0.0,
            0.0,
            0.0,
            0.0,
            0.0,
            0.009331255907049304,
            -3.303462149612297e-05,
            6.096141586808567e-09
        ],
        [
            0.0,
            0.0,
            0.0,
            0.0,
            0.0,
            0.0,
            0.0,
            0.0,
            0.0,
            0.0,
            0.0,
            0.0,
            0.0,
            0.0,
            0.0,
            0.0,
            0.03690455443286049,
            -0.00015240051609842725
        ],
        [
            0.0,
            0.0,
            0.0,
            0.0,
            0.0,
            0.0,
            0.0,
            0.0,
            0.0,
            0.0,
            0.0,
            0.0,
            0.0,
            0.0,
            0.0,
            0.0,
            0.0,
            0.04306007191242576
        ]
    ],
    "RDR": [
        [
            [
                0.015353654681564743,
                5.3089408843198174e-05,
                -0.0024177254925229616,
                -0.0009010860889847857,
                0.0005079244377533928,
                0.00693067540210746,
                -0.16680559743857631,
                -0.00726600288350531,
                -5.231371379018328e-06,
                3.279343397643578e-06,
                1.9730980253871e-07,
                -1.3850051806655087e-05,
                7.313724934202058e-06,
                6.0786753090977e-06,
                -5.321872517774385e-07,
                4.042359533695591e-05,
                7.1583159683611546e-06,
                -2.819384159884196e-05
            ],
            [
                0.0,
                0.07698763115608463,
                0.0051042701104228325,
                0.0019110827960555467,
                0.006588467857434378,
                -0.028968261073052833,
                0.09174471218959482,
                -0.0016448070952848684,
                -1.8760212428400425e-05,
                1.4397724231242246e-05,
                2.7698492959294835e-06,
                -5.038794175864548e-05,
                6.717536719676937e-06,
                -2.74782112788573e-06,
                4.973379889754611e-07,
                -8.149634339966064e-06,
                0.00012734203171692042,
                -0.00022710209793915654
            ],
            [
                0.0,
                0.0,
                2.164349276586759,
                0.0008254813226226725,
                0.002643492876984406,
                -0.015489025343230458,
                0.17424742122135753,
                0.00011760916226863504,
                -5.920504782845622e-06,
                -5.367210971029535e-06,
                2.43856160681734e-06,
                -1.7206707234970306e-05,
                3.1748937374779505e-06,
                -1.9500174406718336e-07,
                -7.745427420814552e-07,
                -1.362604328209782e-05,
                5.151237432546861e-05,
                -0.00011972131432524187
            ],
            [
                0.0,
                0.0,
                0.0,
                0.8104272319910976,
                0.003518810672170039,
                -0.044672356032310595,
                0.11107233772663554,
                3.6004747361773877e-06,
                2.125812177525392e-06,
                1.1296534336040626e-05,
                5.54562486677879e-07,
                -5.09388061402343e-05,
                -9.400789331824084e-06,
                -4.699140290214218e-06,
                -1.9540428042630475e-06,
                -3.863008055756113e-06,
                8.550588294856396e-05,
                -0.00019394928493107836
            ],
            [
                0.0,
                0.0,
                0.0,
                0.0,
                0.9903542539095327,
                -0.03942129599596839,
                0.07397350383500942,
                -0.00033597225677141053,
                -2.615012443576022e-05,
                2.8299339887790772e-05,
                2.74492456258395e-06,
                -6.787626092499398e-05,
                6.703734478394389e-06,
                -6.769383673947306e-06,
                1.7602065655743441e-06,
                -1.760114361596538e-05,
                0.00017602701033272826,
                -0.0002840755587229699
            ],
            [
                0.0,
                0.0,
                0.0,
                0.0,
                0.0,
                19.155528520206037,
                -0.059952609210867897,
                0.00013267476444033303,
                2.3221364049802065e-06,
                -4.229889845397295e-06,
                -7.3690959140103e-07,
                2.1458483472128573e-05,
                1.4071711091368949e-06,
                1.6622857094524603e-06,
                5.325604603275324e-07,
                3.747265720101358e-06,
                -4.3754167335441525e-05,
                9.176281018002411e-05
            ],
            [
                0.0,
                0.0,
                0.0,
                0.0,
                0.0,
                0.0,
                43.116369664436455,
                0.001538602500892534,
                3.2072221066883827e-06,
                -2.603123414558485e-05,
                4.106277247138054e-06,
                -1.263292382279436e-05,
                -5.421521653000393e-07,
                1.235919303499086e-06,
                -3.309473057893767e-06,
                -2.7963671327575412e-05,
                3.891692290729896e-05,
                -0.000160754709946402
            ],
            [
                0.0,
                0.0,
                0.0,
                0.0,
                0.0,
                0.0,
                0.0,
                5.71814175251173,
                7.260794997796497e-08,
                3.432158681685484e-06,
                -5.122184330610683e-07,
                5.728277499515352e-06,
                -2.1436502165475303e-06,
                -2.8914600456262186e-06,
                8.72375546014577e-07,
                -1.3797354606154728e-05,
                -1.678244816318386e-06,
                2.570354147509983e-05
            ],
            [
                0.0,
                0.0,
                0.0,
                0.0,
                0.0,
                0.0,
                0.0,
                0.0,
                0.007519012247744918,
                -1.2792527740045378e-05,
                -8.943396575440087e-07,
                1.867311585647821e-05,
                -5.577399144734864e-06,
                2.378724800753743e-06,
                -1.640668418827636e-06,
                6.825431755929025e-06,
                -6.108045021576204e-05,
                7.611243075416859e-05
            ],
            [
                0.0,
                0.0,
                0.0,
                0.0,
                0.0,
                0.0,
                0.0,
                0.0,
                0.0,
                0.009261075345787096,
                -1.1987109838254903e-06,
                -2.034458986208385e-05,
                -9.2091361813454e-07,
                -6.617248479439444e-06,
                2.6551245482947885e-06,
                -9.375032936692201e-06,
                5.720538415910755e-05,
                -3.5107415816561353e-05
            ],
            [
                0.0,
                0.0,
                0.0,
                0.0,
                0.0,
                0.0,
                0.0,
                0.0,
                0.0,
                0.0,
                0.0016077975851526336,
                -1.3034464729666483e-05,
                4.150659145117373e-06,
                2.1211199719630418e-06,
                -1.0529253180649167e-06,
                1.1628286682158372e-07,
                3.205841749863114e-05,
                -9.040207639802273e-05
            ],
            [
                0.0,
                0.0,
                0.0,
                0.0,
                0.0,
                0.0,
                0.0,
                0.0,
                0.0,
                0.0,
                0.0,
                0.009314693521195816,
                -2.032232334013371e-06,
                3.074047984308285e-06,
                6.733052364333339e-07,
                -5.278122738023303e-06,
                -0.00014652086751610954,
                0.00028359779447308824
            ],
            [
                0.0,
                0.0,
                0.0,
                0.0,
                0.0,
                0.0,
                0.0,
                0.0,
                0.0,
                0.0,
                0.0,
                0.0,
                0.0027089303632118517,
                5.02046298894577e-06,
                6.122292828184285e-07,
                1.2166475981325889e-05,
                3.462694882987337e-05,
                -6.26915271090062e-05
            ],
            [
                0.0,
                0.0,
                0.0,
                0.0,
                0.0,
                0.0,
                0.0,
                0.0,
                0.0,
                0.0,
                0.0,
                0.0,
                0.0,
                0.005094881037318828,
                -1.4800485350557464e-06,
                1.673220226105281e-05,
                -2.5453066116975327e-05,
                7.455390265846219e-06
            ],
            [
                0.0,
                0.0,
                0.0,
                0.0,
                0.0,
                0.0,
                0.0,
                0.0,
                0.0,
                0.0,
                0.0,
                0.0,
                0.0,
                0.0,
                0.0027277087803466624,
                -8.565933776430561e-06,
                8.789867105481967e-06,
                2.3540646657620475e-05
            ],
            [
                0.0,
                0.0,
                0.0,
                0.0,
                0.0,
                0.0,
                0.0,
                0.0,
                0.0,
                0.0,
                0.0,
                0.0,
                0.0,
                0.0,
                0.0,
                0.009331255907049304,
                -3.303462149612297e-05,
                6.096141586808567e-09
            ],
            [
                0.0,
                0.0,
                0.0,
                0.0,
                0.0,
                0.0,
                0.0,
                0.0,
                0.0,
                0.0,
                0.0,
                0.0,
                0.0,
                0.0,
                0.0,
                0.0,
                0.03690455443286049,
                -0.00015240051609842725
            ],
            [
                0.0,
                0.0,
                0.0,
                0.0,
                0.0,
                0.0,
                0.0,
                0.0,
                0.0,
                0.0,
                0.0,
                0.0,
                0.0,
                0.0,
                0.0,
                0.0,
                0.0,
                0.04306007191242576
            ]
        ],
        [
            [
                0.003070730936312949,
                1.0617881768639635e-05,
                -0.00048354509850459233,
                -0.00018021721779695716,
                0.00010158488755067856,
                0.001386135080421492,
                -0.033361119487715266,
                -0.001453200576701062,
                -1.0462742758036657e-06,
                6.558686795287157e-07,
                3.9461960507742e-08,
                -2.7700103613310175e-06,
                1.4627449868404116e-06,
                1.21573506181954e-06,
                -1.064374503554877e-07,
                8.084719067391182e-06,
                1.431663193672231e-06,
                -5.638768319768392e-06
            ],
            [
                0.0,
                0.015397526231216927,
                0.0010208540220845665,
                0.0003822165592111094,
                0.0013176935714868756,
                -0.005793652214610567,
                0.018348942437918965,
                -0.0003289614190569737,
                -3.752042485680085e-06,
                2.8795448462484496e-06,
                5.539698591858967e-07,
                -1.0077588351729097e-05,
                1.3435073439353876e-06,
                -5.49564225577146e-07,
                9.946759779509222e-08,
                -1.6299268679932128e-06,
                2.5468406343384085e-05,
                -4.542041958783131e-05
            ],
            [
                0.0,
                0.0,
                0.4328698553173518,
                0.0001650962645245345,
                0.0005286985753968813,
                -0.0030978050686460918,
                0.034849484244271506,
                2.352183245372701e-05,
                -1.1841009565691245e-06,
                -1.073442194205907e-06,
                4.87712321363468e-07,
                -3.441341446994061e-06,
                6.349787474955901e-07,
                -3.900034881343667e-08,
                -1.5490854841629105e-07,
                -2.725208656419564e-06,
                1.0302474865093723e-05,
                -2.3944262865048376e-05
            ],
            [
                0.0,
                0.0,
                0.0,
                0.16208544639821953,
                0.0007037621344340079,
                -0.00893447120646212,
                0.022214467545327108,
                7.200949472354776e-07,
                4.2516243550507846e-07,
                2.259306867208125e-06,
                1.109124973355758e-07,
                -1.0187761228046861e-05,
                -1.880157866364817e-06,
                -9.398280580428436e-07,
                -3.908085608526095e-07,
                -7.726016111512225e-07,
                1.710117658971279e-05,
                -3.878985698621567e-05
            ],
            [
                0.0,
                0.0,
                0.0,
                0.0,
                0.19807085078190656,
                -0.007884259199193678,
                0.014794700767001885,
                -6.719445135428211e-05,
                -5.230024887152044e-06,
                5.659867977558155e-06,
                5.4898491251679e-07,
                -1.3575252184998798e-05,
                1.340746895678878e-06,
                -1.3538767347894613e-06,
                3.5204131311486886e-07,
                -3.520228723193076e-06,
                3.520540206654565e-05,
                -5.681511174459398e-05
            ],
            [
                0.0,
                0.0,
                0.0,
                0.0,
                0.0,
                3.8311057040412075,
                -0.01199052184217358,
                2.6534952888066606e-05,
                4.644272809960413e-07,
                -8.45977969079459e-07,
                -1.4738191828020603e-07,
                4.2916966944257145e-06,
                2.81434221827379e-07,
                3.324571418904921e-07,
                1.065120920655065e-07,
                7.494531440202717e-07,
                -8.750833467088305e-06,
                1.8352562036004823e-05
            ],
            [
                0.0,
                0.0,
                0.0,
                0.0,
                0.0,
                0.0,
                8.623273932887292,
                0.00030772050017850684,
                6.414444213376766e-07,
                -5.206246829116971e-06,
                8.212554494276108e-07,
                -2.5265847645588722e-06,
                -1.0843043306000786e-07,
                2.471838606998172e-07,
                -6.618946115787535e-07,
                -5.592734265515082e-06,
                7.783384581459792e-06,
                -3.2150941989280404e-05
            ],
            [
                0.0,
                0.0,
                0.0,
                0.0,
                0.0,
                0.0,
                0.0,
                1.1436283505023461,
                1.4521589995592994e-08,
                6.864317363370969e-07,
                -1.0244368661221367e-07,
                1.1456554999030705e-06,
                -4.287300433095061e-07,
                -5.782920091252437e-07,
                1.7447510920291543e-07,
                -2.7594709212309455e-06,
                -3.356489632636772e-07,
                5.140708295019966e-06
            ],
            [
                0.0,
                0.0,
                0.0,
                0.0,
                0.0,
                0.0,
                0.0,
                0.0,
                0.0015038024495489836,
                -2.558505548009076e-06,
                -1.7886793150880176e-07,
                3.7346231712956417e-06,
                -1.115479828946973e-06,
                4.7574496015074856e-07,
                -3.281336837655272e-07,
                1.3650863511858051e-06,
                -1.221609004315241e-05,
                1.5222486150833719e-05
            ],
            [
                0.0,
                0.0,
                0.0,
                0.0,
                0.0,
                0.0,
                0.0,
                0.0,
                0.0,
                0.0018522150691574193,
                -2.397421967650981e-07,
                -4.06891797241677e-06,
                -1.8418272362690801e-07,
                -1.323449695887889e-06,
                5.310249096589578e-07,
                -1.8750065873384404e-06,
                1.1441076831821512e-05,
                -7.021483163312271e-06
            ],
            [
                0.0,
                0.0,
                0.0,
                0.0,
                0.0,
                0.0,
                0.0,
                0.0,
                0.0,
                0.0,
                0.00032155951703052675,
                -2.606892945933297e-06,
                8.301318290234746e-07,
                4.2422399439260835e-07,
                -2.1058506361298334e-07,
                2.3256573364316746e-08,
                6.411683499726229e-06,
                -1.8080415279604548e-05
            ],
            [
                0.0,
                0.0,
                0.0,
                0.0,
                0.0,
                0.0,
                0.0,
                0.0,
                0.0,
                0.0,
                0.0,
                0.0018629387042391633,
                -4.064464668026742e-07,
                6.148095968616571e-07,
                1.346610472866668e-07,
                -1.0556245476046607e-06,
                -2.930417350322191e-05,
                5.671955889461765e-05
            ],
            [
                0.0,
                0.0,
                0.0,
                0.0,
                0.0,
                0.0,
                0.0,
                0.0,
                0.0,
                0.0,
                0.0,
                0.0,
                0.0005417860726423704,
                1.0040925977891541e-06,
                1.224458565636857e-07,
                2.433295196265178e-06,
                6.925389765974675e-06,
                -1.253830542180124e-05
            ],
            [
                0.0,
                0.0,
                0.0,
                0.0,
                0.0,
                0.0,
                0.0,
                0.0,
                0.0,
                0.0,
                0.0,
                0.0,
                0.0,
                0.0010189762074637656,
                -2.960097070111493e-07,
                3.3464404522105623e-06,
                -5.090613223395066e-06,
                1.4910780531692439e-06
            ],
            [
                0.0,
                0.0,
                0.0,
                0.0,
                0.0,
                0.0,
                0.0,
                0.0,
                0.0,
                0.0,
                0.0,
                0.0,
                0.0,
                0.0,
                0.0005455417560693325,
                -1.7131867552861124e-06,
                1.7579734210963934e-06,
                4.708129331524095e-06
            ],
            [
                0.0,
                0.0,
                0.0,
                0.0,
                0.0,
                0.0,
                0.0,
                0.0,
                0.0,
                0.0,
                0.0,
                0.0,
                0.0,
                0.0,
                0.0,
                0.0018662511814098609,
                -6.606924299224594e-06,
                1.2192283173617135e-09
            ],
            [
                0.0,
                0.0,
                0.0,
                0.0,
                0.0,
                0.0,
                0.0,
                0.0,
                0.0,
                0.0,
                0.0,
                0.0,
                0.0,
                0.0,
                0.0,
                0.0,
                0.007380910886572098,
                -3.048010321968545e-05
            ],
            [
                0.0,
                0.0,
                0.0,
                0.0,
                0.0,
                0.0,
                0.0,
                0.0,
                0.0,
                0.0,
                0.0,
                0.0,
                0.0,
                0.0,
                0.0,
                0.0,
                0.0,
                0.008612014382485152
            ]
        ]
    ],
    "allnames": [
        "m1_flow_nominal",
        "m2_flow_nominal",
        "tau1",
        "tau2",
        "tau_m",
        "nominalUa.hasValue",
        "workingPressure.hasValue",
        "flowCoefficient.hasValue",
        "waterFlowRateMax",
        "c1",
        "c2",
        "c3",
        "c4",
        "eps_motor",
        "f_motorToAir",
        "kp",
        "Ti",
        "Td"
    ],
    "alpha_count": 1119,
    "cov": [
        [
            0.1245411646310149,
            1.3372353219956596,
            -7.562995185731138,
            -1.5277367439708966,
            5.749444742470366,
            -36.99916533904416,
            25.45456517495283,
            -21.772271833278335,
            0.005485252806052593,
            0.1456251987101057,
            0.0001995022964351507,
            0.03824510971233514,
            0.018556323833885183,
            0.026557136947683226,
            0.007892829285971629,
            0.0009456780494432258,
            -0.07596137155631001,
            0.20199089686662153
        ],
        [
            1.3372353219956596,
            15.089251098798778,
            -82.60609725085028,
            -16.485980353862093,
            67.85008800289037,
            -437.5550607019746,
            327.0598465651208,
            -213.78954135447447,
            0.09947802590875987,
            1.6933010745742685,
            0.001346083411620132,
            0.4254841881597803,
            0.20943183444785807,
            0.29410845321438844,
            0.09017179844184317,
            0.019418511386535758,
            -0.888737013915458,
            2.219316170823105
        ],
        [
            -7.562995185731138,
            -82.60609725085028,
            735.3506554306274,
            40.79216484821866,
            -487.21193559650874,
            2439.0821899516973,
            -4117.903929554335,
            1444.808332193304,
            0.29664367304575784,
            -8.599521610850731,
            0.12853380794761393,
            -2.2181571456635143,
            -1.2855833219207637,
            -2.0269539884868863,
            -0.5354920042916348,
            0.1588324743117146,
            9.908652863563788,
            -15.103846356567942
        ],
        [
            -1.5277367439708966,
            -16.485980353862093,
            40.79216484821866,
            73.647629687736,
            -35.21829382951815,
            317.1380827034073,
            -754.8211389434028,
            343.33735747494535,
            0.20234117692643425,
            -1.4032733480561614,
            0.009260839150306127,
            0.14037801849606082,
            -0.1608217526010131,
            -0.33047411084409306,
            -0.15406184059543473,
            0.012525830783155428,
            0.9380243386993624,
            -4.485724460253
        ],
        [
            5.749444742470366,
            67.85008800289037,
            -487.21193559650874,
            -35.21829382951815,
            486.72640061761285,
            -2164.967658329662,
            4677.891730162444,
            -723.8987510449281,
            0.37106682310643546,
            7.430116327059807,
            -0.1358837708911427,
            1.873053254744645,
            1.006235319564559,
            1.4877394147277911,
            0.42253551760455443,
            0.11933612788389533,
            -8.052643995926642,
            11.834710276883786
        ],
        [
            -36.99916533904416,
            -437.5550607019746,
            2439.0821899516973,
            317.1380827034073,
            -2164.967658329662,
            22195.993955524922,
            -9342.659734255192,
            6603.176306982173,
            -4.122413341318105,
            -50.42905841255718,
            -0.26398386443488703,
            -12.433124759099135,
            -6.536509656394322,
            -7.850380839669432,
            -3.1985198727523785,
            -2.9548125348777705,
            21.962949604735346,
            -55.16972134596833
        ],
        [
            25.45456517495283,
            327.0598465651208,
            -4117.903929554335,
            -754.8211389434028,
            4677.891730162444,
            -9342.659734255192,
            125681.92137039514,
            -5103.654366115582,
            -18.188377016657405,
            6.197363236285497,
            -4.372034713020003,
            -12.913675535650327,
            4.669441628997852,
            12.706875664525727,
            4.464871936148056,
            -1.1041619322996248,
            -132.2767692277785,
            169.37364406923837
        ],
        [
            -21.772271833278335,
            -213.78954135447447,
            1444.808332193304,
            343.33735747494535,
            -723.8987510449281,
            6603.176306982173,
            -5103.654366115582,
            7443.622513835983,
            4.170724685657321,
            -16.715276932335435,
            -0.10832101019788672,
            -3.724244159385569,
            -2.7247053938504298,
            -5.129367048018419,
            -1.7486588851178642,
            0.30273823780421166,
            14.6781663711028,
            -46.83327779444419
        ],
        [
            0.005485252806052593,
            0.09947802590875987,
            0.29664367304575784,
            0.20234117692643425,
            0.37106682310643546,
            -4.122413341318105,
            -18.188377016657405,
            4.170724685657321,
            0.01412572878965923,
            0.026632545883170922,
            0.0008022323279521082,
            0.012319229038524962,
            0.0018105346568067756,
            -0.0010881241588554338,
            -0.0006891855485241655,
            0.0020839439155165783,
            0.019366108072400207,
            -0.030531560599633904
        ],
        [
            0.1456251987101057,
            1.6933010745742685,
            -8.599521610850731,
            -1.4032733480561614,
            7.430116327059807,
            -50.42905841255718,
            6.197363236285497,
            -16.715276932335435,
            0.026632545883170922,
            0.2186808201437229,
            0.001057423865872619,
            0.06093294966503577,
            0.02452877320761482,
            0.030981988693193425,
            0.008540333195303755,
            0.0007901823909415103,
            -0.07811014480300604,
            0.18894665061192803
        ],
        [
            0.0001995022964351507,
            0.001346083411620132,
            0.12853380794761393,
            0.009260839150306127,
            -0.1358837708911427,
            -0.26398386443488703,
            -4.372034713020003,
            -0.10832101019788672,
            0.0008022323279521082,
            0.001057423865872619,
            0.00022957269738835005,
            0.000943793784929549,
            -2.4952278822656418e-05,
            -0.00034036986516999563,
            -9.983298455214968e-05,
            0.00023254850367357657,
            0.005374842995241562,
            -0.004966762078019488
        ],
        [
            0.03824510971233514,
            0.4254841881597803,
            -2.2181571456635143,
            0.14037801849606082,
            1.873053254744645,
            -12.433124759099135,
            -12.913675535650327,
            -3.724244159385569,
            0.012319229038524962,
            0.06093294966503577,
            0.000943793784929549,
            0.027628869318223434,
            0.006824706742259835,
            0.006709612665473786,
            0.0008315510917704572,
            0.0006554079749085509,
            -0.003172901248240481,
            0.01839289668951286
        ],
        [
            0.018556323833885183,
            0.20943183444785807,
            -1.2855833219207637,
            -0.1608217526010131,
            1.006235319564559,
            -6.536509656394322,
            4.669441628997852,
            -2.7247053938504298,
            0.0018105346568067756,
            0.02452877320761482,
            -2.4952278822656418e-05,
            0.006824706742259835,
            0.003176068160408073,
            0.00421040227982663,
            0.0011703669083286028,
            0.0001545937450092035,
            -0.01347308244392197,
            0.028560273445328473
        ],
        [
            0.026557136947683226,
            0.29410845321438844,
            -2.0269539884868863,
            -0.33047411084409306,
            1.4877394147277911,
            -7.850380839669432,
            12.706875664525727,
            -5.129367048018419,
            -0.0010881241588554338,
            0.030981988693193425,
            -0.00034036986516999563,
            0.006709612665473786,
            0.00421040227982663,
            0.007245337949131399,
            0.0019723472490064385,
            -0.0011485867045642716,
            -0.029204383506260062,
            0.05515987452344998
        ],
        [
            0.007892829285971629,
            0.09017179844184317,
            -0.5354920042916348,
            -0.15406184059543473,
            0.42253551760455443,
            -3.1985198727523785,
            4.464871936148056,
            -1.7486588851178642,
            -0.0006891855485241655,
            0.008540333195303755,
            -9.983298455214968e-05,
            0.0008315510917704572,
            0.0011703669083286028,
            0.0019723472490064385,
            0.000900230344248323,
            0.0003489953658456239,
            -0.007967690710872999,
            0.018914780017552254
        ],
        [
            0.0009456780494432258,
            0.019418511386535758,
            0.1588324743117146,
            0.012525830783155428,
            0.11933612788389533,
            -2.9548125348777705,
            -1.1041619322996248,
            0.30273823780421166,
            0.0020839439155165783,
            0.0007901823909415103,
            0.00023254850367357657,
