5.190722030199643178e-03 1.300411097663158730e-05 2.586353724161074939e-05 -2.595506771301864826e-05 7.949669531176121020e-04 3.746729507491524530e-02 -1.019513240609398567e-02 -5.056494300937624566e-03 -6.747563380142021303e-06 8.958240085092243670e-07 6.040619448086742584e-06 -5.820902052825490216e-06 -9.280061442224969397e-06 6.894676185437313515e-06 9.027992864952937428e-07 1.900602434842163144e-06 2.130442706768905170e-05 -2.998054165279015409e-06
1.300411097663158730e-05 6.145257528706936367e-02 1.410962839318242247e-05 -1.415956204789306071e-05 4.336873254638938828e-04 2.043995782426256957e-02 -5.561866048153866690e-03 -2.758526604152593698e-03 -3.681074671413372748e-06 4.887090171649333764e-07 3.295407541548891716e-06 -3.175542622466337960e-06 -5.062657021446929826e-06 3.761330786236508504e-06 4.925143195643378233e-07 1.036857171866508501e-06 1.162244538504698204e-05 -1.635562443742716271e-06
2.586353724161074939e-05 1.410962839318242247e-05 2.719654634937992976e-01 -2.816158374906763229e-05 8.625494132975630550e-04 4.065249914851943452e-02 -1.106185035853475551e-02 -5.486361634923154346e-03 -7.321193430626242357e-06 9.719806212412276530e-07 6.554150132238545460e-06 -6.315753920131066785e-06 -1.006898654210126550e-05 7.480812724734483879e-06 9.795488879608399690e-07 2.062178193264457573e-06 2.311557857318534469e-05 -3.252927497368743854e-06
-2.595506771301864826e-05 -1.415956204789306071e-05 -2.816158374906763229e-05 6.349335964118697717e+00 -8.656019560984264723e-04 -4.079636742052775156e-02 1.110099799594033848e-02 5.505777744253736658e-03 7.347102968046188811e-06 -9.754204386038129779e-07 -6.577345120831085743e-06 6.338105229938598637e-06 1.010462045699035460e-05 -7.507287151214229642e-06 -9.830154892476081836e-07 -2.069476195095890047e-06 -2.319738408122181525e-05 3.264439533967159769e-06
7.949669531176121020e-04 4.336873254638938828e-04 8.625494132975630550e-04 -8.656019560984264723e-04 2.015352193811751036e+01 1.249534937267619217e+00 -3.400078416659637059e-01 -1.686341721889157430e-01 -2.250313551607279697e-04 2.987574614172846494e-05 2.014547628279703053e-04 -1.941271839046605904e-04 -3.094902092308690600e-04 2.299375697558399647e-04 3.010837178292620928e-05 6.338512399794742536e-05 7.105030103272708553e-04 -9.998515814516171932e-05
3.746729507491524530e-02 2.043995782426256957e-02 4.065249914851943452e-02 -4.079636742052775156e-02 1.249534937267619217e+00 4.945594010310033627e+04 -1.602478452912370344e+01 -7.947835145018170344e+00 -1.060587003252154784e-02 1.408062802970119721e-03 9.494690330864532027e-03 -9.149336903746967120e-03 -1.458646921934965077e-02 1.083710302807566576e-02 1.419026596504638967e-03 2.987380965809574226e-03 3.348645605348703896e-02 -4.712363713542452349e-03
-1.019513240609398567e-02 -5.561866048153866690e-03 -1.106185035853475551e-02 1.110099799594033848e-02 -3.400078416659637059e-01 -1.602478452912370344e+01 8.499144115697883535e+03 2.162665639012660179e+00 2.885936896356699338e-03 -3.831444646236896500e-04 -2.583576553484178383e-03 2.489603292021832018e-03 3.969087833304724318e-03 -2.948857131234031495e-03 -3.861277951932972209e-04 -8.128887989638908153e-04 -9.111916208349881904e-03 1.282269560937786615e-03
-5.056494300937624566e-03 -2.758526604152593698e-03 -5.486361634923154346e-03 5.505777744253736658e-03 -1.686341721889157430e-01 -7.947835145018170344e+00 2.162665639012660179e+00 1.519265941951869718e+04 1.431342221761699443e-03 -1.900287043498769706e-04 -1.281380133025060951e-03 1.234772081055000468e-03 1.968554130501518843e-03 -1.462548860027693739e-03 -1.915083510501019754e-04 -4.031696122749750121e-04 -4.519250024708077428e-03 6.359690555143867165e-04
-6.747563380142021303e-06 -3.681074671413372748e-06 -7.321193430626242357e-06 7.347102968046188811e-06 -2.250313551607279697e-04 -1.060587003252154784e-02 2.885936896356699338e-03 1.431342221761699443e-03 5.000124853879542482e-03 -2.535809694098341315e-07 -1.709918601122154812e-06 1.647723181533800202e-06 2.626907689846760246e-06 -1.951676505946300224e-06 -2.555554618735425299e-07 -5.380036740609459924e-07 -6.030645771077335410e-06 8.486594178691467341e-07
8.958240085092243670e-07 4.887090171649333764e-07 9.719806212412276530e-07 -9.754204386038129779e-07 2.987574614172846494e-05 1.408062802970119721e-03 -3.831444646236896500e-04 -1.900287043498769706e-04 -2.535809694098341315e-07 1.142486374520408675e-04 2.270132267285933578e-07 -2.187560015722466254e-07 -3.487550755918501727e-07 2.591096329699524997e-07 3.392820568766034348e-08 7.142676263084215247e-08 8.006441680036493685e-07 -1.126702246046397731e-07
6.040619448086742584e-06 3.295407541548891716e-06 6.554150132238545460e-06 -6.577345120831085743e-06 2.014547628279703053e-04 9.494690330864532027e-03 -2.583576553484178383e-03 -1.281380133025060951e-03 -1.709918601122154812e-06 2.270132267285933578e-07 2.957094623483932407e-03 -1.475090804590107910e-06 -2.351685902842601450e-06 1.747198861871982064e-06 2.287808511145278322e-07 4.816368922504691964e-07 5.398813479322233530e-06 -7.597451547427250824e-07
-5.820902052825490216e-06 -3.175542622466337960e-06 -6.315753920131066785e-06 6.338105229938598637e-06 -1.941271839046605904e-04 -9.149336903746967120e-03 2.489603292021832018e-03 1.234772081055000468e-03 1.647723181533800202e-06 -2.187560015722466254e-07 -1.475090804590107910e-06 9.768724500408545661e-04 2.266147274646308120e-06 -1.683647435361323587e-06 -2.204593315875100579e-07 -4.641181585615727769e-07 -5.202440699117755246e-06 7.321106997175366480e-07
-9.280061442224969397e-06 -5.062657021446929826e-06 -1.006898654210126550e-05 1.010462045699035460e-05 -3.094902092308690600e-04 -1.458646921934965077e-02 3.969087833304724318e-03 1.968554130501518843e-03 2.626907689846760246e-06 -3.487550755918501727e-07 -2.351685902842601450e-06 2.266147274646308120e-06 1.080479815899018778e-03 -2.684180476737869430e-06 -3.514706353203220102e-07 -7.399274182620972326e-07 -8.294070042616469190e-06 1.167178594353980450e-06
6.894676185437313515e-06 3.761330786236508504e-06 7.480812724734483879e-06 -7.507287151214229642e-06 2.299375697558399647e-04 1.083710302807566576e-02 -2.948857131234031495e-03 -1.462548860027693739e-03 -1.951676505946300224e-06 2.591096329699524997e-07 1.747198861871982064e-06 -1.683647435361323587e-06 -2.684180476737869430e-06 4.949812384362434290e-04 2.611271740289842784e-07 5.497334237930062369e-07 6.162128080637605798e-06 -8.671621959342520479e-07
9.027992864952937428e-07 4.925143195643378233e-07 9.795488879608399690e-07 -9.830154892476081836e-07 3.010837178292620928e-05 1.419026596504638967e-03 -3.861277951932972209e-04 -1.915083510501019754e-04 -2.555554618735425299e-07 3.392820568766034348e-08 2.287808511145278322e-07 -2.204593315875100579e-07 -3.514706353203220102e-07 2.611271740289842784e-07 3.638303349395389450e-05 7.198292268043069700e-08 8.068783340750011953e-07 -1.135475243084935543e-07
1.900602434842163144e-06 1.036857171866508501e-06 2.062178193264457573e-06 -2.069476195095890047e-06 6.338512399794742536e-05 2.987380965809574226e-03 -8.128887989638908153e-04 -4.031696122749750121e-04 -5.380036740609459924e-07 7.142676263084215247e-08 4.816368922504691964e-07 -4.641181585615727769e-07 -7.399274182620972326e-07 5.497334237930062369e-07 7.198292268043069700e-08 4.746894828282840627e-04 1.698666524557926038e-06 -2.390439429884812631e-07
2.130442706768905170e-05 1.162244538504698204e-05 2.311557857318534469e-05 -2.319738408122181525e-05 7.105030103272708553e-04 3.348645605348703896e-02 -9.111916208349881904e-03 -4.519250024708077428e-03 -6.030645771077335410e-06 8.006441680036493685e-07 5.398813479322233530e-06 -5.202440699117755246e-06 -8.294070042616469190e-06 6.162128080637605798e-06 8.068783340750011953e-07 1.698666524557926038e-06 3.115002843074494640e-02 -2.679515797733809578e-06
-2.998054165279015409e-06 -1.635562443742716271e-06 -3.252927497368743854e-06 3.264439533967159769e-06 -9.998515814516171932e-05 -4.712363713542452349e-03 1.282269560937786615e-03 6.359690555143867165e-04 8.486594178691467341e-07 -1.126702246046397731e-07 -7.597451547427250824e-07 7.321106997175366480e-07 1.167178594353980450e-06 -8.671621959342520479e-07 -1.135475243084935543e-07 -2.390439429884812631e-07 -2.679515797733809578e-06 7.305708934293650425e-03
1.661925493220687894e-03 7.942080185925083817e-06 1.249969985509512090e-05 5.037407109270392077e-06 2.826179645652298613e-04 8.138241355142008734e-03 -4.962392457202827178e-03 -3.298183935670739777e-03 -1.488835141011568709e-06 2.493683305592826128e-07 3.122675593236468791e-06 -1.245172771374377517e-06 -3.528928901517540009e-06 2.389631517299037188e-06 3.356333714123276392e-07 9.106744527394863296e-07 2.571102043075657129e-06 -8.397246970523878194e-07
7.942080185925083817e-06 1.968080518022372050e-02 2.236702957435720589e-05 5.186920313978320748e-05 2.581004584137263974e-04 -9.738421581331296178e-03 -8.965394468583465226e-03 -7.984444942835846118e-03 1.655737937843908834e-06 -1.258556603786503002e-09 6.083232491212367109e-06 1.594032703648983143e-06 -3.984220238405850590e-06 1.978573591693736519e-06 3.551618955750857177e-07 1.610368015120381791e-06 -1.422976034747370059e-05 -1.761474369803347927e-08
1.249969985509512090e-05 2.236702957435720589e-05 8.704889014285450977e-02 5.399117303875386323e-05 4.093048365133179073e-04 -5.176168504615120611e-03 -1.156658669525925838e-02 -9.688729703496330725e-03 8.226309305272714852e-07 1.349332574512881301e-07 7.714725833277941177e-06 8.947344501087861499e-07 -5.863012277540678901e-06 3.259528718791988591e-06 5.341404248734162170e-07 2.088149696136380169e-06 -1.265318893125425135e-05 -4.759630766449833718e-07
5.037407109270392077e-06 5.186920313978320748e-05 5.399117303875386323e-05 2.031986555641305703e+00 1.441118841441116187e-04 -7.050722107819287765e-02 -2.180700349841745156e-02 -2.330144251225876179e-02 1.235166846574273281e-05 -8.684949203905379043e-07 1.564248387369960940e-05 1.124010220429280840e-05 -5.110121480980444438e-06 3.326042661620756421e-07 3.826519147504891476e-07 3.850094465545557329e-06 -7.076835414017559672e-05 2.829561188621842682e-06
2.826179645652298613e-04 2.581004584137263974e-04 4.093048365133179073e-04 1.441118841441116187e-04 6.450017909779241165e+00 2.783047973136809627e-01 -1.624527457689392274e-01 -1.069868867466505502e-01 -5.085275287726645754e-05 8.383201582589676882e-06 1.020116101067396208e-04 -4.263196590963517238e-05 -1.166886046090326036e-04 7.936605896627218495e-05 1.110971244061649084e-05 2.982952778938705290e-05 9.334774434241620744e-05 -2.821902667437493017e-05
8.138241355142008734e-03 -9.738421581331296178e-03 -5.176168504615120611e-03 -7.050722107819287765e-02 2.783047973136809627e-01 1.584248372208469118e+04 2.191710238947883749e+00 4.690888379196265667e+00 -6.280421251411583833e-03 6.111663409847195279e-04 -2.084209255662785275e-03 -5.586686329678223518e-03 -2.259397673986286714e-03 2.678468941502265728e-03 2.528458583521089225e-04 -3.464630053874819438e-04 2.899943793620871763e-02 -2.023156440434623147e-03
-4.962392457202827178e-03 -8.965394468583465226e-03 -1.156658669525925838e-02 -2.180700349841745156e-02 -1.624527457689392274e-01 2.191710238947883749e+00 2.722956986402583880e+03 3.885206905046322490e+00 -3.506122035287362738e-04 -5.172390560554395047e-05 -3.087806286085867467e-03 -3.769573847208745995e-04 2.333112903458629556e-03 -1.292075032000701085e-03 -2.123888435719804575e-04 -8.350111634135811475e-04 5.154593102767518302e-03 1.829183843087983934e-04
-3.298183935670739777e-03 -7.984444942835846118e-03 -9.688729703496330725e-03 -2.330144251225876179e-02 -1.069868867466505502e-01 4.690888379196265667e+00 3.885206905046322490e+00 4.864806892938611782e+03 -8.012091824225396315e-04 9.245694529085615767e-06 -2.644708979232156254e-03 -7.648030245541710768e-04 1.680533156742020735e-03 -8.123888702079479522e-04 -1.490736904442128985e-04 -6.971900965683576782e-04 6.530036581054077596e-03 -2.124313687453664417e-05
-1.488835141011568709e-06 1.655737937843908834e-06 8.226309305272714852e-07 1.235166846574273281e-05 -5.085275287726645754e-05 -6.280421251411583833e-03 -3.506122035287362738e-04 -8.012091824225396315e-04 1.600542406675619983e-03 -1.090987639324214423e-07 3.444888304175407891e-07 9.900993635953010788e-07 4.214083762064362210e-07 -4.871268585575107127e-07 -4.674793274617170591e-08 5.454873544765574715e-08 -5.112418004506338556e-06 3.612506234516919846e-07
2.493683305592826128e-07 -1.258556603786503002e-09 1.349332574512881301e-07 -8.684949203905379043e-07 8.383201582589676882e-06 6.111663409847195279e-04 -5.172390560554395047e-05 9.245694529085615767e-06 -1.090987639324214423e-07 3.656111907807673572e-05 2.303860217857483194e-08 -9.575030031126309822e-08 -8.828026990631615137e-08 7.527061076436844850e-08 8.908221752872809656e-09 1.024407390339082444e-08 4.332634761652357589e-07 -4.104359293865514700e-08
3.122675593236468791e-06 6.083232491212367109e-06 7.714725833277941177e-06 1.564248387369960940e-05 1.020116101067396208e-04 -2.084209255662785275e-03 -3.087806286085867467e-03 -2.644708979232156254e-03 3.444888304175407891e-07 2.303860217857483194e-08 9.478526401161134398e-04 3.493136297805085988e-07 -1.496462948944073324e-06 8.029531923968642761e-07 1.353744039266142978e-07 5.564472379237420699e-07 -3.920298293184379618e-06 -8.397142227896169866e-08
-1.245172771374377517e-06 1.594032703648983143e-06 8.947344501087861499e-07 1.124010220429280840e-05 -4.263196590963517238e-05 -5.586686329678223518e-03 -3.769573847208745995e-04 -7.648030245541710768e-04 9.900993635953010788e-07 -9.575030031126309822e-08 3.493136297805085988e-07 3.130255114945357242e-04 3.390249973964618135e-07 -4.121942287872782386e-07 -3.827976246076113392e-08 6.031284951037622192e-08 -4.596398912841827951e-06 3.168825407174582591e-07
-3.528928901517540009e-06 -3.984220238405850590e-06 -5.863012277540678901e-06 -5.110121480980444438e-06 -1.166886046090326036e-04 -2.259397673986286714e-03 2.333112903458629556e-03 1.680533156742020735e-03 4.214083762064362210e-07 -8.828026990631615137e-08 -1.496462948944073324e-06 3.390249973964618135e-07 3.461032857122368044e-04 -9.735800191344651332e-07 -1.416963394465131130e-07 -4.259231919544320924e-07 1.183080995765911344e-09 2.986765264595088849e-07
2.389631517299037188e-06 1.978573591693736519e-06 3.259528718791988591e-06 3.326042661620756421e-07 7.936605896627218495e-05 2.678468941502265728e-03 -1.292075032000701085e-03 -8.123888702079479522e-04 -4.871268585575107127e-07 7.527061076436844850e-08 8.029531923968642761e-07 -4.121942287872782386e-07 -9.735800191344651332e-07 1.584315747164302094e-04 9.314055596096487452e-08 2.379147166726390001e-07 1.101508931027137303e-06 -2.529665625234982217e-07
3.356333714123276392e-07 3.551618955750857177e-07 5.341404248734162170e-07 3.826519147504891476e-07 1.110971244061649084e-05 2.528458583521089225e-04 -2.123888435719804575e-04 -1.490736904442128985e-04 -4.674793274617170591e-08 8.908221752872809656e-09 1.353744039266142978e-07 -3.827976246076113392e-08 -1.416963394465131130e-07 9.314055596096487452e-08 1.164501291043419409e-05 3.884019150016292369e-08 3.631724709444015968e-08 -3.008296641780321111e-08
9.106744527394863296e-07 1.610368015120381791e-06 2.088149696136380169e-06 3.850094465545557329e-06 2.982952778938705290e-05 -3.464630053874819438e-04 -8.350111634135811475e-04 -6.971900965683576782e-04 5.454873544765574715e-08 1.024407390339082444e-08 5.564472379237420699e-07 6.031284951037622192e-08 -4.259231919544320924e-07 2.379147166726390001e-07 3.884019150016292369e-08 1.520029273352267144e-04 -8.924394629193123035e-07 -3.603010037814706408e-08
2.571102043075657129e-06 -1.422976034747370059e-05 -1.265318893125425135e-05 -7.076835414017559672e-05 9.334774434241620744e-05 2.899943793620871763e-02 5.154593102767518302e-03 6.530036581054077596e-03 -5.112418004506338556e-06 4.332634761652357589e-07 -3.920298293184379618e-06 -4.596398912841827951e-06 1.183080995765911344e-09 1.101508931027137303e-06 3.631724709444015968e-08 -8.924394629193123035e-07 9.988168209839221046e-03 -1.425488430222763217e-06
-8.397246970523878194e-07 -1.761474369803347927e-08 -4.759630766449833718e-07 2.829561188621842682e-06 -2.821902667437493017e-05 -2.023156440434623147e-03 1.829183843087983934e-04 -2.124313687453664417e-05 3.612506234516919846e-07 -4.104359293865514700e-08 -8.397142227896169866e-08 3.168825407174582591e-07 2.986765264595088849e-07 -2.529665625234982217e-07 -3.008296641780321111e-08 -3.603010037814706408e-08 -1.425488430222763217e-06 2.337842865297848263e-03
5.318389318252109317e-04 3.029162298904611255e-06 4.327339031685813647e-06 6.759494980175903795e-07 8.915805351878154498e-05 2.712398214585712460e-03 -1.381683326512312500e-03 -9.541278106301803123e-04 -4.803651627335538579e-07 9.118994073825338160e-08 9.668849865365220715e-07 -4.045709766041484424e-07 -1.090141954941935882e-06 7.716553100134030752e-07 9.670249266816040657e-08 3.003321319576994869e-07 8.791116918845651177e-07 -8.608575912057321436e-08
3.029162298904611255e-06 6.308301500149151794e-03 1.416935010142236320e-05 -3.446392439762172467e-06 5.518795030605631830e-05 -8.000676535100432899e-04 1.548531782070037329e-03 -3.859121758741332646e-04 4.455070964308121514e-07 2.435543178787970237e-07 1.253417096212962622e-06 3.791252392888780143e-07 -4.373109864440847295e-07 7.824725627512379885e-07 -1.154887081415483994e-07 7.062571708371224272e-07 -3.346615433333882854e-06 3.905234355204376032e-06
4.327339031685813647e-06 1.416935010142236320e-05 2.786035257188392358e-02 3.819455649992515061e-06 1.125786200359470699e-04 -1.012800579200634997e-04 -7.354667009595188855e-04 -1.644072685645808904e-03 2.066241465516359621e-07 2.069691859644764093e-07 2.003292489860363251e-06 1.983861652053436068e-07 -1.313780410910328656e-06 1.143307328394052254e-06 1.708208312416816482e-08 7.964028794253935770e-07 -3.238713510487411235e-06 2.473415004107069317e-06
6.759494980175903795e-07 -3.446392439762172467e-06 3.819455649992515061e-06 6.502741686536843702e-01 9.871181265935007553e-05 -2.700777265166807301e-02 -1.545652894522355977e-02 -1.161956640327945801e-02 4.114383982640237972e-06 -7.461374571266635827e-07 6.336064939685284564e-06 3.848190132459974518e-06 -3.242893925708558512e-06 -1.801691000857156271e-07 5.622307750167982828e-07 8.655662497072397808e-07 -2.496225354619234816e-05 -6.600551912587711277e-06
8.915805351878154498e-05 5.518795030605631830e-05 1.125786200359470699e-04 9.871181265935007553e-05 2.064077638569668416e+00 8.297985380424989510e-02 -6.357609970763822282e-02 -3.992745625100468237e-02 -1.605160511356682767e-05 2.042491616010103839e-06 3.446268781011624512e-05 -1.329858193463919302e-05 -3.953828370315693445e-05 2.500530591898430288e-05 4.156362900256884997e-06 9.044432050276094806e-06 2.670440349033379306e-05 -1.929204711680590053e-05
2.712398214585712460e-03 -8.000676535100432899e-04 -1.012800579200634997e-04 -2.700777265166807301e-02 8.297985380424989510e-02 5.070108482143618858e+03 1.681047674689551297e+00 1.982147853802503912e+00 -2.028437230095598079e-03 2.496778350344665558e-04 -8.206881550447252954e-04 -1.816784991315611520e-03 -5.372362218503734304e-04 8.902281335987395627e-04 3.009206973840373780e-05 -6.852176893768087938e-05 9.547487228972374382e-03 2.199398804504593618e-04
-1.381683326512312500e-03 1.548531782070037329e-03 -7.354667009595188855e-04 -1.545652894522355977e-02 -6.357609970763822282e-02 1.681047674689551297e+00 8.732146988442318616e+02 2.160740144930608064e+00 -1.478647703430234939e-04 8.663547256041350243e-05 -1.281309856406310024e-03 -1.760210502286530248e-04 1.100894586169006827e-03 -3.503019462653485412e-04 -1.648845630096667082e-04 -1.864414571368866393e-04 2.159958617881161617e-03 1.712724741691653511e-03
-9.541278106301803123e-04 -3.859121758741332646e-04 -1.644072685645808904e-03 -1.161956640327945801e-02 -3.992745625100468237e-02 1.982147853802503912e+00 2.160740144930608064e+00 1.557188714171056290e+03 -2.739014680787979494e-04 5.362673037850198654e-05 -9.902830703943953962e-04 -2.719374937819000072e-04 7.117422465678320325e-04 -2.289498872887602802e-04 -9.529440109565537277e-05 -1.834441034917102381e-04 2.340277703723709930e-03 8.054617047839337336e-04
-4.803651627335538579e-07 4.455070964308121514e-07 2.066241465516359621e-07 4.114383982640237972e-06 -1.605160511356682767e-05 -2.028437230095598079e-03 -1.478647703430234939e-04 -2.739014680787979494e-04 5.121742510529798433e-04 -3.688144125692963978e-08 1.158338246008141017e-07 3.178892780462727990e-07 1.280871412692613806e-07 -1.570863552543650249e-07 -1.310913817974769651e-08 1.591385076570191693e-08 -1.645718966558570322e-06 8.402178205298390888e-08
9.118994073825338160e-08 2.435543178787970237e-07 2.069691859644764093e-07 -7.461374571266635827e-07 2.042491616010103839e-06 2.496778350344665558e-04 8.663547256041350243e-05 5.362673037850198654e-05 -3.688144125692963978e-08 1.170525668242826300e-05 -8.820466399078693195e-09 -3.369930452900803525e-08 -8.683318496847844325e-09 2.757476242564745036e-08 -2.501847832307514256e-09 7.738245159296830903e-09 1.668363971700502385e-07 7.821984034494673993e-08
9.668849865365220715e-07 1.253417096212962622e-06 2.003292489860363251e-06 6.336064939685284564e-06 3.446268781011624512e-05 -8.206881550447252954e-04 -1.281309856406310024e-03 -9.902830703943953962e-04 1.158338246008141017e-07 -8.820466399078693195e-09 3.033588576171655348e-04 1.204732693939269849e-07 -5.344670468041769171e-07 2.470332045460841906e-07 5.852917013144094035e-08 1.653893803950874554e-07 -1.334604802788173847e-06 -2.864576399396800319e-07
-4.045709766041484424e-07 3.791252392888780143e-07 1.983861652053436068e-07 3.848190132459974518e-06 -1.329858193463919302e-05 -1.816784991315611520e-03 -1.760210502286530248e-04 -2.719374937819000072e-04 3.178892780462727990e-07 -3.369930452900803525e-08 1.204732693939269849e-07 1.001698059751767719e-04 9.798404478146272383e-08 -1.337747310503461515e-07 -9.376114192773062672e-09 1.690574190816502845e-08 -1.485982212323036449e-06 5.236029901998184442e-08
-1.090141954941935882e-06 -4.373109864440847295e-07 -1.313780410910328656e-06 -3.242893925708558512e-06 -3.953828370315693445e-05 -5.372362218503734304e-04 1.100894586169006827e-03 7.117422465678320325e-04 1.280871412692613806e-07 -8.683318496847844325e-09 -5.344670468041769171e-07 9.798404478146272383e-08 1.108202335896974025e-04 -2.995687998010220773e-07 -6.372084842451586314e-08 -1.209812890095221386e-07 9.717760421786672530e-08 4.092445716113574002e-07
7.716553100134030752e-07 7.824725627512379885e-07 1.143307328394052254e-06 -1.801691000857156271e-07 2.500530591898430288e-05 8.902281335987395627e-04 -3.503019462653485412e-04 -2.289498872887602802e-04 -1.570863552543650249e-07 2.757476242564745036e-08 2.470332045460841906e-07 -1.337747310503461515e-07 -2.995687998010220773e-07 5.070023905772372280e-05 2.652866202381227028e-08 7.886281496255350728e-08 3.697395680967625512e-07 -2.503055935390954535e-08
9.670249266816040657e-08 -1.154887081415483994e-07 1.708208312416816482e-08 5.622307750167982828e-07 4.156362900256884997e-06 3.009206973840373780e-05 -1.648845630096667082e-04 -9.529440109565537277e-05 -1.310913817974769651e-08 -2.501847832307514256e-09 5.852917013144094035e-08 -9.376114192773062672e-09 -6.372084842451586314e-08 2.652866202381227028e-08 3.731431531512921751e-06 8.239602981114846733e-09 -1.485834147467492035e-08 -9.543203824503533835e-08
3.003321319576994869e-07 7.062571708371224272e-07 7.964028794253935770e-07 8.655662497072397808e-07 9.044432050276094806e-06 -6.852176893768087938e-05 -1.864414571368866393e-04 -1.834441034917102381e-04 1.591385076570191693e-08 7.738245159296830903e-09 1.653893803950874554e-07 1.690574190816502845e-08 -1.209812890095221386e-07 7.886281496255350728e-08 8.239602981114846733e-09 4.864442759432826213e-05 -2.635153515093830525e-07 5.997081431487093410e-08
8.791116918845651177e-07 -3.346615433333882854e-06 -3.238713510487411235e-06 -2.496225354619234816e-05 2.670440349033379306e-05 9.547487228972374382e-03 2.159958617881161617e-03 2.340277703723709930e-03 -1.645718966558570322e-06 1.668363971700502385e-07 -1.334604802788173847e-06 -1.485982212323036449e-06 9.717760421786672530e-08 3.697395680967625512e-07 -1.485834147467492035e-08 -2.635153515093830525e-07 3.196353299438444828e-03 -4.209505323787230006e-09
-8.608575912057321436e-08 3.905234355204376032e-06 2.473415004107069317e-06 -6.600551912587711277e-06 -1.929204711680590053e-05 2.199398804504593618e-04 1.712724741691653511e-03 8.054617047839337336e-04 8.402178205298390888e-08 7.821984034494673993e-08 -2.864576399396800319e-07 5.236029901998184442e-08 4.092445716113574002e-07 -2.503055935390954535e-08 -9.543203824503533835e-08 5.997081431487093410e-08 -4.209505323787230006e-09 7.495742078222819831e-04
1.705012456944276253e-04 9.575299813363014706e-07 1.529952729268323426e-06 -7.342839313081800528e-06 2.571395332965755189e-05 7.689865451106415615e-04 -6.069335012224959464e-04 2.248960084810647643e-04 -2.248547104394619658e-07 2.309732365074404208e-08 1.746452184755982100e-07 -2.199782859544951845e-07 -3.389737522017918640e-07 1.995780733836193050e-07 3.071005264790633253e-08 1.435851751534120906e-07 4.637472082217684625e-07 -1.027580120824475963e-07
9.575299813363014706e-07 2.018656925353633745e-03 4.528713252965832438e-06 -8.176274720174132352e-07 1.776641965006501547e-05 -2.522869480020923033e-04 5.017481331599589651e-04 -1.434977965015680145e-04 1.452464117731761057e-07 7.816691993406478691e-08 4.061780967331189041e-07 1.247353685102598172e-07 -1.403119890965060694e-07 2.521778698220902336e-07 -3.694752931482456373e-08 2.242108429423331049e-07 -1.077800358769520861e-06 1.252512804229248770e-06
1.529952729268323426e-06 4.528713252965832438e-06 8.915380230652981616e-03 -2.286928469465475425e-06 3.471760711320879969e-05 -7.835916386191077497e-05 -3.118514682359599128e-04 -2.799625404446835536e-04 3.309565063077470394e-08 6.340603761301358014e-08 5.784953778364163528e-07 2.146384849850348718e-08 -4.158270394894183279e-07 3.438764673861572135e-07 5.357291756293000629e-09 2.768898798744756213e-07 -9.516988090525603527e-07 7.565780649256073572e-07
-7.342839313081800528e-06 -8.176274720174132352e-07 -2.286928469465475425e-06 2.082704159603282756e-01 9.965719387990340863e-05 -6.250413897203312315e-03 -9.634885497490878071e-04 -1.653202578817334831e-02 3.035793178170069646e-06 -9.174492792414444965e-08 5.284239999724437731e-06 3.418912844161388999e-06 -1.276295020009509958e-06 1.086693747858187086e-06 1.855869361089092586e-07 -8.704423271434068883e-07 -1.239674670331467353e-05 -2.945610102026819839e-07
2.571395332965755189e-05 1.776641965006501547e-05 3.471760711320879969e-05 9.965719387990340863e-05 6.605302077898337343e-01 2.744486729728935412e-02 -1.886038901374616564e-02 -1.755134224219786349e-02 -4.495923529463579151e-06 7.083783114677937001e-07 1.224154373526267292e-05 -3.440461506138841665e-06 -1.274114432848600013e-05 8.428095085986250960e-06 1.332149986045859187e-06 2.466675035169635498e-06 6.902629934152833697e-06 -5.496190570875524899e-06
7.689865451106415615e-04 -2.522869480020923033e-04 -7.835916386191077497e-05 -6.250413897203312315e-03 2.744486729728935412e-02 1.622466036557420693e+03 5.900842004899019555e-01 4.665014001585916503e-01 -6.265885030337584993e-04 8.182200321759065342e-05 -2.199763596862368590e-04 -5.527277535472360391e-04 -1.750394591803810444e-04 2.998573151245040183e-04 9.703746829977956593e-06 -3.695155181412634714e-05 2.997465897921487536e-03 9.418097224512519744e-05
-6.069335012224959464e-04 5.017481331599589651e-04 -3.118514682359599128e-04 -9.634885497490878071e-04 -1.886038901374616564e-02 5.900842004899019555e-01 2.795155272318523885e+02 4.120874290370821758e-01 -9.837123370730117922e-06 3.092847397341760157e-05 -3.390207346151302183e-04 -8.637814190195926059e-06 3.470852900764223700e-04 -8.714900441235485574e-05 -5.263938270270252456e-05 -8.467593646489634922e-05 5.950711431446831408e-04 5.876972638013025062e-04
2.248960084810647643e-04 -1.434977965015680145e-04 -2.799625404446835536e-04 -1.653202578817334831e-02 -1.755134224219786349e-02 4.665014001585916503e-01 4.120874290370821758e-01 4.991991775211685649e+02 -2.082367095525756474e-04 6.848275073994478339e-06 -5.453234822598907773e-04 -2.404560716243686841e-04 2.444913332696391000e-04 -1.535313396883860801e-04 -3.089213271475250587e-05 2.178099750441878809e-05 1.058134743090467702e-03 1.302557130764631034e-04
-2.248547104394619658e-07 1.452464117731761057e-07 3.309565063077470394e-08 3.035793178170069646e-06 -4.495923529463579151e-06 -6.265885030337584993e-04 -9.837123370730117922e-06 -2.082367095525756474e-04 1.639119393553769405e-04 -1.041848891904333524e-08 6.771508692367675209e-08 1.223106979920621421e-07 3.874275175472170345e-08 -3.949836336401145017e-08 -4.141535714370048806e-09 -5.705782672388125665e-09 -5.681208047596181802e-07 4.399225304317967405e-08
2.309732365074404208e-08 7.816691993406478691e-08 6.340603761301358014e-08 -9.174492792414444965e-08 7.083783114677937001e-07 8.182200321759065342e-05 3.092847397341760157e-05 6.848275073994478339e-06 -1.041848891904333524e-08 3.745800456572417406e-06 -2.016184733082948557e-10 -9.023324696168565649e-09 -2.970657770294214856e-09 9.744873784856452196e-09 -7.960257108699758436e-10 1.552813402771779854e-09 4.983950652803757617e-08 2.649313203724294031e-08
1.746452184755982100e-07 4.061780967331189041e-07 5.784953778364163528e-07 5.284239999724437731e-06 1.224154373526267292e-05 -2.199763596862368590e-04 -3.390207346151302183e-04 -5.453234822598907773e-04 6.771508692367675209e-08 -2.016184733082948557e-10 9.713289210227138600e-05 7.754819377261414057e-08 -1.752824596284650072e-07 9.945108615773249276e-08 1.883046943341965973e-08 3.246931064422271752e-08 -5.056703306732325137e-07 -5.926353919753120916e-08
-2.199782859544951845e-07 1.247353685102598172e-07 2.146384849850348718e-08 3.418912844161388999e-06 -3.440461506138841665e-06 -5.527277535472360391e-04 -8.637814190195926059e-06 -2.404560716243686841e-04 1.223106979920621421e-07 -9.023324696168565649e-09 7.754819377261414057e-08 3.208053163387733346e-05 2.849819402335790012e-08 -2.910513034480082500e-08 -2.932425188554139008e-09 -8.329775193120756028e-09 -5.283069811987593559e-07 3.852000038596988220e-08
-3.389737522017918640e-07 -1.403119890965060694e-07 -4.158270394894183279e-07 -1.276295020009509958e-06 -1.274114432848600013e-05 -1.750394591803810444e-04 3.470852900764223700e-04 2.444913332696391000e-04 3.874275175472170345e-08 -2.970657770294214856e-09 -1.752824596284650072e-07 2.849819402335790012e-08 3.546278630185693869e-05 -9.735644831809896064e-08 -2.039808012294507282e-08 -3.721556351089501292e-08 3.685442850601740769e-08 1.285845934151267072e-07
1.995780733836193050e-07 2.521778698220902336e-07 3.438764673861572135e-07 1.086693747858187086e-06 8.428095085986250960e-06 2.998573151245040183e-04 -8.714900441235485574e-05 -1.535313396883860801e-04 -3.949836336401145017e-08 9.744873784856452196e-09 9.945108615773249276e-08 -2.910513034480082500e-08 -9.735644831809896064e-08 1.623124486803110585e-05 8.524708936904874873e-09 1.804846478021108340e-08 9.069910588289925455e-08 3.376042405776305818e-09
3.071005264790633253e-08 -3.694752931482456373e-08 5.357291756293000629e-09 1.855869361089092586e-07 1.332149986045859187e-06 9.703746829977956593e-06 -5.263938270270252456e-05 -3.089213271475250587e-05 -4.141535714370048806e-09 -7.960257108699758436e-10 1.883046943341965973e-08 -2.932425188554139008e-09 -2.039808012294507282e-08 8.524708936904874873e-09 1.194058266258745215e-06 2.601040351530691161e-09 -4.891582909228576442e-09 -3.048180719211721294e-08
1.435851751534120906e-07 2.242108429423331049e-07 2.768898798744756213e-07 -8.704423271434068883e-07 2.466675035169635498e-06 -3.695155181412634714e-05 -8.467593646489634922e-05 2.178099750441878809e-05 -5.705782672388125665e-09 1.552813402771779854e-09 3.246931064422271752e-08 -8.329775193120756028e-09 -3.721556351089501292e-08 1.804846478021108340e-08 2.601040351530691161e-09 1.557342378442363477e-05 -5.663312878735944574e-08 7.774237475518610656e-09
4.637472082217684625e-07 -1.077800358769520861e-06 -9.516988090525603527e-07 -1.239674670331467353e-05 6.902629934152833697e-06 2.997465897921487536e-03 5.950711431446831408e-04 1.058134743090467702e-03 -5.681208047596181802e-07 4.983950652803757617e-08 -5.056703306732325137e-07 -5.283069811987593559e-07 3.685442850601740769e-08 9.069910588289925455e-08 -4.891582909228576442e-09 -5.663312878735944574e-08 1.022939457895140260e-03 -4.521316166804388496e-08
-1.027580120824475963e-07 1.252512804229248770e-06 7.565780649256073572e-07 -2.945610102026819839e-07 -5.496190570875524899e-06 9.418097224512519744e-05 5.876972638013025062e-04 1.302557130764631034e-04 4.399225304317967405e-08 2.649313203724294031e-08 -5.926353919753120916e-08 3.852000038596988220e-08 1.285845934151267072e-07 3.376042405776305818e-09 -3.048180719211721294e-08 7.774237475518610656e-09 -4.521316166804388496e-08 2.398818310798047769e-04
1.705012456944276253e-04 9.575299813363014706e-07 1.529952729268323426e-06 -7.342839313081800528e-06 2.571395332965755189e-05 7.689865451106415615e-04 -6.069335012224959464e-04 2.248960084810647643e-04 -2.248547104394619658e-07 2.309732365074404208e-08 1.746452184755982100e-07 -2.199782859544951845e-07 -3.389737522017918640e-07 1.995780733836193050e-07 3.071005264790633253e-08 1.435851751534120906e-07 4.637472082217684625e-07 -1.027580120824475963e-07
9.575299813363014706e-07 2.018656925353633745e-03 4.528713252965832438e-06 -8.176274720174132352e-07 1.776641965006501547e-05 -2.522869480020923033e-04 5.017481331599589651e-04 -1.434977965015680145e-04 1.452464117731761057e-07 7.816691993406478691e-08 4.061780967331189041e-07 1.247353685102598172e-07 -1.403119890965060694e-07 2.521778698220902336e-07 -3.694752931482456373e-08 2.242108429423331049e-07 -1.077800358769520861e-06 1.252512804229248770e-06
1.529952729268323426e-06 4.528713252965832438e-06 8.915380230652981616e-03 -2.286928469465475425e-06 3.471760711320879969e-05 -7.835916386191077497e-05 -3.118514682359599128e-04 -2.799625404446835536e-04 3.309565063077470394e-08 6.340603761301358014e-08 5.784953778364163528e-07 2.146384849850348718e-08 -4.158270394894183279e-07 3.438764673861572135e-07 5.357291756293000629e-09 2.768898798744756213e-07 -9.516988090525603527e-07 7.565780649256073572e-07
-7.342839313081800528e-06 -8.176274720174132352e-07 -2.286928469465475425e-06 2.082704159603282756e-01 9.965719387990340863e-05 -6.250413897203312315e-03 -9.634885497490878071e-04 -1.653202578817334831e-02 3.035793178170069646e-06 -9.174492792414444965e-08 5.284239999724437731e-06 3.418912844161388999e-06 -1.276295020009509958e-06 1.086693747858187086e-06 1.855869361089092586e-07 -8.704423271434068883e-07 -1.239674670331467353e-05 -2.945610102026819839e-07
2.571395332965755189e-05 1.776641965006501547e-05 3.471760711320879969e-05 9.965719387990340863e-05 6.605302077898337343e-01 2.744486729728935412e-02 -1.886038901374616564e-02 -1.755134224219786349e-02 -4.495923529463579151e-06 7.083783114677937001e-07 1.224154373526267292e-05 -3.440461506138841665e-06 -1.274114432848600013e-05 8.428095085986250960e-06 1.332149986045859187e-06 2.466675035169635498e-06 6.902629934152833697e-06 -5.496190570875524899e-06
7.689865451106415615e-04 -2.522869480020923033e-04 -7.835916386191077497e-05 -6.250413897203312315e-03 2.744486729728935412e-02 1.622466036557420693e+03 5.900842004899019555e-01 4.665014001585916503e-01 -6.265885030337584993e-04 8.182200321759065342e-05 -2.199763596862368590e-04 -5.527277535472360391e-04 -1.750394591803810444e-04 2.998573151245040183e-04 9.703746829977956593e-06 -3.695155181412634714e-05 2.997465897921487536e-03 9.418097224512519744e-05
-6.069335012224959464e-04 5.017481331599589651e-04 -3.118514682359599128e-04 -9.634885497490878071e-04 -1.886038901374616564e-02 5.900842004899019555e-01 2.795155272318523885e+02 4.120874290370821758e-01 -9.837123370730117922e-06 3.092847397341760157e-05 -3.390207346151302183e-04 -8.637814190195926059e-06 3.470852900764223700e-04 -8.714900441235485574e-05 -5.263938270270252456e-05 -8.467593646489634922e-05 5.950711431446831408e-04 5.876972638013025062e-04
2.248960084810647643e-04 -1.434977965015680145e-04 -2.799625404446835536e-04 -1.653202578817334831e-02 -1.755134224219786349e-02 4.665014001585916503e-01 4.120874290370821758e-01 4.991991775211685649e+02 -2.082367095525756474e-04 6.848275073994478339e-06 -5.453234822598907773e-04 -2.404560716243686841e-04 2.444913332696391000e-04 -1.535313396883860801e-04 -3.089213271475250587e-05 2.178099750441878809e-05 1.058134743090467702e-03 1.302557130764631034e-04
-2.248547104394619658e-07 1.452464117731761057e-07 3.309565063077470394e-08 3.035793178170069646e-06 -4.495923529463579151e-06 -6.265885030337584993e-04 -9.837123370730117922e-06 -2.082367095525756474e-04 1.639119393553769405e-04 -1.041848891904333524e-08 6.771508692367675209e-08 1.223106979920621421e-07 3.874275175472170345e-08 -3.949836336401145017e-08 -4.141535714370048806e-09 -5.705782672388125665e-09 -5.681208047596181802e-07 4.399225304317967405e-08
2.309732365074404208e-08 7.816691993406478691e-08 6.340603761301358014e-08 -9.174492792414444965e-08 7.083783114677937001e-07 8.182200321759065342e-05 3.092847397341760157e-05 6.848275073994478339e-06 -1.041848891904333524e-08 3.745800456572417406e-06 -2.016184733082948557e-10 -9.023324696168565649e-09 -2.970657770294214856e-09 9.744873784856452196e-09 -7.960257108699758436e-10 1.552813402771779854e-09 4.983950652803757617e-08 2.649313203724294031e-08
1.746452184755982100e-07 4.061780967331189041e-07 5.784953778364163528e-07 5.284239999724437731e-06 1.224154373526267292e-05 -2.199763596862368590e-04 -3.390207346151302183e-04 -5.453234822598907773e-04 6.771508692367675209e-08 -2.016184733082948557e-10 9.713289210227138600e-05 7.754819377261414057e-08 -1.752824596284650072e-07 9.945108615773249276e-08 1.883046943341965973e-08 3.246931064422271752e-08 -5.056703306732325137e-07 -5.926353919753120916e-08
-2.199782859544951845e-07 1.247353685102598172e-07 2.146384849850348718e-08 3.418912844161388999e-06 -3.440461506138841665e-06 -5.527277535472360391e-04 -8.637814190195926059e-06 -2.404560716243686841e-04 1.223106979920621421e-07 -9.023324696168565649e-09 7.754819377261414057e-08 3.208053163387733346e-05 2.849819402335790012e-08 -2.910513034480082500e-08 -2.932425188554139008e-09 -8.329775193120756028e-09 -5.283069811987593559e-07 3.852000038596988220e-08
-3.389737522017918640e-07 -1.403119890965060694e-07 -4.158270394894183279e-07 -1.276295020009509958e-06 -1.274114432848600013e-05 -1.750394591803810444e-04 3.470852900764223700e-04 2.444913332696391000e-04 3.874275175472170345e-08 -2.970657770294214856e-09 -1.752824596284650072e-07 2.849819402335790012e-08 3.546278630185693869e-05 -9.735644831809896064e-08 -2.039808012294507282e-08 -3.721556351089501292e-08 3.685442850601740769e-08 1.285845934151267072e-07
1.995780733836193050e-07 2.521778698220902336e-07 3.438764673861572135e-07 1.086693747858187086e-06 8.428095085986250960e-06 2.998573151245040183e-04 -8.714900441235485574e-05 -1.535313396883860801e-04 -3.949836336401145017e-08 9.744873784856452196e-09 9.945108615773249276e-08 -2.910513034480082500e-08 -9.735644831809896064e-08 1.623124486803110585e-05 8.524708936904874873e-09 1.804846478021108340e-08 9.069910588289925455e-08 3.376042405776305818e-09
3.071005264790633253e-08 -3.694752931482456373e-08 5.357291756293000629e-09 1.855869361089092586e-07 1.332149986045859187e-06 9.703746829977956593e-06 -5.263938270270252456e-05 -3.089213271475250587e-05 -4.141535714370048806e-09 -7.960257108699758436e-10 1.883046943341965973e-08 -2.932425188554139008e-09 -2.039808012294507282e-08 8.524708936904874873e-09 1.194058266258745215e-06 2.601040351530691161e-09 -4.891582909228576442e-09 -3.048180719211721294e-08
