1.423306847020593471e-03 -3.102534236404596341e-06 -2.292643342371896212e-04 -3.114143859030204598e-04 6.335282105619152715e-05 -4.000810398074953686e-03 6.819356253404796437e-04 3.351570419368417927e-03 -3.815892882492575789e-07 -1.437087577034077311e-06 -2.972726083971015486e-06 -3.799984097900276435e-07 2.289628795225979091e-06 5.043340038643352686e-07 3.061576958089150746e-07 -1.067378929804788324e-04 -2.321901111737349023e-05 2.509743598641403514e-05
-3.102534236404596341e-06 5.406052490067322219e-02 5.537998368020863923e-04 7.522375281996185933e-04 -1.530320103151022011e-04 9.664164087719636503e-03 -1.647250712936341533e-03 -8.095891397380058571e-03 9.217486281107900082e-07 3.471359242508288464e-06 7.180773344611241638e-06 9.179057790517556517e-07 -5.530716573741803634e-06 -1.218244826274882538e-06 -7.395397218621402668e-07 2.578308916206431111e-04 5.608672020569968212e-05 -6.062415246432305505e-05
-2.292643342371896212e-04 5.537998368020863923e-04 7.129107215556414801e+00 5.558721449945165649e-02 -1.130842701111624445e-02 7.141414007723012602e-01 -1.217249542621443165e-01 -5.982525928313009445e-01 6.811337747001248500e-05 2.565189632054042839e-04 5.306291872118970446e-04 6.782940695946800024e-05 -4.086968769772337845e-04 -9.002320933530823135e-05 -5.464889959479216845e-05 1.905262704906993121e-02 4.144574592159435897e-03 -4.479871902891184414e-03
-3.114143859030204598e-04 7.522375281996185933e-04 5.558721449945165649e-02 2.394834199736870417e+01 -1.536046531141888570e-02 9.700327201323313275e-01 -1.653414692989344514e-01 -8.126186065151534965e-01 9.251977935067664507e-05 3.484349001116124746e-04 7.207643658470399856e-04 9.213405645814734350e-05 -5.551412407333879660e-04 -1.222803474663898635e-04 -7.423070650832799583e-05 2.587956897904157214e-02 5.629659561924255790e-03 -6.085100686091591063e-03
6.335282105619152715e-05 -1.530320103151022011e-04 -1.130842701111624445e-02 -1.536046531141888570e-02 7.740756825061269275e+00 -1.973393398605939320e-01 3.363636682129776678e-02 1.653156806362774955e-01 -1.882183126628927071e-05 -7.088411735537889467e-05 -1.466292437350884357e-04 -1.874336143800298755e-05 1.129355780501639845e-04 2.487619494283607109e-05 1.510117990426196896e-05 -5.264829682759633936e-03 -1.145274049558304454e-03 1.237927059011725622e-03
-4.000810398074953686e-03 9.664164087719636503e-03 7.141414007723012602e-01 9.700327201323313275e-01 -1.973393398605939320e-01 1.179127964231741847e+06 -2.124178906141379386e+00 -1.043989333115606399e+01 1.188622337341408569e-03 4.476421239746029845e-03 9.259821318404829957e-03 1.183666868907502041e-03 -7.132023916897755993e-03 -1.570963024733552319e-03 -9.536585202825347430e-04 3.324806218210205611e-01 7.232549789778414118e-02 -7.817665207614973855e-02
6.819356253404796437e-04 -1.647250712936341533e-03 -1.217249542621443165e-01 -1.653414692989344514e-01 3.363636682129776678e-02 -2.124178906141379386e+00 6.471049473892828246e+04 1.779473276388048530e+00 -2.025999325783071155e-04 -7.630031952732448932e-04 -1.578330741278282648e-03 -2.017552760889725885e-04 1.215649007524352522e-03 2.677696631597226693e-04 1.625504971950342693e-04 -5.667111364842575966e-02 -1.232783579564745643e-02 1.332516135886515490e-02
3.351570419368417927e-03 -8.095891397380058571e-03 -5.982525928313009445e-01 -8.126186065151534965e-01 1.653156806362774955e-01 -1.043989333115606399e+01 1.779473276388048530e+00 3.361548227149327431e+04 -9.957361307476235521e-04 -3.750000504643812276e-03 -7.757164207115535212e-03 -9.915848214465908684e-04 5.974659634359101058e-03 1.316031673520927456e-03 7.989015646168889147e-04 -2.785266249169734976e-01 -6.058872458363486618e-02 6.549037032840947237e-02
-3.815892882492575789e-07 9.217486281107900082e-07 6.811337747001248500e-05 9.251977935067664507e-05 -1.882183126628927071e-05 1.188622337341408569e-03 -2.025999325783071155e-04 -9.957361307476235521e-04 3.313943840763214008e-03 4.269520984049754869e-07 8.831832240551989070e-07 1.128957768775972596e-07 -6.802381666312373539e-07 -1.498353090569893566e-07 -9.095804094154301651e-08 3.171133625787406565e-05 6.898261231866450499e-06 -7.456332606464335827e-06
-1.437087577034077311e-06 3.471359242508288464e-06 2.565189632054042839e-04 3.484349001116124746e-04 -7.088411735537889467e-05 4.476421239746029845e-03 -7.630031952732448932e-04 -3.750000504643812276e-03 4.269520984049754869e-07 1.004567690227171255e-03 3.326119675313238839e-06 4.251720985009113318e-07 -2.561816719686415975e-06 -5.642885371200662513e-07 -3.425533019235708082e-07 1.194267470044208901e-04 2.597925524831697571e-05 -2.808098468420480248e-05
-2.972726083971015486e-06 7.180773344611241638e-06 5.306291872118970446e-04 7.207643658470399856e-04 -1.466292437350884357e-04 9.259821318404829957e-03 -1.578330741278282648e-03 -7.757164207115535212e-03 8.831832240551989070e-07 3.326119675313238839e-06 2.163777837968994516e-03 8.795011574721742504e-07 -5.299314743700054133e-06 -1.167274200953509474e-06 -7.085978280323348887e-07 2.470434033509362687e-04 5.374008581870959832e-05 -5.808767466114333897e-05
-3.799984097900276435e-07 9.179057790517556517e-07 6.782940695946800024e-05 9.213405645814734350e-05 -1.874336143800298755e-05 1.183666868907502041e-03 -2.017552760889725885e-04 -9.915848214465908684e-04 1.128957768775972596e-07 4.251720985009113318e-07 8.795011574721742504e-07 9.823250419701724388e-05 -6.774021953926189211e-07 -1.492106328070230684e-07 -9.057882907034094624e-08 3.157912897816368366e-05 6.869501789350993163e-06 -7.425246516540525858e-06
2.289628795225979091e-06 -5.530716573741803634e-06 -4.086968769772337845e-04 -5.551412407333879660e-04 1.129355780501639845e-04 -7.132023916897755993e-03 1.215649007524352522e-03 5.974659634359101058e-03 -6.802381666312373539e-07 -2.561816719686415975e-06 -5.299314743700054133e-06 -6.774021953926189211e-07 4.947897210189729699e-04 8.990483976436259282e-07 5.457704293865370439e-07 -1.902757516183064971e-04 -4.139124980666484616e-05 4.473981416216113037e-05
5.043340038643352686e-07 -1.218244826274882538e-06 -9.002320933530823135e-05 -1.222803474663898635e-04 2.487619494283607109e-05 -1.570963024733552319e-03 2.677696631597226693e-04 1.316031673520927456e-03 -1.498353090569893566e-07 -5.642885371200662513e-07 -1.167274200953509474e-06 -1.492106328070230684e-07 8.990483976436259282e-07 5.689838038553811416e-04 1.202162492091226930e-07 -4.191182948609147317e-05 -9.117204842754379529e-06 9.854789411976290907e-06
3.061576958089150746e-07 -7.395397218621402668e-07 -5.464889959479216845e-05 -7.423070650832799583e-05 1.510117990426196896e-05 -9.536585202825347430e-04 1.625504971950342693e-04 7.989015646168889147e-04 -9.095804094154301651e-08 -3.425533019235708082e-07 -7.085978280323348887e-07 -9.057882907034094624e-08 5.457704293865370439e-07 1.202162492091226930e-07 2.434180372356063553e-04 -2.544272058651351486e-05 -5.534630632651960060e-06 5.982383888325627940e-06
-1.067378929804788324e-04 2.578308916206431111e-04 1.905262704906993121e-02 2.587956897904157214e-02 -5.264829682759633936e-03 3.324806218210205611e-01 -5.667111364842575966e-02 -2.785266249169734976e-01 3.171133625787406565e-05 1.194267470044208901e-04 2.470434033509362687e-04 3.157912897816368366e-05 -1.902757516183064971e-04 -4.191182948609147317e-05 -2.544272058651351486e-05 2.665399343251621644e+00 1.929576882245669870e-03 -2.085680222909645949e-03
-2.321901111737349023e-05 5.608672020569968212e-05 4.144574592159435897e-03 5.629659561924255790e-03 -1.145274049558304454e-03 7.232549789778414118e-02 -1.232783579564745643e-02 -6.058872458363486618e-02 6.898261231866450499e-06 2.597925524831697571e-05 5.374008581870959832e-05 6.869501789350993163e-06 -4.139124980666484616e-05 -9.117204842754379529e-06 -5.534630632651960060e-06 1.929576882245669870e-03 3.214258797240164278e-01 -4.537042181625408534e-04
2.509743598641403514e-05 -6.062415246432305505e-05 -4.479871902891184414e-03 -6.085100686091591063e-03 1.237927059011725622e-03 -7.817665207614973855e-02 1.332516135886515490e-02 6.549037032840947237e-02 -7.456332606464335827e-06 -2.808098468420480248e-05 -5.808767466114333897e-05 -7.425246516540525858e-06 4.473981416216113037e-05 9.854789411976290907e-06 5.982383888325627940e-06 -2.085680222909645949e-03 -4.537042181625408534e-04 1.954148191764708553e+00
4.555652770816103750e-04 -2.562995303036972428e-06 -6.013237016809485226e-05 -1.334922731829018660e-04 3.122467863550064382e-05 -2.213266524277311426e-03 2.319947053824542200e-03 -3.552904734164152498e-04 6.999322506987592250e-08 -3.261012032825958253e-07 -9.866948880039383850e-07 -2.458047070596758193e-07 8.426558052661187790e-07 1.168308824299616312e-07 2.309107651394987727e-07 -4.585846953224737916e-05 -1.078145566998028314e-05 8.747612931372023126e-06
-2.562995303036972428e-06 1.732239131467053911e-02 -1.680580004016313201e-05 7.369013394828029641e-04 -2.095542735816194964e-04 1.677305860357287959e-02 -3.134439592336982217e-02 1.834480117211082992e-02 -2.521796472439445408e-06 -8.505652293787707176e-07 2.817242175863647599e-06 2.114929839331915576e-06 -3.382368053787627618e-06 2.634787001066647117e-07 -2.185933791877431664e-06 2.540953649853268186e-04 6.708835065880822948e-05 -2.990467030680159791e-05
-6.013237016809485226e-05 -1.680580004016313201e-05 2.282949364016611415e+00 1.360646849842611986e-02 -2.265427070547913844e-03 1.132370737292109492e-01 2.207505607017003213e-01 -3.678678176064453798e-01 4.553357414375086554e-05 9.861512898535495261e-05 1.654243103225774294e-04 6.357840929072416296e-06 -1.171938559206582570e-04 -3.431304343199797639e-05 -1.060716927155759361e-06 4.650826245206844678e-03 9.121474786873921131e-04 -1.345032038354136402e-03
-1.334922731829018660e-04 7.369013394828029641e-04 1.360646849842611986e-02 7.674162927293720848e+00 -8.376159441972907266e-03 6.052449496430368781e-01 -7.170646810537735227e-01 1.911510712603462225e-01 -3.109870434374458289e-05 6.922824960788486642e-05 2.418382797154644114e-04 6.873230608161740019e-05 -2.123976633714554432e-04 -2.504981475633436374e-05 -6.576356081694575311e-05 1.197945544874445302e-02 2.860539751683749583e-03 -2.173628407819859411e-03
3.122467863550064382e-05 -2.095542735816194964e-04 -2.265427070547913844e-03 -8.376159441972907266e-03 2.478162231048021358e+00 -1.585679936216995156e-01 2.257090339203465523e-01 -9.312053434783949812e-02 1.362342104724006236e-05 -9.002475936204646281e-06 -5.054405008703435583e-05 -1.870044411246855201e-05 4.738657582184890561e-05 3.403604145153055477e-06 1.842829042800893347e-05 -2.881553714542898180e-03 -7.092352475576590596e-04 4.694068870040943179e-04
-2.213266524277311426e-03 1.677305860357287959e-02 1.132370737292109492e-01 6.052449496430368781e-01 -1.585679936216995156e-01 3.773290775546313962e+05 -1.899143425556515652e+01 9.099148932660522604e+00 -1.293363848627589489e-03 2.669862366185289508e-04 3.271768365857184377e-03 1.460934674535027114e-03 -3.240421935108728137e-03 -1.145056581907011626e-04 -1.463438085515138005e-03 2.083526675108704207e-01 5.234361843283830834e-02 -3.125858938529439690e-02
2.319947053824542200e-03 -3.134439592336982217e-02 2.207505607017003213e-01 -7.170646810537735227e-01 2.257090339203465523e-01 -1.899143425556515652e+01 2.074860794466064908e+04 -2.745319584661270085e+01 3.705460381889346365e-03 2.381217978290771885e-03 -1.200287527416404789e-03 -2.502279519616112339e-03 2.547427672774970394e-03 -7.887935109946129239e-04 2.661173459243492377e-03 -2.478111985650290339e-01 -6.972072449011386397e-02 1.832515606900017927e-02
-3.552904734164152498e-04 1.834480117211082992e-02 -3.678678176064453798e-01 1.911510712603462225e-01 -9.312053434783949812e-02 9.099148932660522604e+00 -2.745319584661270085e+01 1.077599128974795349e+04 -2.879955559319285780e-03 -2.983531806521806141e-03 -2.009998875750719158e-03 1.338738286176134997e-03 4.455845592676312920e-04 1.015201468275135762e-03 -1.516863053006224215e-03 6.690045818823930901e-02 2.529591890365756948e-02 1.140461207045830212e-02
6.999322506987592250e-08 -2.521796472439445408e-06 4.553357414375086554e-05 -3.109870434374458289e-05 1.362342104724006236e-05 -1.293363848627589489e-03 3.705460381889346365e-03 -2.879955559319285780e-03 1.060806640743807913e-03 3.765891710653898017e-07 2.190740825352772298e-07 -1.866852727689002338e-07 -2.039263151939535317e-08 -1.278763713495672371e-07 2.093752330140538436e-07 -1.084522428665276102e-05 -3.804587817052679228e-06 -1.100815465280130730e-06
-3.261012032825958253e-07 -8.505652293787707176e-07 9.861512898535495261e-05 6.922824960788486642e-05 -9.002475936204646281e-06 2.669862366185289508e-04 2.381217978290771885e-03 -2.983531806521806141e-03 3.765891710653898017e-07 3.216287560732553996e-04 1.020110129368960549e-06 -1.909622275184750965e-08 -6.824062813753785752e-07 -2.362295829113105296e-07 5.644569555540117778e-08 2.359854344760949784e-05 4.126985793799778744e-06 -8.090980285788062164e-06
-9.866948880039383850e-07 2.817242175863647599e-06 1.654243103225774294e-04 2.418382797154644114e-04 -5.054405008703435583e-05 3.271768365857184377e-03 -1.200287527416404789e-03 -2.009998875750719158e-03 2.190740825352772298e-07 1.020110129368960549e-06 6.924206254241383829e-04 3.225256936948024493e-07 -1.732158752386507903e-06 -3.587892520249948687e-07 -2.707260709795774843e-07 8.292485837067147848e-05 1.830541381017157247e-05 -1.882504190129790872e-05
-2.458047070596758193e-07 2.114929839331915576e-06 6.357840929072416296e-06 6.873230608161740019e-05 -1.870044411246855201e-05 1.460934674535027114e-03 -2.502279519616112339e-03 1.338738286176134997e-03 -1.866852727689002338e-07 -1.909622275184750965e-08 3.225256936948024493e-07 3.157846247725865280e-05 -3.443242497396063096e-07 3.931487765595131126e-09 -1.831778702335818347e-07 2.367844624285658661e-05 6.085375779296290982e-06 -3.207044072113419568e-06
8.426558052661187790e-07 -3.382368053787627618e-06 -1.171938559206582570e-04 -2.123976633714554432e-04 4.738657582184890561e-05 -3.240421935108728137e-03 2.547427672774970394e-03 4.455845592676312920e-04 -2.039263151939535317e-08 -6.824062813753785752e-07 -1.732158752386507903e-06 -3.443242497396063096e-07 1.584456517890021974e-04 2.419376278273151080e-07 3.111727927881181163e-07 -7.290624518225729200e-05 -1.668697249597098556e-05 1.505249913673376995e-05
1.168308824299616312e-07 2.634787001066647117e-07 -3.431304343199797639e-05 -2.504981475633436374e-05 3.403604145153055477e-06 -1.145056581907011626e-04 -7.887935109946129239e-04 1.015201468275135762e-03 -1.278763713495672371e-07 -2.362295829113105296e-07 -3.587892520249948687e-07 3.931487765595131126e-09 2.419376278273151080e-07 1.820933559444817135e-04 -1.684415607530773917e-08 -8.542713428825741474e-06 -1.523077865315283386e-06 2.855441395646131273e-06
2.309107651394987727e-07 -2.185933791877431664e-06 -1.060716927155759361e-06 -6.576356081694575311e-05 1.842829042800893347e-05 -1.463438085515138005e-03 2.661173459243492377e-03 -1.516863053006224215e-03 2.093752330140538436e-07 5.644569555540117778e-08 -2.707260709795774843e-07 -1.831778702335818347e-07 3.111727927881181163e-07 -1.684415607530773917e-08 7.805880859847102115e-05 -2.266936433736671262e-05 -5.931590894648627647e-06 2.803768031175531402e-06
-4.585846953224737916e-05 2.540953649853268186e-04 4.650826245206844678e-03 1.197945544874445302e-02 -2.881553714542898180e-03 2.083526675108704207e-01 -2.478111985650290339e-01 6.690045818823930901e-02 -1.084522428665276102e-05 2.359854344760949784e-05 8.292485837067147848e-05 2.367844624285658661e-05 -7.290624518225729200e-05 -8.542713428825741474e-06 -2.266936433736671262e-05 8.542066199875483212e-01 9.837019794117136430e-04 -7.457093937162338759e-04
-1.078145566998028314e-05 6.708835065880822948e-05 9.121474786873921131e-04 2.860539751683749583e-03 -7.092352475576590596e-04 5.234361843283830834e-02 -6.972072449011386397e-02 2.529591890365756948e-02 -3.804587817052679228e-06 4.126985793799778744e-06 1.830541381017157247e-05 6.085375779296290982e-06 -1.668697249597098556e-05 -1.523077865315283386e-06 -5.931590894648627647e-06 9.837019794117136430e-04 1.029611662899269781e-01 -1.676069005715425991e-04
8.747612931372023126e-06 -2.990467030680159791e-05 -1.345032038354136402e-03 -2.173628407819859411e-03 4.694068870040943179e-04 -3.125858938529439690e-02 1.832515606900017927e-02 1.140461207045830212e-02 -1.100815465280130730e-06 -8.090980285788062164e-06 -1.882504190129790872e-05 -3.207044072113419568e-06 1.505249913673376995e-05 2.855441395646131273e-06 2.803768031175531402e-06 -7.457093937162338759e-04 -1.676069005715425991e-04 6.253322144905243407e-01
1.457962818457854371e-04 -5.089385413790358665e-07 -2.002893444846421664e-05 -4.058472781991208231e-05 3.662438869326141716e-06 5.954284951877763686e-04 4.931011688112873440e-04 1.577994427268514341e-04 -5.862886141696235813e-08 -1.266714323391896737e-07 -3.198229513021543064e-07 -9.974574071074732643e-08 2.421167644211981057e-07 2.655664817633365910e-08 8.634334145545168086e-08 -1.410003381877320318e-05 -3.915185193189703386e-06 3.182125306096142573e-06
-5.089385413790358665e-07 5.549457478878708216e-03 -2.128088263755422408e-05 2.789294608445067871e-04 -1.950266222037055767e-04 3.172511026372631937e-02 -1.507019842587022096e-02 1.135938104834519936e-02 -2.445175975463487210e-06 -7.234283125228214828e-07 8.190160134120689035e-07 2.504147352999803191e-07 -1.639023017699971571e-06 -1.346327296395779901e-07 -4.477458427143454219e-07 9.292934911837019013e-05 1.206446899950305388e-05 -1.828225154650863614e-06
-2.002893444846421664e-05 -2.128088263755422408e-05 7.305839897273006533e-01 4.245086005732388000e-03 -4.015077115678766730e-04 -3.038055514109249886e-02 8.337823312977639401e-02 -1.315906898409484604e-01 1.871112624299768156e-05 3.269732213745831900e-05 5.314429320080710326e-05 3.112096661743817627e-06 -3.609512052877859368e-05 -1.042681092541954853e-05 -9.757088061415824073e-07 1.458899010973423388e-03 3.156543254982283162e-04 -4.499755035513909335e-04
-4.058472781991208231e-05 2.789294608445067871e-04 4.245086005732388000e-03 2.456027646448379897e+00 -3.557348124165916805e-03 3.743087007275578415e-01 -2.639999109485828832e-01 9.878492896867688278e-02 -2.117822621067610249e-05 1.906062777259947871e-05 7.682286439666336842e-05 1.907246092409368529e-05 -7.178209570436203601e-05 -9.516383570920023012e-06 -1.931906887648278718e-05 3.913049946576552425e-03 8.509281778475703654e-04 -6.425099417827770734e-04
3.662438869326141716e-06 -1.950266222037055767e-04 -4.015077115678766730e-04 -3.557348124165916805e-03 7.956144978819231772e-01 -5.867940236429142198e-01 1.747280861876626679e-01 -1.414324129387974915e-01 3.767652785096814515e-05 6.296485040389996551e-06 -1.449621616956586789e-05 2.687042351220740026e-06 2.648492374165790906e-05 5.541981637561994324e-06 7.770087375996780104e-07 -1.158396029048269771e-03 -3.570475314613270125e-05 -7.228419782297714380e-06
5.954284951877763686e-04 3.172511026372631937e-02 -3.038055514109249886e-02 3.743087007275578415e-01 -5.867940236429142198e-01 1.208557151010485541e+05 -2.718935337331811297e+01 2.590486645120209985e+01 -7.276160782177271136e-03 -1.804801342619113394e-03 7.013742196873009541e-04 -1.318498272634095617e-03 -3.368758113692234355e-03 -9.537875219177102161e-04 5.862714805739222077e-04 1.153431487305915382e-01 -2.264176967668268814e-02 2.242476675553459545e-02
4.931011688112873440e-04 -1.507019842587022096e-02 8.337823312977639401e-02 -2.639999109485828832e-01 1.747280861876626679e-01 -2.718935337331811297e+01 6.643591489902117246e+03 -1.318165404735628243e+01 2.497918529533935811e-03 1.123431272930234008e-03 -3.180097249233081332e-04 -4.592200882334491769e-04 1.261056240169179665e-03 -7.704197245929722093e-05 6.499256615080965457e-04 -8.860607051439013671e-02 -1.477834548870751025e-02 -3.365750692200015657e-04
1.577994427268514341e-04 1.135938104834519936e-02 -1.315906898409484604e-01 9.878492896867688278e-02 -1.414324129387974915e-01 2.590486645120209985e+01 -1.318165404735628243e+01 3.453105574948524009e+03 -2.350668753975275645e-03 -1.348375397267948970e-03 -7.151697202657023153e-04 5.645910903350798051e-05 -3.430192660892962845e-04 1.338672370556868725e-04 -2.657797431973386902e-04 3.154382252643812834e-02 -1.087035888500526546e-04 1.040256386544568395e-02
-5.862886141696235813e-08 -2.445175975463487210e-06 1.871112624299768156e-05 -2.117822621067610249e-05 3.767652785096814515e-05 -7.276160782177271136e-03 2.497918529533935811e-03 -2.350668753975275645e-03 3.398846337380016249e-04 2.379916435773843561e-07 9.158312069756783490e-08 5.126506299819986278e-08 1.384031871189427640e-07 1.608253642157641098e-08 1.455721088210660177e-09 -6.495456345647773780e-06 1.230829529444241043e-06 -2.367714799637508556e-06
-1.266714323391896737e-07 -7.234283125228214828e-07 3.269732213745831900e-05 1.906062777259947871e-05 6.296485040389996551e-06 -1.804801342619113394e-03 1.123431272930234008e-03 -1.348375397267948970e-03 2.379916435773843561e-07 1.029535630203961215e-04 3.323518108993184211e-07 2.446569207433430444e-08 -1.784489265646303179e-07 -5.989182493329630597e-08 8.232565579238827877e-12 6.718292771365068495e-06 1.995026426689132768e-06 -3.144276538333485266e-06
-3.198229513021543064e-07 8.190160134120689035e-07 5.314429320080710326e-05 7.682286439666336842e-05 -1.449621616956586789e-05 7.013742196873009541e-04 -3.180097249233081332e-04 -7.151697202657023153e-04 9.158312069756783490e-08 3.323518108993184211e-07 2.215756818609928853e-04 1.087985145776084866e-07 -5.469920367181986308e-07 -1.119418325220126909e-07 -8.993322338131329887e-08 2.638361336207107886e-05 5.981031191618329137e-06 -6.125513725376748155e-06
-9.974574071074732643e-08 2.504147352999803191e-07 3.112096661743817627e-06 1.907246092409368529e-05 2.687042351220740026e-06 -1.318498272634095617e-03 -4.592200882334491769e-04 5.645910903350798051e-05 5.126506299819986278e-08 2.446569207433430444e-08 1.087985145776084866e-07 1.013399829620899145e-05 -7.246417641459997890e-08 1.609383027365615589e-08 -7.567567571164246753e-08 6.789811829766608241e-06 2.584521056372174555e-06 -1.550801774059340501e-06
2.421167644211981057e-07 -1.639023017699971571e-06 -3.609512052877859368e-05 -7.178209570436203601e-05 2.648492374165790906e-05 -3.368758113692234355e-03 1.261056240169179665e-03 -3.430192660892962845e-04 1.384031871189427640e-07 -1.784489265646303179e-07 -5.469920367181986308e-07 -7.246417641459997890e-08 5.075185578721654571e-05 9.678980866098546927e-08 7.730314212599850641e-08 -2.435789653561607501e-05 -4.507892930613768593e-06 4.131942962527056065e-06
2.655664817633365910e-08 -1.346327296395779901e-07 -1.042681092541954853e-05 -9.516383570920023012e-06 5.541981637561994324e-06 -9.537875219177102161e-04 -7.704197245929722093e-05 1.338672370556868725e-04 1.608253642157641098e-08 -5.989182493329630597e-08 -1.119418325220126909e-07 1.609383027365615589e-08 9.678980866098546927e-08 5.827749236157125039e-05 -1.415014623300236695e-08 -3.137958106121346927e-06 -1.601694362487272311e-07 6.443754259724495467e-07
8.634334145545168086e-08 -4.477458427143454219e-07 -9.757088061415824073e-07 -1.931906887648278718e-05 7.770087375996780104e-07 5.862714805739222077e-04 6.499256615080965457e-04 -2.657797431973386902e-04 1.455721088210660177e-09 8.232565579238827877e-12 -8.993322338131329887e-08 -7.567567571164246753e-08 7.730314212599850641e-08 -1.415014623300236695e-08 2.498889137669467692e-05 -6.789327622374465627e-06 -2.274354835415978247e-06 1.206933612840311736e-06
-1.410003381877320318e-05 9.292934911837019013e-05 1.458899010973423388e-03 3.913049946576552425e-03 -1.158396029048269771e-03 1.153431487305915382e-01 -8.860607051439013671e-02 3.154382252643812834e-02 -6.495456345647773780e-06 6.718292771365068495e-06 2.638361336207107886e-05 6.789811829766608241e-06 -2.435789653561607501e-05 -3.137958106121346927e-06 -6.789327622374465627e-06 2.733675728978177122e-01 2.974202453790280318e-04 -2.243325336649514966e-04
-3.915185193189703386e-06 1.206446899950305388e-05 3.156543254982283162e-04 8.509281778475703654e-04 -3.570475314613270125e-05 -2.264176967668268814e-02 -1.477834548870751025e-02 -1.087035888500526546e-04 1.230829529444241043e-06 1.995026426689132768e-06 5.981031191618329137e-06 2.584521056372174555e-06 -4.507892930613768593e-06 -1.601694362487272311e-07 -2.274354835415978247e-06 2.974202453790280318e-04 3.296162723158026914e-02 -6.520356395024792925e-05
3.182125306096142573e-06 -1.828225154650863614e-06 -4.499755035513909335e-04 -6.425099417827770734e-04 -7.228419782297714380e-06 2.242476675553459545e-02 -3.365750692200015657e-04 1.040256386544568395e-02 -2.367714799637508556e-06 -3.144276538333485266e-06 -6.125513725376748155e-06 -1.550801774059340501e-06 4.131942962527056065e-06 6.443754259724495467e-07 1.206933612840311736e-06 -2.243325336649514966e-04 -6.520356395024792925e-05 2.001158326026562517e-01
4.667417659409204525e-05 -2.180403072569098980e-07 -6.930689366346796624e-06 -1.477672620359738077e-05 -3.520126523675928423e-07 -8.785984846574073802e-04 4.820651529580277542e-04 -9.825238294558029633e-05 -6.940369888083682481e-09 -2.346112108195477833e-08 -8.483769074897647806e-08 -2.143149480298428967e-08 7.065003133208456817e-08 6.737404713059325025e-10 1.739851261482287074e-08 -5.697844173174963909e-06 -1.527974999502335290e-06 2.300626201930465227e-07
-2.180403072569098980e-07 1.775983615491651428e-03 -5.324190335161496972e-06 9.435650617951283096e-05 -5.806626219650745543e-05 1.319828364846441400e-02 -5.746401881151122493e-03 4.058824670075399620e-03 -8.161370659222944669e-07 -2.801446254473403484e-07 2.122069154923550249e-07 5.025209046984143459e-08 -5.050344985227682220e-07 -2.078873837572275300e-08 -1.141268451767051749e-07 3.311614264107555239e-05 4.644507132854076233e-06 1.660806733871860556e-06
-6.930689366346796624e-06 -5.324190335161496972e-06 2.338009159535929249e-01 1.406611929438138318e-03 -8.744974615779553952e-05 1.906414255841768629e-02 1.795015863828133482e-02 -3.810405268324062317e-02 5.669289733433729153e-06 1.000344158578615350e-05 1.653484320153773122e-05 7.135100802847757197e-07 -1.136661617052945292e-05 -3.125911946024309351e-06 -3.675286006054688121e-08 4.987756299028629639e-04 1.084167323466570047e-04 -1.227698153913120904e-04
-1.477672620359738077e-05 9.435650617951283096e-05 1.406611929438138318e-03 7.860942216981910979e-01 -9.975220343747550310e-04 2.185756156636679548e-01 -1.144454155360664638e-01 4.535672203946274766e-02 -7.869376594250396492e-06 4.521648600522023173e-06 2.296565172938746580e-05 5.134090199240145935e-06 -2.233936946235704420e-05 -2.322205706220476033e-06 -5.236641412839848261e-06 1.361756636059027921e-03 2.977199502420833704e-04 -1.327654711176381400e-04
-3.520126523675928423e-07 -5.806626219650745543e-05 -8.744974615779553952e-05 -9.975220343747550310e-04 2.547165663363953891e-01 -1.036410022975716716e-01 3.039511194199702795e-02 -3.355298570848357087e-02 1.112627397560836768e-05 6.712980379553633877e-07 -6.016354983879635643e-06 3.459281987303763563e-08 9.012436363460237234e-06 2.389155658412132576e-06 1.053775090766971638e-06 -2.773703921005252616e-04 1.022405810134047635e-05 5.971380672195054212e-05
-8.785984846574073802e-04 1.319828364846441400e-02 1.906414255841768629e-02 2.185756156636679548e-01 -1.036410022975716716e-01 3.873285119760605448e+04 -2.660229455678818411e+01 1.650130406311459197e+01 -2.980950463643169436e-03 -1.520103821971627777e-03 -7.419718836052824904e-04 -1.000869336490658621e-03 -7.010949733821129556e-04 1.267386482130683370e-04 7.524359447666445575e-04 1.023745521954027154e-01 7.942586956319440047e-03 5.069001258248600345e-02
4.820651529580277542e-04 -5.746401881151122493e-03 1.795015863828133482e-02 -1.144454155360664638e-01 3.039511194199702795e-02 -2.660229455678818411e+01 2.131378928974489554e+03 -6.708782442049680661e+00 9.972635555129754324e-04 6.453821802690421069e-04 1.913531075303474013e-04 2.864721242475089735e-05 2.892205221047187513e-04 -1.556656609978737400e-04 3.666146738001166644e-05 -4.820964149798501186e-02 -9.335632898272733932e-03 -1.330568746305834868e-02
-9.825238294558029633e-05 4.058824670075399620e-03 -3.810405268324062317e-02 4.535672203946274766e-02 -3.355298570848357087e-02 1.650130406311459197e+01 -6.708782442049680661e+00 1.106136279462612265e+03 -8.430069337342899595e-04 -5.626189713775092173e-04 -3.633105899750625539e-04 -6.248204104936723631e-05 -5.732723030758175040e-05 1.029345552429716912e-04 -6.465182983036597913e-06 1.920209443617242051e-02 2.078305811779014578e-03 9.382909675769128197e-03
-6.940369888083682481e-09 -8.161370659222944669e-07 5.669289733433729153e-06 -7.869376594250396492e-06 1.112627397560836768e-05 -2.980950463643169436e-03 9.972635555129754324e-04 -8.430069337342899595e-04 1.087702980164707579e-04 8.657879407946559147e-08 3.999169990050576502e-08 2.280596226497448164e-08 4.012175203624679031e-08 3.705621763172130377e-10 -5.779184953228252065e-09 -2.802355018018937263e-06 2.259402993019561776e-07 -1.238780937589462818e-06
-2.346112108195477833e-08 -2.801446254473403484e-07 1.000344158578615350e-05 4.521648600522023173e-06 6.712980379553633877e-07 -1.520103821971627777e-03 6.453821802690421069e-04 -5.626189713775092173e-04 8.657879407946559147e-08 3.296019265188580724e-05 1.217858493934482972e-07 1.707465716304892448e-08 -6.312274492136542200e-08 -2.606349117662493560e-08 -9.017496543106711117e-09 1.104403655715503540e-06 3.958619332554061852e-07 -1.701073881662995896e-06
-8.483769074897647806e-08 2.122069154923550249e-07 1.653484320153773122e-05 2.296565172938746580e-05 -6.016354983879635643e-06 -7.419718836052824904e-04 1.913531075303474013e-04 -3.633105899750625539e-04 3.999169990050576502e-08 1.217858493934482972e-07 7.092004188272286764e-05 4.429504833103705514e-08 -1.812088057798542867e-07 -4.289399585891533244e-08 -3.802694579243389101e-08 7.370859368585983334e-06 1.665247729234333762e-06 -2.672648887381329183e-06
-2.143149480298428967e-08 5.025209046984143459e-08 7.135100802847757197e-07 5.134090199240145935e-06 3.459281987303763563e-08 -1.000869336490658621e-03 2.864721242475089735e-05 -6.248204104936723631e-05 2.280596226497448164e-08 1.707465716304892448e-08 4.429504833103705514e-08 3.248558369427517202e-06 -2.688562018681226416e-08 9.130253088524286517e-10 -2.975661987964133412e-08 1.530596651087686368e-06 6.780682311063431583e-07 -9.230858867491938074e-07
7.065003133208456817e-08 -5.050344985227682220e-07 -1.136661617052945292e-05 -2.233936946235704420e-05 9.012436363460237234e-06 -7.010949733821129556e-04 2.892205221047187513e-04 -5.732723030758175040e-05 4.012175203624679031e-08 -6.312274492136542200e-08 -1.812088057798542867e-07 -2.688562018681226416e-08 1.624300072522966382e-05 3.373110831445624435e-08 2.834391587046412347e-08 -7.376479238359762722e-06 -1.345537836133649837e-06 1.600095925130787263e-06
6.737404713059325025e-10 -2.078873837572275300e-08 -3.125911946024309351e-06 -2.322205706220476033e-06 2.389155658412132576e-06 1.267386482130683370e-04 -1.556656609978737400e-04 1.029345552429716912e-04 3.705621763172130377e-10 -2.606349117662493560e-08 -4.289399585891533244e-08 9.130253088524286517e-10 3.373110831445624435e-08 1.865195875345717087e-05 -3.943885417279325607e-10 -5.250478795086285564e-07 5.989765188261350853e-08 5.246546475872379354e-07
1.739851261482287074e-08 -1.141268451767051749e-07 -3.675286006054688121e-08 -5.236641412839848261e-06 1.053775090766971638e-06 7.524359447666445575e-04 3.666146738001166644e-05 -6.465182983036597913e-06 -5.779184953228252065e-09 -9.017496543106711117e-09 -3.802694579243389101e-08 -2.975661987964133412e-08 2.834391587046412347e-08 -3.943885417279325607e-10 8.001850511543641140e-06 -1.546103831392849362e-06 -5.824486854892053862e-07 8.026375381569987830e-07
-5.697844173174963909e-06 3.311614264107555239e-05 4.987756299028629639e-04 1.361756636059027921e-03 -2.773703921005252616e-04 1.023745521954027154e-01 -4.820964149798501186e-02 1.920209443617242051e-02 -2.802355018018937263e-06 1.104403655715503540e-06 7.370859368585983334e-06 1.530596651087686368e-06 -7.376479238359762722e-06 -5.250478795086285564e-07 -1.546103831392849362e-06 8.755023364656136509e-02 1.120202195579692869e-04 -2.352269593485835182e-05
-1.527974999502335290e-06 4.644507132854076233e-06 1.084167323466570047e-04 2.977199502420833704e-04 1.022405810134047635e-05 7.942586956319440047e-03 -9.335632898272733932e-03 2.078305811779014578e-03 2.259402993019561776e-07 3.958619332554061852e-07 1.665247729234333762e-06 6.780682311063431583e-07 -1.345537836133649837e-06 5.989765188261350853e-08 -5.824486854892053862e-07 1.120202195579692869e-04 1.055162896012317060e-02 -9.667860932500440150e-06
2.300626201930465227e-07 1.660806733871860556e-06 -1.227698153913120904e-04 -1.327654711176381400e-04 5.971380672195054212e-05 5.069001258248600345e-02 -1.330568746305834868e-02 9.382909675769128197e-03 -1.238780937589462818e-06 -1.701073881662995896e-06 -2.672648887381329183e-06 -9.230858867491938074e-07 1.600095925130787263e-06 5.246546475872379354e-07 8.026375381569987830e-07 -2.352269593485835182e-05 -9.667860932500440150e-06 6.406914708190521168e-02
4.667417659409204525e-05 -2.180403072569098980e-07 -6.930689366346796624e-06 -1.477672620359738077e-05 -3.520126523675928423e-07 -8.785984846574073802e-04 4.820651529580277542e-04 -9.825238294558029633e-05 -6.940369888083682481e-09 -2.346112108195477833e-08 -8.483769074897647806e-08 -2.143149480298428967e-08 7.065003133208456817e-08 6.737404713059325025e-10 1.739851261482287074e-08 -5.697844173174963909e-06 -1.527974999502335290e-06 2.300626201930465227e-07
-2.180403072569098980e-07 1.775983615491651428e-03 -5.324190335161496972e-06 9.435650617951283096e-05 -5.806626219650745543e-05 1.319828364846441400e-02 -5.746401881151122493e-03 4.058824670075399620e-03 -8.161370659222944669e-07 -2.801446254473403484e-07 2.122069154923550249e-07 5.025209046984143459e-08 -5.050344985227682220e-07 -2.078873837572275300e-08 -1.141268451767051749e-07 3.311614264107555239e-05 4.644507132854076233e-06 1.660806733871860556e-06
-6.930689366346796624e-06 -5.324190335161496972e-06 2.338009159535929249e-01 1.406611929438138318e-03 -8.744974615779553952e-05 1.906414255841768629e-02 1.795015863828133482e-02 -3.810405268324062317e-02 5.669289733433729153e-06 1.000344158578615350e-05 1.653484320153773122e-05 7.135100802847757197e-07 -1.136661617052945292e-05 -3.125911946024309351e-06 -3.675286006054688121e-08 4.987756299028629639e-04 1.084167323466570047e-04 -1.227698153913120904e-04
-1.477672620359738077e-05 9.435650617951283096e-05 1.406611929438138318e-03 7.860942216981910979e-01 -9.975220343747550310e-04 2.185756156636679548e-01 -1.144454155360664638e-01 4.535672203946274766e-02 -7.869376594250396492e-06 4.521648600522023173e-06 2.296565172938746580e-05 5.134090199240145935e-06 -2.233936946235704420e-05 -2.322205706220476033e-06 -5.236641412839848261e-06 1.361756636059027921e-03 2.977199502420833704e-04 -1.327654711176381400e-04
-3.520126523675928423e-07 -5.806626219650745543e-05 -8.744974615779553952e-05 -9.975220343747550310e-04 2.547165663363953891e-01 -1.036410022975716716e-01 3.039511194199702795e-02 -3.355298570848357087e-02 1.112627397560836768e-05 6.712980379553633877e-07 -6.016354983879635643e-06 3.459281987303763563e-08 9.012436363460237234e-06 2.389155658412132576e-06 1.053775090766971638e-06 -2.773703921005252616e-04 1.022405810134047635e-05 5.971380672195054212e-05
-8.785984846574073802e-04 1.319828364846441400e-02 1.906414255841768629e-02 2.185756156636679548e-01 -1.036410022975716716e-01 3.873285119760605448e+04 -2.660229455678818411e+01 1.650130406311459197e+01 -2.980950463643169436e-03 -1.520103821971627777e-03 -7.419718836052824904e-04 -1.000869336490658621e-03 -7.010949733821129556e-04 1.267386482130683370e-04 7.524359447666445575e-04 1.023745521954027154e-01 7.942586956319440047e-03 5.069001258248600345e-02
4.820651529580277542e-04 -5.746401881151122493e-03 1.795015863828133482e-02 -1.144454155360664638e-01 3.039511194199702795e-02 -2.660229455678818411e+01 2.131378928974489554e+03 -6.708782442049680661e+00 9.972635555129754324e-04 6.453821802690421069e-04 1.913531075303474013e-04 2.864721242475089735e-05 2.892205221047187513e-04 -1.556656609978737400e-04 3.666146738001166644e-05 -4.820964149798501186e-02 -9.335632898272733932e-03 -1.330568746305834868e-02
-9.825238294558029633e-05 4.058824670075399620e-03 -3.810405268324062317e-02 4.535672203946274766e-02 -3.355298570848357087e-02 1.650130406311459197e+01 -6.708782442049680661e+00 1.106136279462612265e+03 -8.430069337342899595e-04 -5.626189713775092173e-04 -3.633105899750625539e-04 -6.248204104936723631e-05 -5.732723030758175040e-05 1.029345552429716912e-04 -6.465182983036597913e-06 1.920209443617242051e-02 2.078305811779014578e-03 9.382909675769128197e-03
-6.940369888083682481e-09 -8.161370659222944669e-07 5.669289733433729153e-06 -7.869376594250396492e-06 1.112627397560836768e-05 -2.980950463643169436e-03 9.972635555129754324e-04 -8.430069337342899595e-04 1.087702980164707579e-04 8.657879407946559147e-08 3.999169990050576502e-08 2.280596226497448164e-08 4.012175203624679031e-08 3.705621763172130377e-10 -5.779184953228252065e-09 -2.802355018018937263e-06 2.259402993019561776e-07 -1.238780937589462818e-06
-2.346112108195477833e-08 -2.801446254473403484e-07 1.000344158578615350e-05 4.521648600522023173e-06 6.712980379553633877e-07 -1.520103821971627777e-03 6.453821802690421069e-04 -5.626189713775092173e-04 8.657879407946559147e-08 3.296019265188580724e-05 1.217858493934482972e-07 1.707465716304892448e-08 -6.312274492136542200e-08 -2.606349117662493560e-08 -9.017496543106711117e-09 1.104403655715503540e-06 3.958619332554061852e-07 -1.701073881662995896e-06
-8.483769074897647806e-08 2.122069154923550249e-07 1.653484320153773122e-05 2.296565172938746580e-05 -6.016354983879635643e-06 -7.419718836052824904e-04 1.913531075303474013e-04 -3.633105899750625539e-04 3.999169990050576502e-08 1.217858493934482972e-07 7.092004188272286764e-05 4.429504833103705514e-08 -1.812088057798542867e-07 -4.289399585891533244e-08 -3.802694579243389101e-08 7.370859368585983334e-06 1.665247729234333762e-06 -2.672648887381329183e-06
-2.143149480298428967e-08 5.025209046984143459e-08 7.135100802847757197e-07 5.134090199240145935e-06 3.459281987303763563e-08 -1.000869336490658621e-03 2.864721242475089735e-05 -6.248204104936723631e-05 2.280596226497448164e-08 1.707465716304892448e-08 4.429504833103705514e-08 3.248558369427517202e-06 -2.688562018681226416e-08 9.130253088524286517e-10 -2.975661987964133412e-08 1.530596651087686368e-06 6.780682311063431583e-07 -9.230858867491938074e-07
7.065003133208456817e-08 -5.050344985227682220e-07 -1.136661617052945292e-05 -2.233936946235704420e-05 9.012436363460237234e-06 -7.010949733821129556e-04 2.892205221047187513e-04 -5.732723030758175040e-05 4.012175203624679031e-08 -6.312274492136542200e-08 -1.812088057798542867e-07 -2.688562018681226416e-08 1.624300072522966382e-05 3.373110831445624435e-08 2.834391587046412347e-08 -7.376479238359762722e-06 -1.345537836133649837e-06 1.600095925130787263e-06
6.737404713059325025e-10 -2.078873837572275300e-08 -3.125911946024309351e-06 -2.322205706220476033e-06 2.389155658412132576e-06 1.267386482130683370e-04 -1.556656609978737400e-04 1.029345552429716912e-04 3.705621763172130377e-10 -2.606349117662493560e-08 -4.289399585891533244e-08 9.130253088524286517e-10 3.373110831445624435e-08 1.865195875345717087e-05 -3.943885417279325607e-10 -5.250478795086285564e-07 5.989765188261350853e-08 5.246546475872379354e-07
1.739851261482287074e-08 -1.141268451767051749e-07 -3.675286006054688121e-08 -5.236641412839848261e-06 1.053775090766971638e-06 7.524359447666445575e-04 3.666146738001166644e-05 -6.465182983036597913e-06 -5.779184953228252065e-09 -9.017496543106711117e-09 -3.802694579243389101e-08 -2.975661987964133412e-08 2.834391587046412347e-08 -3.943885417279325607e-10 8.001850511543641140e-06 -1.546103831392849362e-06 -5.824486854892053862e-07 8.026375381569987830e-07
