1.146436146683050931e-03 2.165177231733073694e-06 -1.609618091433041094e-04 6.356019221546864754e-05 -2.262117728890340228e-05 2.738759193166516426e-04 6.520081052343554458e-04 -7.257346917272270532e-04 -1.047701538221844717e-06 -6.835984793311062329e-07 2.570122855064477493e-07 1.622688848223650563e-07 4.026712910847951612e-07 4.949542921358936515e-08 -1.664693205381848652e-08 3.910385659248093534e-05 -4.384873886256934392e-06 -7.897589018335199066e-06
2.165177231733073694e-06 1.331518700538906197e-01 -4.355027930428793069e-03 1.719702417828493628e-03 -6.120449281521633724e-04 7.410063818517271042e-03 1.764091447700837784e-02 -1.963568171465647841e-02 -2.834690717005494277e-05 -1.849563251389102709e-05 6.953796604307618001e-06 4.390392537224598263e-06 1.089478758215768653e-05 1.339162238552099093e-06 -4.504040706064945990e-07 1.058004930201300728e-03 -1.186383797976290271e-04 -2.136793873090501864e-04
-1.609618091433041094e-04 -4.355027930428793069e-03 7.920929031825946254e+01 -1.278446901735727503e-01 4.550013618677335725e-02 -5.508728156822418898e-01 -1.311446225992659365e+00 1.459739556758301360e+00 2.107342251173204960e-03 1.374986965063669953e-03 -5.169533770443359745e-04 -3.263869189476373473e-04 -8.099312581688451968e-04 -9.955488792998573892e-05 3.348356568127237724e-05 -7.865332461094862171e-02 8.819715987301223956e-03 1.588517570470077828e-02
6.356019221546864754e-05 1.719702417828493628e-03 -1.278446901735727503e-01 5.728289186956883938e+00 -1.796697873398386824e-02 2.175272646188212977e-01 5.178605698332628959e-01 -5.764182653381929589e-01 -8.321419798972181639e-04 -5.429513762199552132e-04 2.041332424520682202e-04 1.288828413108663272e-04 3.198236073794133156e-04 3.931198242923426768e-05 -1.322190575570747602e-05 3.105842595374125673e-02 -3.482707149120206451e-03 -6.272698017878080255e-03
-2.262117728890340228e-05 -6.120449281521633724e-04 4.550013618677335725e-02 -1.796697873398386824e-02 1.437282134757208674e+01 -7.741831241528254748e-02 -1.843074313151588650e-01 2.051482117702605190e-01 2.961607037464695298e-04 1.932372907100267910e-04 -7.265135782492361473e-05 -4.586961588956884776e-05 -1.138257496009524789e-04 -1.399119941449043099e-05 4.705698075661898235e-06 -1.105374504583190275e-02 1.239501221118178512e-03 2.232463575017947822e-03
2.738759193166516426e-04 7.410063818517271042e-03 -5.508728156822418898e-01 2.175272646188212977e-01 -7.741831241528254748e-02 6.582965456865830447e+02 2.231420873620530987e+00 -2.483741424117139385e+00 -3.585634998927274969e-03 -2.339535204714059298e-03 8.795942474516773484e-04 5.553461281000528823e-04 1.378095022011078911e-03 1.693922713680265271e-04 -5.697216241396498368e-05 1.338283391556342461e-01 -1.500671393413184271e-02 -2.702856735263306498e-02
6.520081052343554458e-04 1.764091447700837784e-02 -1.311446225992659365e+00 5.178605698332628959e-01 -1.843074313151588650e-01 2.231420873620530987e+00 6.500981748106596206e+04 -5.912967974224651257e+00 -8.536212630689729228e-03 -5.569660595793534882e-03 2.094023381416498623e-03 1.322095705366149515e-03 3.280789075491787835e-03 4.032670494418883140e-04 -1.356319013344331860e-04 3.186010732788823741e-01 -3.572602929969391494e-02 -6.434609158322586453e-02
-7.257346917272270532e-04 -1.963568171465647841e-02 1.459739556758301360e+00 -5.764182653381929589e-01 2.051482117702605190e-01 -2.483741424117139385e+00 -5.912967974224651257e+00 9.569226050960378416e+03 9.501454954804517891e-03 6.199456545192222855e-03 -2.330807548221614216e-03 -1.471593238588525011e-03 -3.651768174673648490e-03 -4.488669472985504965e-04 1.509686387532593464e-04 -3.546272658940404776e-01 3.976579225365903941e-02 7.162210187896254909e-02
-1.047701538221844717e-06 -2.834690717005494277e-05 2.107342251173204960e-03 -8.321419798972181639e-04 2.961607037464695298e-04 -3.585634998927274969e-03 -8.536212630689729228e-03 9.501454954804517891e-03 5.064867466779944365e-03 8.949799744420427531e-06 -3.364853136287320357e-06 -2.124454731572289292e-06 -5.271848207682452892e-06 -6.480034598075862323e-07 2.179447625255556152e-07 -5.119550384016102610e-04 5.740759286787426797e-05 1.033967194412066932e-04
-6.835984793311062329e-07 -1.849563251389102709e-05 1.374986965063669953e-03 -5.429513762199552132e-04 1.932372907100267910e-04 -2.339535204714059298e-03 -5.569660595793534882e-03 6.199456545192222855e-03 8.949799744420427531e-06 2.934482372545154857e-03 -2.195480681494867245e-06 -1.386152421208987859e-06 -3.439746231691657419e-06 -4.228056975821336305e-07 1.422033878975768529e-07 -3.340375793770520045e-04 3.745698727630242025e-05 6.746371709809161510e-05
2.570122855064477493e-07 6.953796604307618001e-06 -5.169533770443359745e-04 2.041332424520682202e-04 -7.265135782492361473e-05 8.795942474516773484e-04 2.094023381416498623e-03 -2.330807548221614216e-03 -3.364853136287320357e-06 -2.195480681494867245e-06 3.477852949858906725e-04 5.211512497567475556e-07 1.293240209419869807e-06 1.589621129161388717e-07 -5.346415891105843288e-08 1.255879940001367870e-04 -1.408269064244882964e-05 -2.536431054836015599e-05
1.622688848223650563e-07 4.390392537224598263e-06 -3.263869189476373473e-04 1.288828413108663272e-04 -4.586961588956884776e-05 5.553461281000528823e-04 1.322095705366149515e-03 -1.471593238588525011e-03 -2.124454731572289292e-06 -1.386152421208987859e-06 5.211512497567475556e-07 3.827840871290170001e-04 8.165082310228292707e-07 1.003633143103643839e-07 -3.375546592011265982e-08 7.929202175422393674e-05 -8.891335685940185884e-06 -1.601416982406196442e-05
4.026712910847951612e-07 1.089478758215768653e-05 -8.099312581688451968e-04 3.198236073794133156e-04 -1.138257496009524789e-04 1.378095022011078911e-03 3.280789075491787835e-03 -3.651768174673648490e-03 -5.271848207682452892e-06 -3.439746231691657419e-06 1.293240209419869807e-06 8.165082310228292707e-07 1.842453487927980544e-03 2.490522159879504948e-07 -8.376440781053036899e-08 1.967636667217447074e-04 -2.206390722438975432e-05 -3.973926637731737340e-05
4.949542921358936515e-08 1.339162238552099093e-06 -9.955488792998573892e-05 3.931198242923426768e-05 -1.399119941449043099e-05 1.693922713680265271e-04 4.032670494418883140e-04 -4.488669472985504965e-04 -6.480034598075862323e-07 -4.228056975821336305e-07 1.589621129161388717e-07 1.003633143103643839e-07 2.490522159879504948e-07 7.344736031318792107e-04 -1.029612840348053903e-08 2.418573748278858573e-05 -2.712044743140174878e-06 -4.884659248191319740e-06
-1.664693205381848652e-08 -4.504040706064945990e-07 3.348356568127237724e-05 -1.322190575570747602e-05 4.705698075661898235e-06 -5.697216241396498368e-05 -1.356319013344331860e-04 1.509686387532593464e-04 2.179447625255556152e-07 1.422033878975768529e-07 -5.346415891105843288e-08 -3.375546592011265982e-08 -8.376440781053036899e-08 -1.029612840348053903e-08 1.908680514254593391e-04 -8.134454735406770231e-06 9.121493698164470765e-07 1.642870703470360680e-06
3.910385659248093534e-05 1.058004930201300728e-03 -7.865332461094862171e-02 3.105842595374125673e-02 -1.105374504583190275e-02 1.338283391556342461e-01 3.186010732788823741e-01 -3.546272658940404776e-01 -5.119550384016102610e-04 -3.340375793770520045e-04 1.255879940001367870e-04 7.929202175422393674e-05 1.967636667217447074e-04 2.418573748278858573e-05 -8.134454735406770231e-06 4.695895960534074653e+00 -2.142650551639785350e-03 -3.859124322776174513e-03
-4.384873886256934392e-06 -1.186383797976290271e-04 8.819715987301223956e-03 -3.482707149120206451e-03 1.239501221118178512e-03 -1.500671393413184271e-02 -3.572602929969391494e-02 3.976579225365903941e-02 5.740759286787426797e-05 3.745698727630242025e-05 -1.408269064244882964e-05 -8.891335685940185884e-06 -2.206390722438975432e-05 -2.712044743140174878e-06 9.121493698164470765e-07 -2.142650551639785350e-03 3.465218960203493292e-01 4.327392472591569611e-04
-7.897589018335199066e-06 -2.136793873090501864e-04 1.588517570470077828e-02 -6.272698017878080255e-03 2.232463575017947822e-03 -2.702856735263306498e-02 -6.434609158322586453e-02 7.162210187896254909e-02 1.033967194412066932e-04 6.746371709809161510e-05 -2.536431054836015599e-05 -1.601416982406196442e-05 -3.973926637731737340e-05 -4.884659248191319740e-06 1.642870703470360680e-06 -3.859124322776174513e-03 4.327392472591569611e-04 1.696948681193230613e+00
3.668719985904385339e-04 2.674083258416292540e-06 -4.563507841761403567e-05 1.797427558767909222e-05 -8.327750495067352471e-06 1.079953230768035220e-04 1.069673634133439053e-03 -5.137037038126960416e-05 -4.685415344301072814e-07 -1.349665891698104238e-07 7.637987946954000634e-08 6.540177966036023766e-08 -7.133210024478889891e-09 2.194103253477595657e-08 1.601170383023728579e-08 6.142716635735659086e-06 -1.464613116492091690e-06 -3.437064400116548048e-06
2.674083258416292540e-06 4.292434556518174432e-02 -4.576794038153363196e-04 1.733980733004404065e-04 -3.694036163526443514e-04 5.615191858978595130e-03 1.428672069320829630e-01 2.254090945381596878e-02 -3.031131018929829728e-05 7.434161790021165236e-06 1.290663705299768915e-06 3.552547439399368946e-06 -1.818601563852132952e-05 1.401083720668670511e-06 3.256612858490221305e-06 -6.767048132881238898e-04 -4.775809277403450688e-05 -2.133775281532057947e-04
-4.563507841761403567e-05 -4.576794038153363196e-04 2.534974715997390504e+01 -4.202751795393001172e-02 1.404561341071264118e-02 -1.666636047405313237e-01 -1.291254827181308185e-02 5.525569849396674282e-01 6.113895724839597031e-04 4.795757472796825663e-04 -1.681952531872373143e-04 -9.807788895774312700e-05 -3.234186153367889682e-04 -2.897475121943830667e-05 2.079513302347891349e-05 -2.817849026715891353e-02 2.793278553830162020e-03 4.653450605528549125e-03
1.797427558767909222e-05 1.733980733004404065e-04 -4.202751795393001172e-02 1.833502452554593987e+00 -5.542267836181005540e-03 6.573640285805937289e-02 1.913635724007119567e-03 -2.188613835955398323e-01 -2.409309326593485812e-04 -1.896836066717108127e-04 6.643820937841464741e-05 3.867889760174843326e-05 1.282137897752363531e-04 1.141890135250047184e-05 -8.290468542362691137e-06 1.115061764145054875e-02 -1.102775436027417797e-03 -1.834177025169678827e-03
-8.327750495067352471e-06 -3.694036163526443514e-04 1.404561341071264118e-02 -5.542267836181005540e-03 4.599398221913603813e+00 -2.655689674466465630e-02 -1.344020000977392548e-01 4.980424386853121027e-02 1.064460766225860331e-04 5.449663611120598777e-05 -2.273476192656713658e-05 -1.585870939258453370e-05 -2.451211500719208529e-05 -5.011743275698874370e-06 -3.633818298898187315e-07 -2.979161038770133940e-03 4.020235224879928088e-04 7.940871201518164089e-04
1.079953230768035220e-04 5.615191858978595130e-03 -1.666636047405313237e-01 6.573640285805937289e-02 -2.655689674466465630e-02 2.106882230305985786e+02 2.123868266880628131e+00 -4.986574614365200109e-01 -1.365625047814916825e-03 -6.114655904023193200e-04 2.718686237620283907e-04 1.997753272485481017e-04 2.183297202948659781e-04 6.419747860969530107e-05 1.670797400937041599e-05 3.239426909179896757e-02 -4.902769617739114599e-03 -1.013886605041617456e-02
1.069673634133439053e-03 1.428672069320829630e-01 -1.291254827181308185e-02 1.913635724007119567e-03 -1.344020000977392548e-01 2.123868266880628131e+00 2.086277763111786044e+04 1.063475730891914317e+01 -1.196251500022852722e-02 4.020752426145895314e-03 2.639362514510610247e-04 1.356416215088881863e-03 -8.368840230935068597e-03 5.517115534512289417e-04 1.434543143037304586e-03 -3.392772975911833022e-01 -1.568867022971095343e-02 -8.360707027227699817e-02
-5.137037038126960416e-05 2.254090945381596878e-02 5.525569849396674282e-01 -2.188613835955398323e-01 4.980424386853121027e-02 -4.986574614365200109e-01 1.063475730891914317e+01 3.064783688220285967e+03 1.101454048786645922e-03 3.202790230971813354e-03 -8.311729158436759928e-04 -2.748550009323857978e-04 -3.147018679485904299e-03 -5.485387591537380672e-05 3.587612441142163928e-04 -2.061636558674418418e-01 1.183098361280030854e-02 9.682116669699022959e-03
-4.685415344301072814e-07 -3.031131018929829728e-05 6.113895724839597031e-04 -2.409309326593485812e-04 1.064460766225860331e-04 -1.365625047814916825e-03 -1.196251500022852722e-02 1.101454048786645922e-03 1.622186423620572285e-03 1.965695925329772817e-06 -1.013885775653036470e-06 -8.242959613413901201e-07 -2.290933366902561749e-07 -2.727846339139002784e-07 -1.590254854197167851e-07 -9.552867672491975127e-05 1.902925906640953664e-05 4.284110364183353766e-05
-1.349665891698104238e-07 7.434161790021165236e-06 4.795757472796825663e-04 -1.896836066717108127e-04 5.449663611120598777e-05 -6.114655904023193200e-04 4.020752426145895314e-03 3.202790230971813354e-03 1.965695925329772817e-06 9.395990398863040584e-04 -7.420754479352577148e-07 -3.527470903196771803e-07 -2.017229837232984098e-06 -9.416917014103192106e-08 1.893205024449061980e-07 -1.498270536393655735e-04 1.157206131784224964e-05 1.545641811565800114e-05
7.637987946954000634e-08 1.290663705299768915e-06 -1.681952531872373143e-04 6.643820937841464741e-05 -2.273476192656713658e-05 2.718686237620283907e-04 2.639362514510610247e-04 -8.311729158436759928e-04 -1.013885775653036470e-06 -7.420754479352577148e-07 1.112940604884370355e-04 1.604118497949776397e-07 4.779828737935172354e-07 4.798930867943833931e-08 -2.717407765306375600e-08 4.319315254598408223e-05 -4.477473196240872113e-06 -7.687406722162206711e-06
6.540177966036023766e-08 3.552547439399368946e-06 -9.807788895774312700e-05 3.867889760174843326e-05 -1.585870939258453370e-05 1.997753272485481017e-04 1.356416215088881863e-03 -2.748550009323857978e-04 -8.242959613413901201e-07 -3.527470903196771803e-07 1.604118497949776397e-07 1.225055153909463583e-04 1.138735212813492468e-07 3.873127989776239645e-08 1.232912680587362736e-08 1.846789523690372053e-05 -2.911842123475756627e-06 -6.110783732762979189e-06
-7.133210024478889891e-09 -1.818601563852132952e-05 -3.234186153367889682e-04 1.282137897752363531e-04 -2.451211500719208529e-05 2.183297202948659781e-04 -8.368840230935068597e-03 -3.147018679485904299e-03 -2.290933366902561749e-07 -2.017229837232984098e-06 4.779828737935172354e-07 1.138735212813492468e-07 5.910726692514432128e-04 1.294240598702959266e-08 -2.602257733349135591e-07 1.326505331180449342e-04 -6.388219751631340515e-06 -2.764003122768191779e-06
2.194103253477595657e-08 1.401083720668670511e-06 -2.897475121943830667e-05 1.141890135250047184e-05 -5.011743275698874370e-06 6.419747860969530107e-05 5.517115534512289417e-04 -5.485387591537380672e-05 -2.727846339139002784e-07 -9.416917014103192106e-08 4.798930867943833931e-08 3.873127989776239645e-08 1.294240598702959266e-08 2.350345486175799267e-04 7.180069630475142271e-09 4.612252845410256829e-06 -8.980208255748117702e-07 -2.009714573773680562e-06
1.601170383023728579e-08 3.256612858490221305e-06 2.079513302347891349e-05 -8.290468542362691137e-06 -3.633818298898187315e-07 1.670797400937041599e-05 1.434543143037304586e-03 3.587612441142163928e-04 -1.590254854197167851e-07 1.893205024449061980e-07 -2.717407765306375600e-08 1.232912680587362736e-08 -2.602257733349135591e-07 7.180069630475142271e-09 6.111440401500776683e-05 -1.353791199967569726e-05 1.864039419862489569e-07 -1.035999474325318154e-06
6.142716635735659086e-06 -6.767048132881238898e-04 -2.817849026715891353e-02 1.115061764145054875e-02 -2.979161038770133940e-03 3.239426909179896757e-02 -3.392772975911833022e-01 -2.061636558674418418e-01 -9.552867672491975127e-05 -1.498270536393655735e-04 4.319315254598408223e-05 1.846789523690372053e-05 1.326505331180449342e-04 4.612252845410256829e-06 -1.353791199967569726e-05 1.505951236762010925e+00 -6.541567522789233213e-04 -7.686804086473017538e-04
-1.464613116492091690e-06 -4.775809277403450688e-05 2.793278553830162020e-03 -1.102775436027417797e-03 4.020235224879928088e-04 -4.902769617739114599e-03 -1.568867022971095343e-02 1.183098361280030854e-02 1.902925906640953664e-05 1.157206131784224964e-05 -4.477473196240872113e-06 -2.911842123475756627e-06 -6.388219751631340515e-06 -8.980208255748117702e-07 1.864039419862489569e-07 -6.541567522789233213e-04 1.108873105099004858e-01 1.429741574557613778e-04
-3.437064400116548048e-06 -2.133775281532057947e-04 4.653450605528549125e-03 -1.834177025169678827e-03 7.940871201518164089e-04 -1.013886605041617456e-02 -8.360707027227699817e-02 9.682116669699022959e-03 4.284110364183353766e-05 1.545641811565800114e-05 -7.687406722162206711e-06 -6.110783732762979189e-06 -2.764003122768191779e-06 -2.009714573773680562e-06 -1.035999474325318154e-06 -7.686804086473017538e-04 1.429741574557613778e-04 5.430901661874900643e-01
1.173992804396239753e-04 7.685824377558167798e-07 -1.354194991015933525e-05 5.645998518160714917e-06 -3.180958514785194228e-06 2.978113868985969126e-05 3.574770159650197043e-04 -2.162754379155348538e-05 -1.580002068450536610e-07 -3.782995860741088181e-08 2.676707708533149088e-08 2.318419906689345582e-08 -4.119397772279854995e-10 1.614700599658503036e-09 6.754845511940897573e-09 1.958860246265471559e-06 -6.584755733311495813e-07 -1.011820345616957409e-06
7.685824377558167798e-07 1.376730125188933666e-02 -5.302944061167133398e-04 9.374165820772193758e-05 6.844362571504329098e-05 3.524716098389695483e-03 4.022674997049842383e-02 9.089833181533217565e-03 -6.782015237024367163e-06 4.405873987057550392e-07 -4.280691350789309570e-07 3.210097270565319876e-07 -6.496106400625637881e-06 2.403718795039244363e-06 4.521874654248390002e-07 -2.140828653746258139e-04 5.336315238878925406e-05 -1.001227953849075558e-04
-1.354194991015933525e-05 -5.302944061167133398e-04 8.116594676806448305e+00 -1.391478775892351569e-02 2.220946085817779650e-03 -7.437965396366007231e-02 6.275184706247519117e-02 1.539573106223506016e-01 1.601048181238816262e-04 1.770755510805700739e-04 -4.357711986085601526e-05 -2.144745550453545739e-05 -9.525240054567768249e-05 -3.309064888540308159e-05 1.384046665766935630e-05 -9.047115159040892973e-03 5.766334282454320831e-05 1.876977000845229861e-03
5.645998518160714917e-06 9.374165820772193758e-05 -1.391478775892351569e-02 5.867672258956471154e-01 -1.546927332856858420e-03 2.313328207807865619e-02 -6.053470434192349640e-03 -6.775725870681834073e-02 -7.355589752620011286e-05 -6.305192389692005869e-05 2.023914549024957525e-05 1.138685112410765061e-05 4.020703603951793074e-05 6.027889910971616622e-06 -3.369129306934530462e-06 3.571187357584086012e-03 -2.695515112696895434e-04 -6.255931430002070791e-04
-3.180958514785194228e-06 6.844362571504329098e-05 2.220946085817779650e-03 -1.546927332856858420e-03 1.472913064762511048e+00 1.736703260592424840e-03 -7.553301671371166759e-02 2.705419988508204338e-02 5.134510927740375307e-05 5.957182294686533592e-06 -1.225725213688290178e-05 -9.907193084784448746e-06 -1.185159216910456625e-05 9.978846215117631387e-06 -3.610711866928448970e-06 -9.387439306717748014e-04 5.352691057534387760e-04 6.549255617360165568e-05
2.978113868985969126e-05 3.524716098389695483e-03 -7.437965396366007231e-02 2.313328207807865619e-02 1.736703260592424840e-03 6.751497647609251374e+01 3.785579668050870761e-01 -5.666119353738977710e-02 -2.770162488458140638e-04 -3.019560762621448539e-04 4.087813371141999874e-05 1.919426554873041445e-05 3.276587695275833781e-05 1.277639727959899781e-04 -2.700156906662768379e-05 1.050120431171154903e-02 2.195231224164697400e-03 -4.990459170206454874e-03
3.574770159650197043e-04 4.022674997049842383e-02 6.275184706247519117e-02 -6.053470434192349640e-03 -7.553301671371166759e-02 3.785579668050870761e-01 6.677045610036139806e+03 3.076098718505846374e+00 -4.336399321566313837e-03 1.624398625823134622e-03 2.310186378935005433e-04 5.762078540406611292e-04 -2.560134097073451642e-03 -1.641772287273902150e-04 5.618492814262750863e-04 -1.089978580319548446e-01 -1.698194256630177618e-02 -2.120577431111639669e-02
-2.162754379155348538e-05 9.089833181533217565e-03 1.539573106223506016e-01 -6.775725870681834073e-02 2.705419988508204338e-02 -5.666119353738977710e-02 3.076098718505846374e+00 9.808425570034391967e+02 5.262346977614240423e-04 9.094471381878010139e-04 -3.160692566608539053e-04 -1.365421081252494984e-04 -1.047342448029657145e-03 9.890664303822382908e-05 7.966807325746114285e-05 -6.582569557301136409e-02 7.874382370091847008e-03 1.201802387350047732e-03
-1.580002068450536610e-07 -6.782015237024367163e-06 1.601048181238816262e-04 -7.355589752620011286e-05 5.134510927740375307e-05 -2.770162488458140638e-04 -4.336399321566313837e-03 5.262346977614240423e-04 5.193697993847752733e-04 4.495494840210064499e-07 -4.023200134753510911e-07 -3.393109369707521606e-07 -1.359552046855592988e-07 9.375873427156602942e-08 -1.055102292050723477e-07 -3.034115506286043297e-05 1.244533967761999246e-05 1.076087232819984489e-05
-3.782995860741088181e-08 4.405873987057550392e-07 1.770755510805700739e-04 -6.305192389692005869e-05 5.957182294686533592e-06 -3.019560762621448539e-04 1.624398625823134622e-03 9.094471381878010139e-04 4.495494840210064499e-07 3.007909278922152102e-04 -1.857259359129469939e-07 -6.269569103366139222e-08 -6.038943852556741568e-07 -1.504166990500476394e-07 9.687137473192667655e-08 -4.809614590913885131e-05 -5.196079256831489290e-07 6.904778671222735541e-06
2.676707708533149088e-08 -4.280691350789309570e-07 -4.357711986085601526e-05 2.023914549024957525e-05 -1.225725213688290178e-05 4.087813371141999874e-05 2.310186378935005433e-04 -3.160692566608539053e-04 -4.023200134753510911e-07 -1.857259359129469939e-07 3.563654946927550832e-05 7.310723717484288021e-08 1.710138021079057986e-07 -3.683612944942628292e-08 7.050646125399316325e-09 1.375607519929445896e-05 -3.265080715629709610e-06 -1.610045174914241423e-06
2.318419906689345582e-08 3.210097270565319876e-07 -2.144745550453545739e-05 1.138685112410765061e-05 -9.907193084784448746e-06 1.919426554873041445e-05 5.762078540406611292e-04 -1.365421081252494984e-04 -3.393109369707521606e-07 -6.269569103366139222e-08 7.310723717484288021e-08 3.922288597763088497e-05 5.395609420796859857e-08 -3.823021050575355217e-08 1.921846435899219976e-08 5.845968278039922287e-06 -2.709015064256223055e-06 -1.131067647846489487e-06
-4.119397772279854995e-10 -6.496106400625637881e-06 -9.525240054567768249e-05 4.020703603951793074e-05 -1.185159216910456625e-05 3.276587695275833781e-05 -2.560134097073451642e-03 -1.047342448029657145e-03 -1.359552046855592988e-07 -6.038943852556741568e-07 1.710138021079057986e-07 5.395609420796859857e-08 1.891577813784117267e-04 -3.784320152010379082e-08 -7.060559403856988351e-08 4.239529327232325891e-05 -3.518157422173224979e-06 -2.007857653187828382e-07
1.614700599658503036e-09 2.403718795039244363e-06 -3.309064888540308159e-05 6.027889910971616622e-06 9.978846215117631387e-06 1.277639727959899781e-04 -1.641772287273902150e-04 9.890664303822382908e-05 9.375873427156602942e-08 -1.504166990500476394e-07 -3.683612944942628292e-08 -3.823021050575355217e-08 -3.784320152010379082e-08 7.533239475957105005e-05 -3.430997532518505685e-08 1.628740427032351549e-06 3.972395438201085665e-06 -2.619040203214527267e-06
6.754845511940897573e-09 4.521874654248390002e-07 1.384046665766935630e-05 -3.369129306934530462e-06 -3.610711866928448970e-06 -2.700156906662768379e-05 5.618492814262750863e-04 7.966807325746114285e-05 -1.055102292050723477e-07 9.687137473192667655e-08 7.050646125399316325e-09 1.921846435899219976e-08 -7.060559403856988351e-08 -3.430997532518505685e-08 1.956765366436873072e-05 -4.378236934349303050e-06 -1.225505531452006647e-06 2.646115547836762699e-07
1.958860246265471559e-06 -2.140828653746258139e-04 -9.047115159040892973e-03 3.571187357584086012e-03 -9.387439306717748014e-04 1.050120431171154903e-02 -1.089978580319548446e-01 -6.582569557301136409e-02 -3.034115506286043297e-05 -4.809614590913885131e-05 1.375607519929445896e-05 5.845968278039922287e-06 4.239529327232325891e-05 1.628740427032351549e-06 -4.378236934349303050e-06 4.819045882309458961e-01 -2.039652434192788365e-04 -2.484662991578997083e-04
-6.584755733311495813e-07 5.336315238878925406e-05 5.766334282454320831e-05 -2.695515112696895434e-04 5.352691057534387760e-04 2.195231224164697400e-03 -1.698194256630177618e-02 7.874382370091847008e-03 1.244533967761999246e-05 -5.196079256831489290e-07 -3.265080715629709610e-06 -2.709015064256223055e-06 -3.518157422173224979e-06 3.972395438201085665e-06 -1.225505531452006647e-06 -2.039652434192788365e-04 3.563348355727838368e-02 -2.361577949036986122e-05
-1.011820345616957409e-06 -1.001227953849075558e-04 1.876977000845229861e-03 -6.255931430002070791e-04 6.549255617360165568e-05 -4.990459170206454874e-03 -2.120577431111639669e-02 1.201802387350047732e-03 1.076087232819984489e-05 6.904778671222735541e-06 -1.610045174914241423e-06 -1.131067647846489487e-06 -2.007857653187828382e-07 -2.619040203214527267e-06 2.646115547836762699e-07 -2.484662991578997083e-04 -2.361577949036986122e-05 1.738210299652946655e-01
3.759461265560661860e-05 1.455640095490139589e-07 -6.143913493601448749e-06 2.880827871518983441e-06 -6.120117677564347695e-07 -2.343046908306278562e-05 9.236696428934820303e-05 -9.329821114492070741e-05 -5.424975750641252895e-08 -7.203689848219338306e-08 2.350436005147495537e-08 -1.618390736675859710e-08 4.788172291869304858e-08 -1.780355763262197485e-08 8.251842264486032124e-09 2.606785495961232657e-06 -1.214816619322558073e-07 -1.448048655540999246e-06
1.455640095490139589e-07 4.405911792783165706e-03 -1.629236624749689642e-04 2.598057081314071739e-05 2.038406628624707029e-05 1.251168732416641427e-03 1.295492772369405236e-02 3.231765482030119103e-03 -2.156446822922400698e-06 3.651084536341172051e-07 -1.928479535900216268e-07 1.909888672530521628e-07 -2.258306579738759566e-06 8.377008790385256550e-07 1.219245966280382352e-07 -7.591078344145639955e-05 1.674252029206109281e-05 -2.783496347170434309e-05
-6.143913493601448749e-06 -1.629236624749689642e-04 2.597432409706219136e+00 -4.525178086244668885e-03 6.833261168395113154e-04 -2.157838795464441656e-02 2.156616982275972802e-02 5.509228538528155444e-02 5.148240253203630778e-05 6.070639799865443047e-05 -1.495227062487262449e-05 -5.271230689776244151e-06 -3.371916526901185500e-05 -9.353350406763761963e-06 4.018173923158946028e-06 -3.028619692000004363e-03 1.243388739514174312e-05 6.764616655940110593e-04
2.880827871518983441e-06 2.598057081314071739e-05 -4.525178086244668885e-03 1.878084922960977510e-01 -4.787750245568872000e-04 6.083751898024522022e-03 -2.818459217073132628e-03 -2.513867927324894835e-02 -2.368552870880900034e-05 -2.257474276067641440e-05 7.074300392227174995e-06 2.699333854228163911e-06 1.478749399379456773e-05 1.195846930493880386e-06 -8.344208277654708335e-07 1.222006858737416986e-03 -8.268596050431993181e-05 -2.451768592289761618e-04
-6.120117677564347695e-07 2.038406628624707029e-05 6.833261168395113154e-04 -4.787750245568872000e-04 4.713383183106458207e-01 5.734635013762238987e-05 -2.450361832690674951e-02 7.351220914081147036e-03 1.637464270097594479e-05 1.000069735006202583e-06 -3.696427843337591946e-06 -3.527203347370124014e-06 -3.066490904627019768e-06 2.916207898243862252e-06 -1.063335761416827315e-06 -2.704589915700450985e-04 1.726353793287466935e-04 3.957453881157655391e-06
-2.343046908306278562e-05 1.251168732416641427e-03 -2.157838795464441656e-02 6.083751898024522022e-03 5.734635013762238987e-05 2.164526461097831955e+01 1.481838978101863435e-01 8.793128265192834414e-02 -8.411462515863221961e-05 -2.303624604290290719e-05 -5.262476997336279177e-06 3.512412182735922010e-05 -4.847078221858412391e-05 6.337993322758588401e-05 -1.611877541557361920e-05 9.292031638134100758e-04 5.929077737583552873e-04 -2.164597717688501982e-04
9.236696428934820303e-05 1.295492772369405236e-02 2.156616982275972802e-02 -2.818459217073132628e-03 -2.450361832690674951e-02 1.481838978101863435e-01 2.136672668159933892e+03 1.055227684579020275e+00 -1.384620244220358598e-03 5.689835885300978217e-04 6.166800546448734900e-05 2.037535926683794194e-04 -8.586399359494609630e-04 -3.750420869116135583e-05 1.747944431468206243e-04 -3.650394258250257845e-02 -5.507438818082239021e-03 -5.863342629426063907e-03
-9.329821114492070741e-05 3.231765482030119103e-03 5.509228538528155444e-02 -2.513867927324894835e-02 7.351220914081147036e-03 8.793128265192834414e-02 1.055227684579020275e+00 3.141475707196423173e+02 1.802681034016417980e-04 4.838751171613757461e-04 -1.492138005067204364e-04 3.225777159286251247e-05 -4.896516163496655513e-04 9.060261045869006519e-05 5.895928801515629116e-06 -2.743547349532816926e-02 2.232668855389469912e-03 4.002335250602495446e-03
-5.424975750641252895e-08 -2.156446822922400698e-06 5.148240253203630778e-05 -2.368552870880900034e-05 1.637464270097594479e-05 -8.411462515863221961e-05 -1.384620244220358598e-03 1.802681034016417980e-04 1.661988429694341888e-04 1.520936898678254575e-07 -1.307958293115776721e-07 -1.053351713046248461e-07 -5.010536435950909347e-08 3.252100549450615483e-08 -3.460041403846408882e-08 -9.981323562495440763e-06 3.970243520671033071e-06 3.598015082836736390e-06
-7.203689848219338306e-08 3.651084536341172051e-07 6.070639799865443047e-05 -2.257474276067641440e-05 1.000069735006202583e-06 -2.303624604290290719e-05 5.689835885300978217e-04 4.838751171613757461e-04 1.520936898678254575e-07 9.638690363521946211e-05 -9.278589013512043531e-08 3.263470436017318495e-08 -3.004444959903500840e-07 -7.230285092732971766e-09 1.740124176143968775e-08 -1.981133777990116035e-05 -3.654966481324992471e-07 4.719641991562461274e-06
2.350436005147495537e-08 -1.928479535900216268e-07 -1.495227062487262449e-05 7.074300392227174995e-06 -3.696427843337591946e-06 -5.262476997336279177e-06 6.166800546448734900e-05 -1.492138005067204364e-04 -1.307958293115776721e-07 -9.278589013512043531e-08 1.141200977803508989e-05 1.025861420949286915e-08 8.144540832255478853e-08 -2.198334215596576365e-08 5.645638601747241537e-09 5.503846343778017347e-06 -9.951663404588393305e-07 -1.140902626164874277e-06
-1.618390736675859710e-08 1.909888672530521628e-07 -5.271230689776244151e-06 2.699333854228163911e-06 -3.527203347370124014e-06 3.512412182735922010e-05 2.037535926683794194e-04 3.225777159286251247e-05 -1.053351713046248461e-07 3.263470436017318495e-08 1.025861420949286915e-08 1.257207739072965601e-05 -2.495213693707471779e-08 3.875254212079554157e-09 7.947432425438292064e-10 1.297487713443900397e-07 -9.453448058588907531e-07 6.266203792906126438e-07
4.788172291869304858e-08 -2.258306579738759566e-06 -3.371916526901185500e-05 1.478749399379456773e-05 -3.066490904627019768e-06 -4.847078221858412391e-05 -8.586399359494609630e-04 -4.896516163496655513e-04 -5.010536435950909347e-08 -3.004444959903500840e-07 8.144540832255478853e-08 -2.495213693707471779e-08 6.061637118998540929e-05 -4.487901863456325587e-08 -1.170017115449493718e-08 1.710800289822122009e-05 -9.662049987047545810e-07 -2.075210454698018323e-06
-1.780355763262197485e-08 8.377008790385256550e-07 -9.353350406763761963e-06 1.195846930493880386e-06 2.916207898243862252e-06 6.337993322758588401e-05 -3.750420869116135583e-05 9.060261045869006519e-05 3.252100549450615483e-08 -7.230285092732971766e-09 -2.198334215596576365e-08 3.875254212079554157e-09 -4.487901863456325587e-08 2.411886988291202856e-05 -1.513580992471901341e-08 -8.301170497967141214e-07 1.210266801068454278e-06 -7.078237763003628402e-08
8.251842264486032124e-09 1.219245966280382352e-07 4.018173923158946028e-06 -8.344208277654708335e-07 -1.063335761416827315e-06 -1.611877541557361920e-05 1.747944431468206243e-04 5.895928801515629116e-06 -3.460041403846408882e-08 1.740124176143968775e-08 5.645638601747241537e-09 7.947432425438292064e-10 -1.170017115449493718e-08 -1.513580992471901341e-08 6.263030976813375809e-06 -9.518120887042899507e-07 -3.719165803666689620e-07 -1.704049742412956599e-07
2.606785495961232657e-06 -7.591078344145639955e-05 -3.028619692000004363e-03 1.222006858737416986e-03 -2.704589915700450985e-04 9.292031638134100758e-04 -3.650394258250257845e-02 -2.743547349532816926e-02 -9.981323562495440763e-06 -1.981133777990116035e-05 5.503846343778017347e-06 1.297487713443900397e-07 1.710800289822122009e-05 -8.301170497967141214e-07 -9.518120887042899507e-07 1.543555106019944279e-01 -5.868717873934949547e-05 -1.624357907273121316e-04
-1.214816619322558073e-07 1.674252029206109281e-05 1.243388739514174312e-05 -8.268596050431993181e-05 1.726353793287466935e-04 5.929077737583552873e-04 -5.507438818082239021e-03 2.232668855389469912e-03 3.970243520671033071e-06 -3.654966481324992471e-07 -9.951663404588393305e-07 -9.453448058588907531e-07 -9.662049987047545810e-07 1.210266801068454278e-06 -3.719165803666689620e-07 -5.868717873934949547e-05 1.140301135611425723e-02 -1.129430579409851085e-05
-1.448048655540999246e-06 -2.783496347170434309e-05 6.764616655940110593e-04 -2.451768592289761618e-04 3.957453881157655391e-06 -2.164597717688501982e-04 -5.863342629426063907e-03 4.002335250602495446e-03 3.598015082836736390e-06 4.719641991562461274e-06 -1.140902626164874277e-06 6.266203792906126438e-07 -2.075210454698018323e-06 -7.078237763003628402e-08 -1.704049742412956599e-07 -1.624357907273121316e-04 -1.129430579409851085e-05 5.566981740957642477e-02
3.759461265560661860e-05 1.455640095490139589e-07 -6.143913493601448749e-06 2.880827871518983441e-06 -6.120117677564347695e-07 -2.343046908306278562e-05 9.236696428934820303e-05 -9.329821114492070741e-05 -5.424975750641252895e-08 -7.203689848219338306e-08 2.350436005147495537e-08 -1.618390736675859710e-08 4.788172291869304858e-08 -1.780355763262197485e-08 8.251842264486032124e-09 2.606785495961232657e-06 -1.214816619322558073e-07 -1.448048655540999246e-06
1.455640095490139589e-07 4.405911792783165706e-03 -1.629236624749689642e-04 2.598057081314071739e-05 2.038406628624707029e-05 1.251168732416641427e-03 1.295492772369405236e-02 3.231765482030119103e-03 -2.156446822922400698e-06 3.651084536341172051e-07 -1.928479535900216268e-07 1.909888672530521628e-07 -2.258306579738759566e-06 8.377008790385256550e-07 1.219245966280382352e-07 -7.591078344145639955e-05 1.674252029206109281e-05 -2.783496347170434309e-05
-6.143913493601448749e-06 -1.629236624749689642e-04 2.597432409706219136e+00 -4.525178086244668885e-03 6.833261168395113154e-04 -2.157838795464441656e-02 2.156616982275972802e-02 5.509228538528155444e-02 5.148240253203630778e-05 6.070639799865443047e-05 -1.495227062487262449e-05 -5.271230689776244151e-06 -3.371916526901185500e-05 -9.353350406763761963e-06 4.018173923158946028e-06 -3.028619692000004363e-03 1.243388739514174312e-05 6.764616655940110593e-04
2.880827871518983441e-06 2.598057081314071739e-05 -4.525178086244668885e-03 1.878084922960977510e-01 -4.787750245568872000e-04 6.083751898024522022e-03 -2.818459217073132628e-03 -2.513867927324894835e-02 -2.368552870880900034e-05 -2.257474276067641440e-05 7.074300392227174995e-06 2.699333854228163911e-06 1.478749399379456773e-05 1.195846930493880386e-06 -8.344208277654708335e-07 1.222006858737416986e-03 -8.268596050431993181e-05 -2.451768592289761618e-04
-6.120117677564347695e-07 2.038406628624707029e-05 6.833261168395113154e-04 -4.787750245568872000e-04 4.713383183106458207e-01 5.734635013762238987e-05 -2.450361832690674951e-02 7.351220914081147036e-03 1.637464270097594479e-05 1.000069735006202583e-06 -3.696427843337591946e-06 -3.527203347370124014e-06 -3.066490904627019768e-06 2.916207898243862252e-06 -1.063335761416827315e-06 -2.704589915700450985e-04 1.726353793287466935e-04 3.957453881157655391e-06
-2.343046908306278562e-05 1.251168732416641427e-03 -2.157838795464441656e-02 6.083751898024522022e-03 5.734635013762238987e-05 2.164526461097831955e+01 1.481838978101863435e-01 8.793128265192834414e-02 -8.411462515863221961e-05 -2.303624604290290719e-05 -5.262476997336279177e-06 3.512412182735922010e-05 -4.847078221858412391e-05 6.337993322758588401e-05 -1.611877541557361920e-05 9.292031638134100758e-04 5.929077737583552873e-04 -2.164597717688501982e-04
9.236696428934820303e-05 1.295492772369405236e-02 2.156616982275972802e-02 -2.818459217073132628e-03 -2.450361832690674951e-02 1.481838978101863435e-01 2.136672668159933892e+03 1.055227684579020275e+00 -1.384620244220358598e-03 5.689835885300978217e-04 6.166800546448734900e-05 2.037535926683794194e-04 -8.586399359494609630e-04 -3.750420869116135583e-05 1.747944431468206243e-04 -3.650394258250257845e-02 -5.507438818082239021e-03 -5.863342629426063907e-03
-9.329821114492070741e-05 3.231765482030119103e-03 5.509228538528155444e-02 -2.513867927324894835e-02 7.351220914081147036e-03 8.793128265192834414e-02 1.055227684579020275e+00 3.141475707196423173e+02 1.802681034016417980e-04 4.838751171613757461e-04 -1.492138005067204364e-04 3.225777159286251247e-05 -4.896516163496655513e-04 9.060261045869006519e-05 5.895928801515629116e-06 -2.743547349532816926e-02 2.232668855389469912e-03 4.002335250602495446e-03
-5.424975750641252895e-08 -2.156446822922400698e-06 5.148240253203630778e-05 -2.368552870880900034e-05 1.637464270097594479e-05 -8.411462515863221961e-05 -1.384620244220358598e-03 1.802681034016417980e-04 1.661988429694341888e-04 1.520936898678254575e-07 -1.307958293115776721e-07 -1.053351713046248461e-07 -5.010536435950909347e-08 3.252100549450615483e-08 -3.460041403846408882e-08 -9.981323562495440763e-06 3.970243520671033071e-06 3.598015082836736390e-06
-7.203689848219338306e-08 3.651084536341172051e-07 6.070639799865443047e-05 -2.257474276067641440e-05 1.000069735006202583e-06 -2.303624604290290719e-05 5.689835885300978217e-04 4.838751171613757461e-04 1.520936898678254575e-07 9.638690363521946211e-05 -9.278589013512043531e-08 3.263470436017318495e-08 -3.004444959903500840e-07 -7.230285092732971766e-09 1.740124176143968775e-08 -1.981133777990116035e-05 -3.654966481324992471e-07 4.719641991562461274e-06
2.350436005147495537e-08 -1.928479535900216268e-07 -1.495227062487262449e-05 7.074300392227174995e-06 -3.696427843337591946e-06 -5.262476997336279177e-06 6.166800546448734900e-05 -1.492138005067204364e-04 -1.307958293115776721e-07 -9.278589013512043531e-08 1.141200977803508989e-05 1.025861420949286915e-08 8.144540832255478853e-08 -2.198334215596576365e-08 5.645638601747241537e-09 5.503846343778017347e-06 -9.951663404588393305e-07 -1.140902626164874277e-06
-1.618390736675859710e-08 1.909888672530521628e-07 -5.271230689776244151e-06 2.699333854228163911e-06 -3.527203347370124014e-06 3.512412182735922010e-05 2.037535926683794194e-04 3.225777159286251247e-05 -1.053351713046248461e-07 3.263470436017318495e-08 1.025861420949286915e-08 1.257207739072965601e-05 -2.495213693707471779e-08 3.875254212079554157e-09 7.947432425438292064e-10 1.297487713443900397e-07 -9.453448058588907531e-07 6.266203792906126438e-07
4.788172291869304858e-08 -2.258306579738759566e-06 -3.371916526901185500e-05 1.478749399379456773e-05 -3.066490904627019768e-06 -4.847078221858412391e-05 -8.586399359494609630e-04 -4.896516163496655513e-04 -5.010536435950909347e-08 -3.004444959903500840e-07 8.144540832255478853e-08 -2.495213693707471779e-08 6.061637118998540929e-05 -4.487901863456325587e-08 -1.170017115449493718e-08 1.710800289822122009e-05 -9.662049987047545810e-07 -2.075210454698018323e-06
-1.780355763262197485e-08 8.377008790385256550e-07 -9.353350406763761963e-06 1.195846930493880386e-06 2.916207898243862252e-06 6.337993322758588401e-05 -3.750420869116135583e-05 9.060261045869006519e-05 3.252100549450615483e-08 -7.230285092732971766e-09 -2.198334215596576365e-08 3.875254212079554157e-09 -4.487901863456325587e-08 2.411886988291202856e-05 -1.513580992471901341e-08 -8.301170497967141214e-07 1.210266801068454278e-06 -7.078237763003628402e-08
8.251842264486032124e-09 1.219245966280382352e-07 4.018173923158946028e-06 -8.344208277654708335e-07 -1.063335761416827315e-06 -1.611877541557361920e-05 1.747944431468206243e-04 5.895928801515629116e-06 -3.460041403846408882e-08 1.740124176143968775e-08 5.645638601747241537e-09 7.947432425438292064e-10 -1.170017115449493718e-08 -1.513580992471901341e-08 6.263030976813375809e-06 -9.518120887042899507e-07 -3.719165803666689620e-07 -1.704049742412956599e-07
