{
    "R": [
        [
            0.013648429756408398,
            -2.100787786179338e-05,
            -0.00019382658050930257,
            0.0006590036621308134,
            0.0006441423952159267,
            0.037812030709629754,
            0.023486377244670013,
            0.055515022146202596,
            -2.6638527964477068e-06,
            1.1436478043256314e-06,
            2.690857672076254e-07,
            1.386014423587553e-07,
            6.434082453132048e-06,
            -1.6344879517173778e-06,
            -3.0153694486651425e-06,
            0.0002477362283334653,
            0.00030332763696203443,
            0.0007833874830072725
        ],
        [
            0.0,
            0.019318700011306318,
            -0.00166639817934991,
            -0.0012258494861834706,
            0.000410013036999206,
            -0.11635853071173598,
            -0.0017317492933741443,
            -0.03879640086568453,
            3.004734623996738e-06,
            3.740951198037438e-06,
            -5.357184132788341e-07,
            -3.091218463222317e-07,
            -1.689626105246298e-06,
            9.027924023863157e-06,
            -1.3433847709548307e-06,
            0.00033779330914351837,
            -0.000147462024961272,
            -0.0013642105718699264
        ],
        [
            0.0,
            0.0,
            0.9978662773659522,
            -0.0007024067117446056,
            -0.0006692033249914626,
            0.003340482169011104,
            0.013376576297773966,
            -0.008043619547896716,
            -3.4379539342329823e-06,
            9.012446209735973e-07,
            6.915417591998022e-07,
            2.8219085922431983e-06,
            1.90810073152231e-06,
            -7.717505871479059e-06,
            1.4819430577834497e-06,
            8.749516291729603e-06,
            -0.00017941424072294277,
            0.0008684177316275128
        ],
        [
            0.0,
            0.0,
            0.0,
            0.6402070426780496,
            -0.00116291713051415,
            0.2191679308008798,
            -0.0391771915219893,
            0.057505336539344185,
            1.3692203442000356e-06,
            -1.1769785007707557e-05,
            1.400255021531366e-07,
            -2.7987796865990704e-06,
            -3.3235788160092374e-06,
            -1.1987296825832269e-05,
            4.571105285021215e-06,
            -0.0012295700268325016,
            0.00023978491221916394,
            0.001814549499872945
        ],
        [
            0.0,
            0.0,
            0.0,
            0.0,
            0.438888060166684,
            -0.11023530739474653,
            0.0684293442194287,
            0.0018519503238537322,
            -7.3143781956613654e-06,
            1.2539557223350935e-05,
            2.1184700379473027e-07,
            2.273193632081579e-06,
            8.233967303606057e-06,
            1.1519707820915994e-05,
            -8.107659398640905e-06,
            0.001664034857692592,
            0.0002400847325829818,
            -0.0013664959160815
        ],
        [
            0.0,
            0.0,
            0.0,
            0.0,
            0.0,
            58.90266150702164,
            -0.025150151447483424,
            0.0010740981803090092,
            -5.37931431914023e-06,
            -9.397770354387e-06,
            6.601787490550758e-07,
            -7.218126809581613e-07,
            -7.929763275661217e-06,
            -1.2778758100243424e-05,
            6.108720992445654e-06,
            -0.0007898665907172327,
            7.871320033731113e-05,
            0.0010175176179506229
        ],
        [
            0.0,
            0.0,
            0.0,
            0.0,
            0.0,
            0.0,
            29.403942595184816,
            0.008014517469865168,
            -3.864911369984125e-06,
            5.914285797413454e-06,
            2.4547753646524577e-07,
            1.5835218213609102e-06,
            5.179105791710356e-06,
            3.3648196394665273e-06,
            -3.752994429571222e-06,
            0.0007541165991444452,
            0.00010409533807640706,
            -0.0002886060763056893
        ],
        [
            0.0,
            0.0,
            0.0,
            0.0,
            0.0,
            0.0,
            0.0,
            30.23415883638708,
            4.010318848335146e-06,
            -1.4960456419189054e-06,
            -1.5725709156247136e-07,
            -1.476433426054864e-06,
            1.06689801283907e-05,
            -2.4684665894156967e-06,
            -3.7840867065370267e-06,
            -0.0002644583244486738,
            0.00039294829071105924,
            0.0017219933028279112
        ],
        [
            0.0,
            0.0,
            0.0,
            0.0,
            0.0,
            0.0,
            0.0,
            0.0,
            0.010421706985204017,
            -1.0711347418463908e-06,
            -2.943991727107875e-07,
            -8.649801587393795e-07,
            7.604854698525354e-07,
            8.585214246196758e-07,
            -7.576764724722873e-08,
            -0.00023533093739273213,
            -7.772211258449898e-06,
            0.00016513748816669756
        ],
        [
            0.0,
            0.0,
            0.0,
            0.0,
            0.0,
            0.0,
            0.0,
            0.0,
            0.0,
            0.002555983495846793,
            4.1335521813084955e-08,
            3.156399399808602e-06,
            9.344087295480422e-06,
            1.3582900988105353e-05,
            -8.357822205633902e-06,
            0.0017228422854485802,
            2.9153546427604174e-05,
            -0.001582429295992269
        ],
        [
            0.0,
            0.0,
            0.0,
            0.0,
            0.0,
            0.0,
            0.0,
            0.0,
            0.0,
            0.0,
            0.00024300434546441847,
            3.065542271111425e-06,
            -2.096812873615316e-06,
            -9.35247122610174e-06,
            1.9538227628871023e-06,
            0.0003994426389433627,
            3.620245951021965e-05,
            0.00041189354808752744
        ],
        [
            0.0,
            0.0,
            0.0,
            0.0,
            0.0,
            0.0,
            0.0,
            0.0,
            0.0,
            0.0,
            0.0,
            0.0007788578318579436,
            2.081298382032247e-06,
            1.7367281795183188e-06,
            -2.475592243491116e-06,
            0.001354064239274121,
            -0.00015396658952014864,
            -0.0010036889850770653
        ],
        [
            0.0,
            0.0,
            0.0,
            0.0,
            0.0,
            0.0,
            0.0,
            0.0,
            0.0,
            0.0,
            0.0,
            0.0,
            0.003487391166663055,
            4.684289082877477e-06,
            -8.11470621112736e-06,
            0.0006385849417141584,
            0.0003553521665974893,
            0.0008986164899903256
        ],
        [
            0.0,
            0.0,
            0.0,
            0.0,
            0.0,
            0.0,
            0.0,
            0.0,
            0.0,
            0.0,
            0.0,
            0.0,
            0.0,
            0.004562079595682884,
            -4.64871827052408e-06,
            0.0007879408912428959,
            -1.942963204477797e-05,
            -0.0013567272960393541
        ],
        [
            0.0,
            0.0,
            0.0,
            0.0,
            0.0,
            0.0,
            0.0,
            0.0,
            0.0,
            0.0,
            0.0,
            0.0,
            0.0,
            0.0,
            0.0034239169373493266,
            -0.0006707238053195665,
            -0.00017415410445931065,
            0.00015117533083423528
        ],
        [
            0.0,
            0.0,
            0.0,
            0.0,
            0.0,
            0.0,
            0.0,
            0.0,
            0.0,
            0.0,
            0.0,
            0.0,
            0.0,
            0.0,
            0.0,
            0.4953155582935108,
            4.442000358656756e-05,
            -0.0010226146747513108
        ],
        [
            0.0,
            0.0,
            0.0,
            0.0,
            0.0,
            0.0,
            0.0,
            0.0,
            0.0,
            0.0,
            0.0,
            0.0,
            0.0,
            0.0,
            0.0,
            0.0,
            0.17572645578874546,
            0.0008420448968699684
        ],
        [
            0.0,
            0.0,
            0.0,
            0.0,
            0.0,
            0.0,
            0.0,
            0.0,
            0.0,
            0.0,
            0.0,
            0.0,
            0.0,
            0.0,
            0.0,
            0.0,
            0.0,
            0.302082283105401
        ]
    ],
    "RDR": [
        [
            [
                0.013648429756408398,
                -2.100787786179338e-05,
                -0.00019382658050930257,
                0.0006590036621308134,
                0.0006441423952159267,
                0.037812030709629754,
                0.023486377244670013,
                0.055515022146202596,
                -2.6638527964477068e-06,
                1.1436478043256314e-06,
                2.690857672076254e-07,
                1.386014423587553e-07,
                6.434082453132048e-06,
                -1.6344879517173778e-06,
                -3.0153694486651425e-06,
                0.0002477362283334653,
                0.00030332763696203443,
                0.0007833874830072725
            ],
            [
                0.0,
                0.019318700011306318,
                -0.00166639817934991,
                -0.0012258494861834706,
                0.000410013036999206,
                -0.11635853071173598,
                -0.0017317492933741443,
                -0.03879640086568453,
                3.004734623996738e-06,
                3.740951198037438e-06,
                -5.357184132788341e-07,
                -3.091218463222317e-07,
                -1.689626105246298e-06,
                9.027924023863157e-06,
                -1.3433847709548307e-06,
                0.00033779330914351837,
                -0.000147462024961272,
                -0.0013642105718699264
            ],
            [
                0.0,
                0.0,
                0.9978662773659522,
                -0.0007024067117446056,
                -0.0006692033249914626,
                0.003340482169011104,
                0.013376576297773966,
                -0.008043619547896716,
                -3.4379539342329823e-06,
                9.012446209735973e-07,
                6.915417591998022e-07,
                2.8219085922431983e-06,
                1.90810073152231e-06,
                -7.717505871479059e-06,
                1.4819430577834497e-06,
                8.749516291729603e-06,
                -0.00017941424072294277,
                0.0008684177316275128
            ],
            [
                0.0,
                0.0,
                0.0,
                0.6402070426780496,
                -0.00116291713051415,
                0.2191679308008798,
                -0.0391771915219893,
                0.057505336539344185,
                1.3692203442000356e-06,
                -1.1769785007707557e-05,
                1.400255021531366e-07,
                -2.7987796865990704e-06,
                -3.3235788160092374e-06,
                -1.1987296825832269e-05,
                4.571105285021215e-06,
                -0.0012295700268325016,
                0.00023978491221916394,
                0.001814549499872945
            ],
            [
                0.0,
                0.0,
                0.0,
                0.0,
                0.438888060166684,
                -0.11023530739474653,
                0.0684293442194287,
                0.0018519503238537322,
                -7.3143781956613654e-06,
                1.2539557223350935e-05,
                2.1184700379473027e-07,
                2.273193632081579e-06,
                8.233967303606057e-06,
                1.1519707820915994e-05,
                -8.107659398640905e-06,
                0.001664034857692592,
                0.0002400847325829818,
                -0.0013664959160815
            ],
            [
                0.0,
                0.0,
                0.0,
                0.0,
                0.0,
                58.90266150702164,
                -0.025150151447483424,
                0.0010740981803090092,
                -5.37931431914023e-06,
                -9.397770354387e-06,
                6.601787490550758e-07,
                -7.218126809581613e-07,
                -7.929763275661217e-06,
                -1.2778758100243424e-05,
                6.108720992445654e-06,
                -0.0007898665907172327,
                7.871320033731113e-05,
                0.0010175176179506229
            ],
            [
                0.0,
                0.0,
                0.0,
                0.0,
                0.0,
                0.0,
                29.403942595184816,
                0.008014517469865168,
                -3.864911369984125e-06,
                5.914285797413454e-06,
                2.4547753646524577e-07,
                1.5835218213609102e-06,
                5.179105791710356e-06,
                3.3648196394665273e-06,
                -3.752994429571222e-06,
                0.0007541165991444452,
                0.00010409533807640706,
                -0.0002886060763056893
            ],
            [
                0.0,
                0.0,
                0.0,
                0.0,
                0.0,
                0.0,
                0.0,
                30.23415883638708,
                4.010318848335146e-06,
                -1.4960456419189054e-06,
                -1.5725709156247136e-07,
                -1.476433426054864e-06,
                1.06689801283907e-05,
                -2.4684665894156967e-06,
                -3.7840867065370267e-06,
                -0.0002644583244486738,
                0.00039294829071105924,
                0.0017219933028279112
            ],
            [
                0.0,
                0.0,
                0.0,
                0.0,
                0.0,
                0.0,
                0.0,
                0.0,
                0.010421706985204017,
                -1.0711347418463908e-06,
                -2.943991727107875e-07,
                -8.649801587393795e-07,
                7.604854698525354e-07,
                8.585214246196758e-07,
                -7.576764724722873e-08,
                -0.00023533093739273213,
                -7.772211258449898e-06,
                0.00016513748816669756
            ],
            [
                0.0,
                0.0,
                0.0,
                0.0,
                0.0,
                0.0,
                0.0,
                0.0,
                0.0,
                0.002555983495846793,
                4.1335521813084955e-08,
                3.156399399808602e-06,
                9.344087295480422e-06,
                1.3582900988105353e-05,
                -8.357822205633902e-06,
                0.0017228422854485802,
                2.9153546427604174e-05,
                -0.001582429295992269
            ],
            [
                0.0,
                0.0,
                0.0,
                0.0,
                0.0,
                0.0,
                0.0,
                0.0,
                0.0,
                0.0,
                0.00024300434546441847,
                3.065542271111425e-06,
                -2.096812873615316e-06,
                -9.35247122610174e-06,
                1.9538227628871023e-06,
                0.0003994426389433627,
                3.620245951021965e-05,
                0.00041189354808752744
            ],
            [
                0.0,
                0.0,
                0.0,
                0.0,
                0.0,
                0.0,
                0.0,
                0.0,
                0.0,
                0.0,
                0.0,
                0.0007788578318579436,
                2.081298382032247e-06,
                1.7367281795183188e-06,
                -2.475592243491116e-06,
                0.001354064239274121,
                -0.00015396658952014864,
                -0.0010036889850770653
            ],
            [
                0.0,
                0.0,
                0.0,
                0.0,
                0.0,
                0.0,
                0.0,
                0.0,
                0.0,
                0.0,
                0.0,
                0.0,
                0.003487391166663055,
                4.684289082877477e-06,
                -8.11470621112736e-06,
                0.0006385849417141584,
                0.0003553521665974893,
                0.0008986164899903256
            ],
            [
                0.0,
                0.0,
                0.0,
                0.0,
                0.0,
                0.0,
                0.0,
                0.0,
                0.0,
                0.0,
                0.0,
                0.0,
                0.0,
                0.004562079595682884,
                -4.64871827052408e-06,
                0.0007879408912428959,
                -1.942963204477797e-05,
                -0.0013567272960393541
            ],
            [
                0.0,
                0.0,
                0.0,
                0.0,
                0.0,
                0.0,
                0.0,
                0.0,
                0.0,
                0.0,
                0.0,
                0.0,
                0.0,
                0.0,
                0.0034239169373493266,
                -0.0006707238053195665,
                -0.00017415410445931065,
                0.00015117533083423528
            ],
            [
                0.0,
                0.0,
                0.0,
                0.0,
                0.0,
                0.0,
                0.0,
                0.0,
                0.0,
                0.0,
                0.0,
                0.0,
                0.0,
                0.0,
                0.0,
                0.4953155582935108,
                4.442000358656756e-05,
                -0.0010226146747513108
            ],
            [
                0.0,
                0.0,
                0.0,
                0.0,
                0.0,
                0.0,
                0.0,
                0.0,
                0.0,
                0.0,
                0.0,
                0.0,
                0.0,
                0.0,
                0.0,
                0.0,
                0.17572645578874546,
                0.0008420448968699684
            ],
            [
                0.0,
                0.0,
                0.0,
                0.0,
                0.0,
                0.0,
                0.0,
                0.0,
                0.0,
                0.0,
                0.0,
                0.0,
                0.0,
                0.0,
                0.0,
                0.0,
                0.0,
                0.302082283105401
            ]
        ],
        [
            [
                0.0027296859512816797,
                -4.2015755723586766e-06,
                -3.876531610186052e-05,
                0.0001318007324261627,
                0.00012882847904318535,
                0.007562406141925951,
                0.004697275448934003,
                0.01110300442924052,
                -5.327705592895414e-07,
                2.287295608651263e-07,
                5.381715344152508e-08,
                2.772028847175106e-08,
                1.2868164906264097e-06,
                -3.268975903434756e-07,
                -6.030738897330285e-07,
                4.954724566669306e-05,
                6.066552739240689e-05,
                0.00015667749660145452
            ],
            [
                0.0,
                0.0038637400022612637,
                -0.000333279635869982,
                -0.0002451698972366941,
                8.20026073998412e-05,
                -0.023271706142347196,
                -0.00034634985867482886,
                -0.007759280173136907,
                6.009469247993476e-07,
                7.481902396074876e-07,
                -1.0714368265576683e-07,
                -6.182436926444635e-08,
                -3.379252210492596e-07,
                1.8055848047726315e-06,
                -2.686769541909662e-07,
                6.755866182870368e-05,
                -2.9492404992254398e-05,
                -0.0002728421143739853
            ],
            [
                0.0,
                0.0,
                0.19957325547319046,
                -0.00014048134234892113,
                -0.00013384066499829252,
                0.0006680964338022208,
                0.0026753152595547936,
                -0.0016087239095793433,
                -6.875907868465965e-07,
                1.8024892419471946e-07,
                1.3830835183996043e-07,
                5.643817184486397e-07,
                3.81620146304462e-07,
                -1.5435011742958118e-06,
                2.9638861155668997e-07,
                1.7499032583459206e-06,
                -3.588284814458856e-05,
                0.00017368354632550258
            ],
            [
                0.0,
                0.0,
                0.0,
                0.12804140853560994,
                -0.00023258342610283,
                0.043833586160175964,
                -0.00783543830439786,
                0.011501067307868838,
                2.7384406884000714e-07,
                -2.3539570015415116e-06,
                2.8005100430627322e-08,
                -5.597559373198141e-07,
                -6.647157632018475e-07,
                -2.397459365166454e-06,
                9.142210570042431e-07,
                -0.00024591400536650034,
                4.795698244383279e-05,
                0.000362909899974589
            ],
            [
                0.0,
                0.0,
                0.0,
                0.0,
                0.08777761203333681,
                -0.022047061478949307,
                0.013685868843885741,
                0.00037039006477074645,
                -1.4628756391322731e-06,
                2.507911444670187e-06,
                4.2369400758946056e-08,
                4.546387264163158e-07,
                1.6467934607212115e-06,
                2.303941564183199e-06,
                -1.621531879728181e-06,
                0.0003328069715385184,
                4.8016946516596365e-05,
                -0.0002732991832163
            ],
            [
                0.0,
                0.0,
                0.0,
                0.0,
                0.0,
                11.780532301404328,
                -0.005030030289496685,
                0.00021481963606180185,
                -1.075862863828046e-06,
                -1.8795540708774001e-06,
                1.3203574981101517e-07,
                -1.4436253619163228e-07,
                -1.5859526551322435e-06,
                -2.555751620048685e-06,
                1.221744198489131e-06,
                -0.00015797331814344654,
                1.5742640067462227e-05,
                0.00020350352359012458
            ],
            [
                0.0,
                0.0,
                0.0,
                0.0,
                0.0,
                0.0,
                5.8807885190369635,
                0.0016029034939730336,
                -7.729822739968251e-07,
                1.1828571594826909e-06,
                4.909550729304916e-08,
                3.1670436427218205e-07,
                1.0358211583420713e-06,
                6.729639278933055e-07,
                -7.505988859142444e-07,
                0.00015082331982888906,
                2.0819067615281414e-05,
                -5.7721215261137866e-05
            ],
            [
                0.0,
                0.0,
                0.0,
                0.0,
                0.0,
                0.0,
                0.0,
                6.046831767277417,
                8.020637696670292e-07,
                -2.992091283837811e-07,
                -3.145141831249427e-08,
                -2.9528668521097286e-07,
                2.13379602567814e-06,
                -4.936933178831394e-07,
                -7.568173413074054e-07,
                -5.289166488973476e-05,
                7.858965814221185e-05,
                0.00034439866056558226
            ],
            [
                0.0,
                0.0,
                0.0,
                0.0,
                0.0,
                0.0,
                0.0,
                0.0,
                0.0020843413970408034,
                -2.1422694836927817e-07,
                -5.88798345421575e-08,
                -1.729960317478759e-07,
                1.520970939705071e-07,
                1.7170428492393516e-07,
                -1.5153529449445747e-08,
                -4.706618747854643e-05,
                -1.5544422516899796e-06,
                3.302749763333951e-05
            ],
            [
                0.0,
                0.0,
                0.0,
                0.0,
                0.0,
                0.0,
                0.0,
                0.0,
                0.0,
                0.0005111966991693586,
                8.26710436261699e-09,
                6.312798799617204e-07,
                1.8688174590960846e-06,
                2.716580197621071e-06,
                -1.6715644411267806e-06,
                0.0003445684570897161,
                5.830709285520835e-06,
                -0.00031648585919845384
            ],
            [
                0.0,
                0.0,
                0.0,
                0.0,
                0.0,
                0.0,
                0.0,
                0.0,
                0.0,
                0.0,
                4.8600869092883694e-05,
                6.13108454222285e-07,
                -4.1936257472306325e-07,
                -1.8704942452203481e-06,
                3.907645525774205e-07,
                7.988852778867254e-05,
                7.2404919020439305e-06,
                8.237870961750549e-05
            ],
            [
                0.0,
                0.0,
                0.0,
                0.0,
                0.0,
                0.0,
                0.0,
                0.0,
                0.0,
                0.0,
                0.0,
                0.00015577156637158873,
                4.1625967640644943e-07,
                3.4734563590366376e-07,
                -4.951184486982233e-07,
                0.0002708128478548242,
                -3.079331790402973e-05,
                -0.00020073779701541307
            ],
            [
                0.0,
                0.0,
                0.0,
                0.0,
                0.0,
                0.0,
                0.0,
                0.0,
                0.0,
                0.0,
                0.0,
                0.0,
                0.0006974782333326111,
                9.368578165754955e-07,
                -1.6229412422254722e-06,
                0.00012771698834283167,
                7.107043331949786e-05,
                0.00017972329799806515
            ],
            [
                0.0,
                0.0,
                0.0,
                0.0,
                0.0,
                0.0,
                0.0,
                0.0,
                0.0,
                0.0,
                0.0,
                0.0,
                0.0,
                0.0009124159191365769,
                -9.29743654104816e-07,
                0.00015758817824857918,
                -3.885926408955594e-06,
                -0.0002713454592078708
            ],
            [
                0.0,
                0.0,
                0.0,
                0.0,
                0.0,
                0.0,
                0.0,
                0.0,
                0.0,
                0.0,
                0.0,
                0.0,
                0.0,
                0.0,
                0.0006847833874698653,
                -0.0001341447610639133,
                -3.483082089186213e-05,
                3.0235066166847057e-05
            ],
            [
                0.0,
                0.0,
                0.0,
                0.0,
                0.0,
                0.0,
                0.0,
                0.0,
                0.0,
                0.0,
                0.0,
                0.0,
                0.0,
                0.0,
                0.0,
                0.09906311165870217,
                8.884000717313512e-06,
                -0.00020452293495026218
            ],
            [
                0.0,
                0.0,
                0.0,
                0.0,
                0.0,
                0.0,
                0.0,
                0.0,
                0.0,
                0.0,
                0.0,
                0.0,
                0.0,
                0.0,
                0.0,
                0.0,
                0.035145291157749094,
                0.00016840897937399368
            ],
            [
                0.0,
                0.0,
                0.0,
                0.0,
                0.0,
                0.0,
                0.0,
                0.0,
                0.0,
                0.0,
                0.0,
                0.0,
                0.0,
                0.0,
                0.0,
                0.0,
                0.0,
                0.060416456621080195
            ]
        ]
    ],
    "allnames": [
        "m1_flow_nominal",
        "m2_flow_nominal",
        "tau1",
        "tau2",
        "tau_m",
        "nominalUa.hasValue",
        "workingPressure.hasValue",
        "flowCoefficient.hasValue",
        "waterFlowRateMax",
        "c1",
        "c2",
        "c3",
        "c4",
        "eps_motor",
        "f_motorToAir",
        "kp",
        "Ti",
        "Td"
    ],
    "alpha_count": 1413,
    "cov": [
        [
            0.014807422308490697,
            0.002837548483793742,
            -0.5859192362694984,
            0.10895444043998875,
            -0.4549545420568586,
            43.12774169532701,
            17.735610102349945,
            -6.621718812189425,
            -0.02435781489538453,
            0.004558325974166591,
            -4.210606727223115e-05,
            -0.0008694547467565429,
            -0.008696957258338219,
            -0.0021639266203590446,
            -0.001888132839848075,
            0.6466875171209195,
            -0.011277072057971446,
            -0.1393314770338996
        ],
        [
            0.002837548483793742,
            0.04650728940325648,
            -0.4386215740998115,
            -0.2811877809526115,
            -0.35476851896186173,
            -25.22368115016635,
            -4.4086375355940985,
            -31.311667588068428,
            0.0019483509705773643,
            -0.0026946083377635643,
            -5.9261163202334954e-05,
            5.9747524381987914e-05,
            -0.011366722715780002,
            -0.003580395203280364,
            0.0013947672891840579,
            0.3619307203634223,
            0.026859030628348473,
            0.2917192083164793
        ],
        [
            -0.5859192362694984,
            -0.4386215740998115,
            151.61421347136988,
            34.35177012386019,
            53.212787739467075,
            -13745.166325350938,
            -85.35102188858208,
            -31.663582349546555,
            3.195068270493162,
            -0.9018090311223304,
            0.011380942312432267,
            0.118167805223349,
            1.0597266580138998,
            0.506434090478289,
            0.05325157631484475,
            -47.264834006495725,
            13.53979285114693,
            19.919556765229395
        ],
        [
            0.10895444043998875,
            -0.2811877809526115,
            34.35177012386019,
            22.482676791314606,
            8.373999731698863,
            -3660.6880204793947,
            363.26101748991135,
            -301.14289321375924,
            0.3171913261053946,
            -0.15540254622574143,
            0.00445846293797283,
            0.011154911322738492,
            0.17147570476175433,
            0.08203492737316473,
            -0.07115724978700906,
            1.1573158680084692,
            3.1156370923194063,
            0.9390839226913008
        ],
        [
            -0.4549545420568586,
            -0.35476851896186173,
            53.212787739467075,
            8.373999731698863,
            27.277498558341613,
            -4612.131365716527,
            -436.1648122633087,
            108.8342085579032,
            1.3401173238395017,
            -0.325930866880841,
            0.003989171925667397,
            0.04876342537058916,
            0.5085092309215955,
            0.1913270477893513,
            0.049430318952599944,
            -25.98922372695065,
            3.71824936815565,
            6.6951438337650755
        ],
        [
            43.12774169532701,
            -25.22368115016635,
            -13745.166325350938,
            -3660.6880204793947,
            -4612.131365716527,
            1542280.3494926058,
            829.2783421697371,
            78184.85864100671,
            -316.2095683614912,
            93.64863956241281,
            -0.9239096888786812,
            -11.369562987749422,
            -79.91038456382925,
            -44.26918949226563,
            -4.602309858651035,
            3458.62923080723,
            -1514.8764257781177,
            -2425.3870950180312
        ],
        [
            17.735610102349945,
            -4.4086375355940985,
            -85.35102188858208,
            363.26101748991135,
            -436.1648122633087,
            829.2783421697371,
            38319.96636509106,
            2305.198318193999,
            -17.02976279716601,
            2.3694855795745933,
            -0.02255928892012561,
            -0.7241880550590729,
            -6.265426289223745,
            0.5169957985646344,
            -2.760144266112,
            656.581505887508,
            66.73781790433536,
            -100.11477818642611
        ],
        [
            -6.621718812189425,
            -31.311667588068428,
            -31.663582349546555,
            -301.14289321375924,
            108.8342085579032,
            78184.85864100671,
            2305.198318193999,
            57174.887206334206,
            5.559524165228957,
            2.850268328980922,
            -0.07154996864716509,
            0.1752779153480055,
            8.439468653861214,
            4.111395186622696,
            2.185999312719995,
            -525.0486223464999,
            9.792523396109367,
            -137.49848322370352
        ],
        [
            -0.02435781489538453,
            0.0019483509705773643,
            3.195068270493162,
            0.3171913261053946,
            1.3401173238395017,
            -316.2095683614912,
            -17.02976279716601,
            5.559524165228957,
            0.09620783345824774,
            -0.02331431571114124,
            0.00014571060849522495,
            0.003451840461425707,
            0.025404411747860428,
            0.01233106597033541,
            0.004583329255028647,
            -1.5957398567525887,
            0.35066791151265375,
            0.6532637207116843
        ],
        [
            0.004558325974166591,
            -0.0026946083377635643,
            -0.9018090311223304,
            -0.15540254622574143,
            -0.325930866880841,
            93.64863956241281,
            2.3694855795745933,
            2.850268328980922,
            -0.02331431571114124,
            0.00653376478626595,
            -5.3833240878400076e-05,
            -0.0008543589418858338,
            -0.005904658049888666,
            -0.003108524926964915,
            -0.0008102932070152893,
            0.31336232548267606,
            -0.09958693571029516,
            -0.1772012832703405
        ],
        [
            -4.210606727223115e-05,
            -5.9261163202334954e-05,
            0.011380942312432267,
            0.00445846293797283,
            0.003989171925667397,
            -0.9239096888786812,
            -0.02255928892012561,
            -0.07154996864716509,
            0.00014571060849522495,
            -5.3833240878400076e-05,
            1.921999293865891e-06,
            6.486957322293135e-06,
            8.120455242653495e-05,
            2.181558049364323e-05,
            -1.125581735641181e-05,
            -0.002617503008338535,
            0.0004497632296234964,
            0.000874610618673065
        ],
        [
            -0.0008694547467565429,
            5.9747524381987914e-05,
            0.118167805223349,
            0.011154911322738492,
            0.04876342537058916,
            -11.369562987749422,
            -0.7241880550590729,
            0.1752779153480055,
            0.003451840461425707,
            -0.0008543589418858338,
            6.486957322293135e-06,
            0.00014054907218238893,
            0.0009588445020529248,
            0.00043574219650076794,
            0.0001632911023261843,
            -0.06017523958579492,
            0.012961408014708058,
            0.023374808614219526
        ],
        [
            -0.008696957258338219,
            -0.011366722715780002,
            1.0597266580138998,
            0.17147570476175433,
            0.5085092309215955,
            -79.91038456382925,
            -6.265426289223745,
            8.439468653861214,
            0.025404411747860428,
            -0.005904658049888666,
            8.120455242653495e-05,
            0.0009588445020529248,
            0.011091274455350566,
            0.004217088716792323,
            0.0009721830233662146,
            -0.554854813671671,
            0.06911873505995046,
            0.1171539109140225
        ],
        [
            -0.0021639266203590446,
            -0.003580395203280364,
            0.506434090478289,
            0.08203492737316473,
            0.1913270477893513,
            -44.26918949226563,
            0.5169957985646344,
            4.111395186622696,
            0.01233106597033541,
            -0.003108524926964915,
            2.181558049364323e-05,
            0.00043574219650076794,
            0.004217088716792323,
            0.0025739209292745388,
            0.0005699083817376748,
            -0.18105342697601726,
            0.06258908041863878,
            0.06970206386426298
        ],
        [
            -0.001888132839848075,
            0.0013947672891840579,
            0.05325157631484475,
            -0.07115724978700906,
            0.049430318952599944,
            -4.602309858651035,
            -2.760144266112,
            2.185999312719995,
            0.004583329255028647,
            -0.0008102932070152893,
            -1.125581735641181e-05,
            0.0001632911023261843,
            0.0009721830233662146,
            0.0005699083817376748,
            0.000896864601337553,
            -0.09591953755987322,
            0.012295449156209223,
            0.04466013400419737
        ],
        [
            0.6466875171209195,
            0.3619307203634223,
            -47.264834006495725,
            1.1573158680084692,
            -25.98922372695065,
            3458.62923080723,
            656.581505887508,
            -525.0486223464999,
            -1.5957398567525887,
            0.31336232548267606,
            -0.002617503008338535,
