2.182174968741987828e-04 -6.398861827127255652e-07 -1.717359811714319859e-05 6.082175549738097422e-07 2.622978302682223102e-05 -3.992688063796013924e-03 6.687372759413463558e-05 -2.784127593866906453e-04 1.364835111387318399e-07 2.322755980465429574e-07 -2.016507074828039818e-08 1.486959246710509063e-07 -1.245627681165345883e-07 -1.026976304929477233e-08 -2.388409170976423693e-09 9.716476437537164608e-06 6.084702330779240810e-06 -1.252615495534009707e-05
-6.398861827127255652e-07 2.457829745340152795e-03 2.867480215128092474e-04 -1.015542458536989921e-05 -4.379593802269959109e-04 6.666601809369507303e-02 -1.116592396538189456e-03 4.648665199540356202e-03 -2.278868791571739913e-06 -3.878311797634537062e-06 3.366967190738655086e-07 -2.482779782990192849e-06 2.079827830367139575e-06 1.714745049758099529e-07 3.987933103295803767e-08 -1.622362638006745927e-04 -1.015964355835041153e-04 2.091495402481296790e-04
-1.717359811714319859e-05 2.867480215128092474e-04 1.294480999975569446e+01 -2.725565659172808348e-04 -1.175418158861575579e-02 1.789217260416001043e+00 -2.996768737451174086e-02 1.247632939651967254e-01 -6.116146565665558866e-05 -1.040881487754402606e-04 9.036441631262988832e-06 -6.663413487955222861e-05 5.581950083708970520e-05 4.602121932538591715e-06 1.070302223806587189e-06 -4.354181211927272109e-03 -2.726697969080286651e-03 5.613264120471236907e-03
6.082175549738097422e-07 -1.015542458536989921e-05 -2.725565659172808348e-04 5.359919163217988780e-01 4.162843183927545450e-04 -6.336664803870374618e-02 1.061331086171769366e-03 -4.418597959983803190e-03 2.166085222593632316e-06 3.686370143176475698e-06 -3.200332508738473350e-07 2.359904448548846106e-06 -1.976895004029640816e-06 -1.629880547109012670e-07 -3.790566177258157342e-08 1.542070236281879573e-04 9.656832310816537343e-05 -1.987985135955397983e-04
2.622978302682223102e-05 -4.379593802269959109e-04 -1.175418158861575579e-02 4.162843183927545450e-04 1.282780713877021306e+01 -2.732728471252003466e+00 4.577060277568906210e-02 -1.905549499933870683e-01 9.341385322014168270e-05 1.589771426709941113e-04 -1.380164492646229178e-05 1.017724351151525950e-04 -8.525490032055910649e-05 -7.028967309591815840e-06 -1.634706653321997550e-06 6.650279555238407594e-03 4.164572596889795468e-03 -8.573316957104790484e-03
-3.992688063796013924e-03 6.666601809369507303e-02 1.789217260416001043e+00 -6.336664803870374618e-02 -2.732728471252003466e+00 1.554742708389662730e+05 -6.967184562234732148e+00 2.900620541000402497e+01 -1.421942287375598489e-02 -2.419944302664612037e-02 2.100881387477985217e-03 -1.549176317974877530e-02 1.297747002107987359e-02 1.069946855798282939e-03 2.488344541718996565e-04 -1.012303143108535197e+00 -6.339297310012228515e-01 1.305027199301210805e+00
6.687372759413463558e-05 -1.116592396538189456e-03 -2.996768737451174086e-02 1.061331086171769366e-03 4.577060277568906210e-02 -6.967184562234732148e+00 3.983410693862675345e+01 -4.858263526061488702e-01 2.381618089396392854e-04 4.053176544313162491e-04 -3.518776507679820020e-05 2.594722989329659581e-04 -2.173602798876407799e-04 -1.792059220044062365e-05 -4.167740439133127084e-06 1.695511483823872873e-02 1.061772005912572925e-02 -2.185796436750245264e-02
-2.784127593866906453e-04 4.648665199540356202e-03 1.247632939651967254e-01 -4.418597959983803190e-03 -1.905549499933870683e-01 2.900620541000402497e+01 -4.858263526061488702e-01 7.566339726396262222e+02 -9.915296902520277355e-04 -1.687443046142703650e-03 1.464958381135802860e-04 -1.080250814920497883e-03 9.049275026488762209e-04 7.460809654052970850e-05 1.735138981796976741e-05 -7.058856261881679695e-02 -4.420433623795612388e-02 9.100040319370605868e-02
1.364835111387318399e-07 -2.278868791571739913e-06 -6.116146565665558866e-05 2.166085222593632316e-06 9.341385322014168270e-05 -1.421942287375598489e-02 2.381618089396392854e-04 -9.915296902520277355e-04 9.860684723768024882e-04 8.272183799748760150e-07 -7.181519409167030002e-08 5.295605864314926058e-07 -4.436135871056880878e-07 -3.657438329213206835e-08 -8.505998829616012163e-09 3.460392725417923553e-05 2.166985101761734675e-05 -4.461022034434462586e-05
2.322755980465429574e-07 -3.878311797634537062e-06 -1.040881487754402606e-04 3.686370143176475698e-06 1.589771426709941113e-04 -2.419944302664612037e-02 4.053176544313162491e-04 -1.687443046142703650e-03 8.272183799748760150e-07 2.531571718611253224e-03 -1.222192850791739354e-07 9.012370863629280015e-07 -7.549674710654816037e-07 -6.224441825597659154e-08 -1.447600482027438369e-08 5.889098126698613054e-05 3.687901610019589415e-05 -7.592027434682672830e-05
-2.016507074828039818e-08 3.366967190738655086e-07 9.036441631262988832e-06 -3.200332508738473350e-07 -1.380164492646229178e-05 2.100881387477985217e-03 -3.518776507679820020e-05 1.464958381135802860e-04 -7.181519409167030002e-08 -1.222192850791739354e-07 9.783898019765089446e-06 -7.824114870577567121e-08 6.554271130812124829e-08 5.403766510013752506e-09 1.256738390981512671e-09 -5.112636943664113478e-06 -3.201662055944453046e-06 6.591039766156807525e-06
1.486959246710509063e-07 -2.482779782990192849e-06 -6.663413487955222861e-05 2.359904448548846106e-06 1.017724351151525950e-04 -1.549176317974877530e-02 2.594722989329659581e-04 -1.080250814920497883e-03 5.295605864314926058e-07 9.012370863629280015e-07 -7.824114870577567121e-08 6.127704850477451361e-04 -4.833077049451923007e-07 -3.984702399228989627e-08 -9.267107437872016698e-09 3.770025343999053292e-05 2.360884848040893365e-05 -4.860190002834129515e-05
-1.245627681165345883e-07 2.079827830367139575e-06 5.581950083708970520e-05 -1.976895004029640816e-06 -8.525490032055910649e-05 1.297747002107987359e-02 -2.173602798876407799e-04 9.049275026488762209e-04 -4.436135871056880878e-07 -7.549674710654816037e-07 6.554271130812124829e-08 -4.833077049451923007e-07 6.634344413076802228e-05 3.337990345509390555e-08 7.763067867853938194e-09 -3.158155099118451674e-05 -1.977716285950174355e-05 4.071387441616886141e-05
-1.026976304929477233e-08 1.714745049758099529e-07 4.602121932538591715e-06 -1.629880547109012670e-07 -7.028967309591815840e-06 1.069946855798282939e-03 -1.792059220044062365e-05 7.460809654052970850e-05 -3.657438329213206835e-08 -6.224441825597659154e-08 5.403766510013752506e-09 -3.984702399228989627e-08 3.337990345509390555e-08 7.528508420182038630e-04 6.400376994180749084e-10 -2.603788036448050538e-06 -1.630557665227699990e-06 3.356716050831700349e-06
-2.388409170976423693e-09 3.987933103295803767e-08 1.070302223806587189e-06 -3.790566177258157342e-08 -1.634706653321997550e-06 2.488344541718996565e-04 -4.167740439133127084e-06 1.735138981796976741e-05 -8.505998829616012163e-09 -1.447600482027438369e-08 1.256738390981512671e-09 -9.267107437872016698e-09 7.763067867853938194e-09 6.400376994180749084e-10 5.853391369216350977e-08 -6.055554734496308372e-07 -3.792140931336459602e-07 7.806617700610668590e-07
9.716476437537164608e-06 -1.622362638006745927e-04 -4.354181211927272109e-03 1.542070236281879573e-04 6.650279555238407594e-03 -1.012303143108535197e+00 1.695511483823872873e-02 -7.058856261881679695e-02 3.460392725417923553e-05 5.889098126698613054e-05 -5.112636943664113478e-06 3.770025343999053292e-05 -3.158155099118451674e-05 -2.603788036448050538e-06 -6.055554734496308372e-07 6.766480896738407580e+00 1.542710874455717560e-03 -3.175871951363934496e-03
6.084702330779240810e-06 -1.015964355835041153e-04 -2.726697969080286651e-03 9.656832310816537343e-05 4.164572596889795468e-03 -6.339297310012228515e-01 1.061772005912572925e-02 -4.420433623795612388e-02 2.166985101761734675e-05 3.687901610019589415e-05 -3.201662055944453046e-06 2.360884848040893365e-05 -1.977716285950174355e-05 -1.630557665227699990e-06 -3.792140931336459602e-07 1.542710874455717560e-03 3.566511526256598286e-01 -1.988811025164041908e-03
-1.252615495534009707e-05 2.091495402481296790e-04 5.613264120471236907e-03 -1.987985135955397983e-04 -8.573316957104790484e-03 1.305027199301210805e+00 -2.185796436750245264e-02 9.100040319370605868e-02 -4.461022034434462586e-05 -7.592027434682672830e-05 6.591039766156807525e-06 -4.860190002834129515e-05 4.071387441616886141e-05 3.356716050831700349e-06 7.806617700610668590e-07 -3.175871951363934496e-03 -1.988811025164041908e-03 5.208595386211300138e+00
7.025278624576089829e-05 3.454287907259838343e-07 2.125721656013434735e-05 8.636440962926968457e-06 -2.731761711409927905e-05 -5.756547974414041521e-03 2.466364425845275001e-05 -3.909840493384109431e-04 -2.250192955845103148e-08 -8.487737986804171817e-07 -1.227097549312842326e-09 4.201274805582980583e-07 -3.866582578730204074e-08 -4.120813176578253556e-08 -2.629042542632353815e-09 2.525436294351509167e-05 4.307693072977521472e-06 -4.614575238815681551e-05
3.454287907259838343e-07 7.872208322286460653e-04 1.265410596776010027e-04 7.725595332028447384e-06 -1.865756243097459850e-04 1.551005359221092027e-02 -3.530659224879406990e-04 1.095078388271449044e-03 -8.152753169070996347e-07 -2.441199136001381787e-06 1.145369971718269770e-07 -3.101382188527381286e-07 6.670975818685582228e-07 5.569105372238833259e-09 1.033699314750429731e-08 -2.312442530152839464e-05 -2.944182151609184931e-05 1.214438127456955319e-05
2.125721656013434735e-05 1.265410596776010027e-04 4.144030438493234492e+00 4.464506760003100197e-04 -6.018901530804924432e-03 2.894061937815891050e-01 -9.383315342217282001e-03 2.083944988435557089e-02 -2.375518035615705378e-05 -9.166425111744272599e-05 3.222017711669622112e-06 2.228363583887273210e-06 1.793773819751802055e-05 -9.246364218255106744e-07 2.246120930839263998e-07 6.615514282544728952e-06 -7.233132578629191192e-04 -8.675683327685091307e-04
8.636440962926968457e-06 7.725595332028447384e-06 4.464506760003100197e-04 1.716858119151879192e-01 -5.791610815443469246e-04 -1.096229448258985578e-01 4.047378020525111146e-04 -7.436143770180634639e-03 -6.269558896907245183e-07 -1.723455745892498345e-05 1.833014907741460281e-09 8.186756314246913325e-06 -6.087830989653090189e-07 -8.086268617300207494e-07 -4.932819481898526342e-08 4.911002887011759865e-04 7.799128187109065607e-05 -9.041792217496741422e-04
-2.731761711409927905e-05 -1.865756243097459850e-04 -6.018901530804924432e-03 -5.791610815443469246e-04 4.107911811115547707e+00 -4.965169578897026814e-01 1.437115211419446627e-02 -3.550207948905451105e-02 3.547682683025035484e-05 1.287697201312620356e-04 -4.857505262762982189e-06 1.129554524052734312e-06 -2.738234712177103769e-05 9.508062760360933107e-07 -3.657468969768606179e-07 2.593502550056608360e-04 1.133462240990389331e-03 8.123506034643127949e-04
-5.756547974414041521e-03 1.551005359221092027e-02 2.894061937815891050e-01 -1.096229448258985578e-01 -4.965169578897026814e-01 4.979916988314551418e+04 -2.264044808254453756e+00 1.247712040467756189e+01 -3.849821329213268858e-03 2.026014810400294641e-03 6.169745257695603271e-04 -8.900267281000691366e-03 4.140150714429826490e-03 7.437361129292125806e-04 9.936300106243237259e-05 -5.583140490469241657e-01 -2.278412778323108123e-01 8.635782155731729359e-01
2.466364425845275001e-05 -3.530659224879406990e-04 -9.383315342217282001e-03 4.047378020525111146e-04 1.437115211419446627e-02 -2.264044808254453756e+00 1.274693939605247373e+01 -1.577929314198528443e-01 7.570135705289010163e-05 1.225817458824339122e-04 -1.121977870570003871e-05 8.590458080119446106e-05 -6.954607821344768260e-05 -6.027081140866624873e-06 -1.348059805806452072e-06 5.596442260225317940e-03 3.415877682426814166e-03 -7.319555047622159846e-03
-3.909840493384109431e-04 1.095078388271449044e-03 2.083944988435557089e-02 -7.436143770180634639e-03 -3.550207948905451105e-02 1.247712040467756189e+01 -1.577929314198528443e-01 2.423382339716887088e+02 -2.700806113767188527e-04 1.185377754521903281e-04 4.315075711718865758e-05 -6.114450697291548076e-04 2.887248434549648571e-04 5.092712890789022378e-05 6.882715289690379348e-06 -3.838613397827324303e-02 -1.582937655963721074e-02 5.917996062170224891e-02
-2.250192955845103148e-08 -8.152753169070996347e-07 -2.375518035615705378e-05 -6.269558896907245183e-07 3.547682683025035484e-05 -3.849821329213268858e-03 7.570135705289010163e-05 -2.700806113767188527e-04 3.155522596516046642e-04 4.090615858737128081e-07 -2.379804410113582974e-08 1.112020388853364762e-07 -1.421431023924482882e-07 -5.773713005712803409e-09 -2.430315798852021628e-09 7.610279079423955056e-06 6.565211156189801946e-06 -7.685962842094453779e-06
-8.487737986804171817e-07 -2.441199136001381787e-06 -9.166425111744272599e-05 -1.723455745892498345e-05 1.287697201312620356e-04 2.026014810400294641e-03 1.225817458824339122e-04 1.185377754521903281e-04 4.090615858737128081e-07 8.121165202889783384e-04 -5.050909044037773787e-08 -5.242392846378125117e-07 -2.441946404021607762e-07 6.280095215913519554e-08 -5.647227752051686529e-10 -2.946016288478785420e-05 6.652113472195305438e-06 6.762014878355942669e-05
-1.227097549312842326e-09 1.145369971718269770e-07 3.222017711669622112e-06 1.833014907741460281e-09 -4.857505262762982189e-06 6.169745257695603271e-04 -1.121977870570003871e-05 4.315075711718865758e-05 -2.379804410113582974e-08 -5.050909044037773787e-08 3.130911896158784708e-06 -2.043680061652694515e-08 2.098841493094594570e-08 1.260928076716120716e-09 3.791294114167095684e-10 -1.362585309098846684e-06 -9.953821475443331930e-07 1.588799514243368524e-06
4.201274805582980583e-07 -3.101382188527381286e-07 2.228363583887273210e-06 8.186756314246913325e-06 1.129554524052734312e-06 -8.900267281000691366e-03 8.590458080119446106e-05 -6.114450697291548076e-04 1.112020388853364762e-07 -5.242392846378125117e-07 -2.043680061652694515e-08 1.964145178792911614e-04 -1.536071216621500559e-07 -4.613478448820007829e-08 -4.607072733475731721e-09 3.155908725510471273e-05 9.632930223665347525e-06 -5.264744569655081184e-05
-3.866582578730204074e-08 6.670975818685582228e-07 1.793773819751802055e-05 -6.087830989653090189e-07 -2.738234712177103769e-05 4.140150714429826490e-03 -6.954607821344768260e-05 2.887248434549648571e-04 -1.421431023924482882e-07 -2.441946404021607762e-07 2.098841493094594570e-08 -1.536071216621500559e-07 2.122990549211975757e-05 1.057455147044027203e-08 2.478919275863085352e-09 -1.004360153211419605e-05 -6.322030391971944487e-06 1.290952556970341568e-05
-4.120813176578253556e-08 5.569105372238833259e-09 -9.246364218255106744e-07 -8.086268617300207494e-07 9.508062760360933107e-07 7.437361129292125806e-04 -6.027081140866624873e-06 5.092712890789022378e-05 -5.773713005712803409e-09 6.280095215913519554e-08 1.260928076716120716e-09 -4.613478448820007829e-08 1.057455147044027203e-08 2.409156676188666771e-04 3.719124486770039846e-10 -2.817633650056422788e-06 -7.333107643568312756e-07 4.850079857287054001e-06
-2.629042542632353815e-09 1.033699314750429731e-08 2.246120930839263998e-07 -4.932819481898526342e-08 -3.657468969768606179e-07 9.936300106243237259e-05 -1.348059805806452072e-06 6.882715289690379348e-06 -2.430315798852021628e-09 -5.647227752051686529e-10 3.791294114167095684e-10 -4.607072733475731721e-09 2.478919275863085352e-09 3.719124486770039846e-10 1.873906930814113525e-08 -2.913588895823109343e-07 -1.317503140160941548e-07 4.354878544252491206e-07
2.525436294351509167e-05 -2.312442530152839464e-05 6.615514282544728952e-06 4.911002887011759865e-04 2.593502550056608360e-04 -5.583140490469241657e-01 5.596442260225317940e-03 -3.838613397827324303e-02 7.610279079423955056e-06 -2.946016288478785420e-05 -1.362585309098846684e-06 3.155908725510471273e-05 -1.004360153211419605e-05 -2.817633650056422788e-06 -2.913588895823109343e-07 2.166432723941898786e+00 6.171954041442712872e-04 -3.221298584170727026e-03
4.307693072977521472e-06 -2.944182151609184931e-05 -7.233132578629191192e-04 7.799128187109065607e-05 1.133462240990389331e-03 -2.278412778323108123e-01 3.415877682426814166e-03 -1.582937655963721074e-02 6.565211156189801946e-06 6.652113472195305438e-06 -9.953821475443331930e-07 9.632930223665347525e-06 -6.322030391971944487e-06 -7.333107643568312756e-07 -1.317503140160941548e-07 6.171954041442712872e-04 1.141415364800741350e-01 -8.714668148394010255e-04
-4.614575238815681551e-05 1.214438127456955319e-05 -8.675683327685091307e-04 -9.041792217496741422e-04 8.123506034643127949e-04 8.635782155731729359e-01 -7.319555047622159846e-03 5.917996062170224891e-02 -7.685962842094453779e-06 6.762014878355942669e-05 1.588799514243368524e-06 -5.264744569655081184e-05 1.290952556970341568e-05 4.850079857287054001e-06 4.354878544252491206e-07 -3.221298584170727026e-03 -8.714668148394010255e-04 1.670946205395492656e+00
2.248090409402020090e-05 1.112527816451090641e-07 6.881215930042558586e-06 2.767804097374030619e-06 -8.752385853986605001e-06 -1.841583428838357772e-03 7.771964385048380151e-06 -1.246773832726827012e-04 -6.320139809334450723e-09 -2.709958136637370127e-07 -4.120600837673581863e-10 1.346311929941085632e-07 -1.234214339917767493e-08 -1.271042604265436185e-08 -8.362044341358281544e-10 8.056706448863035065e-06 1.370067601734141791e-06 -1.480559331433684071e-05
1.112527816451090641e-07 2.519516445446548319e-04 4.501185907006683269e-05 2.709445703008048648e-06 -6.031972356315630675e-05 4.992533273444668337e-03 -1.198761040438936065e-04 3.754799690238280448e-04 -2.104660785729201601e-07 -7.461478653114994687e-07 3.554150319362122187e-08 -8.834070102601869225e-08 2.152419604636856643e-07 2.905113450032313122e-08 3.599278169696702151e-09 -8.813712597212181599e-06 -9.902089712381272800e-06 1.655519180802267660e-06
6.881215930042558586e-06 4.501185907006683269e-05 1.326588025125524206e+00 1.690266385968844560e-04 -1.993923054374523423e-03 9.584270704391316398e-02 -3.762982013288559708e-03 9.431456914961248647e-03 -2.041559256524090280e-06 -2.546911319261512148e-05 9.086075626163591727e-07 1.915421897463889910e-06 5.935337267993402286e-06 2.711104796683798903e-06 1.040133569157430695e-07 -1.537951410985280984e-04 -2.844683754345122152e-04 -5.236020046845856922e-04
2.767804097374030619e-06 2.709445703008048648e-06 1.690266385968844560e-04 5.494083346971025822e-02 -1.888952971685620423e-04 -3.490960825620376129e-02 8.959546998695721480e-05 -2.234503581807944367e-03 9.130684433157636914e-08 -5.312208260554450444e-06 -5.842042643261460653e-09 2.682891121692577814e-06 -1.845584189574115161e-07 -1.008787971517579344e-07 -1.409764497032718110e-08 1.489659340194648604e-04 2.217402047248414576e-05 -3.022525274773160361e-04
-8.752385853986605001e-06 -6.031972356315630675e-05 -1.993923054374523423e-03 -1.888952971685620423e-04 1.314541025186055867e+00 -1.593257767029294114e-01 4.702336882948856926e-03 -1.173700860521154250e-02 1.059520796964274407e-05 4.068004556334457760e-05 -1.537723605730335189e-06 1.976782607983753201e-07 -8.788948836268518287e-06 -1.053431444929604420e-07 -1.214166599529360358e-07 1.042298679278187614e-04 3.699284943494040223e-04 2.934587229132480028e-04
-1.841583428838357772e-03 4.992533273444668337e-03 9.584270704391316398e-02 -3.490960825620376129e-02 -1.593257767029294114e-01 1.593575533557420022e+04 -7.294270779663807325e-01 4.010602975737644904e+00 -1.195870544603506742e-03 6.733896463335635333e-04 1.966375058914485727e-04 -2.840285066207916438e-03 1.326115024750741927e-03 2.575040113301680115e-04 3.200465888852315583e-05 -1.796720075037071818e-01 -7.325311005611594151e-02 2.747491823143966005e-01
7.771964385048380151e-06 -1.198761040438936065e-04 -3.762982013288559708e-03 8.959546998695721480e-05 4.702336882948856926e-03 -7.294270779663807325e-01 4.080180762880288192e+00 -5.470948007012602782e-02 1.574041039938426097e-05 3.333101524727879138e-05 -3.403503752274115275e-06 2.565483497447642344e-05 -2.255268927787099979e-05 -6.516959132644303247e-06 -4.804169758765141888e-07 2.028764149331398984e-03 1.173964725409712764e-03 -1.966922290346819358e-03
-1.246773832726827012e-04 3.754799690238280448e-04 9.431456914961248647e-03 -2.234503581807944367e-03 -1.173700860521154250e-02 4.010602975737644904e+00 -5.470948007012602782e-02 7.756355391298760082e+01 -5.559679383803855872e-05 5.935369075196278909e-05 1.312936139215896665e-05 -1.889957933982131650e-04 9.347461114761345280e-05 3.296948895457807498e-05 2.380661177641089610e-06 -1.314804659100464630e-02 -5.359313968026156727e-03 1.757370469399857291e-02
-6.320139809334450723e-09 -2.104660785729201601e-07 -2.041559256524090280e-06 9.130684433157636914e-08 1.059520796964274407e-05 -1.195870544603506742e-03 1.574041039938426097e-05 -5.559679383803855872e-05 1.010387653068983021e-04 1.740098852150330920e-07 -8.981596619840237428e-09 4.900099494092712641e-08 -4.330697732274912086e-08 3.170581662530811090e-08 -4.190957161679171614e-10 6.955480071665975383e-07 1.509377655932654264e-06 -5.204271276750523572e-06
-2.709958136637370127e-07 -7.461478653114994687e-07 -2.546911319261512148e-05 -5.312208260554450444e-06 4.068004556334457760e-05 6.733896463335635333e-04 3.333101524727879138e-05 5.935369075196278909e-05 1.740098852150330920e-07 2.599072416983436076e-04 -1.711223178360467385e-08 -1.584341947299129506e-07 -7.662833002123283526e-08 4.341096496033478001e-08 6.846645450497593316e-11 -1.063611535423086827e-05 1.717678187773402756e-06 1.973124262897609209e-05
-4.120600837673581863e-10 3.554150319362122187e-08 9.086075626163591727e-07 -5.842042643261460653e-09 -1.537723605730335189e-06 1.966375058914485727e-04 -3.403503752274115275e-06 1.312936139215896665e-05 -8.981596619840237428e-09 -1.711223178360467385e-08 1.001921892154418019e-06 -6.835215489523033460e-09 6.668313405547339075e-09 -3.353775756467516722e-10 1.134246165542550415e-10 -3.977167133018133288e-07 -3.054971753700929926e-07 5.688578679808980522e-07
1.346311929941085632e-07 -8.834070102601869225e-08 1.915421897463889910e-06 2.682891121692577814e-06 1.976782607983753201e-07 -2.840285066207916438e-03 2.565483497447642344e-05 -1.889957933982131650e-04 4.900099494092712641e-08 -1.584341947299129506e-07 -6.835215489523033460e-09 6.285554694332653330e-05 -4.868312017932931419e-08 -7.507362588466399466e-09 -1.396716530237493647e-09 9.722696920121795655e-06 2.954630715997353960e-06 -1.744072495077813510e-05
-1.234214339917767493e-08 2.152419604636856643e-07 5.935337267993402286e-06 -1.845584189574115161e-07 -8.788948836268518287e-06 1.326115024750741927e-03 -2.255268927787099979e-05 9.347461114761345280e-05 -4.330697732274912086e-08 -7.662833002123283526e-08 6.668313405547339075e-09 -4.868312017932931419e-08 6.793646273709650228e-06 4.562194035075298897e-09 8.058477677935722883e-10 -3.275049196774855294e-06 -2.043821828565941047e-06 4.034656845381909092e-06
-1.271042604265436185e-08 2.905113450032313122e-08 2.711104796683798903e-06 -1.008787971517579344e-07 -1.053431444929604420e-07 2.575040113301680115e-04 -6.516959132644303247e-06 3.296948895457807498e-05 3.170581662530811090e-08 4.341096496033478001e-08 -3.353775756467516722e-10 -7.507362588466399466e-09 4.562194035075298897e-09 7.711115984560565177e-05 3.129513756089544579e-10 -1.842522148619459991e-06 -5.545464671771629178e-07 6.761458396095297230e-08
-8.362044341358281544e-10 3.599278169696702151e-09 1.040133569157430695e-07 -1.409764497032718110e-08 -1.214166599529360358e-07 3.200465888852315583e-05 -4.804169758765141888e-07 2.380661177641089610e-06 -4.190957161679171614e-10 6.846645450497593316e-11 1.134246165542550415e-10 -1.396716530237493647e-09 8.058477677935722883e-10 3.129513756089544579e-10 5.998574925080714853e-09 -1.032905863061651562e-07 -4.557892474609992187e-08 1.234913240359238993e-07
8.056706448863035065e-06 -8.813712597212181599e-06 -1.537951410985280984e-04 1.489659340194648604e-04 1.042298679278187614e-04 -1.796720075037071818e-01 2.028764149331398984e-03 -1.314804659100464630e-02 6.955480071665975383e-07 -1.063611535423086827e-05 -3.977167133018133288e-07 9.722696920121795655e-06 -3.275049196774855294e-06 -1.842522148619459991e-06 -1.032905863061651562e-07 6.933072561804598521e-01 2.140886453251874936e-04 -9.538489593375877552e-04
1.370067601734141791e-06 -9.902089712381272800e-06 -2.844683754345122152e-04 2.217402047248414576e-05 3.699284943494040223e-04 -7.325311005611594151e-02 1.173964725409712764e-03 -5.359313968026156727e-03 1.509377655932654264e-06 1.717678187773402756e-06 -3.054971753700929926e-07 2.954630715997353960e-06 -2.043821828565941047e-06 -5.545464671771629178e-07 -4.557892474609992187e-08 2.140886453251874936e-04 3.653093074210850971e-02 -2.527017198853705854e-04
-1.480559331433684071e-05 1.655519180802267660e-06 -5.236020046845856922e-04 -3.022525274773160361e-04 2.934587229132480028e-04 2.747491823143966005e-01 -1.966922290346819358e-03 1.757370469399857291e-02 -5.204271276750523572e-06 1.973124262897609209e-05 5.688578679808980522e-07 -1.744072495077813510e-05 4.034656845381909092e-06 6.761458396095297230e-08 1.234913240359238993e-07 -9.538489593375877552e-04 -2.527017198853705854e-04 5.348242147315254158e-01
7.193909208397406902e-06 3.468475522487655425e-08 2.169947699926244176e-06 8.575853022456105402e-07 -2.796718572010990120e-06 -5.921312978866488056e-04 2.498572406199451012e-06 -3.892682730410316658e-05 -1.900004556709307296e-09 -8.750373934203369752e-08 -1.344512558613354097e-10 4.317156815001871897e-08 -3.910068918352574756e-09 -4.821288040828818390e-09 -2.610433011059852269e-10 2.542596586898208263e-06 4.637841773929855408e-07 -4.791530094355932452e-06
3.468475522487655425e-08 8.066670587245836066e-05 1.587900768795224584e-05 2.161323060344286881e-06 -1.948854218221098973e-05 1.727657627534473451e-03 -3.889183965184337885e-05 7.549695452753586668e-05 -7.298639368414922495e-08 -2.026216236012405908e-07 1.149262021061915489e-08 -3.239365684391684700e-08 6.706263706457472452e-08 4.400893110457879881e-08 8.505644306902164532e-10 -1.183660347925714090e-06 -4.336381514493202896e-06 3.004011510224503954e-06
2.169947699926244176e-06 1.587900768795224584e-05 4.245597629302372278e-01 9.935608801053042490e-05 -6.445687086262621469e-04 3.521799969071666425e-02 -1.222742735670616409e-03 1.456220880918825122e-03 -8.504591423751032115e-07 -6.885937188951664612e-06 2.949282533854144139e-07 4.686778781111438158e-07 1.835836468548193588e-06 2.081609670352924149e-06 2.274978215037423415e-08 8.029354329933497617e-06 -1.318700995816860465e-04 -8.101704524863587967e-05
8.575853022456105402e-07 2.161323060344286881e-06 9.935608801053042490e-05 1.762078289764503619e-02 -6.616106557815655824e-05 -7.180524936155762913e-03 1.236165396289046141e-05 -2.085349967294952700e-03 -1.437633008156036752e-07 -5.907598894628354237e-07 1.792522695972943320e-09 7.319589667265285930e-07 -1.147463450320985598e-07 1.032889450497054759e-06 -1.375384365983631823e-08 9.789281936808351804e-05 -2.873610281787207250e-05 -2.079748369585018579e-05
-2.796718572010990120e-06 -1.948854218221098973e-05 -6.445687086262621469e-04 -6.616106557815655824e-05 4.206539503015003789e-01 -5.155842947954727279e-02 1.507094410927596476e-03 -3.558675631939231705e-03 3.415356022036519694e-06 1.285802480775049179e-05 -4.925984579330076036e-07 8.146804191263870809e-08 -2.804451000315249275e-06 -1.869720716824100105e-07 -3.752345847828588040e-08 2.612710902891337536e-05 1.235327814024741750e-04 8.298255056933431751e-05
-5.921312978866488056e-04 1.727657627534473451e-03 3.521799969071666425e-02 -7.180524936155762913e-03 -5.155842947954727279e-02 5.099842664475098900e+03 -2.350553283312372954e-01 1.145708903752286734e+00 -4.000591760957594744e-04 3.269280440381195437e-04 6.329194502364477500e-05 -9.216081689845853067e-04 4.187614989523907676e-04 1.894260705233140481e-04 9.312825574910446735e-06 -5.244873089877277739e-02 -2.704125360404198430e-02 9.554826018371376239e-02
2.498572406199451012e-06 -3.889183965184337885e-05 -1.222742735670616409e-03 1.236165396289046141e-05 1.507094410927596476e-03 -2.350553283312372954e-01 1.305664541141740687e+00 -1.694433548491087321e-02 5.107963755905138530e-06 1.021046928907754226e-05 -1.090624940056737901e-06 8.261519827150973927e-06 -7.193993214495448436e-06 -2.522824347347610596e-06 -1.499380890781029039e-07 6.285808599387405528e-04 3.903825349071265581e-04 -6.605919836826627551e-04
-3.892682730410316658e-05 7.549695452753586668e-05 1.456220880918825122e-03 -2.085349967294952700e-03 -3.558675631939231705e-03 1.145708903752286734e+00 -1.694433548491087321e-02 2.486761636908790152e+01 -1.182267548547275219e-05 -1.927518464806314707e-05 4.075048208330390617e-06 -5.611180043866856527e-05 3.183324024145934699e-05 -2.620084305366238245e-05 1.080704537553681432e-06 -5.940220174964670752e-03 -4.786931939718546704e-04 3.004038937249628709e-03
-1.900004556709307296e-09 -7.298639368414922495e-08 -8.504591423751032115e-07 -1.437633008156036752e-07 3.415356022036519694e-06 -4.000591760957594744e-04 5.107963755905138530e-06 -1.182267548547275219e-05 3.233315830879983610e-05 5.085234057175224900e-08 -2.890060438433303109e-09 1.623156990112774454e-08 -1.361568849268201345e-08 5.506573859362813438e-09 -9.385504666323824508e-11 3.828935836978098593e-09 6.390640766530510422e-07 -1.996046333897753567e-06
-8.750373934203369752e-08 -2.026216236012405908e-07 -6.885937188951664612e-06 -5.907598894628354237e-07 1.285802480775049179e-05 3.269280440381195437e-04 1.021046928907754226e-05 -1.927518464806314707e-05 5.085234057175224900e-08 8.320129228351788272e-05 -5.373646822231428319e-09 -5.423353338740501838e-08 -2.607624452607229108e-08 4.363833659965920969e-08 -2.362070706467338821e-10 -2.000968188806104522e-06 -4.510108569086313486e-07 8.434294558533737303e-06
-1.344512558613354097e-10 1.149262021061915489e-08 2.949282533854144139e-07 1.792522695972943320e-09 -4.925984579330076036e-07 6.329194502364477500e-05 -1.090624940056737901e-06 4.075048208330390617e-06 -2.890060438433303109e-09 -5.373646822231428319e-09 3.206153431368977986e-07 -2.198938818047306548e-09 2.128725686631256477e-09 -9.108230329311971405e-12 3.544367634842872539e-11 -1.226385392960301659e-07 -1.010629168965572393e-07 1.890349233550706365e-07
4.317156815001871897e-08 -3.239365684391684700e-08 4.686778781111438158e-07 7.319589667265285930e-07 8.146804191263870809e-08 -9.216081689845853067e-04 8.261519827150973927e-06 -5.611180043866856527e-05 1.623156990112774454e-08 -5.423353338740501838e-08 -2.198938818047306548e-09 2.011417835869225388e-05 -1.540113494921435964e-08 -5.796805602632622041e-09 -4.174952957009794606e-10 2.951211773714240251e-06 1.059669354274292560e-06 -5.822981849076219092e-06
-3.910068918352574756e-09 6.706263706457472452e-08 1.835836468548193588e-06 -1.147463450320985598e-07 -2.804451000315249275e-06 4.187614989523907676e-04 -7.193993214495448436e-06 3.183324024145934699e-05 -1.361568849268201345e-08 -2.607624452607229108e-08 2.128725686631256477e-09 -1.540113494921435964e-08 2.174044889464477668e-06 -3.361619993560046701e-11 2.708307001103927331e-10 -1.118436425411834463e-06 -6.037818035570577820e-07 1.184635067018102045e-06
-4.821288040828818390e-09 4.400893110457879881e-08 2.081609670352924149e-06 1.032889450497054759e-06 -1.869720716824100105e-07 1.894260705233140481e-04 -2.522824347347610596e-06 -2.620084305366238245e-05 5.506573859362813438e-09 4.363833659965920969e-08 -9.108230329311971405e-12 -5.796805602632622041e-09 -3.361619993560046701e-11 2.470413855907075112e-05 -1.477379509669584626e-10 7.573709926611577710e-07 -1.138447691058142745e-06 2.057866832648039271e-06
-2.610433011059852269e-10 8.505644306902164532e-10 2.274978215037423415e-08 -1.375384365983631823e-08 -3.752345847828588040e-08 9.312825574910446735e-06 -1.499380890781029039e-07 1.080704537553681432e-06 -9.385504666323824508e-11 -2.362070706467338821e-10 3.544367634842872539e-11 -4.174952957009794606e-10 2.708307001103927331e-10 -1.477379509669584626e-10 1.921694877459457885e-09 -4.474085729774911508e-08 -6.246620697768018036e-09 2.184864157782392392e-08
2.542596586898208263e-06 -1.183660347925714090e-06 8.029354329933497617e-06 9.789281936808351804e-05 2.612710902891337536e-05 -5.244873089877277739e-02 6.285808599387405528e-04 -5.940220174964670752e-03 3.828935836978098593e-09 -2.000968188806104522e-06 -1.226385392960301659e-07 2.951211773714240251e-06 -1.118436425411834463e-06 7.573709926611577710e-07 -4.474085729774911508e-08 2.219218331621815588e-01 2.319672169957605971e-05 -2.092216490753987565e-04
4.637841773929855408e-07 -4.336381514493202896e-06 -1.318700995816860465e-04 -2.873610281787207250e-05 1.235327814024741750e-04 -2.704125360404198430e-02 3.903825349071265581e-04 -4.786931939718546704e-04 6.390640766530510422e-07 -4.510108569086313486e-07 -1.010629168965572393e-07 1.059669354274292560e-06 -6.037818035570577820e-07 -1.138447691058142745e-06 -6.246620697768018036e-09 2.319672169957605971e-05 1.172222513814108469e-02 -1.493622782528442115e-04
-4.791530094355932452e-06 3.004011510224503954e-06 -8.101704524863587967e-05 -2.079748369585018579e-05 8.298255056933431751e-05 9.554826018371376239e-02 -6.605919836826627551e-04 3.004038937249628709e-03 -1.996046333897753567e-06 8.434294558533737303e-06 1.890349233550706365e-07 -5.822981849076219092e-06 1.184635067018102045e-06 2.057866832648039271e-06 2.184864157782392392e-08 -2.092216490753987565e-04 -1.493622782528442115e-04 1.712888873006484514e-01
7.193909208397406902e-06 3.468475522487655425e-08 2.169947699926244176e-06 8.575853022456105402e-07 -2.796718572010990120e-06 -5.921312978866488056e-04 2.498572406199451012e-06 -3.892682730410316658e-05 -1.900004556709307296e-09 -8.750373934203369752e-08 -1.344512558613354097e-10 4.317156815001871897e-08 -3.910068918352574756e-09 -4.821288040828818390e-09 -2.610433011059852269e-10 2.542596586898208263e-06 4.637841773929855408e-07 -4.791530094355932452e-06
3.468475522487655425e-08 8.066670587245836066e-05 1.587900768795224584e-05 2.161323060344286881e-06 -1.948854218221098973e-05 1.727657627534473451e-03 -3.889183965184337885e-05 7.549695452753586668e-05 -7.298639368414922495e-08 -2.026216236012405908e-07 1.149262021061915489e-08 -3.239365684391684700e-08 6.706263706457472452e-08 4.400893110457879881e-08 8.505644306902164532e-10 -1.183660347925714090e-06 -4.336381514493202896e-06 3.004011510224503954e-06
2.169947699926244176e-06 1.587900768795224584e-05 4.245597629302372278e-01 9.935608801053042490e-05 -6.445687086262621469e-04 3.521799969071666425e-02 -1.222742735670616409e-03 1.456220880918825122e-03 -8.504591423751032115e-07 -6.885937188951664612e-06 2.949282533854144139e-07 4.686778781111438158e-07 1.835836468548193588e-06 2.081609670352924149e-06 2.274978215037423415e-08 8.029354329933497617e-06 -1.318700995816860465e-04 -8.101704524863587967e-05
8.575853022456105402e-07 2.161323060344286881e-06 9.935608801053042490e-05 1.762078289764503619e-02 -6.616106557815655824e-05 -7.180524936155762913e-03 1.236165396289046141e-05 -2.085349967294952700e-03 -1.437633008156036752e-07 -5.907598894628354237e-07 1.792522695972943320e-09 7.319589667265285930e-07 -1.147463450320985598e-07 1.032889450497054759e-06 -1.375384365983631823e-08 9.789281936808351804e-05 -2.873610281787207250e-05 -2.079748369585018579e-05
-2.796718572010990120e-06 -1.948854218221098973e-05 -6.445687086262621469e-04 -6.616106557815655824e-05 4.206539503015003789e-01 -5.155842947954727279e-02 1.507094410927596476e-03 -3.558675631939231705e-03 3.415356022036519694e-06 1.285802480775049179e-05 -4.925984579330076036e-07 8.146804191263870809e-08 -2.804451000315249275e-06 -1.869720716824100105e-07 -3.752345847828588040e-08 2.612710902891337536e-05 1.235327814024741750e-04 8.298255056933431751e-05
-5.921312978866488056e-04 1.727657627534473451e-03 3.521799969071666425e-02 -7.180524936155762913e-03 -5.155842947954727279e-02 5.099842664475098900e+03 -2.350553283312372954e-01 1.145708903752286734e+00 -4.000591760957594744e-04 3.269280440381195437e-04 6.329194502364477500e-05 -9.216081689845853067e-04 4.187614989523907676e-04 1.894260705233140481e-04 9.312825574910446735e-06 -5.244873089877277739e-02 -2.704125360404198430e-02 9.554826018371376239e-02
2.498572406199451012e-06 -3.889183965184337885e-05 -1.222742735670616409e-03 1.236165396289046141e-05 1.507094410927596476e-03 -2.350553283312372954e-01 1.305664541141740687e+00 -1.694433548491087321e-02 5.107963755905138530e-06 1.021046928907754226e-05 -1.090624940056737901e-06 8.261519827150973927e-06 -7.193993214495448436e-06 -2.522824347347610596e-06 -1.499380890781029039e-07 6.285808599387405528e-04 3.903825349071265581e-04 -6.605919836826627551e-04
-3.892682730410316658e-05 7.549695452753586668e-05 1.456220880918825122e-03 -2.085349967294952700e-03 -3.558675631939231705e-03 1.145708903752286734e+00 -1.694433548491087321e-02 2.486761636908790152e+01 -1.182267548547275219e-05 -1.927518464806314707e-05 4.075048208330390617e-06 -5.611180043866856527e-05 3.183324024145934699e-05 -2.620084305366238245e-05 1.080704537553681432e-06 -5.940220174964670752e-03 -4.786931939718546704e-04 3.004038937249628709e-03
-1.900004556709307296e-09 -7.298639368414922495e-08 -8.504591423751032115e-07 -1.437633008156036752e-07 3.415356022036519694e-06 -4.000591760957594744e-04 5.107963755905138530e-06 -1.182267548547275219e-05 3.233315830879983610e-05 5.085234057175224900e-08 -2.890060438433303109e-09 1.623156990112774454e-08 -1.361568849268201345e-08 5.506573859362813438e-09 -9.385504666323824508e-11 3.828935836978098593e-09 6.390640766530510422e-07 -1.996046333897753567e-06
-8.750373934203369752e-08 -2.026216236012405908e-07 -6.885937188951664612e-06 -5.907598894628354237e-07 1.285802480775049179e-05 3.269280440381195437e-04 1.021046928907754226e-05 -1.927518464806314707e-05 5.085234057175224900e-08 8.320129228351788272e-05 -5.373646822231428319e-09 -5.423353338740501838e-08 -2.607624452607229108e-08 4.363833659965920969e-08 -2.362070706467338821e-10 -2.000968188806104522e-06 -4.510108569086313486e-07 8.434294558533737303e-06
-1.344512558613354097e-10 1.149262021061915489e-08 2.949282533854144139e-07 1.792522695972943320e-09 -4.925984579330076036e-07 6.329194502364477500e-05 -1.090624940056737901e-06 4.075048208330390617e-06 -2.890060438433303109e-09 -5.373646822231428319e-09 3.206153431368977986e-07 -2.198938818047306548e-09 2.128725686631256477e-09 -9.108230329311971405e-12 3.544367634842872539e-11 -1.226385392960301659e-07 -1.010629168965572393e-07 1.890349233550706365e-07
4.317156815001871897e-08 -3.239365684391684700e-08 4.686778781111438158e-07 7.319589667265285930e-07 8.146804191263870809e-08 -9.216081689845853067e-04 8.261519827150973927e-06 -5.611180043866856527e-05 1.623156990112774454e-08 -5.423353338740501838e-08 -2.198938818047306548e-09 2.011417835869225388e-05 -1.540113494921435964e-08 -5.796805602632622041e-09 -4.174952957009794606e-10 2.951211773714240251e-06 1.059669354274292560e-06 -5.822981849076219092e-06
-3.910068918352574756e-09 6.706263706457472452e-08 1.835836468548193588e-06 -1.147463450320985598e-07 -2.804451000315249275e-06 4.187614989523907676e-04 -7.193993214495448436e-06 3.183324024145934699e-05 -1.361568849268201345e-08 -2.607624452607229108e-08 2.128725686631256477e-09 -1.540113494921435964e-08 2.174044889464477668e-06 -3.361619993560046701e-11 2.708307001103927331e-10 -1.118436425411834463e-06 -6.037818035570577820e-07 1.184635067018102045e-06
-4.821288040828818390e-09 4.400893110457879881e-08 2.081609670352924149e-06 1.032889450497054759e-06 -1.869720716824100105e-07 1.894260705233140481e-04 -2.522824347347610596e-06 -2.620084305366238245e-05 5.506573859362813438e-09 4.363833659965920969e-08 -9.108230329311971405e-12 -5.796805602632622041e-09 -3.361619993560046701e-11 2.470413855907075112e-05 -1.477379509669584626e-10 7.573709926611577710e-07 -1.138447691058142745e-06 2.057866832648039271e-06
-2.610433011059852269e-10 8.505644306902164532e-10 2.274978215037423415e-08 -1.375384365983631823e-08 -3.752345847828588040e-08 9.312825574910446735e-06 -1.499380890781029039e-07 1.080704537553681432e-06 -9.385504666323824508e-11 -2.362070706467338821e-10 3.544367634842872539e-11 -4.174952957009794606e-10 2.708307001103927331e-10 -1.477379509669584626e-10 1.921694877459457885e-09 -4.474085729774911508e-08 -6.246620697768018036e-09 2.184864157782392392e-08
