3.981717319794127012e-03 2.571030599525054088e-07 -1.995943332777228414e-06 -4.639370874280793975e-06 7.406348284783691776e-06 1.064693547639931117e-04 4.088837672080534704e-05 1.973535369776493093e-05 5.869680650626405908e-08 -1.552761608337655508e-10 8.259325244161858488e-09 5.593004798677273578e-09 -1.458881000137450431e-08 -2.774830052715233882e-08 8.678394591385574084e-09 -5.908578558177351755e-07 2.938615654184293739e-09 1.279011475710989205e-08
2.571030599525054088e-07 1.579678286563903633e-01 -4.124663158542860356e-04 -9.587367441607904609e-04 1.530539039256081056e-03 2.200213893336452897e-02 8.449677819172376689e-03 4.078356583636988560e-03 1.212983111016649437e-05 -3.208817853059217136e-08 1.706808704915256083e-06 1.155807404940608466e-06 -3.014811400277724082e-06 -5.734250618090816865e-06 1.793410356825040092e-06 -1.221021453768421740e-04 6.072717359698761815e-07 2.643106859090104132e-06
-1.995943332777228414e-06 -4.124663158542860356e-04 1.110757832591490200e+02 7.442868290831595839e-03 -1.188188577577709536e-02 -1.708070783716056640e-01 -6.559656703583466308e-02 -3.166111143641033715e-02 -9.416634534230364218e-05 2.491070546221118639e-07 -1.325030303229787014e-05 -8.972767902069761332e-06 2.340459392072850032e-05 4.451615352911919896e-05 -1.392260926532659002e-05 9.479037823498654954e-04 -4.714373966677157871e-06 -2.051897598649037225e-05
-4.639370874280793975e-06 -9.587367441607904609e-04 7.442868290831595839e-03 3.200798170534083198e+01 -2.761825643765611349e-02 -3.970239893612598214e-01 -1.524726667141433623e-01 -7.359309046166948032e-02 -2.188802621518667478e-04 5.790244616732765147e-07 -3.079900564005557588e-05 -2.085630257278963304e-05 5.440164035574663514e-05 1.034733515358066797e-04 -3.236171431263643592e-05 2.203307642675143840e-03 -1.095809130063652107e-05 -4.769430975243794046e-05
7.406348284783691776e-06 1.530539039256081056e-03 -1.188188577577709536e-02 -2.761825643765611349e-02 2.654871335092536810e+01 6.338139420853238226e-01 2.434092259911755096e-01 1.174849077779781259e-01 3.494231218177377735e-04 -9.243617173042840212e-07 4.916790848945241428e-05 3.329525596740665245e-05 -8.684744260732648517e-05 -1.651861212296041551e-04 5.166263568639805286e-05 -3.517387210977732971e-03 1.749363069007797599e-05 7.613977817276164513e-05
1.064693547639931117e-04 2.200213893336452897e-02 -1.708070783716056640e-01 -3.970239893612598214e-01 6.338139420853238226e-01 2.088618793417513371e+04 3.499109444816006054e+00 1.688894694748194425e+00 5.023103544291564193e-03 -1.328808635857961845e-05 7.068092521009420931e-04 4.786332323629457889e-04 -1.248468316876490299e-03 -2.374619592143086856e-03 7.426719991333343134e-04 -5.056391252586873997e-02 2.514782589793623899e-04 1.094541161476617975e-03
4.088837672080534704e-05 8.449677819172376689e-03 -6.559656703583466308e-02 -1.524726667141433623e-01 2.434092259911755096e-01 3.499109444816006054e+00 2.773661380362211730e+03 6.486013057344821586e-01 1.929067293418648557e-03 -5.103142421897593974e-06 2.714422664973997713e-04 1.838137927982583675e-04 -4.794604323243219245e-04 -9.119463592822301193e-04 2.852149573731341627e-04 -1.941851069181805764e-02 9.657744064508858061e-05 4.203464127878716911e-04
1.973535369776493093e-05 4.078356583636988560e-03 -3.166111143641033715e-02 -7.359309046166948032e-02 1.174849077779781259e-01 1.688894694748194425e+00 6.486013057344821586e-01 1.438092201271942031e+03 9.310916303271931033e-04 -2.463103912241446718e-06 1.310154515164043754e-04 8.872032852200383523e-05 -2.314183632335062605e-04 -4.401638166444025264e-04 1.376630356858266351e-04 -9.372619006218916443e-03 4.661446854127351960e-05 2.028861450920409974e-04
5.869680650626405908e-08 1.212983111016649437e-05 -9.416634534230364218e-05 -2.188802621518667478e-04 3.494231218177377735e-04 5.023103544291564193e-03 1.929067293418648557e-03 9.310916303271931033e-04 1.941971016815182728e-03 -7.325753364026700679e-09 3.896656084689345101e-07 2.638716303837012961e-07 -6.882835289773302316e-07 -1.309133384296081707e-06 4.094368255295577088e-07 -2.787600428601740832e-05 1.386405575629149472e-07 6.034231249991753536e-07
-1.552761608337655508e-10 -3.208817853059217136e-08 2.491070546221118639e-07 5.790244616732765147e-07 -9.243617173042840212e-07 -1.328808635857961845e-05 -5.103142421897593974e-06 -2.463103912241446718e-06 -7.325753364026700679e-09 4.358030984954834857e-04 -1.030818937066912670e-09 -6.980443427455450074e-10 1.820780896032396418e-09 3.463173178103251948e-09 -1.083121589679828090e-09 7.374300549820278873e-08 -3.667588544518977702e-10 -1.596291719860195399e-09
8.259325244161858488e-09 1.706808704915256083e-06 -1.325030303229787014e-05 -3.079900564005557588e-05 4.916790848945241428e-05 7.068092521009420931e-04 2.714422664973997713e-04 1.310154515164043754e-04 3.896656084689345101e-07 -1.030818937066912670e-09 1.286104020127624330e-03 3.712981587530945429e-08 -9.684951983574443251e-08 -1.842103353227192393e-07 5.761253652913606126e-08 -3.922478915122869743e-06 1.950834338528889257e-08 8.490867128665426033e-08
5.593004798677273578e-09 1.155807404940608466e-06 -8.972767902069761332e-06 -2.085630257278963304e-05 3.329525596740665245e-05 4.786332323629457889e-04 1.838137927982583675e-04 8.872032852200383523e-05 2.638716303837012961e-07 -6.980443427455450074e-10 3.712981587530945429e-08 8.045171096716948844e-05 -6.558402934595623370e-08 -1.247425496597538295e-07 3.901374310197985711e-08 -2.656202867237845157e-06 1.321055351891971330e-08 5.749799068528633471e-08
-1.458881000137450431e-08 -3.014811400277724082e-06 2.340459392072850032e-05 5.440164035574663514e-05 -8.684744260732648517e-05 -1.248468316876490299e-03 -4.794604323243219245e-04 -2.314183632335062605e-04 -6.882835289773302316e-07 1.820780896032396418e-09 -9.684951983574443251e-08 -6.558402934595623370e-08 1.231774592846494702e-03 3.253788297309450766e-07 -1.017635610990043670e-07 6.928447292661637389e-06 -3.445844626238978987e-08 -1.499779263137451239e-07
-2.774830052715233882e-08 -5.734250618090816865e-06 4.451615352911919896e-05 1.034733515358066797e-04 -1.651861212296041551e-04 -2.374619592143086856e-03 -9.119463592822301193e-04 -4.401638166444025264e-04 -1.309133384296081707e-06 3.463173178103251948e-09 -1.842103353227192393e-07 -1.247425496597538295e-07 3.253788297309450766e-07 4.174804711971418728e-04 -1.935569711184364527e-07 1.317808907273429058e-05 -6.554087156508548371e-08 -2.852619625179034971e-07
8.678394591385574084e-09 1.793410356825040092e-06 -1.392260926532659002e-05 -3.236171431263643592e-05 5.166263568639805286e-05 7.426719991333343134e-04 2.852149573731341627e-04 1.376630356858266351e-04 4.094368255295577088e-07 -1.083121589679828090e-09 5.761253652913606126e-08 3.901374310197985711e-08 -1.017635610990043670e-07 -1.935569711184364527e-07 2.528237198132204781e-04 -4.121501308583069033e-06 2.049817590625274838e-08 8.921684663970544183e-08
-5.908578558177351755e-07 -1.221021453768421740e-04 9.479037823498654954e-04 2.203307642675143840e-03 -3.517387210977732971e-03 -5.056391252586873997e-02 -1.941851069181805764e-02 -9.372619006218916443e-03 -2.787600428601740832e-05 7.374300549820278873e-08 -3.922478915122869743e-06 -2.656202867237845157e-06 6.928447292661637389e-06 1.317808907273429058e-05 -4.121501308583069033e-06 5.903036909039494073e-02 -1.395593175282152758e-06 -6.074219621297464558e-06
2.938615654184293739e-09 6.072717359698761815e-07 -4.714373966677157871e-06 -1.095809130063652107e-05 1.749363069007797599e-05 2.514782589793623899e-04 9.657744064508858061e-05 4.661446854127351960e-05 1.386405575629149472e-07 -3.667588544518977702e-10 1.950834338528889257e-08 1.321055351891971330e-08 -3.445844626238978987e-08 -6.554087156508548371e-08 2.049817590625274838e-08 -1.395593175282152758e-06 1.150958553568320365e-02 3.020996791418533874e-08
1.279011475710989205e-08 2.643106859090104132e-06 -2.051897598649037225e-05 -4.769430975243794046e-05 7.613977817276164513e-05 1.094541161476617975e-03 4.203464127878716911e-04 2.028861450920409974e-04 6.034231249991753536e-07 -1.596291719860195399e-09 8.490867128665426033e-08 5.749799068528633471e-08 -1.499779263137451239e-07 -2.852619625179034971e-07 8.921684663970544183e-08 -6.074219621297464558e-06 3.020996791418533874e-08 1.592092480368101706e-02
1.275374801994484620e-03 -7.492948014268132912e-07 1.958526137480361593e-05 -8.815302622700008539e-05 -2.050034796234136801e-05 -4.269865126074046460e-03 7.740181440110199210e-04 4.234823614368284192e-04 2.367832581398891783e-07 1.244003736076394453e-07 -7.113916281079682150e-07 7.849940424229974689e-08 3.066919968107569511e-07 5.417459556740887593e-08 -6.119270326051474238e-08 -9.541272040571297287e-07 -1.821092967206368857e-07 8.696765595941544383e-07
-7.492948014268132912e-07 5.055026954427196961e-02 -1.457149616422983652e-04 -2.479750246363847800e-04 5.052943213349191673e-04 9.961709329886594619e-03 2.187460995119502871e-03 1.021948261947118897e-03 3.733592003185239782e-06 -9.473085405865904610e-08 1.030784781300276464e-06 3.177965337100810838e-07 -1.176055909032081684e-06 -1.877754161841681495e-06 6.173067775557810076e-07 -3.855345521948911296e-05 3.185603724896620056e-07 2.583337906806616953e-07
1.958526137480361593e-05 -1.457149616422983652e-04 3.554458445681416379e+01 9.511810047587170198e-04 -4.179698707037269798e-03 -1.256984147812042207e-01 -8.431034362477279540e-03 -3.245855165072589459e-03 -2.653494861623539554e-05 2.133869438017366619e-06 -1.602585162871367230e-05 -1.605127179141382833e-06 1.262874119192942799e-05 1.528593041917092782e-05 -5.511111293696998682e-06 2.907013584894678005e-04 -4.529991451112566705e-06 7.721130601308403012e-06
-8.815302622700008539e-05 -2.479750246363847800e-04 9.511810047587170198e-04 1.024868461468351732e+01 -7.220111643148147129e-03 1.773900834002419824e-01 -1.026157148458854834e-01 -5.305799301763979015e-02 -8.546187773702168316e-05 -8.617655359570013411e-06 4.065137319286641504e-05 -1.210005370850656275e-05 -4.615474185354154596e-06 2.865136032811124158e-05 -5.830861938935433691e-06 7.591742513051943659e-04 9.441381050869755042e-06 -7.648902155961129332e-05
-2.050034796234136801e-05 5.052943213349191673e-04 -4.179698707037269798e-03 -7.220111643148147129e-03 8.496015164873615078e+00 2.831566031966346597e-01 6.368755794383750002e-02 2.980843843452482544e-02 1.077462622276883971e-04 -2.618748367308152518e-06 2.906171581505820326e-05 9.222639590650589329e-06 -3.360295450083639643e-05 -5.403650938885361000e-05 1.772608693945972348e-05 -1.111283632186692120e-03 9.014719237831876633e-06 8.207967476003920267e-06
-4.269865126074046460e-03 9.961709329886594619e-03 -1.256984147812042207e-01 1.773900834002419824e-01 2.831566031966346597e-01 6.698698452085908684e+03 -1.553196064808979759e+00 -9.249247135003549891e-01 8.416296512357319959e-04 -4.414044375658569244e-04 2.734348360364904744e-03 -1.162931808308805221e-04 -1.493216881181898617e-03 -9.813664724272657194e-04 4.623599291846613112e-04 -1.349307283372248693e-02 7.234664388156521924e-04 -2.690258547965816878e-03
7.740181440110199210e-04 2.187460995119502871e-03 -8.431034362477279540e-03 -1.026157148458854834e-01 6.368755794383750002e-02 -1.553196064808979759e+00 8.880442112154931920e+02 4.666293661788099012e-01 7.526881794402351866e-04 7.565531912302743509e-05 -3.565817167301431920e-04 1.064600828020985591e-04 3.993957966408976382e-05 -2.526638185214156616e-04 5.154106115448541312e-05 -6.689050872430040741e-03 -8.277616738651344473e-05 6.720719811326745586e-04
4.234823614368284192e-04 1.021948261947118897e-03 -3.245855165072589459e-03 -5.305799301763979015e-02 2.980843843452482544e-02 -9.249247135003549891e-01 4.666293661788099012e-01 4.603315382564805986e+02 3.721723915502815508e-04 4.158361306002527610e-05 -2.011841050920170964e-04 5.450801821894532811e-05 3.195573943463149376e-05 -1.193842595201208008e-04 2.227222620557057754e-05 -3.259717376993014580e-03 -4.740671768084872979e-05 3.596308993872698975e-04
2.367832581398891783e-07 3.733592003185239782e-06 -2.653494861623539554e-05 -8.546187773702168316e-05 1.077462622276883971e-04 8.416296512357319959e-04 7.526881794402351866e-04 3.721723915502815508e-04 6.214695123609924278e-04 1.979812534778343960e-08 -2.349256384134528926e-09 9.808723165590769284e-08 -1.648529551640341997e-07 -4.077039989831699108e-07 1.196381705541171852e-07 -9.056440845720986033e-06 1.179647309141942272e-08 3.471015262958597225e-07
1.244003736076394453e-07 -9.473085405865904610e-08 2.133869438017366619e-06 -8.617655359570013411e-06 -2.618748367308152518e-06 -4.414044375658569244e-04 7.565531912302743509e-05 4.158361306002527610e-05 1.979812534778343960e-08 1.394696319558657324e-04 -7.285461303008721772e-08 7.568051659115011965e-09 3.220763871474047954e-08 7.512638006289525282e-09 -6.844033313255923979e-09 -5.410891364339918615e-08 -1.870978163971702746e-08 8.740683500140629318e-08
-7.113916281079682150e-07 1.030784781300276464e-06 -1.602585162871367230e-05 4.065137319286641504e-05 2.906171581505820326e-05 2.734348360364904744e-03 -3.565817167301431920e-04 -2.011841050920170964e-04 -2.349256384134528926e-09 -7.285461303008721772e-08 4.119693985874261252e-04 -3.282191383062739120e-08 -2.124408249505111373e-07 -9.569280446977188314e-08 5.571516592584266210e-08 -8.093497156553676584e-07 1.129170285845471383e-07 -4.772584150725103558e-07
7.849940424229974689e-08 3.177965337100810838e-07 -1.605127179141382833e-06 -1.210005370850656275e-05 9.222639590650589329e-06 -1.162931808308805221e-04 1.064600828020985591e-04 5.450801821894532811e-05 9.808723165590769284e-08 7.568051659115011965e-09 -3.282191383062739120e-08 2.574935005827189694e-05 -1.493595815584670656e-09 -3.597000059262278707e-08 8.479451039230402942e-09 -8.978824533733341075e-07 -7.232784331510050854e-09 7.259082374440428914e-08
3.066919968107569511e-07 -1.176055909032081684e-06 1.262874119192942799e-05 -4.615474185354154596e-06 -3.360295450083639643e-05 -1.493216881181898617e-03 3.993957966408976382e-05 3.195573943463149376e-05 -1.648529551640341997e-07 3.220763871474047954e-08 -2.124408249505111373e-07 -1.493595815584670656e-09 3.942469919669964518e-04 1.201443889418936476e-07 -4.882020834786089024e-08 2.022689548029465223e-06 -5.754289702774504536e-08 1.719673844521325923e-07
5.417459556740887593e-08 -1.877754161841681495e-06 1.528593041917092782e-05 2.865136032811124158e-05 -5.403650938885361000e-05 -9.813664724272657194e-04 -2.526638185214156616e-04 -1.193842595201208008e-04 -4.077039989831699108e-07 7.512638006289525282e-09 -9.569280446977188314e-08 -3.597000059262278707e-08 1.201443889418936476e-07 1.335969956572691827e-04 -6.523023044501678667e-08 4.177617524641691906e-06 -3.039314120266838366e-08 -4.673934277583253793e-08
-6.119270326051474238e-08 6.173067775557810076e-07 -5.511111293696998682e-06 -5.830861938935433691e-06 1.772608693945972348e-05 4.623599291846613112e-04 5.154106115448541312e-05 2.227222620557057754e-05 1.196381705541171852e-07 -6.844033313255923979e-09 5.571516592584266210e-08 8.479451039230402942e-09 -4.882020834786089024e-08 -6.523023044501678667e-08 8.090693014982754984e-05 -1.278937653017703252e-06 1.611628672440308597e-08 -1.664201654890155266e-08
-9.541272040571297287e-07 -3.855345521948911296e-05 2.907013584894678005e-04 7.591742513051943659e-04 -1.111283632186692120e-03 -1.349307283372248693e-02 -6.689050872430040741e-03 -3.259717376993014580e-03 -9.056440845720986033e-06 -5.410891364339918615e-08 -8.093497156553676584e-07 -8.978824533733341075e-07 2.022689548029465223e-06 4.177617524641691906e-06 -1.278937653017703252e-06 1.889019580817471664e-02 -3.322935288985424031e-07 -2.484221149761526062e-06
-1.821092967206368857e-07 3.185603724896620056e-07 -4.529991451112566705e-06 9.441381050869755042e-06 9.014719237831876633e-06 7.234664388156521924e-04 -8.277616738651344473e-05 -4.740671768084872979e-05 1.179647309141942272e-08 -1.870978163971702746e-08 1.129170285845471383e-07 -7.232784331510050854e-09 -5.754289702774504536e-08 -3.039314120266838366e-08 1.611628672440308597e-08 -3.322935288985424031e-07 3.683094718418461044e-03 -1.196480940978987551e-07
8.696765595941544383e-07 2.583337906806616953e-07 7.721130601308403012e-06 -7.648902155961129332e-05 8.207967476003920267e-06 -2.690258547965816878e-03 6.720719811326745586e-04 3.596308993872698975e-04 3.471015262958597225e-07 8.740683500140629318e-08 -4.772584150725103558e-07 7.259082374440428914e-08 1.719673844521325923e-07 -4.673934277583253793e-08 -1.664201654890155266e-08 -2.484221149761526062e-06 -1.196480940978987551e-07 5.095307428117794128e-03
4.081341423181318812e-04 -4.186456818303917240e-07 1.294462205533141665e-06 -2.823296446097338906e-05 -9.293432671559735748e-06 -1.335144613007525080e-03 2.167954596082714315e-04 1.216209598139476042e-04 5.586737266855465583e-09 2.608556253842760573e-08 -2.366078726793061920e-07 2.621018665005808980e-08 8.784742042432653553e-08 1.987996906983681438e-08 -2.962778784033323488e-10 -4.658234471354860783e-07 -7.817810917857638151e-08 3.339031065345028132e-07
-4.186456818303917240e-07 1.617833851934744743e-02 1.598667782992199167e-05 -7.904986049910211674e-05 1.961108996645126923e-04 2.794737067259402737e-03 1.088944461942344078e-03 5.019626529840510564e-04 2.078472688516101105e-06 1.424742123993421903e-07 4.427034320157745286e-07 8.796536466146874518e-08 -2.467203744023978860e-07 -6.329154422763160326e-07 -4.529449905091413672e-08 -1.031612944262973519e-05 3.525503721243592497e-07 -6.175058475672979324e-07
1.294462205533141665e-06 1.598667782992199167e-05 1.137600780544614487e+01 3.127779533280777521e-04 -3.806807545520855753e-04 -5.114960357011308356e-02 8.115502657537904466e-03 3.824830041495948154e-03 1.607730111568142966e-05 5.486538300653777643e-06 -1.990853583945687024e-06 -8.953367239285703967e-07 7.644707642626582701e-06 4.000913996818922088e-06 -8.514572626952293083e-06 1.492098113182381244e-04 5.517667464898515028e-06 -1.699481335079311575e-05
-2.823296446097338906e-05 -7.904986049910211674e-05 3.127779533280777521e-04 3.279579117232603647e+00 -2.305818631396264543e-03 5.671210335871680608e-02 -3.278484913870828577e-02 -1.695508920387794882e-02 -2.722924704381528169e-05 -2.734469732248837244e-06 1.302357885919788192e-05 -3.873859039291667797e-06 -1.459563203568015424e-06 9.164137843584788383e-06 -1.898452470898103392e-06 2.432068797719467968e-04 3.054862077830806486e-06 -2.457041693003416809e-05
-9.293432671559735748e-06 1.961108996645126923e-04 -3.806807545520855753e-04 -2.305818631396264543e-03 2.719250772357374668e+00 8.460455417923773425e-02 2.632364414301139113e-02 1.221193490650258374e-02 4.798292102846309385e-05 1.802363953046051798e-06 1.102423770280675316e-05 2.741444678718105842e-06 -8.772268652773670638e-06 -1.778119415052514292e-05 1.961637713495013145e-06 -3.247283568150434799e-04 6.714281256318670746e-06 -8.072743015932217875e-06
-1.335144613007525080e-03 2.794737067259402737e-03 -5.114960357011308356e-02 5.671210335871680608e-02 8.460455417923773425e-02 2.143652083091216355e+03 -5.648939389973796077e-01 -3.265019959666898841e-01 1.151158449734257131e-04 -1.714001465140201194e-04 8.552992675007939881e-04 -3.481807868384867308e-05 -5.004470626376850790e-04 -3.084474661862052496e-04 1.903283613632226546e-04 -4.670434366273261070e-03 1.877787839682922108e-04 -7.387058253969279800e-04
2.167954596082714315e-04 1.088944461942344078e-03 8.115502657537904466e-03 -3.278484913870828577e-02 2.632364414301139113e-02 -5.648939389973796077e-01 2.842413188551194025e+02 1.795326798832122817e-01 3.934755915959003698e-04 5.404949464095070029e-05 -9.461702043802687338e-05 3.169619374081348835e-05 3.516507807242628362e-05 -8.638458119977265382e-05 -2.544306452351426136e-05 -1.791481987600828090e-03 1.679112567240480721e-05 9.414609205219640758e-05
1.216209598139476042e-04 5.019626529840510564e-04 3.824830041495948154e-03 -1.695508920387794882e-02 1.221193490650258374e-02 -3.265019959666898841e-01 1.795326798832122817e-01 1.473196802188218157e+02 1.877362149286267417e-04 2.672764965452406483e-05 -5.561338609053765111e-05 1.637615834683886617e-05 2.029356133684998858e-05 -4.069113451199547575e-05 -1.173432331232155436e-05 -8.861351572391121647e-04 4.295453143906124254e-06 6.069768270046107590e-05
5.586737266855465583e-09 2.078472688516101105e-06 1.607730111568142966e-05 -2.722924704381528169e-05 4.798292102846309385e-05 1.151158449734257131e-04 3.934755915959003698e-04 1.877362149286267417e-04 1.992169912146585546e-04 7.413241156000310145e-08 4.352819383351277581e-08 2.600084802418892192e-08 -1.894807987634344445e-09 -1.430345314645175296e-07 -5.699625049122836345e-08 -2.105088870683895291e-06 1.021073481677528312e-07 -1.636548673169040225e-07
2.608556253842760573e-08 1.424742123993421903e-07 5.486538300653777643e-06 -2.734469732248837244e-06 1.802363953046051798e-06 -1.714001465140201194e-04 5.404949464095070029e-05 2.672764965452406483e-05 7.413241156000310145e-08 4.464353809060330375e-05 -1.465573311221925590e-08 1.368482026591000470e-09 2.025037228036523422e-08 -5.353173811977094786e-11 -2.081959849570158230e-08 1.377293301072283969e-07 1.323911573069562279e-08 -2.574528766141806017e-08
-2.366078726793061920e-07 4.427034320157745286e-07 -1.990853583945687024e-06 1.302357885919788192e-05 1.102423770280675316e-05 8.552992675007939881e-04 -9.461702043802687338e-05 -5.561338609053765111e-05 4.352819383351277581e-08 -1.465573311221925590e-08 1.318358621405959889e-04 -1.119094590811541610e-08 -6.148643127290108566e-08 -3.222680287812653188e-08 5.661446785478097755e-09 -1.577286023815014239e-07 4.869060026559472508e-08 -1.878056383091505530e-07
2.621018665005808980e-08 8.796536466146874518e-08 -8.953367239285703967e-07 -3.873859039291667797e-06 2.741444678718105842e-06 -3.481807868384867308e-05 3.169619374081348835e-05 1.637615834683886617e-05 2.600084802418892192e-08 1.368482026591000470e-09 -1.119094590811541610e-08 8.239875712116711472e-06 -1.268082788612847115e-09 -1.131512426890335652e-08 4.193701826823900026e-09 -2.996420027505050309e-07 -3.842184540332124619e-09 2.749722834170897068e-08
8.784742042432653553e-08 -2.467203744023978860e-07 7.644707642626582701e-06 -1.459563203568015424e-06 -8.772268652773670638e-06 -5.004470626376850790e-04 3.516507807242628362e-05 2.029356133684998858e-05 -1.894807987634344445e-09 2.025037228036523422e-08 -6.148643127290108566e-08 -1.268082788612847115e-09 1.261664968976784784e-04 3.660264630478544334e-08 -2.959744954856335318e-08 7.635675280155481702e-07 -3.991099301750183673e-09 1.473473354942368791e-08
1.987996906983681438e-08 -6.329154422763160326e-07 4.000913996818922088e-06 9.164137843584788383e-06 -1.778119415052514292e-05 -3.084474661862052496e-04 -8.638458119977265382e-05 -4.069113451199547575e-05 -1.430345314645175296e-07 -5.353173811977094786e-11 -3.222680287812653188e-08 -1.131512426890335652e-08 3.660264630478544334e-08 4.275149423351101442e-05 -1.741984930822650616e-08 1.308093134841149558e-06 -1.329026208298694230e-08 -4.997989535753972359e-09
-2.962778784033323488e-10 -4.529449905091413672e-08 -8.514572626952293083e-06 -1.898452470898103392e-06 1.961637713495013145e-06 1.903283613632226546e-04 -2.544306452351426136e-05 -1.173432331232155436e-05 -5.699625049122836345e-08 -2.081959849570158230e-08 5.661446785478097755e-09 4.193701826823900026e-09 -2.959744954856335318e-08 -1.741984930822650616e-08 2.591639915849566872e-05 -6.271558159993838120e-07 -2.186294160717788942e-08 7.016513042225472711e-08
-4.658234471354860783e-07 -1.031612944262973519e-05 1.492098113182381244e-04 2.432068797719467968e-04 -3.247283568150434799e-04 -4.670434366273261070e-03 -1.791481987600828090e-03 -8.861351572391121647e-04 -2.105088870683895291e-06 1.377293301072283969e-07 -1.577286023815014239e-07 -2.996420027505050309e-07 7.635675280155481702e-07 1.308093134841149558e-06 -6.271558159993838120e-07 6.046676097347757420e-03 1.185414472166977188e-07 -1.423221503789769240e-06
-7.817810917857638151e-08 3.525503721243592497e-07 5.517667464898515028e-06 3.054862077830806486e-06 6.714281256318670746e-06 1.877787839682922108e-04 1.679112567240480721e-05 4.295453143906124254e-06 1.021073481677528312e-07 1.323911573069562279e-08 4.869060026559472508e-08 -3.842184540332124619e-09 -3.991099301750183673e-09 -1.329026208298694230e-08 -2.186294160717788942e-08 1.185414472166977188e-07 1.178618195553374258e-03 -1.161960703264786515e-07
3.339031065345028132e-07 -6.175058475672979324e-07 -1.699481335079311575e-05 -2.457041693003416809e-05 -8.072743015932217875e-06 -7.387058253969279800e-04 9.414609205219640758e-05 6.069768270046107590e-05 -1.636548673169040225e-07 -2.574528766141806017e-08 -1.878056383091505530e-07 2.749722834170897068e-08 1.473473354942368791e-08 -4.997989535753972359e-09 7.016513042225472711e-08 -1.423221503789769240e-06 -1.161960703264786515e-07 1.630716043087324877e-03
1.306227735091817794e-04 -3.015037118837200700e-07 7.413983738305189107e-06 -8.452999202157002287e-06 -2.163273258368542216e-06 -5.065997356486569465e-04 6.161080637716980499e-05 2.826255386135239923e-05 -9.593122547832846811e-09 -1.458412256732419517e-09 -7.011840483735087364e-08 1.337511364555596189e-08 4.294952360389451634e-08 5.951144315545701056e-09 -6.638926464772155806e-09 -9.118074553663436451e-08 -2.594488173624104454e-08 1.444615155457483582e-07
-3.015037118837200700e-07 5.178482510184329556e-03 -5.396934351339355680e-05 -3.020482580987415153e-05 5.591298422929725446e-05 1.564140016456519846e-03 4.139961199225192061e-04 2.505768541013089594e-04 7.611774854788395567e-07 1.283626386457724726e-07 9.442818335092873353e-08 -1.395365901046711128e-08 -2.042013241152584737e-07 -1.990683603485878086e-07 4.074478871988733672e-08 -3.789750947668069872e-06 1.206484302997808494e-07 -5.150899248165232747e-07
7.413983738305189107e-06 -5.396934351339355680e-05 3.642791092172510847e+00 3.051831949784638708e-04 1.640642510964542369e-04 -4.435335045840391177e-02 -1.410670891756831238e-04 -2.534145562566105046e-03 1.131057326383479826e-06 -1.702503251417819587e-06 1.336500962863074619e-06 1.472551948680076466e-06 7.679326958425627345e-06 1.135541118041394336e-06 -5.032568330805526634e-06 6.816057350105012784e-05 1.438417005308881179e-06 7.826416838297475036e-06
-8.452999202157002287e-06 -3.020482580987415153e-05 3.051831949784638708e-04 1.049482357029243973e+00 -7.141104811921926507e-04 1.582280079502118575e-02 -1.071863088408403324e-02 -5.737855973744106219e-03 -9.046821076077977159e-06 -1.162341994660873473e-06 4.331512509926093635e-06 -1.093489772319200925e-06 -3.229362115060182885e-08 2.920497966066076047e-06 -7.992487473449970697e-07 7.952217793334138919e-05 9.503685955755750258e-07 -6.760478994619065611e-06
-2.163273258368542216e-06 5.591298422929725446e-05 1.640642510964542369e-04 -7.141104811921926507e-04 8.701933544845303903e-01 2.383252528315272373e-02 8.106481574568539031e-03 3.472603503865807038e-03 1.488972003687331996e-05 1.762710080418424017e-07 3.756311022933711839e-06 1.080974847942945695e-06 -2.201102218472135088e-06 -5.706745441520380531e-06 3.604510287923541632e-07 -1.015490425994137829e-04 2.110673505897751899e-06 -1.047117562239146272e-06
-5.065997356486569465e-04 1.564140016456519846e-03 -4.435335045840391177e-02 1.582280079502118575e-02 2.383252528315272373e-02 6.862859268613367476e+02 -1.497261221763955819e-01 -6.187664751268674712e-02 8.233855986744283552e-05 -1.564385409900131109e-05 2.513221375900724229e-04 -3.108354829231132024e-05 -2.194677409596278465e-04 -9.706220033214685392e-05 8.706888155365211232e-05 -1.725958011965115840e-03 6.379896240821556841e-05 -3.867631617285420000e-04
6.161080637716980499e-05 4.139961199225192061e-04 -1.410670891756831238e-04 -1.071863088408403324e-02 8.106481574568539031e-03 -1.497261221763955819e-01 9.096025890227390676e+01 6.161872372858802349e-02 1.303639393405837900e-04 2.113147681946643639e-05 -3.246642541339541901e-05 8.191730601621178602e-06 5.448649052209562170e-06 -2.748251580777300496e-05 -5.581980405454830487e-06 -5.959156839877321511e-04 5.736112872588345822e-06 1.541421703626200435e-05
2.826255386135239923e-05 2.505768541013089594e-04 -2.534145562566105046e-03 -5.737855973744106219e-03 3.472603503865807038e-03 -6.187664751268674712e-02 6.161872372858802349e-02 4.714801884038444513e+01 6.618585604745590753e-05 1.381746886767151511e-05 -2.080077523754949635e-05 2.562447291607827395e-06 -1.472605210498093428e-06 -1.280079925880848783e-05 -2.415194216263708313e-07 -3.146398600689350377e-04 1.872717124520152503e-06 -7.704866266761120241e-07
-9.593122547832846811e-09 7.611774854788395567e-07 1.131057326383479826e-06 -9.046821076077977159e-06 1.488972003687331996e-05 8.233855986744283552e-05 1.303639393405837900e-04 6.618585604745590753e-05 6.375596301535825527e-05 2.934503965370737979e-08 1.072019479930900832e-08 5.460222366654193389e-09 -9.114688265484817703e-09 -4.553569933826115653e-08 -1.448638536052181951e-08 -7.068185692117957935e-07 3.320640422772715980e-08 -7.393667963306498264e-08
-1.458412256732419517e-09 1.283626386457724726e-07 -1.702503251417819587e-06 -1.162341994660873473e-06 1.762710080418424017e-07 -1.564385409900131109e-05 2.113147681946643639e-05 1.381746886767151511e-05 2.934503965370737979e-08 1.429077669322788456e-05 -7.454567853826823689e-09 -2.026310850622920011e-09 -8.506954466194626245e-10 1.856485992328375379e-10 -3.429181903446664048e-09 1.547668927716958227e-08 4.694935018248266037e-09 -2.682077632514622337e-08
-7.011840483735087364e-08 9.442818335092873353e-08 1.336500962863074619e-06 4.331512509926093635e-06 3.756311022933711839e-06 2.513221375900724229e-04 -3.246642541339541901e-05 -2.080077523754949635e-05 1.072019479930900832e-08 -7.454567853826823689e-09 4.218905370381735218e-05 -2.174782300249660604e-09 -1.549200042661949018e-08 -1.042830169735819294e-08 -3.344438156135627276e-11 -3.415316754734274959e-08 1.531937533616862970e-08 -4.949299170254018320e-08
1.337511364555596189e-08 -1.395365901046711128e-08 1.472551948680076466e-06 -1.093489772319200925e-06 1.080974847942945695e-06 -3.108354829231132024e-05 8.191730601621178602e-06 2.562447291607827395e-06 5.460222366654193389e-09 -2.026310850622920011e-09 -2.174782300249660604e-09 2.638013690573393330e-06 3.323135271447386972e-09 -3.723986027148772096e-09 -3.025718429216873793e-10 -8.133932976131719698e-08 -1.462679797180143874e-09 1.825125287278449920e-08
4.294952360389451634e-08 -2.042013241152584737e-07 7.679326958425627345e-06 -3.229362115060182885e-08 -2.201102218472135088e-06 -2.194677409596278465e-04 5.448649052209562170e-06 -1.472605210498093428e-06 -9.114688265484817703e-09 -8.506954466194626245e-10 -1.549200042661949018e-08 3.323135271447386972e-09 4.038437216349098847e-05 1.140599736833508661e-08 -1.436356898488991031e-08 2.876147837478278713e-07 -1.970840352188111404e-09 3.283425217704030414e-08
5.951144315545701056e-09 -1.990683603485878086e-07 1.135541118041394336e-06 2.920497966066076047e-06 -5.706745441520380531e-06 -9.706220033214685392e-05 -2.748251580777300496e-05 -1.280079925880848783e-05 -4.553569933826115653e-08 1.856485992328375379e-10 -1.042830169735819294e-08 -3.723986027148772096e-09 1.140599736833508661e-08 1.368048664253190468e-05 -5.439022783840848646e-09 4.173928174070448677e-07 -4.233695643397546745e-09 -2.377164306341611407e-09
-6.638926464772155806e-09 4.074478871988733672e-08 -5.032568330805526634e-06 -7.992487473449970697e-07 3.604510287923541632e-07 8.706888155365211232e-05 -5.581980405454830487e-06 -2.415194216263708313e-07 -1.448638536052181951e-08 -3.429181903446664048e-09 -3.344438156135627276e-11 -3.025718429216873793e-10 -1.436356898488991031e-08 -5.439022783840848646e-09 8.295405406293468689e-06 -2.197745140665338076e-07 -6.690205690543716808e-09 1.005153348999928032e-08
-9.118074553663436451e-08 -3.789750947668069872e-06 6.816057350105012784e-05 7.952217793334138919e-05 -1.015490425994137829e-04 -1.725958011965115840e-03 -5.959156839877321511e-04 -3.146398600689350377e-04 -7.068185692117957935e-07 1.547668927716958227e-08 -3.415316754734274959e-08 -8.133932976131719698e-08 2.876147837478278713e-07 4.173928174070448677e-07 -2.197745140665338076e-07 1.935105155017044888e-03 3.522726074670150940e-08 -3.457412380143908931e-07
-2.594488173624104454e-08 1.206484302997808494e-07 1.438417005308881179e-06 9.503685955755750258e-07 2.110673505897751899e-06 6.379896240821556841e-05 5.736112872588345822e-06 1.872717124520152503e-06 3.320640422772715980e-08 4.694935018248266037e-09 1.531937533616862970e-08 -1.462679797180143874e-09 -1.970840352188111404e-09 -4.233695643397546745e-09 -6.690205690543716808e-09 3.522726074670150940e-08 3.771578659555222760e-04 -3.894111712647003804e-08
1.444615155457483582e-07 -5.150899248165232747e-07 7.826416838297475036e-06 -6.760478994619065611e-06 -1.047117562239146272e-06 -3.867631617285420000e-04 1.541421703626200435e-05 -7.704866266761120241e-07 -7.393667963306498264e-08 -2.682077632514622337e-08 -4.949299170254018320e-08 1.825125287278449920e-08 3.283425217704030414e-08 -2.377164306341611407e-09 1.005153348999928032e-08 -3.457412380143908931e-07 -3.894111712647003804e-08 5.219004106972172834e-04
1.306227735091817794e-04 -3.015037118837200700e-07 7.413983738305189107e-06 -8.452999202157002287e-06 -2.163273258368542216e-06 -5.065997356486569465e-04 6.161080637716980499e-05 2.826255386135239923e-05 -9.593122547832846811e-09 -1.458412256732419517e-09 -7.011840483735087364e-08 1.337511364555596189e-08 4.294952360389451634e-08 5.951144315545701056e-09 -6.638926464772155806e-09 -9.118074553663436451e-08 -2.594488173624104454e-08 1.444615155457483582e-07
-3.015037118837200700e-07 5.178482510184329556e-03 -5.396934351339355680e-05 -3.020482580987415153e-05 5.591298422929725446e-05 1.564140016456519846e-03 4.139961199225192061e-04 2.505768541013089594e-04 7.611774854788395567e-07 1.283626386457724726e-07 9.442818335092873353e-08 -1.395365901046711128e-08 -2.042013241152584737e-07 -1.990683603485878086e-07 4.074478871988733672e-08 -3.789750947668069872e-06 1.206484302997808494e-07 -5.150899248165232747e-07
7.413983738305189107e-06 -5.396934351339355680e-05 3.642791092172510847e+00 3.051831949784638708e-04 1.640642510964542369e-04 -4.435335045840391177e-02 -1.410670891756831238e-04 -2.534145562566105046e-03 1.131057326383479826e-06 -1.702503251417819587e-06 1.336500962863074619e-06 1.472551948680076466e-06 7.679326958425627345e-06 1.135541118041394336e-06 -5.032568330805526634e-06 6.816057350105012784e-05 1.438417005308881179e-06 7.826416838297475036e-06
-8.452999202157002287e-06 -3.020482580987415153e-05 3.051831949784638708e-04 1.049482357029243973e+00 -7.141104811921926507e-04 1.582280079502118575e-02 -1.071863088408403324e-02 -5.737855973744106219e-03 -9.046821076077977159e-06 -1.162341994660873473e-06 4.331512509926093635e-06 -1.093489772319200925e-06 -3.229362115060182885e-08 2.920497966066076047e-06 -7.992487473449970697e-07 7.952217793334138919e-05 9.503685955755750258e-07 -6.760478994619065611e-06
-2.163273258368542216e-06 5.591298422929725446e-05 1.640642510964542369e-04 -7.141104811921926507e-04 8.701933544845303903e-01 2.383252528315272373e-02 8.106481574568539031e-03 3.472603503865807038e-03 1.488972003687331996e-05 1.762710080418424017e-07 3.756311022933711839e-06 1.080974847942945695e-06 -2.201102218472135088e-06 -5.706745441520380531e-06 3.604510287923541632e-07 -1.015490425994137829e-04 2.110673505897751899e-06 -1.047117562239146272e-06
-5.065997356486569465e-04 1.564140016456519846e-03 -4.435335045840391177e-02 1.582280079502118575e-02 2.383252528315272373e-02 6.862859268613367476e+02 -1.497261221763955819e-01 -6.187664751268674712e-02 8.233855986744283552e-05 -1.564385409900131109e-05 2.513221375900724229e-04 -3.108354829231132024e-05 -2.194677409596278465e-04 -9.706220033214685392e-05 8.706888155365211232e-05 -1.725958011965115840e-03 6.379896240821556841e-05 -3.867631617285420000e-04
6.161080637716980499e-05 4.139961199225192061e-04 -1.410670891756831238e-04 -1.071863088408403324e-02 8.106481574568539031e-03 -1.497261221763955819e-01 9.096025890227390676e+01 6.161872372858802349e-02 1.303639393405837900e-04 2.113147681946643639e-05 -3.246642541339541901e-05 8.191730601621178602e-06 5.448649052209562170e-06 -2.748251580777300496e-05 -5.581980405454830487e-06 -5.959156839877321511e-04 5.736112872588345822e-06 1.541421703626200435e-05
2.826255386135239923e-05 2.505768541013089594e-04 -2.534145562566105046e-03 -5.737855973744106219e-03 3.472603503865807038e-03 -6.187664751268674712e-02 6.161872372858802349e-02 4.714801884038444513e+01 6.618585604745590753e-05 1.381746886767151511e-05 -2.080077523754949635e-05 2.562447291607827395e-06 -1.472605210498093428e-06 -1.280079925880848783e-05 -2.415194216263708313e-07 -3.146398600689350377e-04 1.872717124520152503e-06 -7.704866266761120241e-07
-9.593122547832846811e-09 7.611774854788395567e-07 1.131057326383479826e-06 -9.046821076077977159e-06 1.488972003687331996e-05 8.233855986744283552e-05 1.303639393405837900e-04 6.618585604745590753e-05 6.375596301535825527e-05 2.934503965370737979e-08 1.072019479930900832e-08 5.460222366654193389e-09 -9.114688265484817703e-09 -4.553569933826115653e-08 -1.448638536052181951e-08 -7.068185692117957935e-07 3.320640422772715980e-08 -7.393667963306498264e-08
-1.458412256732419517e-09 1.283626386457724726e-07 -1.702503251417819587e-06 -1.162341994660873473e-06 1.762710080418424017e-07 -1.564385409900131109e-05 2.113147681946643639e-05 1.381746886767151511e-05 2.934503965370737979e-08 1.429077669322788456e-05 -7.454567853826823689e-09 -2.026310850622920011e-09 -8.506954466194626245e-10 1.856485992328375379e-10 -3.429181903446664048e-09 1.547668927716958227e-08 4.694935018248266037e-09 -2.682077632514622337e-08
-7.011840483735087364e-08 9.442818335092873353e-08 1.336500962863074619e-06 4.331512509926093635e-06 3.756311022933711839e-06 2.513221375900724229e-04 -3.246642541339541901e-05 -2.080077523754949635e-05 1.072019479930900832e-08 -7.454567853826823689e-09 4.218905370381735218e-05 -2.174782300249660604e-09 -1.549200042661949018e-08 -1.042830169735819294e-08 -3.344438156135627276e-11 -3.415316754734274959e-08 1.531937533616862970e-08 -4.949299170254018320e-08
1.337511364555596189e-08 -1.395365901046711128e-08 1.472551948680076466e-06 -1.093489772319200925e-06 1.080974847942945695e-06 -3.108354829231132024e-05 8.191730601621178602e-06 2.562447291607827395e-06 5.460222366654193389e-09 -2.026310850622920011e-09 -2.174782300249660604e-09 2.638013690573393330e-06 3.323135271447386972e-09 -3.723986027148772096e-09 -3.025718429216873793e-10 -8.133932976131719698e-08 -1.462679797180143874e-09 1.825125287278449920e-08
4.294952360389451634e-08 -2.042013241152584737e-07 7.679326958425627345e-06 -3.229362115060182885e-08 -2.201102218472135088e-06 -2.194677409596278465e-04 5.448649052209562170e-06 -1.472605210498093428e-06 -9.114688265484817703e-09 -8.506954466194626245e-10 -1.549200042661949018e-08 3.323135271447386972e-09 4.038437216349098847e-05 1.140599736833508661e-08 -1.436356898488991031e-08 2.876147837478278713e-07 -1.970840352188111404e-09 3.283425217704030414e-08
5.951144315545701056e-09 -1.990683603485878086e-07 1.135541118041394336e-06 2.920497966066076047e-06 -5.706745441520380531e-06 -9.706220033214685392e-05 -2.748251580777300496e-05 -1.280079925880848783e-05 -4.553569933826115653e-08 1.856485992328375379e-10 -1.042830169735819294e-08 -3.723986027148772096e-09 1.140599736833508661e-08 1.368048664253190468e-05 -5.439022783840848646e-09 4.173928174070448677e-07 -4.233695643397546745e-09 -2.377164306341611407e-09
-6.638926464772155806e-09 4.074478871988733672e-08 -5.032568330805526634e-06 -7.992487473449970697e-07 3.604510287923541632e-07 8.706888155365211232e-05 -5.581980405454830487e-06 -2.415194216263708313e-07 -1.448638536052181951e-08 -3.429181903446664048e-09 -3.344438156135627276e-11 -3.025718429216873793e-10 -1.436356898488991031e-08 -5.439022783840848646e-09 8.295405406293468689e-06 -2.197745140665338076e-07 -6.690205690543716808e-09 1.005153348999928032e-08
