6.138926875891393548e-03 5.358647207067976582e-06 2.379649751608462274e-03 7.801815580515261217e-04 -5.044529010388780049e-05 -2.160229197727403863e-02 3.997458715696312719e-03 6.324861026058641554e-04 -1.871088318474185079e-05 2.425638626440703036e-06 1.118102317005573027e-06 -4.832518885201717828e-07 -1.914843882968156130e-06 4.116519902024208076e-06 3.248887371175753900e-07 1.685414247398853778e-04 8.293552640913027987e-05 -3.116248714505300697e-06
5.358647207067976582e-06 9.817216232338327186e-02 1.009020838156192684e-03 3.308131581494523068e-04 -2.138984901759276975e-05 -9.159819734929736459e-03 1.695005385174989422e-03 2.681872224860584655e-04 -7.933802451789221104e-06 1.028521074692145752e-06 4.740985669369092076e-07 -2.049088212522025889e-07 -8.119335118224113102e-07 1.745489796983593183e-06 1.377595613019527996e-07 7.146505889790255410e-05 3.516638291567987870e-05 -1.321354072248635733e-06
2.379649751608462274e-03 1.009020838156192684e-03 4.594446765903650487e+01 1.469063775239437541e-01 -9.498731104096635666e-03 -4.067661466545830606e+00 7.527122029019781557e-01 1.190956658859249478e-01 -3.523215898372414768e-03 4.567421263872328179e-04 2.105360725298877946e-04 -9.099520956558490234e-05 -3.605606611277474951e-04 7.751311480906045333e-04 6.117579552568670341e-05 3.173595929785579667e-02 1.561656722985759090e-02 -5.867824038996131844e-04
7.801815580515261217e-04 3.308131581494523068e-04 1.469063775239437541e-01 2.415896095664231069e+01 -3.114212428655735356e-03 -1.333605694893051252e+00 2.467809301883707174e-01 3.904618404673233095e-02 -1.155106152527762700e-03 1.497454755901360499e-04 6.902543577322341163e-05 -2.983329135983874217e-05 -1.182118411251887295e-04 2.541311074887536801e-04 2.005682871439849147e-05 1.040481279000206143e-02 5.119979419060054215e-03 -1.923799121287425541e-04
-5.044529010388780049e-05 -2.138984901759276975e-05 -9.498731104096635666e-03 -3.114212428655735356e-03 2.086451334842819305e-01 8.622880849823141847e-02 -1.595645973297598469e-02 -2.524663729051029957e-03 7.468731395109484239e-05 -9.682302638317643356e-06 -4.463074134722835969e-06 1.928972842115658147e-06 7.643388334079290528e-06 -1.643171042610803320e-05 -1.296842424202748734e-06 -6.727585319744657519e-04 -3.310496697274683425e-04 1.243897702700366557e-05
-2.160229197727403863e-02 -9.159819734929736459e-03 -4.067661466545830606e+00 -1.333605694893051252e+00 8.622880849823141847e-02 6.023538888228810538e+04 -6.833068089518188337e+00 -1.081142023508563810e+00 3.198350449858029798e-02 -4.146272688183998828e-03 -1.911231561478757800e-03 8.260480704105032908e-04 3.273144155746379735e-03 -7.036585686786383555e-03 -5.553495408282835364e-04 -2.880967917517158750e-01 -1.417660917343351867e-01 5.326769121211335535e-03
3.997458715696312719e-03 1.695005385174989422e-03 7.527122029019781557e-01 2.467809301883707174e-01 -1.595645973297598469e-02 -6.833068089518188337e+00 5.953961373643493425e+04 2.000630585553830887e-01 -5.918480268244925672e-03 7.672590442010226780e-04 3.536693824518532051e-04 -1.528584588209641517e-04 -6.056884448596317220e-04 1.302105388260641752e-03 1.027662650137971332e-04 5.331170564510477605e-02 2.623351723927271409e-02 -9.857074273641609329e-04
6.324861026058641554e-04 2.681872224860584655e-04 1.190956658859249478e-01 3.904618404673233095e-02 -2.524663729051029957e-03 -1.081142023508563810e+00 2.000630585553830887e-01 1.846743530798795291e+03 -9.364340658512321138e-04 1.213972969002320099e-04 5.595829381293083505e-05 -2.418557832514597446e-05 -9.583326586424681197e-05 2.060217805300368148e-04 1.625988885956911327e-05 8.435087220374185013e-03 4.150720809488372270e-03 -1.559606473470767586e-04
-1.871088318474185079e-05 -7.933802451789221104e-06 -3.523215898372414768e-03 -1.155106152527762700e-03 7.468731395109484239e-05 3.198350449858029798e-02 -5.918480268244925672e-03 -9.364340658512321138e-04 9.678766011678108239e-03 -3.591305219016215397e-06 -1.655418347434696695e-06 7.154837536078301087e-07 2.835042596842041277e-06 -6.094757581436069332e-06 -4.810174955541581445e-07 -2.495358095352195145e-04 -1.227910809088724809e-04 4.613795373376504271e-06
2.425638626440703036e-06 1.028521074692145752e-06 4.567421263872328179e-04 1.497454755901360499e-04 -9.682302638317643356e-06 -4.146272688183998828e-03 7.672590442010226780e-04 1.213972969002320099e-04 -3.591305219016215397e-06 1.102670237553042163e-03 2.146048717641885360e-07 -9.275377395104396928e-08 -3.675288206658584932e-07 7.901112556984636052e-07 6.235807287607908813e-08 3.234928529629050312e-05 1.591837145762588115e-05 -5.981225023777443304e-07
1.118102317005573027e-06 4.740985669369092076e-07 2.105360725298877946e-04 6.902543577322341163e-05 -4.463074134722835969e-06 -1.911231561478757800e-03 3.536693824518532051e-04 5.595829381293083505e-05 -1.655418347434696695e-06 2.146048717641885360e-07 1.009741358235915739e-03 -4.275501240588800264e-08 -1.694130450733353590e-07 3.642031488362888933e-07 2.874406146353921921e-08 1.491145896548119898e-05 7.337600834566017182e-06 -2.757056011855506164e-07
-4.832518885201717828e-07 -2.049088212522025889e-07 -9.099520956558490234e-05 -2.983329135983874217e-05 1.928972842115658147e-06 8.260480704105032908e-04 -1.528584588209641517e-04 -2.418557832514597446e-05 7.154837536078301087e-07 -9.275377395104396928e-08 -4.275501240588800264e-08 2.378621133332816569e-05 7.322154039614090255e-08 -1.574112286534619759e-07 -1.242339075300027949e-08 -6.444840151086030771e-06 -3.171364021503538288e-06 1.191619500488367128e-07
-1.914843882968156130e-06 -8.119335118224113102e-07 -3.605606611277474951e-04 -1.182118411251887295e-04 7.643388334079290528e-06 3.273144155746379735e-03 -6.056884448596317220e-04 -9.583326586424681197e-05 2.835042596842041277e-06 -3.675288206658584932e-07 -1.694130450733353590e-07 7.322154039614090255e-08 3.529236144913255489e-04 -6.237284022222744296e-07 -4.922661318914380748e-08 -2.553712263350942603e-05 -1.256625611094297266e-05 4.721689382990325258e-07
4.116519902024208076e-06 1.745489796983593183e-06 7.751311480906045333e-04 2.541311074887536801e-04 -1.643171042610803320e-05 -7.036585686786383555e-03 1.302105388260641752e-03 2.060217805300368148e-04 -6.094757581436069332e-06 7.901112556984636052e-07 3.642031488362888933e-07 -1.574112286534619759e-07 -6.237284022222744296e-07 5.717403239461325577e-04 1.058270779695347564e-07 5.489955316791879651e-05 2.701486206512341718e-05 -1.015065953373041231e-06
3.248887371175753900e-07 1.377595613019527996e-07 6.117579552568670341e-05 2.005682871439849147e-05 -1.296842424202748734e-06 -5.553495408282835364e-04 1.027662650137971332e-04 1.625988885956911327e-05 -4.810174955541581445e-07 6.235807287607908813e-08 2.874406146353921921e-08 -1.242339075300027949e-08 -4.922661318914380748e-08 1.058270779695347564e-07 1.426148351351282294e-06 4.332845928492594548e-06 2.132098138388115270e-06 -8.011220728466566413e-08
1.685414247398853778e-04 7.146505889790255410e-05 3.173595929785579667e-02 1.040481279000206143e-02 -6.727585319744657519e-04 -2.880967917517158750e-01 5.331170564510477605e-02 8.435087220374185013e-03 -2.495358095352195145e-04 3.234928529629050312e-05 1.491145896548119898e-05 -6.444840151086030771e-06 -2.553712263350942603e-05 5.489955316791879651e-05 4.332845928492594548e-06 2.522171223607277302e+00 1.106061296914533087e-03 -4.155953719604689575e-05
8.293552640913027987e-05 3.516638291567987870e-05 1.561656722985759090e-02 5.119979419060054215e-03 -3.310496697274683425e-04 -1.417660917343351867e-01 2.623351723927271409e-02 4.150720809488372270e-03 -1.227910809088724809e-04 1.591837145762588115e-05 7.337600834566017182e-06 -3.171364021503538288e-06 -1.256625611094297266e-05 2.701486206512341718e-05 2.132098138388115270e-06 1.106061296914533087e-03 6.677971002986361482e-01 -2.045053374856337870e-05
-3.116248714505300697e-06 -1.321354072248635733e-06 -5.867824038996131844e-04 -1.923799121287425541e-04 1.243897702700366557e-05 5.326769121211335535e-03 -9.857074273641609329e-04 -1.559606473470767586e-04 4.613795373376504271e-06 -5.981225023777443304e-07 -2.757056011855506164e-07 1.191619500488367128e-07 4.721689382990325258e-07 -1.015065953373041231e-06 -8.011220728466566413e-08 -4.155953719604689575e-05 -2.045053374856337870e-05 1.763156006984514523e-01
1.964698990590861907e-03 5.761608512848305604e-06 7.853752794388944901e-04 2.261957399885838622e-04 -2.212091539427591842e-05 -4.382475970903850632e-03 -6.859105505836617491e-04 2.344126896284620882e-04 -5.821139087109278330e-06 3.497354313732574591e-07 6.489727203420718079e-07 -2.349396852068604080e-07 -5.305565695434268540e-07 1.349740931635355288e-06 1.006880816105953706e-07 2.532014702170477571e-05 2.772679296003314112e-05 -2.980175342611764873e-06
5.761608512848305604e-06 3.148265621891199739e-02 7.216994546480299611e-04 -2.858569580648715456e-04 -1.066578523149774984e-04 3.931291789919329205e-02 -3.226599489010633509e-02 6.203638756138061486e-04 2.383813023591617749e-07 -6.791009997818021668e-06 5.013123768227971450e-06 -1.406208785162593033e-06 1.112447172196881530e-06 1.100403773830320466e-06 -1.061683526197842856e-08 -4.548430003332897876e-04 3.107795729811773028e-05 -3.352972002047645896e-05
7.853752794388944901e-04 7.216994546480299611e-04 1.470458372984265516e+01 4.469784527916376843e-02 -3.628762423364778784e-03 -1.052296943628064696e+00 4.720922970728293200e-02 4.126587474461137356e-02 -1.111036073560186296e-03 1.041293293871613641e-04 9.606708303259532602e-05 -3.703187333932725313e-05 -1.072793145461198777e-04 2.512403370302280126e-04 1.925337657750979294e-05 7.335709375012332972e-03 5.114321191269697794e-03 -3.831909470329964524e-04
2.261957399885838622e-04 -2.858569580648715456e-04 4.469784527916376843e-02 7.733138563415177913e+00 -4.178619048852110895e-04 -6.716720658495537455e-01 2.691830265424853819e-01 9.395655179908601190e-03 -3.857353206629946440e-04 8.919894463447820582e-05 -6.096853600073295719e-06 -1.774041104043499275e-06 -4.578377045377593106e-05 7.818048967200536372e-05 6.735318582140967862e-06 6.099168273695905647e-03 1.523455733080963503e-03 1.303821120564810506e-04
-2.212091539427591842e-05 -1.066578523149774984e-04 -3.628762423364778784e-03 -4.178619048852110895e-04 6.691389719433719907e-02 -3.481417936741256630e-02 4.336196975622007288e-02 -1.597577329192325073e-03 1.979716943103437823e-05 7.420282952660982072e-06 -8.609976537606734418e-06 2.597803639534512201e-06 4.186278048880895460e-07 -6.058621146890203834e-06 -3.341811000047474727e-07 4.904437439543500761e-04 -1.352230617873526487e-04 5.288947070189564101e-05
-4.382475970903850632e-03 3.931291789919329205e-02 -1.052296943628064696e+00 -6.716720658495537455e-01 -3.481417936741256630e-02 1.930173722648558032e+04 -2.269978752147359913e+01 -1.174581330607346943e-02 1.197114386790793135e-02 -5.778619750478512264e-03 2.427967703233818893e-03 -5.738885227468324118e-04 1.905405165150345212e-03 -1.912921592669989410e-03 -2.119125551119115428e-04 -3.908767318673916358e-01 -3.296989403777073752e-02 -1.899526832938431761e-02
-6.859105505836617491e-04 -3.226599489010633509e-02 4.720922970728293200e-02 2.691830265424853819e-01 4.336196975622007288e-02 -2.269978752147359913e+01 1.906860775704061598e+04 -1.955479181665397415e-01 -3.242487554660433095e-03 3.702975352255158479e-03 -2.247468895237825139e-03 6.020829055188501016e-04 -8.601760574963934281e-04 1.535593425733431446e-04 5.944681350194104888e-05 2.490308389761625163e-01 -1.231916678985367063e-03 1.576087819624793357e-02
2.344126896284620882e-04 6.203638756138061486e-04 4.126587474461137356e-02 9.395655179908601190e-03 -1.597577329192325073e-03 -1.174581330607346943e-02 -1.955479181665397415e-01 5.909621589729711104e+02 -2.776867202722688274e-04 -1.748479628153721226e-05 5.636837876854475379e-05 -1.834602484071150904e-05 -1.980977659670490491e-05 7.021386639338928273e-05 4.770398768948475173e-06 -1.080254190805612956e-03 1.485076589176951038e-03 -3.118370491546405116e-04
-5.821139087109278330e-06 2.383813023591617749e-07 -1.111036073560186296e-03 -3.857353206629946440e-04 1.979716943103437823e-05 1.197114386790793135e-02 -3.242487554660433095e-03 -2.776867202722688274e-04 3.097319279171432786e-03 -1.441887576069317309e-06 -3.299077848297510159e-07 1.738485018464882524e-07 9.636199817844405273e-07 -1.928050055787089270e-06 -1.561740122907442675e-07 -9.948758097964406427e-05 -3.847826021982850021e-05 1.155713538959892345e-07
3.497354313732574591e-07 -6.791009997818021668e-06 1.041293293871613641e-04 8.919894463447820582e-05 7.420282952660982072e-06 -5.778619750478512264e-03 3.702975352255158479e-03 -1.748479628153721226e-05 -1.441887576069317309e-06 3.536048185152630393e-04 -4.436374159223659539e-07 1.115994551193195213e-07 -2.622229369359965904e-07 1.957340494897739749e-07 2.571903100839247871e-08 6.069455161897940849e-05 3.004687809537939971e-06 3.297509087268732441e-06
6.489727203420718079e-07 5.013123768227971450e-06 9.606708303259532602e-05 -6.096853600073295719e-06 -8.609976537606734418e-06 2.427967703233818893e-03 -2.247468895237825139e-03 5.636837876854475379e-05 -3.299077848297510159e-07 -4.436374159223659539e-07 3.234670249453687669e-04 -1.101437319292619268e-07 4.452565947996058364e-08 1.555322061540698656e-07 5.262310583374482789e-09 -2.960084824938857424e-05 3.774468207350461579e-06 -2.470345971372372080e-06
-2.349396852068604080e-07 -1.406208785162593033e-06 -3.703187333932725313e-05 -1.774041104043499275e-06 2.597803639534512201e-06 -5.738885227468324118e-04 6.020829055188501016e-04 -1.834602484071150904e-05 1.738485018464882524e-07 1.115994551193195213e-07 -1.101437319292619268e-07 7.638189112949060906e-06 -3.798167740494733611e-09 -6.112314353187668394e-08 -2.890107374353796219e-09 7.416604278769453960e-06 -1.408206578370953059e-06 6.950521989748789645e-07
-5.305565695434268540e-07 1.112447172196881530e-06 -1.072793145461198777e-04 -4.578377045377593106e-05 4.186278048880895460e-07 1.905405165150345212e-03 -8.601760574963934281e-04 -1.980977659670490491e-05 9.636199817844405273e-07 -2.622229369359965904e-07 4.452565947996058364e-08 -3.798167740494733611e-09 1.129634280778235507e-04 -1.885878909575548839e-07 -1.686349979547880021e-08 -1.787445702369209642e-05 -3.618551593356986292e-06 -5.213241855642569795e-07
1.349740931635355288e-06 1.100403773830320466e-06 2.512403370302280126e-04 7.818048967200536372e-05 -6.058621146890203834e-06 -1.912921592669989410e-03 1.535593425733431446e-04 7.021386639338928273e-05 -1.928050055787089270e-06 1.957340494897739749e-07 1.555322061540698656e-07 -6.112314353187668394e-08 -1.885878909575548839e-07 1.829612491280484168e-04 3.342598673052553058e-08 1.373673867529633524e-05 8.803744659611822477e-06 -5.903292958731395115e-07
1.006880816105953706e-07 -1.061683526197842856e-08 1.925337657750979294e-05 6.735318582140967862e-06 -3.341811000047474727e-07 -2.119125551119115428e-04 5.944681350194104888e-05 4.770398768948475173e-06 -1.561740122907442675e-07 2.571903100839247871e-08 5.262310583374482789e-09 -2.890107374353796219e-09 -1.686349979547880021e-08 3.342598673052553058e-08 4.564117573519289708e-07 1.773265178319279038e-06 6.662213570253746108e-07 1.167359325040870354e-09
2.532014702170477571e-05 -4.548430003332897876e-04 7.335709375012332972e-03 6.099168273695905647e-03 4.904437439543500761e-04 -3.908767318673916358e-01 2.490308389761625163e-01 -1.080254190805612956e-03 -9.948758097964406427e-05 6.069455161897940849e-05 -2.960084824938857424e-05 7.416604278769453960e-06 -1.787445702369209642e-05 1.373673867529633524e-05 1.773265178319279038e-06 8.104724431421631570e-01 2.137693771911121582e-04 2.207825094053779478e-04
2.772679296003314112e-05 3.107795729811773028e-05 5.114321191269697794e-03 1.523455733080963503e-03 -1.352230617873526487e-04 -3.296989403777073752e-02 -1.231916678985367063e-03 1.485076589176951038e-03 -3.847826021982850021e-05 3.004687809537939971e-06 3.774468207350461579e-06 -1.408206578370953059e-06 -3.618551593356986292e-06 8.803744659611822477e-06 6.662213570253746108e-07 2.137693771911121582e-04 2.137008890648572079e-01 -1.625839598379949109e-05
-2.980175342611764873e-06 -3.352972002047645896e-05 -3.831909470329964524e-04 1.303821120564810506e-04 5.288947070189564101e-05 -1.899526832938431761e-02 1.576087819624793357e-02 -3.118370491546405116e-04 1.155713538959892345e-07 3.297509087268732441e-06 -2.470345971372372080e-06 6.950521989748789645e-07 -5.213241855642569795e-07 -5.903292958731395115e-07 1.167359325040870354e-09 2.207825094053779478e-04 -1.625839598379949109e-05 5.643721478995916002e-02
6.302099065284605438e-04 -2.053993290046550556e-06 2.695771256814714803e-04 5.758879067397504873e-05 -7.770352737830132247e-06 2.007539619765243057e-03 4.275573808433468892e-04 3.500222572311933946e-04 -1.493958644768723186e-06 8.233861659543735432e-07 5.253905792082988525e-07 -5.475407865577593212e-08 -5.603105529636362537e-07 4.801365837642389734e-07 2.961118888426604396e-08 1.304886844448535242e-05 -4.085769814002838299e-06 3.334932522381677766e-06
-2.053993290046550556e-06 1.008453618698689630e-02 1.836996341548595153e-04 -5.319181936217366979e-05 -3.234068727230107341e-05 3.756167216970396436e-03 -1.199950268666683667e-02 -5.131343534178703239e-04 -8.780861792670732532e-07 -4.014214132186007222e-06 7.820293698979686476e-07 -5.028452905034180911e-07 1.366573727618343217e-06 2.273504334038252241e-07 3.353980386743699617e-09 -1.583497390065945101e-04 4.347757747034780281e-05 -2.182719893500160603e-05
2.695771256814714803e-04 1.836996341548595153e-04 4.705688087425730970e+00 1.412399400533456174e-02 -1.169587596917962035e-03 -2.954031736111171202e-01 2.294984352465773841e-02 1.653848362553362455e-02 -3.510612408131823887e-04 4.194513654159030954e-05 3.459254822038400958e-05 -1.160260802025410265e-05 -3.906303175326700987e-05 8.098137713195378829e-05 6.129456800840318863e-06 2.407382665761294196e-03 1.479514457890499955e-03 -7.063904047904314440e-05
5.758879067397504873e-05 -5.319181936217366979e-05 1.412399400533456174e-02 2.474749642106006675e+00 -1.269224832108090009e-04 -2.484266418355112471e-01 7.978340183746562841e-02 3.055216603807360477e-04 -1.270576304480941748e-04 2.155575660629979447e-05 -5.071560396320667807e-06 -7.683188044374021392e-07 -1.081508507612026902e-05 2.454415580485922913e-05 2.180926927446159046e-06 1.903151214525643188e-03 6.147797564104162671e-04 -3.992724486565381895e-07
-7.770352737830132247e-06 -3.234068727230107341e-05 -1.169587596917962035e-03 -1.269224832108090009e-04 2.141276471200934811e-02 -1.270637634517440655e-02 1.357870587334477665e-02 -6.375092828421264268e-04 6.165738759718407386e-06 2.047783515164961919e-06 -2.901089031352943566e-06 8.219172712185584200e-07 3.132931933682335021e-07 -1.960901129430221066e-06 -1.057399018462666380e-07 1.546706039632553926e-04 -3.732091522943740492e-05 1.495531298213896133e-05
2.007539619765243057e-03 3.756167216970396436e-03 -2.954031736111171202e-01 -2.484266418355112471e-01 -1.270637634517440655e-02 6.184275609550961235e+03 -5.799087400212771470e+00 6.188330668965716930e-01 4.665700458986482557e-03 -2.384694906902584146e-04 1.496229952219087613e-03 -1.374007873473501650e-04 -2.743912853840135358e-04 -5.029714923546363967e-04 -7.371848987809201804e-05 -1.138824201655876944e-01 -3.988657834910435546e-02 3.630389794328001303e-03
4.275573808433468892e-04 -1.199950268666683667e-02 2.294984352465773841e-02 7.978340183746562841e-02 1.357870587334477665e-02 -5.799087400212771470e+00 6.102232442605670258e+03 5.556403418836481506e-02 -8.791637406912217612e-04 1.490587012866810297e-03 -5.827036223272160807e-04 2.014414336772224544e-04 -4.430219612367049644e-04 6.985320178885919202e-05 1.790220266266623632e-05 8.181476094947258415e-02 -5.960881547671274122e-03 6.885780533731695324e-03
3.500222572311933946e-04 -5.131343534178703239e-04 1.653848362553362455e-02 3.055216603807360477e-04 -6.375092828421264268e-04 6.188330668965716930e-01 5.556403418836481506e-02 1.891581027455896162e+02 -2.152248863585325413e-05 1.243065349609444380e-04 7.604766474046450856e-05 -2.141197487674444716e-06 -7.764327121999268773e-05 3.127244080371652772e-05 1.050172029062112067e-06 5.574454966436010817e-04 -1.890734010102250017e-03 6.832306496009413459e-04
-1.493958644768723186e-06 -8.780861792670732532e-07 -3.510612408131823887e-04 -1.270576304480941748e-04 6.165738759718407386e-06 4.665700458986482557e-03 -8.791637406912217612e-04 -2.152248863585325413e-05 9.912324728119214362e-04 -2.871977656657898364e-07 -2.777574551992499091e-08 6.063305405412697537e-08 2.127350819274995500e-07 -6.051692987859255087e-07 -5.061450653643745499e-08 -3.062487637411905695e-05 -1.548594152825123602e-05 1.087059591524137416e-06
8.233861659543735432e-07 -4.014214132186007222e-06 4.194513654159030954e-05 2.155575660629979447e-05 2.047783515164961919e-06 -2.384694906902584146e-04 1.490587012866810297e-03 1.243065349609444380e-04 -2.871977656657898364e-07 1.134896067315674774e-04 8.111439512177011935e-09 4.536038470384471471e-08 -2.683801998231548823e-07 8.541147568298047838e-08 6.997724355871576810e-09 2.175870951869727471e-05 -5.159401915436676356e-06 3.080927158330982420e-06
5.253905792082988525e-07 7.820293698979686476e-07 3.459254822038400958e-05 -5.071560396320667807e-06 -2.901089031352943566e-06 1.496229952219087613e-03 -5.827036223272160807e-04 7.604766474046450856e-05 -2.777574551992499091e-08 8.111439512177011935e-09 1.035764666914733886e-04 -3.093726728717309076e-08 -6.812947245988869609e-08 5.994157219603307434e-08 1.133605738988498549e-09 -8.428888910205681301e-06 -1.525562296492874788e-06 1.141106498698081337e-07
-5.475407865577593212e-08 -5.028452905034180911e-07 -1.160260802025410265e-05 -7.683188044374021392e-07 8.219172712185584200e-07 -1.374007873473501650e-04 2.014414336772224544e-04 -2.141197487674444716e-06 6.063305405412697537e-08 4.536038470384471471e-08 -3.093726728717309076e-08 2.444497530249884664e-06 -6.511590652722354845e-09 -1.890548093838350875e-08 -9.602160829770425983e-10 2.440393897522033769e-06 -6.263597238553616695e-07 2.805760815421898790e-07
-5.603105529636362537e-07 1.366573727618343217e-06 -3.906303175326700987e-05 -1.081508507612026902e-05 3.132931933682335021e-07 -2.743912853840135358e-04 -4.430219612367049644e-04 -7.764327121999268773e-05 2.127350819274995500e-07 -2.683801998231548823e-07 -6.812947245988869609e-08 -6.511590652722354845e-09 3.624955352719632599e-05 -7.285038549032008364e-08 -4.719863885907294826e-09 -7.002325375445730866e-06 2.201879199334739877e-06 -1.278761186332922447e-06
4.801365837642389734e-07 2.273504334038252241e-07 8.098137713195378829e-05 2.454415580485922913e-05 -1.960901129430221066e-06 -5.029714923546363967e-04 6.985320178885919202e-05 3.127244080371652772e-05 -6.051692987859255087e-07 8.541147568298047838e-08 5.994157219603307434e-08 -1.890548093838350875e-08 -7.285038549032008364e-08 5.854914338927748676e-05 1.061279295645613953e-08 4.554108001339186571e-06 2.402358026068538583e-06 -5.161319406935625148e-08
2.961118888426604396e-08 3.353980386743699617e-09 6.129456800840318863e-06 2.180926927446159046e-06 -1.057399018462666380e-07 -7.371848987809201804e-05 1.790220266266623632e-05 1.050172029062112067e-06 -5.061450653643745499e-08 6.997724355871576810e-09 1.133605738988498549e-09 -9.602160829770425983e-10 -4.719863885907294826e-09 1.061279295645613953e-08 1.460562814955327844e-07 5.588769732219495952e-07 2.356364719063585205e-07 -7.054871808715884463e-09
1.304886844448535242e-05 -1.583497390065945101e-04 2.407382665761294196e-03 1.903151214525643188e-03 1.546706039632553926e-04 -1.138824201655876944e-01 8.181476094947258415e-02 5.574454966436010817e-04 -3.062487637411905695e-05 2.175870951869727471e-05 -8.428888910205681301e-06 2.440393897522033769e-06 -7.002325375445730866e-06 4.554108001339186571e-06 5.588769732219495952e-07 2.593674257337927891e-01 2.585131368570090253e-05 8.473402441003031777e-05
-4.085769814002838299e-06 4.347757747034780281e-05 1.479514457890499955e-03 6.147797564104162671e-04 -3.732091522943740492e-05 -3.988657834910435546e-02 -5.960881547671274122e-03 -1.890734010102250017e-03 -1.548594152825123602e-05 -5.159401915436676356e-06 -1.525562296492874788e-06 -6.263597238553616695e-07 2.201879199334739877e-06 2.402358026068538583e-06 2.356364719063585205e-07 2.585131368570090253e-05 6.849576728837712680e-02 -4.209812889894438390e-05
3.334932522381677766e-06 -2.182719893500160603e-05 -7.063904047904314440e-05 -3.992724486565381895e-07 1.495531298213896133e-05 3.630389794328001303e-03 6.885780533731695324e-03 6.832306496009413459e-04 1.087059591524137416e-06 3.080927158330982420e-06 1.141106498698081337e-07 2.805760815421898790e-07 -1.278761186332922447e-06 -5.161319406935625148e-08 -7.054871808715884463e-09 8.473402441003031777e-05 -4.209812889894438390e-05 1.807211935007583051e-02
2.018328189007020652e-04 -1.019058420624775585e-06 8.242493095401702313e-05 1.728308959810544493e-05 -2.159038003126699927e-06 1.451412628009152508e-03 5.426733524745274567e-04 9.245578450956964706e-06 -8.857228801418483041e-07 2.793558151664439271e-07 1.187638407475653579e-07 -1.760518028518022293e-08 -1.528721311331378491e-07 1.552501295018058317e-07 1.124133596101998956e-08 4.762983485231658522e-06 -3.407573875255762009e-06 4.590990476674998131e-08
-1.019058420624775585e-06 3.227841716378200207e-03 6.716997791945421617e-05 -1.451997121477101669e-05 -1.106423209406497806e-05 -5.648997831535196822e-04 -4.726236889598623911e-03 6.023042921631016936e-05 6.093421443371638179e-07 -1.319213840390127095e-06 3.580551999839618778e-07 -1.607273079049634454e-07 3.795859194984599825e-07 6.924367696252243247e-08 -2.783174311005935154e-09 -5.195469186982003886e-05 1.849954850249942211e-05 -4.754231281366706414e-06
8.242493095401702313e-05 6.716997791945421617e-05 1.505909193591600692e+00 4.546226746363135791e-03 -3.818589179655582783e-04 -1.132816823058657163e-01 -2.063792792895670618e-03 7.674333433425993209e-03 -1.028901041967170631e-04 1.305452418222963228e-05 1.221380968596352808e-05 -3.710890336340040959e-06 -1.311275528431376901e-05 2.587680370895542738e-05 1.920495858775652298e-06 7.567477476415995601e-04 5.221257071704520991e-04 1.068571421408843122e-06
1.728308959810544493e-05 -1.451997121477101669e-05 4.546226746363135791e-03 7.919278044304072228e-01 -4.287941033221827065e-05 -8.509008551172304868e-02 2.272453972159605221e-02 8.082773266489998816e-04 -3.783983961173162939e-05 6.788098794116487288e-06 -1.281608168238529479e-06 -2.452820909308140294e-07 -3.643549594670600691e-06 7.843022784006051815e-06 6.856878896264663749e-07 6.049473836585899170e-04 2.112501529106681889e-04 6.933452997583849060e-06
-2.159038003126699927e-06 -1.106423209406497806e-05 -3.818589179655582783e-04 -4.287941033221827065e-05 6.852732100307809202e-03 -2.466710177419908622e-03 5.147529767220813436e-03 -4.071545850589641238e-04 1.167131834246577940e-06 6.866689182898133152e-07 -1.025931650467765507e-06 2.628477121820643452e-07 1.524984403765157285e-07 -6.243125881436707914e-07 -3.034600666851800852e-08 5.065573000284805572e-05 -1.609448237959973697e-05 2.766731410230712219e-06
1.451412628009152508e-03 -5.648997831535196822e-04 -1.132816823058657163e-01 -8.509008551172304868e-02 -2.466710177419908622e-03 1.982919209931021214e+03 1.264171303096649768e-01 -3.038429038875595789e-01 -4.978973236173294065e-04 1.207029207263868139e-06 2.377223502557898377e-04 -4.437788340839012632e-05 4.126085518849909175e-05 -1.531053888431491996e-04 -1.496627430011642099e-05 -3.357388090620693627e-02 -2.302036223458252262e-02 -3.825972787446379336e-03
5.426733524745274567e-04 -4.726236889598623911e-03 -2.063792792895670618e-03 2.272453972159605221e-02 5.147529767220813436e-03 1.264171303096649768e-01 1.953708764097612402e+03 -2.339948463986682992e-01 -1.280127780156742421e-03 5.158763129844059353e-04 -3.074045530627110253e-04 6.425575694535309141e-05 -7.701781811581857808e-05 2.628890954753833941e-05 1.005497005306025366e-05 2.761977479417148870e-02 -7.052989827481490406e-03 -2.987530186752078280e-04
9.245578450956964706e-06 6.023042921631016936e-05 7.674333433425993209e-03 8.082773266489998816e-04 -4.071545850589641238e-04 -3.038429038875595789e-01 -2.339948463986682992e-01 6.059434181101656947e+01 2.460054819336633734e-04 2.993162091670152362e-05 5.495682722156878511e-05 -6.331506081958688618e-07 -4.124019670378606341e-05 9.010624095042946708e-06 -7.593452821190479578e-07 -1.859818956619505514e-04 6.977957601332296584e-04 8.521857603101819873e-04
-8.857228801418483041e-07 6.093421443371638179e-07 -1.028901041967170631e-04 -3.783983961173162939e-05 1.167131834246577940e-06 -4.978973236173294065e-04 -1.280127780156742421e-03 2.460054819336633734e-04 3.181976191861583900e-04 -1.309643350372560344e-07 1.125878661339910226e-07 1.960899111479932581e-08 3.038669514833243928e-09 -1.976075274502562812e-07 -2.054210660486407063e-08 -1.124539802255480379e-05 2.128414301261209473e-07 2.861166257193887660e-06
2.793558151664439271e-07 -1.319213840390127095e-06 1.305452418222963228e-05 6.788098794116487288e-06 6.866689182898133152e-07 1.207029207263868139e-06 5.158763129844059353e-04 2.993162091670152362e-05 -1.309643350372560344e-07 3.631819501057874388e-05 -2.134056568949921709e-09 1.450728630665246350e-08 -8.334944147499652795e-08 2.748559743937264188e-08 2.408464067179163470e-09 7.019065694631775322e-06 -1.852239954535910665e-06 8.880401426877604076e-07
1.187638407475653579e-07 3.580551999839618778e-07 1.221380968596352808e-05 -1.281608168238529479e-06 -1.025931650467765507e-06 2.377223502557898377e-04 -3.074045530627110253e-04 5.495682722156878511e-05 1.125878661339910226e-07 -2.134056568949921709e-09 3.315917830641693245e-05 -9.874931862117097178e-09 -2.967639925655738784e-08 1.870261048620757594e-08 -1.634178433218481101e-10 -2.872265629943862951e-06 1.376301625360833945e-07 3.408398503490353961e-07
-1.760518028518022293e-08 -1.607273079049634454e-07 -3.710890336340040959e-06 -2.452820909308140294e-07 2.628477121820643452e-07 -4.437788340839012632e-05 6.425575694535309141e-05 -6.331506081958688618e-07 1.960899111479932581e-08 1.450728630665246350e-08 -9.874931862117097178e-09 7.822392521495401547e-07 -2.097090259658998684e-09 -6.050567301162006875e-09 -3.081632244895795622e-10 7.806286488856305862e-07 -1.993717267684985725e-07 9.030145824539991336e-08
-1.528721311331378491e-07 3.795859194984599825e-07 -1.311275528431376901e-05 -3.643549594670600691e-06 1.524984403765157285e-07 4.126085518849909175e-05 -7.701781811581857808e-05 -4.124019670378606341e-05 3.038669514833243928e-09 -8.334944147499652795e-08 -2.967639925655738784e-08 -2.097090259658998684e-09 1.160407327317530737e-05 -2.305583822515488287e-08 -1.228651705158704255e-09 -2.147040302101905499e-06 3.695516318663401212e-07 -5.721345025611848454e-07
1.552501295018058317e-07 6.924367696252243247e-08 2.587680370895542738e-05 7.843022784006051815e-06 -6.243125881436707914e-07 -1.531053888431491996e-04 2.628890954753833941e-05 9.010624095042946708e-06 -1.976075274502562812e-07 2.748559743937264188e-08 1.870261048620757594e-08 -6.050567301162006875e-09 -2.305583822515488287e-08 1.873574146327326912e-05 3.413217622263381298e-09 1.463010497915632106e-06 7.483880320142493189e-07 -2.642024064866013197e-08
1.124133596101998956e-08 -2.783174311005935154e-09 1.920495858775652298e-06 6.856878896264663749e-07 -3.034600666851800852e-08 -1.496627430011642099e-05 1.005497005306025366e-05 -7.593452821190479578e-07 -2.054210660486407063e-08 2.408464067179163470e-09 -1.634178433218481101e-10 -3.081632244895795622e-10 -1.228651705158704255e-09 3.413217622263381298e-09 4.675683238414292043e-08 1.851015197174943335e-07 5.301708249516397031e-08 -1.314390628282310656e-08
4.762983485231658522e-06 -5.195469186982003886e-05 7.567477476415995601e-04 6.049473836585899170e-04 5.065573000284805572e-05 -3.357388090620693627e-02 2.761977479417148870e-02 -1.859818956619505514e-04 -1.124539802255480379e-05 7.019065694631775322e-06 -2.872265629943862951e-06 7.806286488856305862e-07 -2.147040302101905499e-06 1.463010497915632106e-06 1.851015197174943335e-07 8.299965880232831883e-02 8.259399645984942350e-07 2.349374777307339500e-05
-3.407573875255762009e-06 1.849954850249942211e-05 5.221257071704520991e-04 2.112501529106681889e-04 -1.609448237959973697e-05 -2.302036223458252262e-02 -7.052989827481490406e-03 6.977957601332296584e-04 2.128414301261209473e-07 -1.852239954535910665e-06 1.376301625360833945e-07 -1.993717267684985725e-07 3.695516318663401212e-07 7.483880320142493189e-07 5.301708249516397031e-08 8.259399645984942350e-07 2.194527135361835912e-02 -5.235624939092073378e-07
4.590990476674998131e-08 -4.754231281366706414e-06 1.068571421408843122e-06 6.933452997583849060e-06 2.766731410230712219e-06 -3.825972787446379336e-03 -2.987530186752078280e-04 8.521857603101819873e-04 2.861166257193887660e-06 8.880401426877604076e-07 3.408398503490353961e-07 9.030145824539991336e-08 -5.721345025611848454e-07 -2.642024064866013197e-08 -1.314390628282310656e-08 2.349374777307339500e-05 -5.235624939092073378e-07 5.789374581017003515e-03
2.018328189007020652e-04 -1.019058420624775585e-06 8.242493095401702313e-05 1.728308959810544493e-05 -2.159038003126699927e-06 1.451412628009152508e-03 5.426733524745274567e-04 9.245578450956964706e-06 -8.857228801418483041e-07 2.793558151664439271e-07 1.187638407475653579e-07 -1.760518028518022293e-08 -1.528721311331378491e-07 1.552501295018058317e-07 1.124133596101998956e-08 4.762983485231658522e-06 -3.407573875255762009e-06 4.590990476674998131e-08
-1.019058420624775585e-06 3.227841716378200207e-03 6.716997791945421617e-05 -1.451997121477101669e-05 -1.106423209406497806e-05 -5.648997831535196822e-04 -4.726236889598623911e-03 6.023042921631016936e-05 6.093421443371638179e-07 -1.319213840390127095e-06 3.580551999839618778e-07 -1.607273079049634454e-07 3.795859194984599825e-07 6.924367696252243247e-08 -2.783174311005935154e-09 -5.195469186982003886e-05 1.849954850249942211e-05 -4.754231281366706414e-06
8.242493095401702313e-05 6.716997791945421617e-05 1.505909193591600692e+00 4.546226746363135791e-03 -3.818589179655582783e-04 -1.132816823058657163e-01 -2.063792792895670618e-03 7.674333433425993209e-03 -1.028901041967170631e-04 1.305452418222963228e-05 1.221380968596352808e-05 -3.710890336340040959e-06 -1.311275528431376901e-05 2.587680370895542738e-05 1.920495858775652298e-06 7.567477476415995601e-04 5.221257071704520991e-04 1.068571421408843122e-06
1.728308959810544493e-05 -1.451997121477101669e-05 4.546226746363135791e-03 7.919278044304072228e-01 -4.287941033221827065e-05 -8.509008551172304868e-02 2.272453972159605221e-02 8.082773266489998816e-04 -3.783983961173162939e-05 6.788098794116487288e-06 -1.281608168238529479e-06 -2.452820909308140294e-07 -3.643549594670600691e-06 7.843022784006051815e-06 6.856878896264663749e-07 6.049473836585899170e-04 2.112501529106681889e-04 6.933452997583849060e-06
-2.159038003126699927e-06 -1.106423209406497806e-05 -3.818589179655582783e-04 -4.287941033221827065e-05 6.852732100307809202e-03 -2.466710177419908622e-03 5.147529767220813436e-03 -4.071545850589641238e-04 1.167131834246577940e-06 6.866689182898133152e-07 -1.025931650467765507e-06 2.628477121820643452e-07 1.524984403765157285e-07 -6.243125881436707914e-07 -3.034600666851800852e-08 5.065573000284805572e-05 -1.609448237959973697e-05 2.766731410230712219e-06
1.451412628009152508e-03 -5.648997831535196822e-04 -1.132816823058657163e-01 -8.509008551172304868e-02 -2.466710177419908622e-03 1.982919209931021214e+03 1.264171303096649768e-01 -3.038429038875595789e-01 -4.978973236173294065e-04 1.207029207263868139e-06 2.377223502557898377e-04 -4.437788340839012632e-05 4.126085518849909175e-05 -1.531053888431491996e-04 -1.496627430011642099e-05 -3.357388090620693627e-02 -2.302036223458252262e-02 -3.825972787446379336e-03
5.426733524745274567e-04 -4.726236889598623911e-03 -2.063792792895670618e-03 2.272453972159605221e-02 5.147529767220813436e-03 1.264171303096649768e-01 1.953708764097612402e+03 -2.339948463986682992e-01 -1.280127780156742421e-03 5.158763129844059353e-04 -3.074045530627110253e-04 6.425575694535309141e-05 -7.701781811581857808e-05 2.628890954753833941e-05 1.005497005306025366e-05 2.761977479417148870e-02 -7.052989827481490406e-03 -2.987530186752078280e-04
9.245578450956964706e-06 6.023042921631016936e-05 7.674333433425993209e-03 8.082773266489998816e-04 -4.071545850589641238e-04 -3.038429038875595789e-01 -2.339948463986682992e-01 6.059434181101656947e+01 2.460054819336633734e-04 2.993162091670152362e-05 5.495682722156878511e-05 -6.331506081958688618e-07 -4.124019670378606341e-05 9.010624095042946708e-06 -7.593452821190479578e-07 -1.859818956619505514e-04 6.977957601332296584e-04 8.521857603101819873e-04
-8.857228801418483041e-07 6.093421443371638179e-07 -1.028901041967170631e-04 -3.783983961173162939e-05 1.167131834246577940e-06 -4.978973236173294065e-04 -1.280127780156742421e-03 2.460054819336633734e-04 3.181976191861583900e-04 -1.309643350372560344e-07 1.125878661339910226e-07 1.960899111479932581e-08 3.038669514833243928e-09 -1.976075274502562812e-07 -2.054210660486407063e-08 -1.124539802255480379e-05 2.128414301261209473e-07 2.861166257193887660e-06
2.793558151664439271e-07 -1.319213840390127095e-06 1.305452418222963228e-05 6.788098794116487288e-06 6.866689182898133152e-07 1.207029207263868139e-06 5.158763129844059353e-04 2.993162091670152362e-05 -1.309643350372560344e-07 3.631819501057874388e-05 -2.134056568949921709e-09 1.450728630665246350e-08 -8.334944147499652795e-08 2.748559743937264188e-08 2.408464067179163470e-09 7.019065694631775322e-06 -1.852239954535910665e-06 8.880401426877604076e-07
1.187638407475653579e-07 3.580551999839618778e-07 1.221380968596352808e-05 -1.281608168238529479e-06 -1.025931650467765507e-06 2.377223502557898377e-04 -3.074045530627110253e-04 5.495682722156878511e-05 1.125878661339910226e-07 -2.134056568949921709e-09 3.315917830641693245e-05 -9.874931862117097178e-09 -2.967639925655738784e-08 1.870261048620757594e-08 -1.634178433218481101e-10 -2.872265629943862951e-06 1.376301625360833945e-07 3.408398503490353961e-07
-1.760518028518022293e-08 -1.607273079049634454e-07 -3.710890336340040959e-06 -2.452820909308140294e-07 2.628477121820643452e-07 -4.437788340839012632e-05 6.425575694535309141e-05 -6.331506081958688618e-07 1.960899111479932581e-08 1.450728630665246350e-08 -9.874931862117097178e-09 7.822392521495401547e-07 -2.097090259658998684e-09 -6.050567301162006875e-09 -3.081632244895795622e-10 7.806286488856305862e-07 -1.993717267684985725e-07 9.030145824539991336e-08
-1.528721311331378491e-07 3.795859194984599825e-07 -1.311275528431376901e-05 -3.643549594670600691e-06 1.524984403765157285e-07 4.126085518849909175e-05 -7.701781811581857808e-05 -4.124019670378606341e-05 3.038669514833243928e-09 -8.334944147499652795e-08 -2.967639925655738784e-08 -2.097090259658998684e-09 1.160407327317530737e-05 -2.305583822515488287e-08 -1.228651705158704255e-09 -2.147040302101905499e-06 3.695516318663401212e-07 -5.721345025611848454e-07
1.552501295018058317e-07 6.924367696252243247e-08 2.587680370895542738e-05 7.843022784006051815e-06 -6.243125881436707914e-07 -1.531053888431491996e-04 2.628890954753833941e-05 9.010624095042946708e-06 -1.976075274502562812e-07 2.748559743937264188e-08 1.870261048620757594e-08 -6.050567301162006875e-09 -2.305583822515488287e-08 1.873574146327326912e-05 3.413217622263381298e-09 1.463010497915632106e-06 7.483880320142493189e-07 -2.642024064866013197e-08
1.124133596101998956e-08 -2.783174311005935154e-09 1.920495858775652298e-06 6.856878896264663749e-07 -3.034600666851800852e-08 -1.496627430011642099e-05 1.005497005306025366e-05 -7.593452821190479578e-07 -2.054210660486407063e-08 2.408464067179163470e-09 -1.634178433218481101e-10 -3.081632244895795622e-10 -1.228651705158704255e-09 3.413217622263381298e-09 4.675683238414292043e-08 1.851015197174943335e-07 5.301708249516397031e-08 -1.314390628282310656e-08
