7.499416463445940113e-04 2.031730738626410801e-06 3.837159907449076853e-05 -1.577263511326351892e-04 -2.675860413796239527e-04 -4.069288074024489561e-03 -9.352971369940867290e-04 -1.091582125148508105e-03 2.311423447408765015e-06 2.560312479801888765e-07 -1.427422629172114577e-09 2.859061142527218446e-07 -1.152745897771832874e-06 2.641687963385632193e-06 -3.506187216752649688e-09 1.237414659949218152e-04 1.609177485459321389e-05 8.780160070110360024e-05
2.031730738626410801e-06 9.648267885043297631e-02 3.566128897744739556e-05 -1.465856290268216988e-04 -2.486855741780577013e-04 -3.781861101450421925e-03 -8.692340764161381531e-04 -1.014480150591787417e-03 2.148160136544571726e-06 2.379469331927803858e-07 -1.326599154052326272e-09 2.657116410757950876e-07 -1.071323728213792291e-06 2.455097002021140180e-06 -3.258533878218562153e-09 1.150012061986616259e-04 1.495516077231101354e-05 8.159988978322386933e-05
3.837159907449076853e-05 3.566128897744739556e-05 1.101110536202629397e+01 -2.768440167864929472e-03 -4.696716433212662009e-03 -7.142484738818098700e-02 -1.641649695405742945e-02 -1.915963806988250917e-02 4.057050372876615035e-05 4.493904702968065257e-06 -2.505436862478584064e-08 5.018273517719403984e-06 -2.023319517516403943e-05 4.636736357802470702e-05 -6.154120384583074627e-08 2.171931591841362585e-03 2.824456126689476221e-04 1.541108866326131727e-03
-1.577263511326351892e-04 -1.465856290268216988e-04 -2.768440167864929472e-03 5.192532560062230296e+00 1.930583981859112369e-02 2.935916362743509200e-01 6.747996501049807749e-02 7.875563892758090379e-02 -1.667649425901904345e-04 -1.847218276624162323e-05 1.029859124569697404e-07 -2.062759931893505316e-05 8.316849241903568268e-05 -1.905929188565915703e-04 2.529649470189924460e-07 -8.927718759538825349e-03 -1.160991904278253078e-03 -6.334723703119441579e-03
-2.675860413796239527e-04 -2.486855741780577013e-04 -4.696716433212662009e-03 1.930583981859112369e-02 3.089839123167349211e+00 4.980843287673376030e-01 1.144811667798647375e-01 1.336105825413593795e-01 -2.829202001324694431e-04 -3.133844298409547475e-05 1.747177464915505785e-07 -3.499515208005586414e-05 1.410970804441331742e-04 -3.233448583929791334e-04 4.291603038714611129e-07 -1.514606091030851892e-02 -1.969646958220473264e-03 -1.074699076456777334e-02
-4.069288074024489561e-03 -3.781861101450421925e-03 -7.142484738818098700e-02 2.935916362743509200e-01 4.980843287673376030e-01 1.820293058938941613e+03 1.740960942042569570e+00 2.031869627039595727e+00 -4.302480766051451459e-03 -4.765762505255509733e-04 2.657002728740393489e-06 -5.321852899120934786e-04 2.145719798277588922e-03 -4.917234730450631766e-03 6.526412578865725682e-06 -2.303322128202021368e-01 -2.995320994996979180e-02 -1.634337917046412292e-01
-9.352971369940867290e-04 -8.692340764161381531e-04 -1.641649695405742945e-02 6.747996501049807749e-02 1.144811667798647375e-01 1.740960942042569570e+00 1.765255146124736257e+03 4.670108899505600042e-01 -9.888948310509391472e-04 -1.095376868305839079e-04 6.106933202983188074e-07 -1.223190319659226040e-04 4.931785480932458516e-04 -1.130191689960628135e-03 1.500049858553851395e-06 -5.294023310450723246e-02 -6.884533854660921867e-03 -3.756410327525977477e-02
-1.091582125148508105e-03 -1.014480150591787417e-03 -1.915963806988250917e-02 7.875563892758090379e-02 1.336105825413593795e-01 2.031869627039595727e+00 4.670108899505600042e-01 1.497813911024694062e+04 -1.154135812599823294e-03 -1.278410638127896451e-04 7.127381085840442858e-07 -1.427581284901487417e-04 5.755870154114292028e-04 -1.319042898727707360e-03 1.750703116328777851e-06 -6.178636699755100936e-02 -8.034916176349989753e-03 -4.384093788022076776e-02
2.311423447408765015e-06 2.148160136544571726e-06 4.057050372876615035e-05 -1.667649425901904345e-04 -2.829202001324694431e-04 -4.302480766051451459e-03 -9.888948310509391472e-04 -1.154135812599823294e-03 1.249268061978982269e-02 2.707032532237192983e-07 -1.509221833234767716e-09 3.022901144111631124e-07 -1.218804607362918431e-06 2.793071280681199560e-06 -3.707111118170238908e-09 1.308325357461426230e-04 1.701392247097545865e-05 9.283311758054570650e-05
2.560312479801888765e-07 2.379469331927803858e-07 4.493904702968065257e-06 -1.847218276624162323e-05 -3.133844298409547475e-05 -4.765762505255509733e-04 -1.095376868305839079e-04 -1.278410638127896451e-04 2.707032532237192983e-07 1.376091172154454559e-04 -1.671731546529179053e-10 3.348400542165006518e-08 -1.350042827578650209e-07 3.093823100618427723e-07 -4.106284753018296622e-10 1.449202976678713850e-05 1.884594451166207573e-06 1.028291850836946313e-05
-1.427422629172114577e-09 -1.326599154052326272e-09 -2.505436862478584064e-08 1.029859124569697404e-07 1.747177464915505785e-07 2.657002728740393489e-06 6.106933202983188074e-07 7.127381085840442858e-07 -1.509221833234767716e-09 -1.671731546529179053e-10 1.423083921109106220e-05 -1.866796628585094003e-10 7.526744089402655683e-10 -1.724864890249605312e-09 2.289331409553683135e-12 -8.079580674210711351e-08 -1.050697048750471877e-08 -5.732921543199714856e-08
2.859061142527218446e-07 2.657116410757950876e-07 5.018273517719403984e-06 -2.062759931893505316e-05 -3.499515208005586414e-05 -5.321852899120934786e-04 -1.223190319659226040e-04 -1.427581284901487417e-04 3.022901144111631124e-07 3.348400542165006518e-08 -1.866796628585094003e-10 2.714344565893002533e-04 -1.507571837237757634e-07 3.454824158618194619e-07 -4.585424345709166952e-10 1.618302434153464465e-05 2.104497324939273947e-06 1.148277523582900347e-05
-1.152745897771832874e-06 -1.071323728213792291e-06 -2.023319517516403943e-05 8.316849241903568268e-05 1.410970804441331742e-04 2.145719798277588922e-03 4.931785480932458516e-04 5.755870154114292028e-04 -1.218804607362918431e-06 -1.350042827578650209e-07 7.526744089402655683e-10 -1.507571837237757634e-07 3.194941960548433948e-04 -1.392951804049162132e-06 1.848798903050745420e-09 -6.524839446684965651e-05 -8.485130388121626298e-06 -4.629744307055112167e-05
2.641687963385632193e-06 2.455097002021140180e-06 4.636736357802470702e-05 -1.905929188565915703e-04 -3.233448583929791334e-04 -4.917234730450631766e-03 -1.130191689960628135e-03 -1.319042898727707360e-03 2.793071280681199560e-06 3.093823100618427723e-07 -1.724864890249605312e-09 3.454824158618194619e-07 -1.392951804049162132e-06 5.686748959351842474e-04 -4.236796520681621120e-09 1.495263601687797064e-04 1.944493305713350839e-05 1.060974481292097766e-04
-3.506187216752649688e-09 -3.258533878218562153e-09 -6.154120384583074627e-08 2.529649470189924460e-07 4.291603038714611129e-07 6.526412578865725682e-06 1.500049858553851395e-06 1.750703116328777851e-06 -3.707111118170238908e-09 -4.106284753018296622e-10 2.289331409553683135e-12 -4.585424345709166952e-10 1.848798903050745420e-09 -4.236796520681621120e-09 3.304632401172881323e-06 -1.984592502437032878e-07 -2.580833794925385951e-08 -1.408181138411042166e-07
1.237414659949218152e-04 1.150012061986616259e-04 2.171931591841362585e-03 -8.927718759538825349e-03 -1.514606091030851892e-02 -2.303322128202021368e-01 -5.294023310450723246e-02 -6.178636699755100936e-02 1.308325357461426230e-04 1.449202976678713850e-05 -8.079580674210711351e-08 1.618302434153464465e-05 -6.524839446684965651e-05 1.495263601687797064e-04 -1.984592502437032878e-07 4.704098454585566635e+00 9.108360094047830962e-04 4.969797323451741709e-03
1.609177485459321389e-05 1.495516077231101354e-05 2.824456126689476221e-04 -1.160991904278253078e-03 -1.969646958220473264e-03 -2.995320994996979180e-02 -6.884533854660921867e-03 -8.034916176349989753e-03 1.701392247097545865e-05 1.884594451166207573e-06 -1.050697048750471877e-08 2.104497324939273947e-06 -8.485130388121626298e-06 1.944493305713350839e-05 -2.580833794925385951e-08 9.108360094047830962e-04 2.253220553903383383e+00 6.462898993392189595e-04
8.780160070110360024e-05 8.159988978322386933e-05 1.541108866326131727e-03 -6.334723703119441579e-03 -1.074699076456777334e-02 -1.634337917046412292e-01 -3.756410327525977477e-02 -4.384093788022076776e-02 9.283311758054570650e-05 1.028291850836946313e-05 -5.732921543199714856e-08 1.148277523582900347e-05 -4.629744307055112167e-05 1.060974481292097766e-04 -1.408181138411042166e-07 4.969797323451741709e-03 6.462898993392189595e-04 7.187273383257402948e+00
2.401393145585204521e-04 3.555923949431528630e-06 -2.443915963247252139e-05 -7.521532865963248581e-05 -9.406521586308474634e-05 -9.913658304192794757e-04 -6.970627248416885443e-04 1.568280769965650992e-04 9.730550934668526845e-07 1.297848718437123422e-07 1.492969096591962221e-08 -2.284644603056919056e-09 -4.826285760729941732e-07 9.726475759991400623e-07 1.854016012009582756e-09 6.968219708374931898e-06 6.833251889057325221e-06 1.221064446209163135e-05
3.555923949431528630e-06 3.092790125619995084e-02 -6.639210572242304964e-04 -5.019881177937924937e-04 -2.347684370702287499e-04 4.506272569980126867e-03 -7.594047954979336532e-03 8.984381072035295748e-03 4.980184874888512319e-06 9.563079515973087849e-07 2.825692001619054558e-07 -1.639710243082949875e-06 -2.434954613963288200e-06 3.127117450541888984e-06 5.369291287452353540e-08 -5.633254443168009534e-04 3.575628231891102776e-05 -2.660669296366470374e-04
-2.443915963247252139e-05 -6.639210572242304964e-04 3.532087396138582136e+00 4.864618135122594778e-03 4.580602187810964721e-04 -9.509073786240219983e-02 8.719225949465155001e-02 -1.237622295473723849e-01 -4.126204945640665425e-05 -9.683944850811699394e-06 -3.583999976280995375e-06 2.340008770624538278e-05 1.996209245337430164e-05 -1.475007849399830312e-05 -7.113470987821390352e-07 8.278365101846960755e-03 -3.009703979645662083e-04 4.185203784277241428e-03
-7.521532865963248581e-05 -5.019881177937924937e-04 4.864618135122594778e-03 1.665485472832960001e+00 7.499317619068109411e-03 4.527307860700043041e-02 8.388908226178103111e-02 -5.406530095368835415e-02 -8.991813879436964905e-05 -1.340578279042664549e-05 -2.376761654798046782e-06 8.085468588264232675e-06 4.442860313998222850e-05 -8.092770337335683853e-05 -3.851301920668133401e-07 2.253255921084467827e-03 -6.352351427408911002e-04 4.608182243962186120e-04
-9.406521586308474634e-05 -2.347684370702287499e-04 4.580602187810964721e-04 7.499317619068109411e-03 9.891991524393657365e-01 1.427876873062626228e-01 5.787763038711238317e-02 1.572416622971872097e-02 -1.029996832637864319e-04 -1.258409662860257371e-05 -7.658384401864832366e-07 -6.190209536214624078e-06 5.122612910589506975e-05 -1.102694882788151238e-04 -2.160832007069836273e-08 -3.104113236618856811e-03 -7.202185572466138783e-04 -2.590617285537315500e-03
-9.913658304192794757e-04 4.506272569980126867e-03 -9.509073786240219983e-02 4.527307860700043041e-02 1.427876873062626228e-01 5.831052224852409154e+02 -2.254134659513458427e-01 1.645907096261091995e+00 -9.176311220713613982e-04 -5.836038930425664129e-05 3.111975297093040306e-05 -3.547803416467112622e-04 4.628522704698500548e-04 -1.323065551676733164e-03 7.943074089285386309e-06 -1.378968371394606318e-01 -6.272353274797825597e-03 -8.355078894115806898e-02
-6.970627248416885443e-04 -7.594047954979336532e-03 8.719225949465155001e-02 8.388908226178103111e-02 5.787763038711238317e-02 -2.254134659513458427e-01 5.658831112279586932e+02 -1.124857193261510790e+00 -9.040793568759873276e-04 -1.555368591540922264e-04 -3.854327280968593392e-05 1.969553731886044634e-04 4.442066254338924427e-04 -6.821848128667440348e-04 -7.012685474605195972e-06 6.520968327419429666e-02 -6.442586069552300697e-03 2.797553104388253789e-02
1.568280769965650992e-04 8.984381072035295748e-03 -1.237622295473723849e-01 -5.406530095368835415e-02 1.572416622971872097e-02 1.645907096261091995e+00 -1.124857193261510790e+00 4.794625982909561571e+03 3.784026632380046236e-04 1.124002044728323913e-04 4.952063370687306219e-05 -3.461018045119820157e-04 -1.802248057352340543e-04 -1.424772722664603823e-05 1.009421728200588653e-05 -1.243030660950105726e-01 2.823369314393882942e-03 -6.492155585215525493e-02
9.730550934668526845e-07 4.980184874888512319e-06 -4.126204945640665425e-05 -8.991813879436964905e-05 -1.029996832637864319e-04 -9.176311220713613982e-04 -9.040793568759873276e-04 3.784026632380046236e-04 3.998002605928582982e-03 1.573223525034673482e-07 2.224789620414837208e-08 -4.180294546611364756e-08 -5.580632949581532344e-07 1.081857553341205245e-06 3.210244579939492568e-09 -6.337375326094740794e-06 7.932102965794339344e-06 6.237970864244241537e-06
1.297848718437123422e-07 9.563079515973087849e-07 -9.683944850811699394e-06 -1.340578279042664549e-05 -1.258409662860257371e-05 -5.836038930425664129e-05 -1.555368591540922264e-04 1.124002044728323913e-04 1.573223525034673482e-07 4.404941286783149392e-05 4.607103148229352188e-09 -1.768967620893198320e-08 -7.765649230683284317e-08 1.375640730192657911e-07 7.700353913921025769e-10 -5.245970005245459747e-06 1.113122820976803652e-06 -1.521334597592581263e-06
1.492969096591962221e-08 2.825692001619054558e-07 -3.583999976280995375e-06 -2.376761654798046782e-06 -7.658384401864832366e-07 3.111975297093040306e-05 -3.854327280968593392e-05 4.952063370687306219e-05 2.224789620414837208e-08 4.607103148229352188e-09 4.555367039520439078e-06 -9.192470444774105265e-09 -1.083727563180232006e-08 1.184654694280699834e-08 2.905656077939908841e-10 -3.203606320782371904e-06 1.606316666839399145e-07 -1.565474168397332971e-06
-2.284644603056919056e-09 -1.639710243082949875e-06 2.340008770624538278e-05 8.085468588264232675e-06 -6.190209536214624078e-06 -3.547803416467112622e-04 1.969553731886044634e-04 -3.461018045119820157e-04 -4.180294546611364756e-08 -1.768967620893198320e-08 -9.192470444774105265e-09 8.691468660778602290e-05 1.927465693325447086e-08 3.499025558728291838e-08 -1.913154513667209899e-09 2.454574351026043549e-05 -3.260406650832425369e-07 1.310364393489124523e-05
-4.826285760729941732e-07 -2.434954613963288200e-06 1.996209245337430164e-05 4.442860313998222850e-05 5.122612910589506975e-05 4.628522704698500548e-04 4.442066254338924427e-04 -1.802248057352340543e-04 -5.580632949581532344e-07 -7.765649230683284317e-08 -1.083727563180232006e-08 1.927465693325447086e-08 1.023200417390870634e-04 -5.374048974020675982e-07 -1.551077386948192547e-09 2.613165906853716902e-06 -3.927624562555386208e-06 -3.377485252354093791e-06
9.726475759991400623e-07 3.127117450541888984e-06 -1.475007849399830312e-05 -8.092770337335683853e-05 -1.102694882788151238e-04 -1.323065551676733164e-03 -6.821848128667440348e-04 -1.424772722664603823e-05 1.081857553341205245e-06 1.375640730192657911e-07 1.184654694280699834e-08 3.499025558728291838e-08 -5.374048974020675982e-07 1.820785517628653648e-04 1.042299886897777953e-09 2.155575799862786724e-05 7.579262019709458683e-06 2.115025902422432670e-05
1.854016012009582756e-09 5.369291287452353540e-08 -7.113470987821390352e-07 -3.851301920668133401e-07 -2.160832007069836273e-08 7.943074089285386309e-06 -7.012685474605195972e-06 1.009421728200588653e-05 3.210244579939492568e-09 7.700353913921025769e-10 2.905656077939908841e-10 -1.913154513667209899e-09 -1.551077386948192547e-09 1.042299886897777953e-09 1.057538426854180516e-06 -6.781364571772508773e-07 2.346045194149881068e-08 -3.443019854710021797e-07
6.968219708374931898e-06 -5.633254443168009534e-04 8.278365101846960755e-03 2.253255921084467827e-03 -3.104113236618856811e-03 -1.378968371394606318e-01 6.520968327419429666e-02 -1.243030660950105726e-01 -6.337375326094740794e-06 -5.245970005245459747e-06 -3.203606320782371904e-06 2.454574351026043549e-05 2.613165906853716902e-06 2.155575799862786724e-05 -6.781364571772508773e-07 1.512050350801705356e+00 -5.630336238438451003e-05 4.871227715833084324e-03
6.833251889057325221e-06 3.575628231891102776e-05 -3.009703979645662083e-04 -6.352351427408911002e-04 -7.202185572466138783e-04 -6.272353274797825597e-03 -6.442586069552300697e-03 2.823369314393882942e-03 7.932102965794339344e-06 1.113122820976803652e-06 1.606316666839399145e-07 -3.260406650832425369e-07 -3.927624562555386208e-06 7.579262019709458683e-06 2.346045194149881068e-08 -5.630336238438451003e-05 7.210485246247422264e-01 3.749608842371485098e-05
1.221064446209163135e-05 -2.660669296366470374e-04 4.185203784277241428e-03 4.608182243962186120e-04 -2.590617285537315500e-03 -8.355078894115806898e-02 2.797553104388253789e-02 -6.492155585215525493e-02 6.237970864244241537e-06 -1.521334597592581263e-06 -1.565474168397332971e-06 1.310364393489124523e-05 -3.377485252354093791e-06 2.115025902422432670e-05 -3.443019854710021797e-07 4.871227715833084324e-03 3.749608842371485098e-05 2.301524826925719136e+00
7.684609053830024816e-05 1.281904737758325611e-06 -6.532965504897845795e-06 -2.495392188723718569e-05 -3.039864628344450857e-05 -3.148558719221595885e-04 -2.338432401924922695e-04 3.520363873643315175e-05 3.076688963465994965e-07 3.762069566826759192e-08 7.955082535570140045e-09 3.978132753913347886e-09 -1.523556768055089905e-07 3.084504586511259854e-07 8.627795668914275888e-10 3.257451575493333943e-06 2.919353187362980795e-06 4.909579872517378960e-06
1.281904737758325611e-06 9.910663678451232805e-03 -8.964949630371274870e-05 -2.450471930703722713e-04 -1.035272509399964163e-04 1.669120378774550635e-03 -3.458570794814166526e-03 1.446113316857651401e-03 1.239928110700905033e-06 -6.695305630032483098e-08 3.934930422644764378e-07 -7.555207173314901673e-08 -5.802780575668636691e-07 7.339280758177116974e-07 4.288553383440278376e-08 -8.225183056388521462e-05 8.132656428935700857e-05 1.044375434471103444e-05
-6.532965504897845795e-06 -8.964949630371274870e-05 1.131365951759451427e+00 8.019705543497968004e-04 -1.073533538252587652e-04 -2.839844822069981581e-02 1.870606368644757780e-02 -5.237941265684297604e-02 -1.636651711023559495e-05 -6.433550795480542999e-06 1.562835759533369558e-06 1.150386377997784034e-05 8.166273811134062481e-06 -7.104996254791315879e-06 2.183129626164873347e-09 3.525391603295032535e-03 5.285177810284235169e-04 2.193879254359899604e-03
-2.495392188723718569e-05 -2.450471930703722713e-04 8.019705543497968004e-04 5.334741043260016191e-01 2.574323906705092840e-03 1.309164713332073085e-02 3.316506613163965750e-02 -8.519572426730561907e-03 -2.659992826142878669e-05 -1.997730334548849904e-06 -2.623104774758464730e-06 -1.729612920747210212e-07 1.299475509695145880e-05 -2.425753939351891304e-05 -2.812059727626951617e-07 1.187011408133568116e-04 -6.327551163000566439e-04 -4.399627836712758895e-04
-3.039864628344450857e-05 -1.035272509399964163e-04 -1.073533538252587652e-04 2.574323906705092840e-03 3.166024561564130257e-01 4.522244285355152271e-02 2.064748929282605311e-02 7.986341906335795576e-03 -3.222846526255683123e-05 -3.255692562217690784e-06 -8.717482954009261214e-07 -2.909615353513077246e-06 1.598106712191201375e-05 -3.473466042512793204e-05 -6.006413475125258982e-08 -1.195982856867268710e-03 -3.749749110645471872e-04 -1.026645393020593792e-03
-3.148558719221595885e-04 1.669120378774550635e-03 -2.839844822069981581e-02 1.309164713332073085e-02 4.522244285355152271e-02 1.865974265172703497e+02 -8.913817761313981569e-02 5.030635599189585694e-01 -2.994909112335257767e-04 -2.484241977218474857e-05 1.496960619598567649e-05 -1.061029162227142291e-04 1.514016659351536016e-04 -4.277916866485915125e-04 2.966796743605692357e-06 -4.250635174317694137e-02 -8.516101167762850799e-04 -2.515574913974628554e-02
-2.338432401924922695e-04 -3.458570794814166526e-03 1.870606368644757780e-02 3.316506613163965750e-02 2.064748929282605311e-02 -8.913817761313981569e-02 1.811596061833176350e+02 -2.529614156637015054e-01 -2.628185811636800633e-04 -2.184428028438672672e-05 -3.502730956236359207e-05 2.939369873135637561e-05 1.272522519669351711e-04 -1.983253652108462478e-04 -4.168718755569927766e-06 1.352809411730371107e-02 -7.294470738819178526e-03 1.794905734118594975e-03
3.520363873643315175e-05 1.446113316857651401e-03 -5.237941265684297604e-02 -8.519572426730561907e-03 7.986341906335795576e-03 5.030635599189585694e-01 -2.529614156637015054e-01 1.534428962627873716e+03 1.578876945622870263e-04 7.476851328275550476e-05 -1.568203520073604003e-05 -1.574784490967034956e-04 -7.836438980094333803e-05 2.319083042089294528e-05 5.561684125381450651e-07 -4.997325769650111382e-02 -6.366651730504522405e-03 -3.071867768550143665e-02
3.076688963465994965e-07 1.239928110700905033e-06 -1.636651711023559495e-05 -2.659992826142878669e-05 -3.222846526255683123e-05 -2.994909112335257767e-04 -2.628185811636800633e-04 1.578876945622870263e-04 1.279369943699597018e-03 5.994846624456871796e-08 -6.858009149848000307e-10 -2.494424828910518062e-08 -1.837028109046401473e-07 3.530641428956842994e-07 3.653161440151674765e-10 -4.552117365535171720e-06 7.385030897411681067e-07 -4.654993095574346730e-07
3.762069566826759192e-08 -6.695305630032483098e-08 -6.433550795480542999e-06 -1.997730334548849904e-06 -3.255692562217690784e-06 -2.484241977218474857e-05 -2.184428028438672672e-05 7.476851328275550476e-05 5.994846624456871796e-08 1.410593989455451435e-05 -6.755400296578762945e-09 -1.785718450371436184e-08 -3.025126612130828291e-08 5.126389532731858903e-08 -4.515570116334530544e-10 -4.340164566825685990e-06 -1.541465736638601633e-06 -3.082373992742113955e-06
7.955082535570140045e-09 3.934930422644764378e-07 1.562835759533369558e-06 -2.623104774758464730e-06 -8.717482954009261214e-07 1.496960619598567649e-05 -3.502730956236359207e-05 -1.568203520073604003e-05 -6.858009149848000307e-10 -6.755400296578762945e-09 1.464404756652575151e-06 6.969085231842623832e-09 9.209932914202738840e-10 -2.094972167645514555e-09 6.601391650402231667e-10 1.137502068666164730e-06 1.593415108942498245e-06 1.608149160509243759e-06
3.978132753913347886e-09 -7.555207173314901673e-08 1.150386377997784034e-05 -1.729612920747210212e-07 -2.909615353513077246e-06 -1.061029162227142291e-04 2.939369873135637561e-05 -1.574784490967034956e-04 -2.494424828910518062e-08 -1.785718450371436184e-08 6.969085231842623832e-09 2.782738747120366116e-05 1.267233175174258165e-08 2.473946310379233799e-09 2.283267023130897206e-10 1.105972375648757965e-05 2.180951255240092181e-06 7.318882359861527788e-06
-1.523556768055089905e-07 -5.802780575668636691e-07 8.166273811134062481e-06 1.299475509695145880e-05 1.598106712191201375e-05 1.514016659351536016e-04 1.272522519669351711e-04 -7.836438980094333803e-05 -1.837028109046401473e-07 -3.025126612130828291e-08 9.209932914202738840e-10 1.267233175174258165e-08 3.274529383447918093e-05 -1.758325004213529361e-07 -1.241151354510976186e-10 2.255578471798662275e-06 -2.448066272045107846e-07 3.034214737455626845e-07
3.084504586511259854e-07 7.339280758177116974e-07 -7.104996254791315879e-06 -2.425753939351891304e-05 -3.473466042512793204e-05 -4.277916866485915125e-04 -1.983253652108462478e-04 2.319083042089294528e-05 3.530641428956842994e-07 5.126389532731858903e-08 -2.094972167645514555e-09 2.473946310379233799e-09 -1.758325004213529361e-07 5.827031704230952266e-05 -1.656514014109246058e-10 4.994368974656300918e-06 1.068152693582837462e-06 4.911746202274290033e-06
8.627795668914275888e-10 4.288553383440278376e-08 2.183129626164873347e-09 -2.812059727626951617e-07 -6.006413475125258982e-08 2.966796743605692357e-06 -4.168718755569927766e-06 5.561684125381450651e-07 3.653161440151674765e-10 -4.515570116334530544e-10 6.601391650402231667e-10 2.283267023130897206e-10 -1.241151354510976186e-10 -1.656514014109246058e-10 3.384603979492991380e-07 -3.358624259882291043e-08 1.382872908316699063e-07 6.869870868681577672e-08
3.257451575493333943e-06 -8.225183056388521462e-05 3.525391603295032535e-03 1.187011408133568116e-04 -1.195982856867268710e-03 -4.250635174317694137e-02 1.352809411730371107e-02 -4.997325769650111382e-02 -4.552117365535171720e-06 -4.340164566825685990e-06 1.137502068666164730e-06 1.105972375648757965e-05 2.255578471798662275e-06 4.994368974656300918e-06 -3.358624259882291043e-08 4.845555094074883162e-01 4.806657641723937864e-04 2.240870413672181854e-03
2.919353187362980795e-06 8.132656428935700857e-05 5.285177810284235169e-04 -6.327551163000566439e-04 -3.749749110645471872e-04 -8.516101167762850799e-04 -7.294470738819178526e-03 -6.366651730504522405e-03 7.385030897411681067e-07 -1.541465736638601633e-06 1.593415108942498245e-06 2.180951255240092181e-06 -2.448066272045107846e-07 1.068152693582837462e-06 1.382872908316699063e-07 4.806657641723937864e-04 2.310910977799525701e-01 4.983323953200808005e-04
4.909579872517378960e-06 1.044375434471103444e-05 2.193879254359899604e-03 -4.399627836712758895e-04 -1.026645393020593792e-03 -2.515574913974628554e-02 1.794905734118594975e-03 -3.071867768550143665e-02 -4.654993095574346730e-07 -3.082373992742113955e-06 1.608149160509243759e-06 7.318882359861527788e-06 3.034214737455626845e-07 4.911746202274290033e-06 6.869870868681577672e-08 2.240870413672181854e-03 4.983323953200808005e-04 7.371531314506747368e-01
2.459992117110571604e-05 2.141699529527784488e-07 -3.990108467618359076e-06 -8.843850680139201358e-06 -9.208956290162317656e-06 -1.146092603137109623e-04 -1.053975268186159876e-04 9.132492357515428370e-05 1.811467707099348813e-07 1.354209609453647433e-08 4.684180584591083957e-09 1.057969380334346762e-09 -4.711076569923250598e-08 1.037759847801356058e-07 9.743392026273883290e-11 7.303853008829302713e-07 1.860261464187695698e-06 1.480441381817424613e-06
2.141699529527784488e-07 3.175602376791727618e-03 1.191189324378886506e-05 -6.006413447018337382e-05 -4.421310492305083003e-05 8.302528442099610167e-04 -4.534122279839848148e-04 -1.248379799992255148e-03 -1.370634039705695308e-06 -5.355907030559932215e-08 8.020995223576279270e-08 -1.958070991723327602e-08 -2.208062912607094575e-07 1.264553976418156980e-07 1.754181772403394674e-08 -1.965215343291758668e-05 6.231421921381951260e-06 5.278933246605961525e-06
-3.990108467618359076e-06 1.191189324378886506e-05 3.624305027411690028e-01 4.344454727469291601e-04 -1.417571494307542880e-04 -6.218058307682405861e-03 1.231649938603948842e-02 -3.334176307556064450e-02 -2.236292266441925321e-05 -2.370105141028950198e-06 5.721354426847590597e-08 3.725769697374847710e-06 2.272932297756103146e-06 -3.323974863625989790e-06 3.769810803808409602e-08 1.192740250233229613e-03 -2.266279452603355514e-05 7.208096001193433147e-04
-8.843850680139201358e-06 -6.006413447018337382e-05 4.344454727469291601e-04 1.707920852283367763e-01 7.752373028761442133e-04 5.486308392208109376e-03 1.347421643489014366e-02 -1.022053627265835304e-02 -1.625271798719086995e-05 -7.800115880151069893e-07 -1.039580352978064976e-06 -3.521868977619282509e-08 4.004518120737930899e-06 -8.237179699269784903e-06 -7.326223600479324724e-08 6.719013908548836450e-05 -2.891695051022525405e-04 -1.323048984517609318e-04
-9.208956290162317656e-06 -4.421310492305083003e-05 -1.417571494307542880e-04 7.752373028761442133e-04 1.013421090229453536e-01 1.368777670574975076e-02 4.878851401496139308e-03 7.082333863671053630e-03 -5.637532473304178188e-06 -9.568128693122528536e-07 -1.580422446911104523e-07 -9.432352221870887198e-07 5.206842154777443349e-06 -1.082832165360174389e-05 -2.932198785182443589e-08 -4.003554388951814538e-04 -6.763060805612248995e-05 -3.336505590086949707e-04
-1.146092603137109623e-04 8.302528442099610167e-04 -6.218058307682405861e-03 5.486308392208109376e-03 1.368777670574975076e-02 5.973210620958472816e+01 1.765086143186108888e-02 4.004330888379054043e-02 -2.207514375162700541e-04 -1.022069804441231735e-05 1.559807222968177105e-06 -3.362810752472090861e-05 4.596656592995264698e-05 -1.445547795512971024e-04 1.219249247011288339e-06 -1.313073140123423993e-02 -1.671419863596446684e-03 -7.912944248163000446e-03
-1.053975268186159876e-04 -4.534122279839848148e-04 1.231649938603948842e-02 1.347421643489014366e-02 4.878851401496139308e-03 1.765086143186108888e-02 5.807294526215925856e+01 -3.477584730512332523e-01 -3.596875047540599199e-04 -1.200071426921582751e-05 -1.833578263964068310e-05 1.012261275429388969e-05 3.524501402276592523e-05 -8.036675650684350653e-05 -7.385943632588006428e-07 5.368772951390294625e-03 -5.420488745986875787e-03 8.763881189108340590e-04
9.132492357515428370e-05 -1.248379799992255148e-03 -3.334176307556064450e-02 -1.022053627265835304e-02 7.082333863671053630e-03 4.004330888379054043e-02 -3.477584730512332523e-01 4.917160715824639965e+02 7.723094997735835150e-04 3.704902883750934970e-05 1.364817048544887200e-05 -5.227002532563306946e-05 -1.073519546125837098e-05 5.169072631187544484e-05 -1.381425313611275773e-06 -1.871473504384753989e-02 6.045882227457131941e-03 -1.062099218038320587e-02
1.811467707099348813e-07 -1.370634039705695308e-06 -2.236292266441925321e-05 -1.625271798719086995e-05 -5.637532473304178188e-06 -2.207514375162700541e-04 -3.596875047540599199e-04 7.723094997735835150e-04 4.101439051342767404e-04 3.273819978404811229e-08 1.906085725517982426e-08 -9.920808312023493788e-09 -4.397183722985013522e-08 1.587061044174076441e-07 -1.493782768632958636e-09 -4.269532401248461509e-06 8.585368300846012897e-06 -9.659896102218427441e-07
1.354209609453647433e-08 -5.355907030559932215e-08 -2.370105141028950198e-06 -7.800115880151069893e-07 -9.568128693122528536e-07 -1.022069804441231735e-05 -1.200071426921582751e-05 3.704902883750934970e-05 3.273819978404811229e-08 4.514147210163009429e-06 -1.811184071694739302e-09 -5.749546485122218230e-09 -9.411082233771882321e-09 1.723580374787034982e-08 -1.737828103451053608e-10 -1.439994436198537022e-06 -3.414712639979919817e-07 -1.001214463279709437e-06
4.684180584591083957e-09 8.020995223576279270e-08 5.721354426847590597e-08 -1.039580352978064976e-06 -1.580422446911104523e-07 1.559807222968177105e-06 -1.833578263964068310e-05 1.364817048544887200e-05 1.906085725517982426e-08 -1.811184071694739302e-09 4.691081390937110887e-07 2.179970993578587991e-09 6.778051991216521449e-10 5.121389107420319385e-10 1.695899024085067783e-10 2.912561424594659381e-07 7.258113478107030439e-07 4.934781509947171203e-07
1.057969380334346762e-09 -1.958070991723327602e-08 3.725769697374847710e-06 -3.521868977619282509e-08 -9.432352221870887198e-07 -3.362810752472090861e-05 1.012261275429388969e-05 -5.227002532563306946e-05 -9.920808312023493788e-09 -5.749546485122218230e-09 2.179970993578587991e-09 8.904769032022854814e-06 4.016626463027291166e-09 6.727586096652364623e-10 7.725294663136059440e-11 3.546426113815678125e-06 6.761936458929951876e-07 2.344166949072737052e-06
-4.711076569923250598e-08 -2.208062912607094575e-07 2.272932297756103146e-06 4.004518120737930899e-06 5.206842154777443349e-06 4.596656592995264698e-05 3.524501402276592523e-05 -1.073519546125837098e-05 -4.397183722985013522e-08 -9.411082233771882321e-09 6.778051991216521449e-10 4.016626463027291166e-09 1.047878835298872508e-05 -5.535786249433724325e-08 -7.172009018193887899e-11 6.658955065911591738e-07 8.755204323635375672e-08 8.086101789408036731e-08
1.037759847801356058e-07 1.264553976418156980e-07 -3.323974863625989790e-06 -8.237179699269784903e-06 -1.082832165360174389e-05 -1.445547795512971024e-04 -8.036675650684350653e-05 5.169072631187544484e-05 1.587061044174076441e-07 1.723580374787034982e-08 5.121389107420319385e-10 6.727586096652364623e-10 -5.535786249433724325e-08 1.864930596543846474e-05 -1.517974061959381463e-10 1.425675708958995390e-06 8.538855421356268692e-07 1.521647447719312688e-06
9.743392026273883290e-11 1.754181772403394674e-08 3.769810803808409602e-08 -7.326223600479324724e-08 -2.932198785182443589e-08 1.219249247011288339e-06 -7.385943632588006428e-07 -1.381425313611275773e-06 -1.493782768632958636e-09 -1.737828103451053608e-10 1.695899024085067783e-10 7.725294663136059440e-11 -7.172009018193887899e-11 -1.517974061959381463e-10 1.083108071857312016e-07 -4.670495792592283138e-09 2.621402724318634646e-08 2.374875909203470804e-08
7.303853008829302713e-07 -1.965215343291758668e-05 1.192740250233229613e-03 6.719013908548836450e-05 -4.003554388951814538e-04 -1.313073140123423993e-02 5.368772951390294625e-03 -1.871473504384753989e-02 -4.269532401248461509e-06 -1.439994436198537022e-06 2.912561424594659381e-07 3.546426113815678125e-06 6.658955065911591738e-07 1.425675708958995390e-06 -4.670495792592283138e-09 1.550683758966234504e-01 1.223121338468226131e-04 7.201611815420042809e-04
1.860261464187695698e-06 6.231421921381951260e-06 -2.266279452603355514e-05 -2.891695051022525405e-04 -6.763060805612248995e-05 -1.671419863596446684e-03 -5.420488745986875787e-03 6.045882227457131941e-03 8.585368300846012897e-06 -3.414712639979919817e-07 7.258113478107030439e-07 6.761936458929951876e-07 8.755204323635375672e-08 8.538855421356268692e-07 2.621402724318634646e-08 1.223121338468226131e-04 7.404265152627395596e-02 1.503165222459562265e-04
1.480441381817424613e-06 5.278933246605961525e-06 7.208096001193433147e-04 -1.323048984517609318e-04 -3.336505590086949707e-04 -7.912944248163000446e-03 8.763881189108340590e-04 -1.062099218038320587e-02 -9.659896102218427441e-07 -1.001214463279709437e-06 4.934781509947171203e-07 2.344166949072737052e-06 8.086101789408036731e-08 1.521647447719312688e-06 2.374875909203470804e-08 7.201611815420042809e-04 1.503165222459562265e-04 2.358898974592746056e-01
2.459992117110571604e-05 2.141699529527784488e-07 -3.990108467618359076e-06 -8.843850680139201358e-06 -9.208956290162317656e-06 -1.146092603137109623e-04 -1.053975268186159876e-04 9.132492357515428370e-05 1.811467707099348813e-07 1.354209609453647433e-08 4.684180584591083957e-09 1.057969380334346762e-09 -4.711076569923250598e-08 1.037759847801356058e-07 9.743392026273883290e-11 7.303853008829302713e-07 1.860261464187695698e-06 1.480441381817424613e-06
2.141699529527784488e-07 3.175602376791727618e-03 1.191189324378886506e-05 -6.006413447018337382e-05 -4.421310492305083003e-05 8.302528442099610167e-04 -4.534122279839848148e-04 -1.248379799992255148e-03 -1.370634039705695308e-06 -5.355907030559932215e-08 8.020995223576279270e-08 -1.958070991723327602e-08 -2.208062912607094575e-07 1.264553976418156980e-07 1.754181772403394674e-08 -1.965215343291758668e-05 6.231421921381951260e-06 5.278933246605961525e-06
-3.990108467618359076e-06 1.191189324378886506e-05 3.624305027411690028e-01 4.344454727469291601e-04 -1.417571494307542880e-04 -6.218058307682405861e-03 1.231649938603948842e-02 -3.334176307556064450e-02 -2.236292266441925321e-05 -2.370105141028950198e-06 5.721354426847590597e-08 3.725769697374847710e-06 2.272932297756103146e-06 -3.323974863625989790e-06 3.769810803808409602e-08 1.192740250233229613e-03 -2.266279452603355514e-05 7.208096001193433147e-04
-8.843850680139201358e-06 -6.006413447018337382e-05 4.344454727469291601e-04 1.707920852283367763e-01 7.752373028761442133e-04 5.486308392208109376e-03 1.347421643489014366e-02 -1.022053627265835304e-02 -1.625271798719086995e-05 -7.800115880151069893e-07 -1.039580352978064976e-06 -3.521868977619282509e-08 4.004518120737930899e-06 -8.237179699269784903e-06 -7.326223600479324724e-08 6.719013908548836450e-05 -2.891695051022525405e-04 -1.323048984517609318e-04
-9.208956290162317656e-06 -4.421310492305083003e-05 -1.417571494307542880e-04 7.752373028761442133e-04 1.013421090229453536e-01 1.368777670574975076e-02 4.878851401496139308e-03 7.082333863671053630e-03 -5.637532473304178188e-06 -9.568128693122528536e-07 -1.580422446911104523e-07 -9.432352221870887198e-07 5.206842154777443349e-06 -1.082832165360174389e-05 -2.932198785182443589e-08 -4.003554388951814538e-04 -6.763060805612248995e-05 -3.336505590086949707e-04
-1.146092603137109623e-04 8.302528442099610167e-04 -6.218058307682405861e-03 5.486308392208109376e-03 1.368777670574975076e-02 5.973210620958472816e+01 1.765086143186108888e-02 4.004330888379054043e-02 -2.207514375162700541e-04 -1.022069804441231735e-05 1.559807222968177105e-06 -3.362810752472090861e-05 4.596656592995264698e-05 -1.445547795512971024e-04 1.219249247011288339e-06 -1.313073140123423993e-02 -1.671419863596446684e-03 -7.912944248163000446e-03
-1.053975268186159876e-04 -4.534122279839848148e-04 1.231649938603948842e-02 1.347421643489014366e-02 4.878851401496139308e-03 1.765086143186108888e-02 5.807294526215925856e+01 -3.477584730512332523e-01 -3.596875047540599199e-04 -1.200071426921582751e-05 -1.833578263964068310e-05 1.012261275429388969e-05 3.524501402276592523e-05 -8.036675650684350653e-05 -7.385943632588006428e-07 5.368772951390294625e-03 -5.420488745986875787e-03 8.763881189108340590e-04
9.132492357515428370e-05 -1.248379799992255148e-03 -3.334176307556064450e-02 -1.022053627265835304e-02 7.082333863671053630e-03 4.004330888379054043e-02 -3.477584730512332523e-01 4.917160715824639965e+02 7.723094997735835150e-04 3.704902883750934970e-05 1.364817048544887200e-05 -5.227002532563306946e-05 -1.073519546125837098e-05 5.169072631187544484e-05 -1.381425313611275773e-06 -1.871473504384753989e-02 6.045882227457131941e-03 -1.062099218038320587e-02
1.811467707099348813e-07 -1.370634039705695308e-06 -2.236292266441925321e-05 -1.625271798719086995e-05 -5.637532473304178188e-06 -2.207514375162700541e-04 -3.596875047540599199e-04 7.723094997735835150e-04 4.101439051342767404e-04 3.273819978404811229e-08 1.906085725517982426e-08 -9.920808312023493788e-09 -4.397183722985013522e-08 1.587061044174076441e-07 -1.493782768632958636e-09 -4.269532401248461509e-06 8.585368300846012897e-06 -9.659896102218427441e-07
1.354209609453647433e-08 -5.355907030559932215e-08 -2.370105141028950198e-06 -7.800115880151069893e-07 -9.568128693122528536e-07 -1.022069804441231735e-05 -1.200071426921582751e-05 3.704902883750934970e-05 3.273819978404811229e-08 4.514147210163009429e-06 -1.811184071694739302e-09 -5.749546485122218230e-09 -9.411082233771882321e-09 1.723580374787034982e-08 -1.737828103451053608e-10 -1.439994436198537022e-06 -3.414712639979919817e-07 -1.001214463279709437e-06
4.684180584591083957e-09 8.020995223576279270e-08 5.721354426847590597e-08 -1.039580352978064976e-06 -1.580422446911104523e-07 1.559807222968177105e-06 -1.833578263964068310e-05 1.364817048544887200e-05 1.906085725517982426e-08 -1.811184071694739302e-09 4.691081390937110887e-07 2.179970993578587991e-09 6.778051991216521449e-10 5.121389107420319385e-10 1.695899024085067783e-10 2.912561424594659381e-07 7.258113478107030439e-07 4.934781509947171203e-07
1.057969380334346762e-09 -1.958070991723327602e-08 3.725769697374847710e-06 -3.521868977619282509e-08 -9.432352221870887198e-07 -3.362810752472090861e-05 1.012261275429388969e-05 -5.227002532563306946e-05 -9.920808312023493788e-09 -5.749546485122218230e-09 2.179970993578587991e-09 8.904769032022854814e-06 4.016626463027291166e-09 6.727586096652364623e-10 7.725294663136059440e-11 3.546426113815678125e-06 6.761936458929951876e-07 2.344166949072737052e-06
-4.711076569923250598e-08 -2.208062912607094575e-07 2.272932297756103146e-06 4.004518120737930899e-06 5.206842154777443349e-06 4.596656592995264698e-05 3.524501402276592523e-05 -1.073519546125837098e-05 -4.397183722985013522e-08 -9.411082233771882321e-09 6.778051991216521449e-10 4.016626463027291166e-09 1.047878835298872508e-05 -5.535786249433724325e-08 -7.172009018193887899e-11 6.658955065911591738e-07 8.755204323635375672e-08 8.086101789408036731e-08
1.037759847801356058e-07 1.264553976418156980e-07 -3.323974863625989790e-06 -8.237179699269784903e-06 -1.082832165360174389e-05 -1.445547795512971024e-04 -8.036675650684350653e-05 5.169072631187544484e-05 1.587061044174076441e-07 1.723580374787034982e-08 5.121389107420319385e-10 6.727586096652364623e-10 -5.535786249433724325e-08 1.864930596543846474e-05 -1.517974061959381463e-10 1.425675708958995390e-06 8.538855421356268692e-07 1.521647447719312688e-06
9.743392026273883290e-11 1.754181772403394674e-08 3.769810803808409602e-08 -7.326223600479324724e-08 -2.932198785182443589e-08 1.219249247011288339e-06 -7.385943632588006428e-07 -1.381425313611275773e-06 -1.493782768632958636e-09 -1.737828103451053608e-10 1.695899024085067783e-10 7.725294663136059440e-11 -7.172009018193887899e-11 -1.517974061959381463e-10 1.083108071857312016e-07 -4.670495792592283138e-09 2.621402724318634646e-08 2.374875909203470804e-08
