{
    "R": [
        [
            0.004170025785483985,
            -1.029706324236488e-05,
            -0.00028611763943450335,
            -0.00031608736198533575,
            -5.649129468659851e-05,
            0.020586700383313856,
            -0.004188399472701745,
            -0.013072612115431422,
            -1.4932350641824135e-05,
            1.0447356298060663e-07,
            1.1588231988070495e-06,
            -1.508772222962314e-06,
            -9.249718596289314e-07,
            -1.726403188266884e-07,
            2.3882999961043534e-07,
            -1.3441619383316421e-05,
            1.0412368030620981e-05,
            -1.3375628505138765e-05
        ],
        [
            0.0,
            0.033827267642450545,
            -0.00011447007235776162,
            0.0006334932158387406,
            -0.00040945276059396794,
            -0.006826239897086365,
            0.008286730381986225,
            0.028186694386998914,
            1.0772770193456873e-05,
            3.915119468013559e-06,
            4.384799219295576e-07,
            -2.2064020257539663e-06,
            4.25482234221472e-06,
            2.177648084768608e-06,
            -1.6685134010590534e-06,
            1.804564879685586e-06,
            -1.1554072108654119e-05,
            3.4602586814967527e-06
        ],
        [
            0.0,
            0.0,
            1.7603964950925968,
            -0.0001554344985567285,
            -0.0002647466181788855,
            -0.005327784549125501,
            0.004224932110184759,
            0.004041786966420543,
            -2.3092451241375726e-06,
            -1.135418164272614e-06,
            7.305489540534585e-07,
            -2.0617850564060973e-07,
            -3.913158283895968e-06,
            -1.017894797846581e-06,
            -3.744766973517635e-07,
            -3.729720757361674e-06,
            9.741390557509047e-07,
            -5.019005657873629e-06
        ],
        [
            0.0,
            0.0,
            0.0,
            0.7508566590163522,
            0.0005560461689390188,
            -0.022986580791474958,
            0.0006159626476574635,
            0.02098965112375719,
            4.254110393904619e-05,
            3.663388701102107e-06,
            -1.7974677490496414e-06,
            1.5671277575687693e-06,
            1.3435152854866494e-05,
            4.25476593151413e-06,
            3.476101185142765e-07,
            5.98091815516952e-06,
            -1.957847893258102e-05,
            1.7587781121592412e-05
        ],
        [
            0.0,
            0.0,
            0.0,
            0.0,
            0.7573787202491206,
            -0.015070815538129455,
            -0.013377450744298672,
            -0.013769187187185127,
            2.6662274987248287e-05,
            7.36173041158157e-08,
            -4.895811705406857e-06,
            5.44460450277858e-06,
            1.0964070482748836e-05,
            1.8011266675574862e-06,
            2.289969637021684e-06,
            3.4681825974931194e-05,
            -1.2377646617851452e-05,
            3.777871906903838e-05
        ],
        [
            0.0,
            0.0,
            0.0,
            0.0,
            0.0,
            38.01246049192068,
            -0.002524734925061805,
            -0.012063568927864669,
            -2.285137021742477e-05,
            2.3754793807211254e-07,
            1.944152638239155e-06,
            -2.638209299194143e-06,
            -2.988487749735599e-06,
            -5.655347681559621e-07,
            -2.1289803179518054e-07,
            -1.778158795350555e-05,
            1.3355034189860658e-05,
            -1.9343686489813943e-05
        ],
        [
            0.0,
            0.0,
            0.0,
            0.0,
            0.0,
            0.0,
            9.349884285595575,
            0.029431872947553433,
            6.435551025373924e-07,
            5.461159314433374e-07,
            3.498667577557366e-06,
            -3.4531504115139085e-06,
            -6.175945817963553e-06,
            -4.0760779724182535e-07,
            -2.1681426198038975e-06,
            -2.4736321288867186e-05,
            -1.5293605127681634e-06,
            -2.315546653584406e-05
        ],
        [
            0.0,
            0.0,
            0.0,
            0.0,
            0.0,
            0.0,
            0.0,
            38.954645899783785,
            1.2836357298307144e-05,
            1.5481799519221775e-06,
            5.870661852693083e-07,
            -8.604082330601012e-07,
            1.7696853526084009e-06,
            1.1422770029311112e-06,
            -8.790180365565707e-07,
            -4.053946878214269e-06,
            -7.822060963321192e-06,
            -8.971463112034887e-07
        ],
        [
            0.0,
            0.0,
            0.0,
            0.0,
            0.0,
            0.0,
            0.0,
            0.0,
            0.01719947113664059,
            3.6112001052057893e-06,
            -3.1861442250646905e-06,
            4.675685313960956e-06,
            2.1045293253916355e-05,
            6.349832860943729e-06,
            1.5444183354832667e-06,
            5.382729637193826e-06,
            -3.201965433672198e-05,
            2.798285290357556e-05
        ],
        [
            0.0,
            0.0,
            0.0,
            0.0,
            0.0,
            0.0,
            0.0,
            0.0,
            0.0,
            0.004883107313598435,
            3.2504107487402273e-07,
            -1.4366023880952945e-06,
            7.046651785935763e-06,
            2.710055294816474e-06,
            -4.1973854636613814e-07,
            -7.2249324655332525e-06,
            -5.979797200216553e-06,
            -1.1690812306399248e-06
        ],
        [
            0.0,
            0.0,
            0.0,
            0.0,
            0.0,
            0.0,
            0.0,
            0.0,
            0.0,
            0.0,
            0.006178348144908627,
            -3.1917587415912098e-06,
            -3.490270724498536e-06,
            -7.504378261749104e-08,
            -7.331874022060823e-07,
            -3.267860829646039e-05,
            9.215351047466236e-06,
            -2.8940713700373707e-05
        ],
        [
            0.0,
            0.0,
            0.0,
            0.0,
            0.0,
            0.0,
            0.0,
            0.0,
            0.0,
            0.0,
            0.0,
            0.00466532870103656,
            3.988226325570269e-06,
            -1.6858120797413853e-07,
            1.4184988194249803e-06,
            3.78827543521517e-05,
            -1.1482373506940972e-05,
            3.531525874338922e-05
        ],
        [
            0.0,
            0.0,
            0.0,
            0.0,
            0.0,
            0.0,
            0.0,
            0.0,
            0.0,
            0.0,
            0.0,
            0.0,
            0.009174198512971072,
            4.638561792144048e-06,
            1.1814326302713868e-06,
            6.015015790717181e-06,
            -1.547463164290098e-05,
            1.8567471333705135e-05
        ],
        [
            0.0,
            0.0,
            0.0,
            0.0,
            0.0,
            0.0,
            0.0,
            0.0,
            0.0,
            0.0,
            0.0,
            0.0,
            0.0,
            0.00450542813218437,
            3.0486139060035605e-07,
            -9.811369050012556e-06,
            -7.776475797818267e-06,
            4.0761882428963494e-07
        ],
        [
            0.0,
            0.0,
            0.0,
            0.0,
            0.0,
            0.0,
            0.0,
            0.0,
            0.0,
            0.0,
            0.0,
            0.0,
            0.0,
            0.0,
            0.002721793659607386,
            7.2993893524651594e-06,
            -1.1526181421396395e-06,
            1.008596020987119e-05
        ],
        [
            0.0,
            0.0,
            0.0,
            0.0,
            0.0,
            0.0,
            0.0,
            0.0,
            0.0,
            0.0,
            0.0,
            0.0,
            0.0,
            0.0,
            0.0,
            0.031466144821588535,
            -1.6575587426855297e-05,
            5.880721194608411e-05
        ],
        [
            0.0,
            0.0,
            0.0,
            0.0,
            0.0,
            0.0,
            0.0,
            0.0,
            0.0,
            0.0,
            0.0,
            0.0,
            0.0,
            0.0,
            0.0,
            0.0,
            0.0183655853786835,
            -3.0459768016962036e-05
        ],
        [
            0.0,
            0.0,
            0.0,
            0.0,
            0.0,
            0.0,
            0.0,
            0.0,
            0.0,
            0.0,
            0.0,
            0.0,
            0.0,
            0.0,
            0.0,
            0.0,
            0.0,
            0.018598962456920432
        ]
    ],
    "RDR": [
        [
            [
                0.004170025785483985,
                -1.029706324236488e-05,
                -0.00028611763943450335,
                -0.00031608736198533575,
                -5.649129468659851e-05,
                0.020586700383313856,
                -0.004188399472701745,
                -0.013072612115431422,
                -1.4932350641824135e-05,
                1.0447356298060663e-07,
                1.1588231988070495e-06,
                -1.508772222962314e-06,
                -9.249718596289314e-07,
                -1.726403188266884e-07,
                2.3882999961043534e-07,
                -1.3441619383316421e-05,
                1.0412368030620981e-05,
                -1.3375628505138765e-05
            ],
            [
                0.0,
                0.033827267642450545,
                -0.00011447007235776162,
                0.0006334932158387406,
                -0.00040945276059396794,
                -0.006826239897086365,
                0.008286730381986225,
                0.028186694386998914,
                1.0772770193456873e-05,
                3.915119468013559e-06,
                4.384799219295576e-07,
                -2.2064020257539663e-06,
                4.25482234221472e-06,
                2.177648084768608e-06,
                -1.6685134010590534e-06,
                1.804564879685586e-06,
                -1.1554072108654119e-05,
                3.4602586814967527e-06
            ],
            [
                0.0,
                0.0,
                1.7603964950925968,
                -0.0001554344985567285,
                -0.0002647466181788855,
                -0.005327784549125501,
                0.004224932110184759,
                0.004041786966420543,
                -2.3092451241375726e-06,
                -1.135418164272614e-06,
                7.305489540534585e-07,
                -2.0617850564060973e-07,
                -3.913158283895968e-06,
                -1.017894797846581e-06,
                -3.744766973517635e-07,
                -3.729720757361674e-06,
                9.741390557509047e-07,
                -5.019005657873629e-06
            ],
            [
                0.0,
                0.0,
                0.0,
                0.7508566590163522,
                0.0005560461689390188,
                -0.022986580791474958,
                0.0006159626476574635,
                0.02098965112375719,
                4.254110393904619e-05,
                3.663388701102107e-06,
                -1.7974677490496414e-06,
                1.5671277575687693e-06,
                1.3435152854866494e-05,
                4.25476593151413e-06,
                3.476101185142765e-07,
                5.98091815516952e-06,
                -1.957847893258102e-05,
                1.7587781121592412e-05
            ],
            [
                0.0,
                0.0,
                0.0,
                0.0,
                0.7573787202491206,
                -0.015070815538129455,
                -0.013377450744298672,
                -0.013769187187185127,
                2.6662274987248287e-05,
                7.36173041158157e-08,
                -4.895811705406857e-06,
                5.44460450277858e-06,
                1.0964070482748836e-05,
                1.8011266675574862e-06,
                2.289969637021684e-06,
                3.4681825974931194e-05,
                -1.2377646617851452e-05,
                3.777871906903838e-05
            ],
            [
                0.0,
                0.0,
                0.0,
                0.0,
                0.0,
                38.01246049192068,
                -0.002524734925061805,
                -0.012063568927864669,
                -2.285137021742477e-05,
                2.3754793807211254e-07,
                1.944152638239155e-06,
                -2.638209299194143e-06,
                -2.988487749735599e-06,
                -5.655347681559621e-07,
                -2.1289803179518054e-07,
                -1.778158795350555e-05,
                1.3355034189860658e-05,
                -1.9343686489813943e-05
            ],
            [
                0.0,
                0.0,
                0.0,
                0.0,
                0.0,
                0.0,
                9.349884285595575,
                0.029431872947553433,
                6.435551025373924e-07,
                5.461159314433374e-07,
                3.498667577557366e-06,
                -3.4531504115139085e-06,
                -6.175945817963553e-06,
                -4.0760779724182535e-07,
                -2.1681426198038975e-06,
                -2.4736321288867186e-05,
                -1.5293605127681634e-06,
                -2.315546653584406e-05
            ],
            [
                0.0,
                0.0,
                0.0,
                0.0,
                0.0,
                0.0,
                0.0,
                38.954645899783785,
                1.2836357298307144e-05,
                1.5481799519221775e-06,
                5.870661852693083e-07,
                -8.604082330601012e-07,
                1.7696853526084009e-06,
                1.1422770029311112e-06,
                -8.790180365565707e-07,
                -4.053946878214269e-06,
                -7.822060963321192e-06,
                -8.971463112034887e-07
            ],
            [
                0.0,
                0.0,
                0.0,
                0.0,
                0.0,
                0.0,
                0.0,
                0.0,
                0.01719947113664059,
                3.6112001052057893e-06,
                -3.1861442250646905e-06,
                4.675685313960956e-06,
                2.1045293253916355e-05,
                6.349832860943729e-06,
                1.5444183354832667e-06,
                5.382729637193826e-06,
                -3.201965433672198e-05,
                2.798285290357556e-05
            ],
            [
                0.0,
                0.0,
                0.0,
                0.0,
                0.0,
                0.0,
                0.0,
                0.0,
                0.0,
                0.004883107313598435,
                3.2504107487402273e-07,
                -1.4366023880952945e-06,
                7.046651785935763e-06,
                2.710055294816474e-06,
                -4.1973854636613814e-07,
                -7.2249324655332525e-06,
                -5.979797200216553e-06,
                -1.1690812306399248e-06
            ],
            [
                0.0,
                0.0,
                0.0,
                0.0,
                0.0,
                0.0,
                0.0,
                0.0,
                0.0,
                0.0,
                0.006178348144908627,
                -3.1917587415912098e-06,
                -3.490270724498536e-06,
                -7.504378261749104e-08,
                -7.331874022060823e-07,
                -3.267860829646039e-05,
                9.215351047466236e-06,
                -2.8940713700373707e-05
            ],
            [
                0.0,
                0.0,
                0.0,
                0.0,
                0.0,
                0.0,
                0.0,
                0.0,
                0.0,
                0.0,
                0.0,
                0.00466532870103656,
                3.988226325570269e-06,
                -1.6858120797413853e-07,
                1.4184988194249803e-06,
                3.78827543521517e-05,
                -1.1482373506940972e-05,
                3.531525874338922e-05
            ],
            [
                0.0,
                0.0,
                0.0,
                0.0,
                0.0,
                0.0,
                0.0,
                0.0,
                0.0,
                0.0,
                0.0,
                0.0,
                0.009174198512971072,
                4.638561792144048e-06,
                1.1814326302713868e-06,
                6.015015790717181e-06,
                -1.547463164290098e-05,
                1.8567471333705135e-05
            ],
            [
                0.0,
                0.0,
                0.0,
                0.0,
                0.0,
                0.0,
                0.0,
                0.0,
                0.0,
                0.0,
                0.0,
                0.0,
                0.0,
                0.00450542813218437,
                3.0486139060035605e-07,
                -9.811369050012556e-06,
                -7.776475797818267e-06,
                4.0761882428963494e-07
            ],
            [
                0.0,
                0.0,
                0.0,
                0.0,
                0.0,
                0.0,
                0.0,
                0.0,
                0.0,
                0.0,
                0.0,
                0.0,
                0.0,
                0.0,
                0.002721793659607386,
                7.2993893524651594e-06,
                -1.1526181421396395e-06,
                1.008596020987119e-05
            ],
            [
                0.0,
                0.0,
                0.0,
                0.0,
                0.0,
                0.0,
                0.0,
                0.0,
                0.0,
                0.0,
                0.0,
                0.0,
                0.0,
                0.0,
                0.0,
                0.031466144821588535,
                -1.6575587426855297e-05,
                5.880721194608411e-05
            ],
            [
                0.0,
                0.0,
                0.0,
                0.0,
                0.0,
                0.0,
                0.0,
                0.0,
                0.0,
                0.0,
                0.0,
                0.0,
                0.0,
                0.0,
                0.0,
                0.0,
                0.0183655853786835,
                -3.0459768016962036e-05
            ],
            [
                0.0,
                0.0,
                0.0,
                0.0,
                0.0,
                0.0,
                0.0,
                0.0,
                0.0,
                0.0,
                0.0,
                0.0,
                0.0,
                0.0,
                0.0,
                0.0,
                0.0,
                0.018598962456920432
            ]
        ],
        [
            [
                0.000834005157096797,
                -2.0594126484729763e-06,
                -5.722352788690067e-05,
                -6.321747239706716e-05,
                -1.1298258937319704e-05,
                0.004117340076662771,
                -0.0008376798945403489,
                -0.0026145224230862845,
                -2.986470128364827e-06,
                2.0894712596121327e-08,
                2.317646397614099e-07,
                -3.0175444459246285e-07,
                -1.849943719257863e-07,
                -3.4528063765337685e-08,
                4.776599992208707e-08,
                -2.6883238766632843e-06,
                2.0824736061241964e-06,
                -2.675125701027753e-06
            ],
            [
                0.0,
                0.00676545352849011,
                -2.2894014471552325e-05,
                0.00012669864316774813,
                -8.18905521187936e-05,
                -0.001365247979417273,
                0.001657346076397245,
                0.0056373388773997835,
                2.1545540386913746e-06,
                7.830238936027119e-07,
                8.769598438591152e-08,
                -4.412804051507933e-07,
                8.50964468442944e-07,
                4.355296169537216e-07,
                -3.337026802118107e-07,
                3.609129759371172e-07,
                -2.310814421730824e-06,
                6.920517362993506e-07
            ],
            [
                0.0,
                0.0,
                0.35207929901851936,
                -3.10868997113457e-05,
                -5.294932363577711e-05,
                -0.0010655569098251,
                0.0008449864220369518,
                0.0008083573932841086,
                -4.6184902482751453e-07,
                -2.270836328545228e-07,
                1.4610979081069172e-07,
                -4.123570112812195e-08,
                -7.826316567791936e-07,
                -2.035789595693162e-07,
                -7.48953394703527e-08,
                -7.459441514723349e-07,
                1.9482781115018096e-07,
                -1.0038011315747258e-06
            ],
            [
                0.0,
                0.0,
                0.0,
                0.15017133180327047,
                0.00011120923378780377,
                -0.004597316158294991,
                0.0001231925295314927,
                0.004197930224751438,
                8.508220787809238e-06,
                7.326777402204215e-07,
                -3.594935498099283e-07,
                3.134255515137539e-07,
                2.687030570973299e-06,
                8.50953186302826e-07,
                6.952202370285531e-08,
                1.196183631033904e-06,
                -3.915695786516204e-06,
                3.5175562243184827e-06
            ],
            [
                0.0,
                0.0,
                0.0,
                0.0,
                0.1514757440498241,
                -0.003014163107625891,
                -0.0026754901488597344,
                -0.0027538374374370257,
                5.332454997449658e-06,
                1.472346082316314e-08,
                -9.791623410813714e-07,
                1.088920900555716e-06,
                2.192814096549767e-06,
                3.6022533351149726e-07,
                4.5799392740433683e-07,
                6.936365194986239e-06,
                -2.4755293235702904e-06,
                7.555743813807676e-06
            ],
            [
                0.0,
                0.0,
                0.0,
                0.0,
                0.0,
                7.602492098384136,
                -0.0005049469850123611,
                -0.002412713785572934,
                -4.570274043484954e-06,
                4.750958761442251e-08,
                3.88830527647831e-07,
                -5.276418598388286e-07,
                -5.976975499471199e-07,
                -1.1310695363119243e-07,
                -4.257960635903611e-08,
                -3.5563175907011106e-06,
                2.6710068379721317e-06,
                -3.8687372979627885e-06
            ],
            [
                0.0,
                0.0,
                0.0,
                0.0,
                0.0,
                0.0,
                1.869976857119115,
                0.005886374589510687,
                1.2871102050747847e-07,
                1.0922318628866749e-07,
                6.997335155114732e-07,
                -6.906300823027817e-07,
                -1.2351891635927107e-06,
                -8.152155944836508e-08,
                -4.336285239607795e-07,
                -4.947264257773438e-06,
                -3.058721025536327e-07,
                -4.631093307168812e-06
            ],
            [
                0.0,
                0.0,
                0.0,
                0.0,
                0.0,
                0.0,
                0.0,
                7.790929179956757,
                2.567271459661429e-06,
                3.096359903844355e-07,
                1.1741323705386167e-07,
                -1.7208164661202025e-07,
                3.539370705216802e-07,
                2.2845540058622225e-07,
                -1.7580360731131416e-07,
                -8.107893756428539e-07,
                -1.5644121926642386e-06,
                -1.7942926224069774e-07
            ],
            [
                0.0,
                0.0,
                0.0,
                0.0,
                0.0,
                0.0,
                0.0,
                0.0,
                0.003439894227328118,
                7.222400210411579e-07,
                -6.372288450129382e-07,
                9.351370627921912e-07,
                4.2090586507832715e-06,
                1.269966572188746e-06,
                3.0888366709665335e-07,
                1.0765459274387652e-06,
                -6.403930867344396e-06,
                5.596570580715112e-06
            ],
            [
                0.0,
                0.0,
                0.0,
                0.0,
                0.0,
                0.0,
                0.0,
                0.0,
                0.0,
                0.000976621462719687,
                6.500821497480455e-08,
                -2.8732047761905894e-07,
                1.4093303571871527e-06,
                5.420110589632948e-07,
                -8.394770927322764e-08,
                -1.4449864931066505e-06,
                -1.1959594400433108e-06,
                -2.3381624612798496e-07
            ],
            [
                0.0,
                0.0,
                0.0,
                0.0,
                0.0,
                0.0,
                0.0,
                0.0,
                0.0,
                0.0,
                0.0012356696289817254,
                -6.38351748318242e-07,
                -6.980541448997072e-07,
                -1.500875652349821e-08,
                -1.4663748044121648e-07,
                -6.535721659292079e-06,
                1.8430702094932474e-06,
                -5.7881427400747415e-06
            ],
            [
                0.0,
                0.0,
                0.0,
                0.0,
                0.0,
                0.0,
                0.0,
                0.0,
                0.0,
                0.0,
                0.0,
                0.0009330657402073121,
                7.976452651140538e-07,
                -3.3716241594827706e-08,
                2.836997638849961e-07,
                7.5765508704303405e-06,
                -2.2964747013881948e-06,
                7.063051748677844e-06
            ],
            [
                0.0,
                0.0,
                0.0,
                0.0,
                0.0,
                0.0,
                0.0,
                0.0,
                0.0,
                0.0,
                0.0,
                0.0,
                0.0018348397025942144,
                9.277123584288098e-07,
                2.3628652605427737e-07,
                1.2030031581434363e-06,
                -3.094926328580196e-06,
                3.713494266741027e-06
            ],
            [
                0.0,
                0.0,
                0.0,
                0.0,
                0.0,
                0.0,
                0.0,
                0.0,
                0.0,
                0.0,
                0.0,
                0.0,
                0.0,
                0.000901085626436874,
                6.097227812007121e-08,
                -1.9622738100025114e-06,
                -1.5552951595636535e-06,
                8.1523764857927e-08
            ],
            [
                0.0,
                0.0,
                0.0,
                0.0,
                0.0,
                0.0,
                0.0,
                0.0,
                0.0,
                0.0,
                0.0,
                0.0,
                0.0,
                0.0,
                0.0005443587319214773,
                1.459877870493032e-06,
                -2.305236284279279e-07,
                2.017192041974238e-06
            ],
            [
                0.0,
                0.0,
                0.0,
                0.0,
                0.0,
                0.0,
                0.0,
                0.0,
                0.0,
                0.0,
                0.0,
                0.0,
                0.0,
                0.0,
                0.0,
                0.006293228964317707,
                -3.3151174853710593e-06,
                1.1761442389216824e-05
            ],
            [
                0.0,
                0.0,
                0.0,
                0.0,
                0.0,
                0.0,
                0.0,
                0.0,
                0.0,
                0.0,
                0.0,
                0.0,
                0.0,
                0.0,
                0.0,
                0.0,
                0.0036731170757367004,
                -6.091953603392407e-06
            ],
            [
                0.0,
                0.0,
                0.0,
                0.0,
                0.0,
                0.0,
                0.0,
                0.0,
                0.0,
                0.0,
                0.0,
                0.0,
                0.0,
                0.0,
                0.0,
                0.0,
                0.0,
                0.0037197924913840866
            ]
        ]
    ],
    "allnames": [
        "m1_flow_nominal",
        "m2_flow_nominal",
        "tau1",
        "tau2",
        "tau_m",
        "nominalUa.hasValue",
        "workingPressure.hasValue",
        "flowCoefficient.hasValue",
        "waterFlowRateMax",
        "c1",
        "c2",
        "c3",
        "c4",
        "eps_motor",
        "f_motorToAir",
        "kp",
        "Ti",
        "Td"
    ],
    "alpha_count": 1248,
    "cov": [
        [
            0.004478296879288149,
            0.014212865340813442,
            0.45537770775488445,
            0.09179695202246345,
            -0.6624376642113798,
            1.825371070050121,
            6.698469361403324,
            -16.4804717188408,
            0.007651875362870209,
            -0.006993623961494708,
            -0.005099078484057917,
            -0.001038622125855017,
            -0.01393322195314206,
            -0.0023346904088778326,
            0.004195832029197539,
            -0.025132373926098985,
            -0.0049248808461866975,
            -0.008053975326163119
        ],
        [
            0.014212865340813442,
            0.09853898308755753,
            5.481847090478215,
            -0.3915999449936596,
            -2.734821271120548,
            -44.23356995269947,
            19.135683030295446,
            20.003376147347375,
            0.02232525324202597,
            -0.0038986044584491944,
            -0.018887004623338966,
            -0.002398701173759197,
            -0.05738364262036327,
            -0.002422724677595342,
            0.012471263866599408,
            -0.07048083360905281,
            -0.008275085008731803,
            -0.003386478517785574
        ],
        [
            0.45537770775488445,
            5.481847090478215,
            566.6936588781998,
            -58.75968778052549,
            -127.40719115512424,
            -6202.122067741917,
            251.53967322541433,
            7913.984539453822,
            -0.016982986393763444,
            1.8590534917535069,
            -0.8064984038081457,
            0.09667030934422398,
            -2.796261184963056,
            0.44728023267981976,
            0.2550620251985747,
            -1.3604540488911436,
            0.7724992803353976,
            1.5682784717176697
        ],
        [
            0.09179695202246345,
            -0.3915999449936596,
            -58.75968778052549,
            23.125219788029362,
            -3.7894093315407997,
            998.7443003630827,
            270.79890513607194,
            -2120.5040755416444,
            0.37678193276416827,
            -0.6399290583968367,
            -0.12365920765246828,
            -0.06194912793280783,
            -0.08254943130268057,
            -0.1568972722826082,
            0.11611169223856911,
            -0.8944528015258931,
            -0.2205587258586669,
            -0.36302999777863526
        ],
        [
            -0.6624376642113798,
            -2.734821271120548,
            -127.40719115512424,
            -3.7894093315407997,
            129.48135163860493,
            395.5025534488637,
            -972.58448302775,
            1264.3563953600164,
            -1.0064373350344715,
            0.712243680833893,
            0.8513469320418469,
            0.14999997619551028,
            2.4881682713489144,
            0.2533874764600816,
            -0.6464516433737281,
            3.404477639799336,
            0.5778310419974446,
            1.1232964131324588
        ],
        [
            1.825371070050121,
            -44.23356995269947,
            -6202.122067741917,
            998.7443003630827,
            395.5025534488637,
            109382.9252048485,
            12874.959815628772,
            -145348.80309703777,
            12.073445211034981,
            -41.87193814561904,
            1.5642253825454664,
            -4.004043780151757,
            13.634084353762521,
            -10.865925794133632,
            3.957210218948867,
            -36.1995054356856,
            -18.23964630703339,
            -32.39639522273115
        ],
        [
            6.698469361403324,
            19.135683030295446,
            251.53967322541433,
            270.79890513607194,
            -972.58448302775,
            12874.959815628772,
            13659.113283441522,
            -43869.41748596738,
            15.368658280810816,
            -16.08998560054058,
            -8.444821207792412,
            -2.1043782695534965,
            -20.006093952101583,
            -4.837234307359839,
            6.588750416123816,
            -41.24560849299871,
            -8.933207065012228,
            -12.29016306975909
        ],
        [
            -16.4804717188408,
            20.003376147347375,
            7913.984539453822,
            -2120.5040755416444,
            1264.3563953600164,
            -145348.80309703777,
            -43869.41748596738,
            321888.07134642167,
            -56.36787350934478,
            94.97810006531974,
            19.050480743127203,
            11.51598301334077,
            24.62442169572351,
            24.262935068552093,
            -19.839935917951767,
            139.86488485959237,
            39.92445740025148,
            65.73570679988336
        ],
        [
            0.007651875362870209,
            0.02232525324202597,
            -0.016982986393763444,
            0.37678193276416827,
            -1.0064373350344715,
            12.073445211034981,
            15.368658280810816,
            -56.36787350934478,
            0.02907214518162198,
            -0.01990094925670644,
            -0.011791282106288077,
            -0.0012299501007540694,
            -0.023076701969058516,
            -0.005617918466398023,
            0.007359908445646812,
            -0.038398714052455304,
            -0.009962008309015129,
            -0.014982718161242229
        ],
        [
            -0.006993623961494708,
            -0.0038986044584491944,
            1.8590534917535069,
            -0.6399290583968367,
            0.712243680833893,
            -41.87193814561904,
            -16.08998560054058,
            94.97810006531974,
            -0.01990094925670644,
            0.03095867862545735,
            0.008060016973388564,
            0.0038900563540326103,
            0.014459588743143185,
            0.008267484321310907,
            -0.0076856686344590345,
            0.051608984885369545,
            0.012722419154054972,
            0.022232220586117478
        ],
        [
            -0.005099078484057917,
            -0.018887004623338966,
            -0.8064984038081457,
            -0.12365920765246828,
            0.8513469320418469,
            1.5642253825454664,
            -8.444821207792412,
            19.050480743127203,
            -0.011791282106288077,
            0.008060016973388564,
            0.007582293096869999,
            0.0010243249881960158,
            0.01810232784180678,
            0.0022912314125156366,
            -0.004907857086086791,
            0.02730721091071753,
            0.00449054222694443,
            0.007863435676161455
        ],
        [
            -0.001038622125855017,
            -0.002398701173759197,
            0.09667030934422398,
            -0.06194912793280783,
            0.14999997619551028,
            -4.004043780151757,
            -2.1043782695534965,
            11.51598301334077,
            -0.0012299501007540694,
            0.0038900563540326103,
            0.0010243249881960158,
            0.0009405088869450841,
            0.002627705149605092,
            0.001088081391408864,
            -0.0011992176129949387,
            0.009050875138263352,
            0.0014309377603293736,
            0.002727899237652077
        ],
        [
            -0.01393322195314206,
            -0.05738364262036327,
            -2.796261184963056,
            -0.08254943130268057,
            2.4881682713489144,
            13.634084353762521,
            -20.006093952101583,
            24.62442169572351,
            -0.023076701969058516,
            0.014459588743143185,
            0.01810232784180678,
            0.002627705149605092,
            0.052411034841720584,
            0.004919359240962252,
            -0.013458197250290087,
            0.07162893754225749,
            0.010517834253293732,
            0.021469017050942597
        ],
        [
            -0.0023346904088778326,
            -0.002422724677595342,
            0.44728023267981976,
            -0.1568972722826082,
            0.2533874764600816,
            -10.865925794133632,
            -4.837234307359839,
            24.262935068552093,
            -0.005617918466398023,
            0.008267484321310907,
            0.0022912314125156366,
            0.001088081391408864,
            0.004919359240962252,
            0.002642436519170253,
            -0.002370319916320174,
            0.015508248307312063,
            0.0043737803996774585,
            0.007022331570797213
        ],
        [
            0.004195832029197539,
            0.012471263866599408,
            0.2550620251985747,
            0.11611169223856911,
            -0.6464516433737281,
            3.957210218948867,
            6.588750416123816,
            -19.839935917951767,
            0.007359908445646812,
            -0.0076856686344590345,
            -0.004907857086086791,
            -0.0011992176129949387,
            -0.013458197250290087,
            -0.002370319916320174,
            0.004236694063628298,
            -0.02498723588676012,
            -0.004835074138544306,
            -0.008495237974694436
        ],
        [
            -0.025132373926098985,
            -0.07048083360905281,
            -1.3604540488911436,
            -0.8944528015258931,
            3.404477639799336,
            -36.1995054356856,
            -41.24560849299871,
            139.86488485959237,
