5.305683010757706848e-04 -4.625530602782910390e-07 3.495990860060819880e-06 -4.859675063273342715e-05 -4.504357043376738980e-05 1.890032286484959493e-03 8.573483971835363772e-05 -6.892857708803057544e-04 -2.171606823276942469e-06 -4.455859428292211201e-08 2.082174809966532822e-07 -2.447733934652747880e-07 -5.224905978883478896e-07 -1.180051619459892044e-07 -5.155837149790903480e-08 -1.617560043827320781e-06 1.167498360215882042e-06 -1.891910969791583973e-06
-4.625530602782910390e-07 3.487062158643426668e-02 -1.122524074954052732e-05 1.560388019688153569e-04 1.446299325648489522e-04 -6.068685042222659275e-03 -2.752851065649084862e-04 2.213220524046065774e-03 6.972789798484917911e-06 1.430727276781836946e-07 -6.685633475625423907e-07 7.859403473045460343e-07 1.677659635118737345e-06 3.789015491045085055e-07 1.655482396507777837e-07 5.193806747676427122e-06 -3.748708361293904279e-06 6.074717286943297254e-06
3.495990860060819880e-06 -1.122524074954052732e-05 9.455343492717595666e+01 -1.179346268230539946e-03 -1.093117667481692968e-03 4.586731612462741775e-02 2.080613661668939945e-03 -1.672759168150119227e-02 -5.270056886006223236e-05 -1.081348263020832964e-06 5.053023216502127152e-06 -5.940162343919255831e-06 -1.267980531171796251e-05 -2.863750056556302542e-06 -1.251218903124485303e-06 -3.925495792390755532e-05 2.833285798656758839e-05 -4.591290802363316861e-05
-4.859675063273342715e-05 1.560388019688153569e-04 -1.179346268230539946e-03 1.719502069126189525e+01 1.519511029211297916e-02 -6.375882012067084492e-01 -2.892200446926364993e-02 2.325253795480339836e-01 7.325752570906564473e-04 1.503150722889723104e-05 -7.024060388690332463e-05 8.257246649105239218e-05 1.762582802617643630e-04 3.980815538245480970e-05 1.739282951702139602e-05 5.456717359076252707e-04 -3.938468060702884216e-04 6.382219609147692096e-04
-4.504357043376738980e-05 1.446299325648489522e-04 -1.093117667481692968e-03 1.519511029211297916e-02 1.748860940689790411e+01 -5.909705623290980592e-01 -2.680735498639522096e-02 2.155241487330125105e-01 6.790125833757253279e-04 1.393246967698409275e-05 -6.510492054090087654e-05 7.653513170846359167e-05 1.633710517294916127e-04 3.689755852935928720e-05 1.612114248776051973e-05 5.057746238184801209e-04 -3.650504636289820582e-04 5.915579843208244350e-04
1.890032286484959493e-03 -6.068685042222659275e-03 4.586731612462741775e-02 -6.375882012067084492e-01 -5.909705623290980592e-01 4.409066653724377829e+04 1.124839038105373890e+00 -9.043412760130751238e+00 -2.849142936829892475e-02 -5.846076868771473995e-04 2.731808350145672939e-03 -3.211421043810810776e-03 -6.855064096212631734e-03 -1.548224890731087367e-03 -6.764445958318187832e-04 -2.122234892785250515e-02 1.531755044750728739e-02 -2.482182648771896413e-02
8.573483971835363772e-05 -2.752851065649084862e-04 2.080613661668939945e-03 -2.892200446926364993e-02 -2.680735498639522096e-02 1.124839038105373890e+00 2.663128703086767473e+03 -4.102234385311355203e-01 -1.292416086066337658e-03 -2.651872493974380995e-05 1.239191270518347416e-04 -1.456751138211092526e-04 -3.109564983362562486e-04 -7.022991818920531289e-05 -3.068459169543875221e-05 -9.626791546298213475e-04 6.948282004944914339e-04 -1.125957122880242136e-03
-6.892857708803057544e-04 2.213220524046065774e-03 -1.672759168150119227e-02 2.325253795480339836e-01 2.155241487330125105e-01 -9.043412760130751238e+00 -4.102234385311355203e-01 4.628942679079194932e+04 1.039068855915334724e-02 2.132036383680441065e-04 -9.962774911265524606e-04 1.171189955660043936e-03 2.500009218773433916e-03 5.646302419988566022e-04 2.466961215582718823e-04 7.739689551986947587e-03 -5.586237676311808613e-03 9.052401870374454651e-03
-2.171606823276942469e-06 6.972789798484917911e-06 -5.270056886006223236e-05 7.325752570906564473e-04 6.790125833757253279e-04 -2.849142936829892475e-02 -1.292416086066337658e-03 1.039068855915334724e-02 9.018027045117506593e-03 6.717017750652410645e-07 -3.138789583374919156e-06 3.689854348533222506e-06 7.876322574902535015e-06 1.778877408984189418e-06 7.772204265405186475e-07 2.438402670009381874e-05 -1.759953906901702024e-05 2.851974971664368851e-05
-4.455859428292211201e-08 1.430727276781836946e-07 -1.081348263020832964e-06 1.503150722889723104e-05 1.393246967698409275e-05 -5.846076868771473995e-04 -2.651872493974380995e-05 2.132036383680441065e-04 6.717017750652410645e-07 7.271898946561098764e-04 -6.440394738400069771e-08 7.571109149089283064e-08 1.616120645296687854e-07 3.650028904697069545e-08 1.594756899978760965e-08 5.003290379581099709e-07 -3.611200298953732694e-07 5.851887842002536208e-07
2.082174809966532822e-07 -6.685633475625423907e-07 5.053023216502127152e-06 -7.024060388690332463e-05 -6.510492054090087654e-05 2.731808350145672939e-03 1.239191270518347416e-04 -9.962774911265524606e-04 -3.138789583374919156e-06 -6.440394738400069771e-08 1.164592038215230994e-03 -3.537897235636726807e-07 -7.551956590321202457e-07 -1.705618941377334086e-07 -7.452126124249754211e-08 -2.337983359431167071e-06 1.687474754809965987e-06 -2.734523754946435880e-06
-2.447733934652747880e-07 7.859403473045460343e-07 -5.940162343919255831e-06 8.257246649105239218e-05 7.653513170846359167e-05 -3.211421043810810776e-03 -1.456751138211092526e-04 1.171189955660043936e-03 3.689854348533222506e-06 7.571109149089283064e-08 -3.537897235636726807e-07 6.639234461756508615e-04 8.877823480849226962e-07 2.005067654460242082e-07 8.760466178116698741e-08 2.748453770615484885e-06 -1.983737965442281778e-06 3.214613181399513210e-06
-5.224905978883478896e-07 1.677659635118737345e-06 -1.267980531171796251e-05 1.762582802617643630e-04 1.633710517294916127e-04 -6.855064096212631734e-03 -3.109564983362562486e-04 2.500009218773433916e-03 7.876322574902535015e-06 1.616120645296687854e-07 -7.551956590321202457e-07 8.877823480849226962e-07 2.565988755792213919e-03 4.279995398005308811e-07 1.869999490706168131e-07 5.866819238591369608e-06 -4.234465278044180718e-06 6.861877998057319907e-06
-1.180051619459892044e-07 3.789015491045085055e-07 -2.863750056556302542e-06 3.980815538245480970e-05 3.689755852935928720e-05 -1.548224890731087367e-03 -7.022991818920531289e-05 5.646302419988566022e-04 1.778877408984189418e-06 3.650028904697069545e-08 -1.705618941377334086e-07 2.005067654460242082e-07 4.279995398005308811e-07 6.191221349593145021e-04 4.223417486009080923e-08 1.325028540524593337e-06 -9.563593352871232499e-07 1.549763819075283982e-06
-5.155837149790903480e-08 1.655482396507777837e-07 -1.251218903124485303e-06 1.739282951702139602e-05 1.612114248776051973e-05 -6.764445958318187832e-04 -3.068459169543875221e-05 2.466961215582718823e-04 7.772204265405186475e-07 1.594756899978760965e-08 -7.452126124249754211e-08 8.760466178116698741e-08 1.869999490706168131e-07 4.223417486009080923e-08 2.259811763523334426e-04 5.789264860207341173e-07 -4.178489235648452545e-07 6.771169786155064575e-07
-1.617560043827320781e-06 5.193806747676427122e-06 -3.925495792390755532e-05 5.456717359076252707e-04 5.057746238184801209e-04 -2.122234892785250515e-02 -9.626791546298213475e-04 7.739689551986947587e-03 2.438402670009381874e-05 5.003290379581099709e-07 -2.337983359431167071e-06 2.748453770615484885e-06 5.866819238591369608e-06 1.325028540524593337e-06 5.789264860207341173e-07 3.016373560136276916e-02 -1.310933032751356158e-05 2.124344384403103697e-05
1.167498360215882042e-06 -3.748708361293904279e-06 2.833285798656758839e-05 -3.938468060702884216e-04 -3.650504636289820582e-04 1.531755044750728739e-02 6.948282004944914339e-04 -5.586237676311808613e-03 -1.759953906901702024e-05 -3.611200298953732694e-07 1.687474754809965987e-06 -1.983737965442281778e-06 -4.234465278044180718e-06 -9.563593352871232499e-07 -4.178489235648452545e-07 -1.310933032751356158e-05 1.029194822606890533e-02 -1.533277602144583168e-05
-1.891910969791583973e-06 6.074717286943297254e-06 -4.591290802363316861e-05 6.382219609147692096e-04 5.915579843208244350e-04 -2.482182648771896413e-02 -1.125957122880242136e-03 9.052401870374454651e-03 2.851974971664368851e-05 5.851887842002536208e-07 -2.734523754946435880e-06 3.214613181399513210e-06 6.861877998057319907e-06 1.549763819075283982e-06 6.771169786155064575e-07 2.124344384403103697e-05 -1.533277602144583168e-05 1.053244510311955595e-02
1.697822107722633258e-04 -1.419552181536979925e-07 1.241120242006161969e-06 -1.489947846183124164e-05 -1.478471739893827691e-05 6.058359588839927045e-04 3.531439463915430986e-05 -2.029542956104851551e-04 -6.625722551603893519e-07 -1.154198510034845672e-08 7.213462656526252419e-08 -8.227594359432531955e-08 -1.598955739750170621e-07 -3.349029619484253143e-08 -1.646295713485511905e-08 -5.945120228936672698e-07 3.776230901017571929e-07 -6.566567264747587247e-07
-1.419552181536979925e-07 1.115870258159650311e-02 -1.498623011455695969e-06 6.107466981007100620e-05 3.994023820096902742e-05 -1.924437972804223223e-03 4.666703698326436382e-05 1.009535647024771858e-03 2.784434797428659542e-06 9.224794309142632586e-08 -1.197880276754649471e-07 1.839706758949362726e-07 6.617267867354562862e-07 1.943012351206868088e-07 5.358638354393366902e-08 3.469250558080637198e-07 -1.130771032184979705e-06 1.067465670247938116e-06
1.241120242006161969e-06 -1.498623011455695969e-06 3.025714144913114012e+01 -1.523989191652785988e-04 -4.778462697044144874e-04 1.503174571594370276e-02 3.386926215531520321e-03 7.313259190127134862e-04 -5.694764674605175033e-06 5.922144968057306522e-07 3.518152994430826787e-06 -3.264467978954447239e-06 -1.535963322023855549e-06 5.587301373508319362e-07 -3.880533982799594522e-07 -3.911683292148502114e-05 1.045608641313657420e-05 -3.238987578911301521e-05
-1.489947846183124164e-05 6.107466981007100620e-05 -1.523989191652785988e-04 5.503604123766898226e+00 4.180906069188384047e-03 -2.021429970118432673e-01 5.227969538361052632e-03 1.067905847632296956e-01 2.938724744560100512e-04 9.803826468915237662e-06 -1.235807464239252652e-05 1.916544450305464770e-05 6.982354154373971420e-05 2.058988013128061951e-05 5.631366350272131465e-06 3.327663400071259072e-05 -1.186350852037985437e-04 1.100360963886002957e-04
-1.478471739893827691e-05 3.994023820096902742e-05 -4.778462697044144874e-04 4.180906069188384047e-03 5.596742885856096805e+00 -1.901835108847653444e-01 -1.682100420447516648e-02 5.053804253253082329e-02 1.834504317793539841e-04 1.616323243416108345e-06 -2.659250900681300910e-05 2.862180964478034685e-05 4.464056499497777062e-05 7.338860667898133482e-06 5.121396301928266612e-06 2.422871200678346822e-04 -1.210253393863938942e-04 2.429072906179066086e-04
6.058359588839927045e-04 -1.924437972804223223e-03 1.503174571594370276e-02 -2.021429970118432673e-01 -1.901835108847653444e-01 1.410901625983003032e+04 3.827490853463055287e-01 -2.842912395885006660e+00 -9.023667839249589068e-03 -1.792128121744487792e-04 8.901088779048050821e-04 -1.039080596097363913e-03 -2.172492010940244196e-03 -4.830717160005677108e-04 -2.163589007536544898e-04 -7.013660468938150150e-03 4.913259491515855476e-03 -8.091275484466625006e-03
3.531439463915430986e-05 4.666703698326436382e-05 3.386926215531520321e-03 5.227969538361052632e-03 -1.682100420447516648e-02 3.827490853463055287e-01 8.523763475412157504e+02 2.603732324088816052e-01 3.054163082171067623e-04 5.191008031987712196e-05 1.620358287305410493e-04 -1.343937167464847400e-04 6.281083742800927831e-05 7.248241120502436474e-05 -9.024943606112904176e-06 -2.017451967540699869e-03 3.117935138383884927e-04 -1.499532417460351262e-03
-2.029542956104851551e-04 1.009535647024771858e-03 7.313259190127134862e-04 1.067905847632296956e-01 5.053804253253082329e-02 -2.842912395885006660e+00 2.603732324088816052e-01 1.481349224878239693e+04 4.932603853187927240e-03 2.032643214988182469e-04 -4.517638882562981771e-05 1.785192820044856571e-04 1.162926213480802804e-03 3.929931027112524363e-04 8.071833909930936418e-05 -1.345322903651321447e-03 -1.587598801615116694e-03 3.495808143083108826e-04
-6.625722551603893519e-07 2.784434797428659542e-06 -5.694764674605175033e-06 2.938724744560100512e-04 1.834504317793539841e-04 -9.023667839249589068e-03 3.054163082171067623e-04 4.932603853187927240e-03 2.888719889318050720e-03 4.628522303490337248e-07 -5.020726633542637683e-07 8.204524861118257493e-07 3.186685215702802046e-06 9.590064522357222315e-07 2.519701831456908063e-07 7.863390802107428397e-07 -5.264693428147255039e-06 4.450140184203203247e-06
-1.154198510034845672e-08 9.224794309142632586e-08 5.922144968057306522e-07 9.803826468915237662e-06 1.616323243416108345e-06 -1.792128121744487792e-04 5.191008031987712196e-05 2.032643214988182469e-04 4.628522303490337248e-07 2.327215908639151108e-04 2.158796645899398232e-08 -6.038206860732058615e-09 1.076827557153792484e-07 4.442092907229029660e-08 5.377036742074364072e-09 -4.292942120096500683e-07 -8.471655813491237860e-08 -2.055449167379699560e-07
7.213462656526252419e-08 -1.197880276754649471e-07 3.518152994430826787e-06 -1.235807464239252652e-05 -2.659250900681300910e-05 8.901088779048050821e-04 1.620358287305410493e-04 -4.517638882562981771e-05 -5.020726633542637683e-07 2.158796645899398232e-08 3.727549572764771516e-04 -1.745407878738985519e-07 -1.282558287460812497e-07 1.176357269951387565e-08 -2.329196774864052191e-08 -1.942466081521009252e-06 6.024873507051349301e-07 -1.670996495461590669e-06
-8.227594359432531955e-08 1.839706758949362726e-07 -3.264467978954447239e-06 1.916544450305464770e-05 2.862180964478034685e-05 -1.039080596097363913e-03 -1.343937167464847400e-04 1.785192820044856571e-04 8.204524861118257493e-07 -6.038206860732058615e-09 -1.745407878738985519e-07 2.124994900383898302e-04 2.027498927004835859e-07 1.657770163017125944e-08 2.763553847655632855e-08 1.736119209595324296e-06 -6.796206892209300202e-07 1.599566661239680870e-06
-1.598955739750170621e-07 6.617267867354562862e-07 -1.535963322023855549e-06 6.982354154373971420e-05 4.464056499497777062e-05 -2.172492010940244196e-03 6.281083742800927831e-05 1.162926213480802804e-03 3.186685215702802046e-06 1.076827557153792484e-07 -1.282558287460812497e-07 2.027498927004835859e-07 8.212668151752571238e-04 2.249521914325304324e-07 6.057587181695276367e-08 2.933468591813951804e-07 -1.272140150600308154e-06 1.140120559961167921e-06
-3.349029619484253143e-08 1.943012351206868088e-07 5.587301373508319362e-07 2.058988013128061951e-05 7.338860667898133482e-06 -4.830717160005677108e-04 7.248241120502436474e-05 3.929931027112524363e-04 9.590064522357222315e-07 4.442092907229029660e-08 1.176357269951387565e-08 1.657770163017125944e-08 2.249521914325304324e-07 1.981705590242218329e-04 1.394543317082220404e-08 -5.026572603728661691e-07 -2.575447747475170796e-07 -1.216524399756214035e-07
-1.646295713485511905e-08 5.358638354393366902e-08 -3.880533982799594522e-07 5.631366350272131465e-06 5.121396301928266612e-06 -2.163589007536544898e-04 -9.024943606112904176e-06 8.071833909930936418e-05 2.519701831456908063e-07 5.377036742074364072e-09 -2.329196774864052191e-08 2.763553847655632855e-08 6.057587181695276367e-08 1.394543317082220404e-08 7.231398003303497388e-05 1.775066782722948866e-07 -1.333061273822468581e-07 2.115125804068425056e-07
-5.945120228936672698e-07 3.469250558080637198e-07 -3.911683292148502114e-05 3.327663400071259072e-05 2.422871200678346822e-04 -7.013660468938150150e-03 -2.017451967540699869e-03 -1.345322903651321447e-03 7.863390802107428397e-07 -4.292942120096500683e-07 -1.942466081521009252e-06 1.736119209595324296e-06 2.933468591813951804e-07 -5.026572603728661691e-07 1.775066782722948866e-07 9.669077211529635701e-03 -5.067904976816118418e-06 1.791550116135251321e-05
3.776230901017571929e-07 -1.130771032184979705e-06 1.045608641313657420e-05 -1.186350852037985437e-04 -1.210253393863938942e-04 4.913259491515855476e-03 3.117935138383884927e-04 -1.587598801615116694e-03 -5.264693428147255039e-06 -8.471655813491237860e-08 6.024873507051349301e-07 -6.796206892209300202e-07 -1.272140150600308154e-06 -2.575447747475170796e-07 -1.333061273822468581e-07 -5.067904976816118418e-06 3.293469110097645668e-03 -5.488245417366878906e-06
-6.566567264747587247e-07 1.067465670247938116e-06 -3.238987578911301521e-05 1.100360963886002957e-04 2.429072906179066086e-04 -8.091275484466625006e-03 -1.499532417460351262e-03 3.495808143083108826e-04 4.450140184203203247e-06 -2.055449167379699560e-07 -1.670996495461590669e-06 1.599566661239680870e-06 1.140120559961167921e-06 -1.216524399756214035e-07 2.115125804068425056e-07 1.791550116135251321e-05 -5.488245417366878906e-06 3.377791757470027020e-03
5.433425036147948486e-05 -1.823940564596690342e-07 -3.064139087490049149e-08 -5.789111299447223009e-06 -2.710381152186074237e-06 2.091217563159059186e-04 -2.051165988253512366e-05 -1.463740753535212251e-04 -2.149693810812758584e-07 -1.200332612282393778e-08 1.969881426147456120e-08 -1.821813801892646720e-08 -5.016525583572584962e-08 -1.328064185005040418e-08 7.831321753885653362e-10 -1.895805170903851159e-07 1.438999803519427372e-07 -2.045959788227701789e-07
-1.823940564596690342e-07 3.575542814048604263e-03 1.438129037682920003e-05 5.502090794662358413e-05 -5.741489421119460251e-05 -1.145720055695609828e-03 1.120023337143367850e-03 3.151709796522966008e-03 9.933658676745059380e-07 3.181871255654660326e-07 7.922998062175103103e-08 -2.228590813579630586e-07 1.769685906978667358e-07 1.512354688087776514e-07 -1.930607901579327241e-07 8.797334840150458353e-08 -1.162922211796556256e-06 1.493436934103127009e-07
-3.064139087490049149e-08 1.438129037682920003e-05 9.682331679319881701e+00 6.203938770115551558e-05 -3.721565905559042603e-04 3.155097086315723168e-03 4.535396121888718435e-03 9.068907409256882907e-03 -1.502660284575965842e-06 1.091118440383404591e-06 1.492996404135814130e-06 -1.924569500681399116e-06 -6.001507233979796606e-07 4.569560789304771249e-07 -7.807310712514480279e-07 -1.258935679896658857e-05 8.439105480437156023e-07 -1.096520919587511978e-05
-5.789111299447223009e-06 5.502090794662358413e-05 6.203938770115551558e-05 1.761417847071843790e+00 8.144888037770559117e-04 -6.863685483574274993e-02 9.912838501606855215e-03 5.526432940748719075e-02 9.480232037290706822e-05 5.289619773927735472e-06 -3.078004534937982411e-06 4.032279429772080000e-06 2.208417329026234529e-05 7.252813339127695764e-06 2.346588503609790474e-07 1.047670968763914151e-05 -4.393629111691617811e-05 3.377811091957796670e-05
-2.710381152186074237e-06 -5.741489421119460251e-05 -3.721565905559042603e-04 8.144888037770559117e-04 1.791993339001255681e+00 -5.304097940100308689e-02 -2.168638518718260175e-02 -2.555972179307122380e-02 5.719419156312970651e-05 -3.741563626577776710e-06 -1.024402629070303561e-05 1.331540685360422312e-05 1.479815745648937147e-05 1.034524919342641005e-06 4.740103711765242767e-06 7.787183261171382791e-05 -2.690964429967420657e-05 8.056657567040935962e-05
2.091217563159059186e-04 -1.145720055695609828e-03 3.155097086315723168e-03 -6.863685483574274993e-02 -5.304097940100308689e-02 4.514944218408438246e+03 -5.948007042012591920e-04 -1.224761308871000098e+00 -2.898972124124530626e-03 -8.949720010961996920e-05 2.717418754608160228e-04 -3.011293892549913274e-04 -6.913235311500678113e-04 -1.645015103246926359e-04 -4.582381190581969350e-05 -2.241805074461739218e-03 1.661459283021174535e-03 -2.567797680982540458e-03
-2.051165988253512366e-05 1.120023337143367850e-03 4.535396121888718435e-03 9.912838501606855215e-03 -2.168638518718260175e-02 -5.948007042012591920e-04 2.730170992986479064e+02 7.403033982055426954e-01 1.215042622633813213e-04 8.365718131238715765e-05 7.915644031848315760e-05 -1.084405056571413064e-04 1.202054341041783804e-05 4.387922465492001057e-05 -5.171097520995384490e-05 -6.509365181173306855e-04 -8.628380071914917545e-05 -5.245012559754271865e-04
-1.463740753535212251e-04 3.151709796522966008e-03 9.068907409256882907e-03 5.526432940748719075e-02 -2.555972179307122380e-02 -1.224761308871000098e+00 7.403033982055426954e-01 4.741999177569377935e+03 1.639279108903657139e-03 2.366596771248206086e-04 5.543510737417642467e-05 -1.103641814023349283e-04 3.514570589154978122e-04 1.787040590016200387e-04 -9.914057172917924762e-05 -4.442023635352184622e-04 -9.842768090225137694e-04 -2.425379205260909817e-06
-2.149693810812758584e-07 9.933658676745059380e-07 -1.502660284575965842e-06 9.480232037290706822e-05 5.719419156312970651e-05 -2.898972124124530626e-03 1.215042622633813213e-04 1.639279108903657139e-03 9.243925661118747262e-04 1.543221040744761168e-07 -1.581344308425589224e-07 2.564846469428049473e-07 1.018991047959379302e-06 3.087977705344561072e-07 7.610876865459075644e-08 2.511328461664435095e-07 -1.701933436701657229e-06 1.419909564634309431e-06
-1.200332612282393778e-08 3.181871255654660326e-07 1.091118440383404591e-06 5.289619773927735472e-06 -3.741563626577776710e-06 -8.949720010961996920e-05 8.365718131238715765e-05 2.366596771248206086e-04 1.543221040744761168e-07 7.448842259066953877e-05 1.404066107437923292e-08 -1.902480577054447650e-08 3.234813290534194950e-08 1.961792356792382133e-08 -1.103272283033493941e-08 -1.387721497740567489e-07 -7.571065844436568567e-08 -7.743792347454505395e-08
1.969881426147456120e-08 7.922998062175103103e-08 1.492996404135814130e-06 -3.078004534937982411e-06 -1.024402629070303561e-05 2.717418754608160228e-04 7.915644031848315760e-05 5.543510737417642467e-05 -1.581344308425589224e-07 1.404066107437923292e-08 1.192844910981296968e-04 -6.281413509428883162e-08 -4.190132084134970878e-08 5.964848237051693947e-09 -1.264733843524651930e-08 -6.221584930011204591e-07 1.730026789488816453e-07 -5.394689480030684775e-07
-1.821813801892646720e-08 -2.228590813579630586e-07 -1.924569500681399116e-06 4.032279429772080000e-06 1.331540685360422312e-05 -3.011293892549913274e-04 -1.084405056571413064e-04 -1.103641814023349283e-04 2.564846469428049473e-07 -1.902480577054447650e-08 -6.281413509428883162e-08 6.801651857431812429e-05 6.693959267339875500e-08 3.150397559661726620e-11 2.129022148826565573e-08 5.569225482383991882e-07 -1.700453869766368851e-07 5.232445500678745037e-07
-5.016525583572584962e-08 1.769685906978667358e-07 -6.001507233979796606e-07 2.208417329026234529e-05 1.479815745648937147e-05 -6.913235311500678113e-04 1.202054341041783804e-05 3.514570589154978122e-04 1.018991047959379302e-06 3.234813290534194950e-08 -4.190132084134970878e-08 6.693959267339875500e-08 2.628056351495679926e-04 7.133362160696699871e-08 2.092103910850868096e-08 9.403945181275899720e-08 -4.012284663057344719e-07 3.662440173042695235e-07
-1.328064185005040418e-08 1.512354688087776514e-07 4.569560789304771249e-07 7.252813339127695764e-06 1.034524919342641005e-06 -1.645015103246926359e-04 4.387922465492001057e-05 1.787040590016200387e-04 3.087977705344561072e-07 1.961792356792382133e-08 5.964848237051693947e-09 3.150397559661726620e-11 7.133362160696699871e-08 6.341624587780833849e-05 5.278989024495531791e-10 -1.612816314313366120e-07 -9.740869973681775033e-08 -4.252719054369582620e-08
7.831321753885653362e-10 -1.930607901579327241e-07 -7.807310712514480279e-07 2.346588503609790474e-07 4.740103711765242767e-06 -4.582381190581969350e-05 -5.171097520995384490e-05 -9.914057172917924762e-05 7.610876865459075644e-08 -1.103272283033493941e-08 -1.264733843524651930e-08 2.129022148826565573e-08 2.092103910850868096e-08 5.278989024495531791e-10 2.314976064236641629e-05 5.782016473018451753e-08 -7.266357463222054578e-09 7.617744525997574024e-08
-1.895805170903851159e-07 8.797334840150458353e-08 -1.258935679896658857e-05 1.047670968763914151e-05 7.787183261171382791e-05 -2.241805074461739218e-03 -6.509365181173306855e-04 -4.442023635352184622e-04 2.511328461664435095e-07 -1.387721497740567489e-07 -6.221584930011204591e-07 5.569225482383991882e-07 9.403945181275899720e-08 -1.612816314313366120e-07 5.782016473018451753e-08 3.094104819283842456e-03 -1.617850028830277782e-06 5.733891404970013673e-06
1.438999803519427372e-07 -1.162922211796556256e-06 8.439105480437156023e-07 -4.393629111691617811e-05 -2.690964429967420657e-05 1.661459283021174535e-03 -8.628380071914917545e-05 -9.842768090225137694e-04 -1.701933436701657229e-06 -7.571065844436568567e-08 1.730026789488816453e-07 -1.700453869766368851e-07 -4.012284663057344719e-07 -9.740869973681775033e-08 -7.266357463222054578e-09 -1.617850028830277782e-06 1.054044987773055048e-03 -1.723871277659163174e-06
-2.045959788227701789e-07 1.493436934103127009e-07 -1.096520919587511978e-05 3.377811091957796670e-05 8.056657567040935962e-05 -2.567797680982540458e-03 -5.245012559754271865e-04 -2.425379205260909817e-06 1.419909564634309431e-06 -7.743792347454505395e-08 -5.394689480030684775e-07 5.232445500678745037e-07 3.662440173042695235e-07 -4.252719054369582620e-08 7.617744525997574024e-08 5.733891404970013673e-06 -1.723871277659163174e-06 1.080901130014866058e-03
1.738911505160132536e-05 -4.293901923542087742e-08 -1.193117934123688518e-06 -1.318092449944460327e-06 -2.355701554984902359e-07 8.584707143645181268e-05 -1.746573380107380158e-05 -5.451312960497937520e-05 -6.226828721429497571e-08 4.356574515305147479e-10 4.832322619842430991e-09 -6.291619074174841791e-09 -3.857156505499716753e-09 -7.199145811214669493e-10 9.959272567226453637e-10 -5.605189942709081583e-08 4.341984317563858864e-08 -5.577671576348326069e-08
-4.293901923542087742e-08 1.144284142183493030e-03 -3.869263603268669275e-06 2.143259933341024306e-05 -1.385008642511834994e-05 -2.311250265461131203e-04 2.803605747265291775e-04 9.536134644986662750e-04 3.645671399435954305e-07 1.324367183257781023e-07 1.482064519918712984e-08 -7.462101592902631072e-08 1.439385386349116453e-07 7.366566228281867375e-08 -5.644370863025018903e-08 6.118190836816069535e-08 -3.909499063917298880e-07 1.171888262237274829e-07
-1.193117934123688518e-06 -3.869263603268669275e-06 3.098995914901000237e+00 -2.736084243201290550e-04 -4.659959854867114139e-04 -9.384122064831490820e-03 7.437805471117120600e-03 7.115661381571367072e-03 -4.062147773708143271e-06 -1.999264212587996140e-06 1.285674065622715620e-06 -3.622716653467418627e-07 -6.888932526769385282e-06 -1.792098314595447630e-06 -6.591048041378610991e-07 -6.562148033197817232e-06 1.713214412785164115e-06 -8.832009061778453812e-06
-1.318092449944460327e-06 2.143259933341024306e-05 -2.736084243201290550e-04 5.637862477739569167e-01 4.173105900645049621e-04 -1.726963070625716842e-02 4.684164431137069506e-04 1.578157925072165568e-02 3.195417451505347633e-05 2.753303462790063235e-06 -1.349842696563495717e-06 1.175799522669576362e-06 1.009146999877810530e-05 3.196311642911919787e-06 2.599310957609351986e-07 4.496783856737012441e-06 -1.471139333899444257e-05 1.321310261662629693e-05
-2.355701554984902359e-07 -1.385008642511834994e-05 -4.659959854867114139e-04 4.173105900645049621e-04 5.736230760071390211e-01 -1.142405401921102806e-02 -1.013572897425266475e-02 -1.042869083608232578e-02 2.021413849880266688e-05 5.648483263015254200e-08 -3.709421489679672717e-06 4.125542220921670931e-06 8.310770335745631856e-06 1.365888449637809505e-06 1.735336387412984780e-06 2.627161052079026756e-05 -9.381567954778761775e-06 2.862324507834867102e-05
8.584707143645181268e-05 -2.311250265461131203e-04 -9.384122064831490820e-03 -1.726963070625716842e-02 -1.142405401921102806e-02 1.444948406957279758e+03 -9.594923843670914720e-02 -4.593239695499404251e-01 -8.703851465088110464e-04 8.925937842321246782e-06 7.403409783350857714e-05 -1.004178050314913226e-04 -1.141010763200715435e-04 -2.163531111851638185e-05 -8.116978574928788518e-06 -6.768512396614829486e-04 5.085823301929790147e-04 -7.365469979517465541e-04
-1.746573380107380158e-05 2.803605747265291775e-04 7.437805471117120600e-03 4.684164431137069506e-04 -1.013572897425266475e-02 -9.594923843670914720e-02 8.742062592655382502e+01 2.757175942802062019e-01 5.886447140985801072e-06 5.134001616451687340e-06 3.277348131095974919e-05 -3.236460123375734383e-05 -5.785262948405162970e-05 -3.816663486378770394e-06 -2.031817391467527473e-05 -2.316416233054507240e-04 -1.431478096611679857e-05 -2.168831527976066700e-04
-5.451312960497937520e-05 9.536134644986662750e-04 7.115661381571367072e-03 1.578157925072165568e-02 -1.042869083608232578e-02 -4.593239695499404251e-01 2.757175942802062019e-01 1.517467060817322135e+03 5.013456885175626709e-04 6.050228837061376943e-05 2.297832059062639550e-05 -3.367207974137992728e-05 6.903898629583574620e-05 4.461585132473011112e-05 -3.437898091138919188e-05 -1.585740881007549391e-04 -3.056101023469759426e-04 -3.529509068628427414e-05
-6.226828721429497571e-08 3.645671399435954305e-07 -4.062147773708143271e-06 3.195417451505347633e-05 2.021413849880266688e-05 -8.703851465088110464e-04 5.886447140985801072e-06 5.013456885175626709e-04 2.958253597342035742e-04 6.232657413856454759e-08 -5.505590187901425610e-08 8.067740395669689456e-08 3.629875046402402244e-07 1.094985029872971035e-07 2.661053235906304228e-08 9.432637880239424653e-08 -5.525727987422874925e-07 4.837099491500736003e-07
4.356574515305147479e-10 1.324367183257781023e-07 -1.999264212587996140e-06 2.753303462790063235e-06 5.648483263015254200e-08 8.925937842321246782e-06 5.134001616451687340e-06 6.050228837061376943e-05 6.232657413856454759e-08 2.384478288250338354e-05 1.573049086841533399e-09 -7.004463421441974702e-09 3.455524264352681488e-08 1.328321576292921912e-08 -2.051286948582562861e-09 -3.525033237040615915e-08 -2.944328212471501844e-08 -5.541266349286766318e-09
4.832322619842430991e-09 1.482064519918712984e-08 1.285674065622715620e-06 -1.349842696563495717e-06 -3.709421489679672717e-06 7.403409783350857714e-05 3.277348131095974919e-05 2.297832059062639550e-05 -5.505590187901425610e-08 1.573049086841533399e-09 3.817204169061378380e-05 -1.978521579297744914e-08 -2.173514153647799617e-08 -5.013068052170029070e-10 -4.556024256014920607e-09 -2.022408678565053546e-07 5.715524587217605483e-08 -1.792487095793966045e-07
-6.291619074174841791e-09 -7.462101592902631072e-08 -3.622716653467418627e-07 1.175799522669576362e-06 4.125542220921670931e-06 -1.004178050314913226e-04 -3.236460123375734383e-05 -3.367207974137992728e-05 8.067740395669689456e-08 -7.004463421441974702e-09 -1.978521579297744914e-08 2.176538491331801495e-05 1.880705701181319056e-08 -7.463942124851738659e-10 6.653143538767709020e-09 1.772264379535811409e-07 -5.385129636805666581e-08 1.653607777597237351e-07
-3.857156505499716753e-09 1.439385386349116453e-07 -6.888932526769385282e-06 1.009146999877810530e-05 8.310770335745631856e-06 -1.141010763200715435e-04 -5.785262948405162970e-05 6.903898629583574620e-05 3.629875046402402244e-07 3.455524264352681488e-08 -2.173514153647799617e-08 1.880705701181319056e-08 8.416682419422878247e-05 4.280395560485616206e-08 1.091285260227646144e-08 5.620451142298724247e-08 -1.432669631194463692e-07 1.720606590127879758e-07
-7.199145811214669493e-10 7.366566228281867375e-08 -1.792098314595447630e-06 3.196311642911919787e-06 1.365888449637809505e-06 -2.163531111851638185e-05 -3.816663486378770394e-06 4.461585132473011112e-05 1.094985029872971035e-07 1.328321576292921912e-08 -5.013068052170029070e-10 -7.463942124851738659e-10 4.280395560485616206e-08 2.029898081528862090e-05 1.389806513667260108e-09 -4.405238303992935415e-08 -3.547582348101896556e-08 2.270542631929178573e-09
9.959272567226453637e-10 -5.644370863025018903e-08 -6.591048041378610991e-07 2.599310957609351986e-07 1.735336387412984780e-06 -8.116978574928788518e-06 -2.031817391467527473e-05 -3.437898091138919188e-05 2.661053235906304228e-08 -2.051286948582562861e-09 -4.556024256014920607e-09 6.653143538767709020e-09 1.091285260227646144e-08 1.389806513667260108e-09 7.408181190157573773e-06 2.009824471903519205e-08 -3.234229486445264017e-09 2.772963310916030861e-08
-5.605189942709081583e-08 6.118190836816069535e-08 -6.562148033197817232e-06 4.496783856737012441e-06 2.627161052079026756e-05 -6.768512396614829486e-04 -2.316416233054507240e-04 -1.585740881007549391e-04 9.432637880239424653e-08 -3.525033237040615915e-08 -2.022408678565053546e-07 1.772264379535811409e-07 5.620451142298724247e-08 -4.405238303992935415e-08 2.009824471903519205e-08 9.901234207753747008e-04 -5.233390602940924378e-07 1.855600764921693275e-06
4.341984317563858864e-08 -3.909499063917298880e-07 1.713214412785164115e-06 -1.471139333899444257e-05 -9.381567954778761775e-06 5.085823301929790147e-04 -1.431478096611679857e-05 -3.056101023469759426e-04 -5.525727987422874925e-07 -2.944328212471501844e-08 5.715524587217605483e-08 -5.385129636805666581e-08 -1.432669631194463692e-07 -3.547582348101896556e-08 -3.234229486445264017e-09 -5.233390602940924378e-07 3.372976013684051257e-04 -5.634615662237545599e-07
-5.577671576348326069e-08 1.171888262237274829e-07 -8.832009061778453812e-06 1.321310261662629693e-05 2.862324507834867102e-05 -7.365469979517465541e-04 -2.168831527976066700e-04 -3.529509068628427414e-05 4.837099491500736003e-07 -5.541266349286766318e-09 -1.792487095793966045e-07 1.653607777597237351e-07 1.720606590127879758e-07 2.270542631929178573e-09 2.772963310916030861e-08 1.855600764921693275e-06 -5.634615662237545599e-07 3.459319701341497227e-04
1.738911505160132536e-05 -4.293901923542087742e-08 -1.193117934123688518e-06 -1.318092449944460327e-06 -2.355701554984902359e-07 8.584707143645181268e-05 -1.746573380107380158e-05 -5.451312960497937520e-05 -6.226828721429497571e-08 4.356574515305147479e-10 4.832322619842430991e-09 -6.291619074174841791e-09 -3.857156505499716753e-09 -7.199145811214669493e-10 9.959272567226453637e-10 -5.605189942709081583e-08 4.341984317563858864e-08 -5.577671576348326069e-08
-4.293901923542087742e-08 1.144284142183493030e-03 -3.869263603268669275e-06 2.143259933341024306e-05 -1.385008642511834994e-05 -2.311250265461131203e-04 2.803605747265291775e-04 9.536134644986662750e-04 3.645671399435954305e-07 1.324367183257781023e-07 1.482064519918712984e-08 -7.462101592902631072e-08 1.439385386349116453e-07 7.366566228281867375e-08 -5.644370863025018903e-08 6.118190836816069535e-08 -3.909499063917298880e-07 1.171888262237274829e-07
-1.193117934123688518e-06 -3.869263603268669275e-06 3.098995914901000237e+00 -2.736084243201290550e-04 -4.659959854867114139e-04 -9.384122064831490820e-03 7.437805471117120600e-03 7.115661381571367072e-03 -4.062147773708143271e-06 -1.999264212587996140e-06 1.285674065622715620e-06 -3.622716653467418627e-07 -6.888932526769385282e-06 -1.792098314595447630e-06 -6.591048041378610991e-07 -6.562148033197817232e-06 1.713214412785164115e-06 -8.832009061778453812e-06
-1.318092449944460327e-06 2.143259933341024306e-05 -2.736084243201290550e-04 5.637862477739569167e-01 4.173105900645049621e-04 -1.726963070625716842e-02 4.684164431137069506e-04 1.578157925072165568e-02 3.195417451505347633e-05 2.753303462790063235e-06 -1.349842696563495717e-06 1.175799522669576362e-06 1.009146999877810530e-05 3.196311642911919787e-06 2.599310957609351986e-07 4.496783856737012441e-06 -1.471139333899444257e-05 1.321310261662629693e-05
-2.355701554984902359e-07 -1.385008642511834994e-05 -4.659959854867114139e-04 4.173105900645049621e-04 5.736230760071390211e-01 -1.142405401921102806e-02 -1.013572897425266475e-02 -1.042869083608232578e-02 2.021413849880266688e-05 5.648483263015254200e-08 -3.709421489679672717e-06 4.125542220921670931e-06 8.310770335745631856e-06 1.365888449637809505e-06 1.735336387412984780e-06 2.627161052079026756e-05 -9.381567954778761775e-06 2.862324507834867102e-05
8.584707143645181268e-05 -2.311250265461131203e-04 -9.384122064831490820e-03 -1.726963070625716842e-02 -1.142405401921102806e-02 1.444948406957279758e+03 -9.594923843670914720e-02 -4.593239695499404251e-01 -8.703851465088110464e-04 8.925937842321246782e-06 7.403409783350857714e-05 -1.004178050314913226e-04 -1.141010763200715435e-04 -2.163531111851638185e-05 -8.116978574928788518e-06 -6.768512396614829486e-04 5.085823301929790147e-04 -7.365469979517465541e-04
-1.746573380107380158e-05 2.803605747265291775e-04 7.437805471117120600e-03 4.684164431137069506e-04 -1.013572897425266475e-02 -9.594923843670914720e-02 8.742062592655382502e+01 2.757175942802062019e-01 5.886447140985801072e-06 5.134001616451687340e-06 3.277348131095974919e-05 -3.236460123375734383e-05 -5.785262948405162970e-05 -3.816663486378770394e-06 -2.031817391467527473e-05 -2.316416233054507240e-04 -1.431478096611679857e-05 -2.168831527976066700e-04
-5.451312960497937520e-05 9.536134644986662750e-04 7.115661381571367072e-03 1.578157925072165568e-02 -1.042869083608232578e-02 -4.593239695499404251e-01 2.757175942802062019e-01 1.517467060817322135e+03 5.013456885175626709e-04 6.050228837061376943e-05 2.297832059062639550e-05 -3.367207974137992728e-05 6.903898629583574620e-05 4.461585132473011112e-05 -3.437898091138919188e-05 -1.585740881007549391e-04 -3.056101023469759426e-04 -3.529509068628427414e-05
-6.226828721429497571e-08 3.645671399435954305e-07 -4.062147773708143271e-06 3.195417451505347633e-05 2.021413849880266688e-05 -8.703851465088110464e-04 5.886447140985801072e-06 5.013456885175626709e-04 2.958253597342035742e-04 6.232657413856454759e-08 -5.505590187901425610e-08 8.067740395669689456e-08 3.629875046402402244e-07 1.094985029872971035e-07 2.661053235906304228e-08 9.432637880239424653e-08 -5.525727987422874925e-07 4.837099491500736003e-07
4.356574515305147479e-10 1.324367183257781023e-07 -1.999264212587996140e-06 2.753303462790063235e-06 5.648483263015254200e-08 8.925937842321246782e-06 5.134001616451687340e-06 6.050228837061376943e-05 6.232657413856454759e-08 2.384478288250338354e-05 1.573049086841533399e-09 -7.004463421441974702e-09 3.455524264352681488e-08 1.328321576292921912e-08 -2.051286948582562861e-09 -3.525033237040615915e-08 -2.944328212471501844e-08 -5.541266349286766318e-09
4.832322619842430991e-09 1.482064519918712984e-08 1.285674065622715620e-06 -1.349842696563495717e-06 -3.709421489679672717e-06 7.403409783350857714e-05 3.277348131095974919e-05 2.297832059062639550e-05 -5.505590187901425610e-08 1.573049086841533399e-09 3.817204169061378380e-05 -1.978521579297744914e-08 -2.173514153647799617e-08 -5.013068052170029070e-10 -4.556024256014920607e-09 -2.022408678565053546e-07 5.715524587217605483e-08 -1.792487095793966045e-07
-6.291619074174841791e-09 -7.462101592902631072e-08 -3.622716653467418627e-07 1.175799522669576362e-06 4.125542220921670931e-06 -1.004178050314913226e-04 -3.236460123375734383e-05 -3.367207974137992728e-05 8.067740395669689456e-08 -7.004463421441974702e-09 -1.978521579297744914e-08 2.176538491331801495e-05 1.880705701181319056e-08 -7.463942124851738659e-10 6.653143538767709020e-09 1.772264379535811409e-07 -5.385129636805666581e-08 1.653607777597237351e-07
-3.857156505499716753e-09 1.439385386349116453e-07 -6.888932526769385282e-06 1.009146999877810530e-05 8.310770335745631856e-06 -1.141010763200715435e-04 -5.785262948405162970e-05 6.903898629583574620e-05 3.629875046402402244e-07 3.455524264352681488e-08 -2.173514153647799617e-08 1.880705701181319056e-08 8.416682419422878247e-05 4.280395560485616206e-08 1.091285260227646144e-08 5.620451142298724247e-08 -1.432669631194463692e-07 1.720606590127879758e-07
-7.199145811214669493e-10 7.366566228281867375e-08 -1.792098314595447630e-06 3.196311642911919787e-06 1.365888449637809505e-06 -2.163531111851638185e-05 -3.816663486378770394e-06 4.461585132473011112e-05 1.094985029872971035e-07 1.328321576292921912e-08 -5.013068052170029070e-10 -7.463942124851738659e-10 4.280395560485616206e-08 2.029898081528862090e-05 1.389806513667260108e-09 -4.405238303992935415e-08 -3.547582348101896556e-08 2.270542631929178573e-09
9.959272567226453637e-10 -5.644370863025018903e-08 -6.591048041378610991e-07 2.599310957609351986e-07 1.735336387412984780e-06 -8.116978574928788518e-06 -2.031817391467527473e-05 -3.437898091138919188e-05 2.661053235906304228e-08 -2.051286948582562861e-09 -4.556024256014920607e-09 6.653143538767709020e-09 1.091285260227646144e-08 1.389806513667260108e-09 7.408181190157573773e-06 2.009824471903519205e-08 -3.234229486445264017e-09 2.772963310916030861e-08
