2.876328768692753158e-03 -1.336291601135172424e-06 -6.011341528482357175e-04 1.516392967053550986e-04 9.526127072698800928e-05 8.893464399440116630e-03 1.898696931977895313e-03 1.409261526558713493e-02 -1.515236832128888031e-06 3.698016767117747368e-07 -8.655913222099767562e-08 -4.900567770737409849e-07 9.784968854011506316e-07 1.613000916989393343e-06 -3.701253011694909558e-08 -1.056481393470637566e-04 1.229054783833042797e-05 1.875161272737238392e-05
-1.336291601135172424e-06 5.971523239926791737e-02 1.633231602306430929e-04 -4.119913838820485650e-05 -2.588169663793242093e-05 -2.416280466237265192e-03 -5.158601982295713591e-04 -3.828846606343754618e-03 4.116772716183311313e-07 -1.004720464026035042e-07 2.351739782904088111e-08 1.331443591166807171e-07 -2.658494827524861125e-07 -4.382389620842953743e-07 1.005599724818516984e-08 2.870372263644452849e-05 -3.339239842572715019e-06 -5.094657549475141190e-06
-6.011341528482357175e-04 1.633231602306430929e-04 3.322957845541973398e+01 -1.853353649161004757e-02 -1.164294662145730699e-02 -1.086969872355240341e+00 -2.320610134699843119e-01 -1.722416319263739837e+00 1.851940607206774714e-04 -4.519760391208818513e-05 1.057936082898824147e-05 5.989532633156983434e-05 -1.195930614723601933e-04 -1.971429042836471532e-04 4.523715768097907704e-06 1.291244214660329341e-02 -1.502165479612988398e-03 -2.291844570042920765e-03
1.516392967053550986e-04 -4.119913838820485650e-05 -1.853353649161004757e-02 3.740703960683410045e+00 2.936995392609988761e-03 2.741939485602162274e-01 5.853862853838627534e-02 4.344887044754550121e-01 -4.671618970346911107e-05 1.140133668586715039e-05 -2.668700202939515452e-06 -1.510891556871829159e-05 3.016798770554538124e-05 4.973034923133154320e-05 -1.141131433506282774e-06 -3.257232410739174105e-03 3.789292552823629741e-04 5.781300182540703974e-04
9.526127072698800928e-05 -2.588169663793242093e-05 -1.164294662145730699e-02 2.936995392609988761e-03 2.676909088303133899e+01 1.722512866585601821e-01 3.677453181557038819e-02 2.729500004558708115e-01 -2.934756155802151773e-05 7.162429820498996839e-06 -1.676503241869830165e-06 -9.491566682609445233e-06 1.895182123991554778e-05 3.124108568426403365e-05 -7.168697876088148383e-07 -2.046224858870547298e-03 2.380470178780138950e-04 3.631868610635319338e-04
8.893464399440116630e-03 -2.416280466237265192e-03 -1.086969872355240341e+00 2.741939485602162274e-01 1.722512866585601821e-01 5.174566144950887247e+04 3.433220940807767629e+00 2.548224575796820446e+01 -2.739848964167750870e-03 6.686748364364394947e-04 -1.565160928815032329e-04 -8.861199283035012253e-04 1.769316598607912749e-03 2.916625835583636951e-03 -6.692600136948403727e-05 -1.910328068976618610e-01 2.222375014247240238e-02 3.390663797116295897e-02
1.898696931977895313e-03 -5.158601982295713591e-04 -2.320610134699843119e-01 5.853862853838627534e-02 3.677453181557038819e-02 3.433220940807767629e+00 1.780064730528235032e+03 5.440294093222759031e+00 -5.849399726247984412e-04 1.427577379758349844e-04 -3.341517006330920364e-05 -1.891808539021362569e-04 3.777376111929898334e-04 6.226806874156649938e-04 -1.428826695227874799e-05 -4.078426449725830460e-02 4.744626426481460442e-03 7.238847157648171937e-03
1.409261526558713493e-02 -3.828846606343754618e-03 -1.722416319263739837e+00 4.344887044754550121e-01 2.729500004558708115e-01 2.548224575796820446e+01 5.440294093222759031e+00 2.223613676031398063e+04 -4.341574397066717134e-03 1.059584520096734477e-03 -2.480159565254217249e-04 -1.404148784756709296e-03 2.803665364508379533e-03 4.621695655198147790e-03 -1.060511794058199169e-04 -3.027112641147393091e-01 3.521583338615686537e-02 5.372857892220596343e-02
-1.515236832128888031e-06 4.116772716183311313e-07 1.851940607206774714e-04 -4.671618970346911107e-05 -2.934756155802151773e-05 -2.739848964167750870e-03 -5.849399726247984412e-04 -4.341574397066717134e-03 5.792173634914229768e-04 -1.139264402913715966e-07 2.666665520917697574e-08 1.509739616356256500e-07 -3.014498689708017592e-07 -4.969243360206446658e-07 1.140261407113012012e-08 3.254749017430435653e-05 -3.786403503906053329e-06 -5.776892378497676537e-06
3.698016767117747368e-07 -1.004720464026035042e-07 -4.519760391208818513e-05 1.140133668586715039e-05 7.162429820498996839e-06 6.686748364364394947e-04 1.427577379758349844e-04 1.059584520096734477e-03 -1.139264402913715966e-07 1.297972822608039709e-05 -6.508140245504278648e-09 -3.684600517150344876e-08 7.357045751938589245e-08 1.212770497408873315e-07 -2.782869128436361027e-09 -7.943389563931846763e-06 9.240920856474353023e-07 1.409881572605672081e-06
-8.655913222099767562e-08 2.351739782904088111e-08 1.057936082898824147e-05 -2.668700202939515452e-06 -1.676503241869830165e-06 -1.565160928815032329e-04 -3.341517006330920364e-05 -2.480159565254217249e-04 2.666665520917697574e-08 -6.508140245504278648e-09 2.401262565149687487e-06 8.624509931418007525e-09 -1.722056810722148737e-08 -2.838720548061735401e-08 6.513835712805618830e-10 1.859301757799134346e-06 -2.163013692560335101e-07 -3.300096596215261569e-07
-4.900567770737409849e-07 1.331443591166807171e-07 5.989532633156983434e-05 -1.510891556871829159e-05 -9.491566682609445233e-06 -8.861199283035012253e-04 -1.891808539021362569e-04 -1.404148784756709296e-03 1.509739616356256500e-07 -3.684600517150344876e-08 8.624509931418007525e-09 7.895456123863667719e-04 -9.749469396779197145e-08 -1.607149017211003553e-07 3.687825020767706551e-09 1.052648523217926662e-05 -1.224595824547039486e-06 -1.868358266166815296e-06
9.784968854011506316e-07 -2.658494827524861125e-07 -1.195930614723601933e-04 3.016798770554538124e-05 1.895182123991554778e-05 1.769316598607912749e-03 3.777376111929898334e-04 2.803665364508379533e-03 -3.014498689708017592e-07 7.357045751938589245e-08 -1.722056810722148737e-08 -9.749469396779197145e-08 5.845795232392850174e-04 3.208996143481254567e-07 -7.363484121723810112e-09 -2.101824420307674048e-05 2.445151778840158102e-06 3.730552927304235958e-06
1.613000916989393343e-06 -4.382389620842953743e-07 -1.971429042836471532e-04 4.973034923133154320e-05 3.124108568426403365e-05 2.916625835583636951e-03 6.226806874156649938e-04 4.621695655198147790e-03 -4.969243360206446658e-07 1.212770497408873315e-07 -2.838720548061735401e-08 -1.607149017211003553e-07 3.208996143481254567e-07 5.127638066733694426e-04 -1.213831828980022590e-08 -3.464747581610432676e-05 4.030704767987587307e-06 6.149621304264320599e-06
-3.701253011694909558e-08 1.005599724818516984e-08 4.523715768097907704e-06 -1.141131433506282774e-06 -7.168697876088148383e-07 -6.692600136948403727e-05 -1.428826695227874799e-05 -1.060511794058199169e-04 1.140261407113012012e-08 -2.782869128436361027e-09 6.513835712805618830e-10 3.687825020767706551e-09 -7.363484121723810112e-09 -1.213831828980022590e-08 5.587681488741627812e-05 7.950341060644662595e-07 -9.249007861453798871e-08 -1.411115401947484641e-07
-1.056481393470637566e-04 2.870372263644452849e-05 1.291244214660329341e-02 -3.257232410739174105e-03 -2.046224858870547298e-03 -1.910328068976618610e-01 -4.078426449725830460e-02 -3.027112641147393091e-01 3.254749017430435653e-05 -7.943389563931846763e-06 1.859301757799134346e-06 1.052648523217926662e-05 -2.101824420307674048e-05 -3.464747581610432676e-05 7.950341060644662595e-07 7.285182258148270584e-01 -2.640026143258708243e-04 -4.027871538332554241e-04
1.229054783833042797e-05 -3.339239842572715019e-06 -1.502165479612988398e-03 3.789292552823629741e-04 2.380470178780138950e-04 2.222375014247240238e-02 4.744626426481460442e-03 3.521583338615686537e-02 -3.786403503906053329e-06 9.240920856474353023e-07 -2.163013692560335101e-07 -1.224595824547039486e-06 2.445151778840158102e-06 4.030704767987587307e-06 -9.249007861453798871e-08 -2.640026143258708243e-04 7.296380977589485006e-01 4.685813506463964588e-05
1.875161272737238392e-05 -5.094657549475141190e-06 -2.291844570042920765e-03 5.781300182540703974e-04 3.631868610635319338e-04 3.390663797116295897e-02 7.238847157648171937e-03 5.372857892220596343e-02 -5.776892378497676537e-06 1.409881572605672081e-06 -3.300096596215261569e-07 -1.868358266166815296e-06 3.730552927304235958e-06 6.149621304264320599e-06 -1.411115401947484641e-07 -4.027871538332554241e-04 4.685813506463964588e-05 4.123050250365500879e-01
9.205820048113072529e-04 1.001280360054664713e-06 -2.331726586093209395e-04 5.494231796757139785e-05 4.411055476709528856e-05 2.764250573255814126e-03 7.753151036108284124e-04 4.683294339205099945e-03 -5.356420045128039248e-07 1.263859131135163179e-07 -4.770025527519936562e-08 2.080957115889620160e-07 2.944098222544755279e-07 8.426667456404174304e-07 6.071820321178441212e-08 -3.602242348835132864e-05 3.950266348754439973e-06 -2.154183704410123003e-06
1.001280360054664713e-06 1.912189574765707153e-02 -3.196319955830128571e-04 4.530059232079155281e-05 1.158990133392911613e-04 -1.517352094967485939e-03 1.363452188141144831e-03 3.572938923809843839e-04 -3.308912670329536685e-07 4.120219191422599833e-08 -1.747447862493749554e-07 3.368033659614746869e-06 -2.555669237387312749e-07 2.835187549460062155e-06 6.644708573221823277e-07 -1.100007732101120131e-05 -9.109850483371284467e-07 -7.594333815902052124e-05
-2.331726586093209395e-04 -3.196319955830128571e-04 1.064408657556280424e+01 -7.601065305553327163e-03 -7.272402490887466819e-03 -3.265773796116093752e-01 -1.179148314467212272e-01 -5.963707136478232362e-01 7.247492537298408854e-05 -1.655822900322962427e-05 8.591103912369461799e-06 -7.580892907454635785e-05 -3.340037711045990986e-05 -1.480649354709942305e-04 -1.743803847911988236e-05 4.708480193503042713e-03 -4.851932593153177823e-04 1.389017758537025929e-03
5.494231796757139785e-05 4.530059232079155281e-05 -7.601065305553327163e-03 1.197287944286834049e+00 1.497586638346245190e-03 8.439981740925235620e-02 2.559760000583910164e-02 1.461441484024126047e-01 -1.702703130883618442e-05 3.977887024399387898e-06 -1.672634404148591553e-06 1.010099516277957817e-05 8.887993230885221082e-06 2.927755197032147770e-05 2.604794007115002931e-06 -1.132974627672431091e-03 1.219650803302323904e-04 -1.487685359074545038e-04
4.411055476709528856e-05 1.158990133392911613e-04 -7.272402490887466819e-03 1.497586638346245190e-03 8.567293362554147862e+00 4.802374012652912971e-02 2.634497702167865746e-02 1.024360842349389678e-01 -1.380316986729353704e-05 2.991526367240897551e-06 -2.274740994933193832e-06 2.867634430299077208e-05 4.438620149344897716e-06 3.837291081186213404e-05 6.076780823619156935e-06 -8.472930576991406521e-04 7.767776173289222543e-05 -5.924823751372319033e-04
2.764250573255814126e-03 -1.517352094967485939e-03 -3.265773796116093752e-01 8.439981740925235620e-02 4.802374012652912971e-02 1.655865418989118189e+04 1.011278821850386089e+00 8.063880936906377528e+00 -8.503135272989592727e-04 2.097839758738951818e-04 -3.966881216103606916e-05 -4.735990190569122475e-04 5.759247194515188786e-04 7.632815290659800307e-04 -5.920542702208166227e-05 -5.997695586188662997e-02 7.102595180023865348e-03 1.509694638701110543e-02
7.753151036108284124e-04 1.363452188141144831e-03 -1.179148314467212272e-01 2.559760000583910164e-02 2.634497702167865746e-02 1.011278821850386089e+00 5.698001414633130253e+02 1.926660336573968291e+00 -2.414868321143825915e-04 5.429311897776723059e-05 -3.208883866627928159e-05 3.298206916981327817e-04 1.008623022858891343e-04 5.485308869222450465e-04 7.304957936740595029e-05 -1.542043218987225461e-02 1.536777165195958930e-03 -6.406878914600284795e-03
4.683294339205099945e-03 3.572938923809843839e-04 -5.963707136478232362e-01 1.461441484024126047e-01 1.024360842349389678e-01 8.063880936906377528e+00 1.926660336573968291e+00 7.115756091977142205e+03 -1.445528284242475437e-03 3.479818721715468720e-04 -1.015169331894574795e-04 -4.517908779209125315e-05 8.764521704258063919e-04 1.840554232725203363e-03 4.642754613361046355e-05 -9.932077679908826728e-02 1.128821681421338444e-02 8.161672210392115212e-03
-5.356420045128039248e-07 -3.308912670329536685e-07 7.247492537298408854e-05 -1.702703130883618442e-05 -1.380316986729353704e-05 -8.503135272989592727e-04 -2.414868321143825915e-04 -1.445528284242475437e-03 1.853659927212749465e-04 -3.906257988239050321e-08 1.500909250661801430e-08 -6.983524526585059959e-08 -9.040655080813345446e-08 -2.647276595229638528e-07 -1.984438179266046099e-08 1.113234591227985949e-05 -1.217247382008607870e-06 7.916135622527332800e-07
1.263859131135163179e-07 4.120219191422599833e-08 -1.655822900322962427e-05 3.977887024399387898e-06 2.991526367240897551e-06 2.097839758738951818e-04 5.429311897776723059e-05 3.479818721715468720e-04 -3.906257988239050321e-08 4.153926252669192547e-06 -3.109387165343379876e-09 6.942385239025300766e-09 2.258209763206500925e-08 5.557009087935748761e-08 2.834513354331811484e-09 -2.655594190351257288e-06 2.965971149517382456e-07 3.253493972965091322e-08
-4.770025527519936562e-08 -1.747447862493749554e-07 8.591103912369461799e-06 -1.672634404148591553e-06 -2.274740994933193832e-06 -3.966881216103606916e-05 -3.208883866627928159e-05 -1.015169331894574795e-04 1.500909250661801430e-08 -3.109387165343379876e-09 7.709554003531582169e-07 -4.378874420430128334e-08 -3.124029796158183585e-09 -5.073322342511477518e-08 -9.047627492530967428e-09 8.775254220314407646e-07 -7.142209147542786896e-08 9.346142744313504912e-07
2.080957115889620160e-07 3.368033659614746869e-06 -7.580892907454635785e-05 1.010099516277957817e-05 2.867634430299077208e-05 -4.735990190569122475e-04 3.298206916981327817e-04 -4.517908779209125315e-05 -6.983524526585059959e-08 6.942385239025300766e-09 -4.378874420430128334e-08 2.535038506444196242e-04 -7.473969761652941365e-08 7.084412935247286934e-07 1.700522742498357370e-07 -1.786481191715057828e-06 -3.516296703897913275e-07 -1.957609753804459695e-05
2.944098222544755279e-07 -2.555669237387312749e-07 -3.340037711045990986e-05 8.887993230885221082e-06 4.438620149344897716e-06 5.759247194515188786e-04 1.008623022858891343e-04 8.764521704258063919e-04 -9.040655080813345446e-08 2.258209763206500925e-08 -3.124029796158183585e-09 -7.473969761652941365e-08 1.870676798094612632e-04 6.372924181937970563e-08 -1.101441257540248852e-08 -6.461542871031396197e-06 7.803854083734348902e-07 2.166792839332452931e-06
8.426667456404174304e-07 2.835187549460062155e-06 -1.480649354709942305e-04 2.927755197032147770e-05 3.837291081186213404e-05 7.632815290659800307e-04 5.485308869222450465e-04 1.840554232725203363e-03 -2.647276595229638528e-07 5.557009087935748761e-08 -5.073322342511477518e-08 7.084412935247286934e-07 6.372924181937970563e-08 1.647643113692802636e-04 1.472140004109541385e-07 -1.569958613835507273e-05 1.325831127955663672e-06 -1.501287352232688628e-05
6.071820321178441212e-08 6.644708573221823277e-07 -1.743803847911988236e-05 2.604794007115002931e-06 6.076780823619156935e-06 -5.920542702208166227e-05 7.304957936740595029e-05 4.642754613361046355e-05 -1.984438179266046099e-08 2.834513354331811484e-09 -9.047627492530967428e-09 1.700522742498357370e-07 -1.101441257540248852e-08 1.472140004109541385e-07 1.791416057286678921e-05 -7.706392925801789197e-07 -2.159500420353042389e-08 -3.818927871928611502e-06
-3.602242348835132864e-05 -1.100007732101120131e-05 4.708480193503042713e-03 -1.132974627672431091e-03 -8.472930576991406521e-04 -5.997695586188662997e-02 -1.542043218987225461e-02 -9.932077679908826728e-02 1.113234591227985949e-05 -2.655594190351257288e-06 8.775254220314407646e-07 -1.786481191715057828e-06 -6.461542871031396197e-06 -1.569958613835507273e-05 -7.706392925801789197e-07 2.331571227284545411e-01 -8.472509849316967425e-05 -1.369451083255393523e-05
3.950266348754439973e-06 -9.109850483371284467e-07 -4.851932593153177823e-04 1.219650803302323904e-04 7.767776173289222543e-05 7.102595180023865348e-03 1.536777165195958930e-03 1.128821681421338444e-02 -1.217247382008607870e-06 2.965971149517382456e-07 -7.142209147542786896e-08 -3.516296703897913275e-07 7.803854083734348902e-07 1.325831127955663672e-06 -2.159500420353042389e-08 -8.472509849316967425e-05 2.334841931896384781e-01 1.409534112570184172e-05
-2.154183704410123003e-06 -7.594333815902052124e-05 1.389017758537025929e-03 -1.487685359074545038e-04 -5.924823751372319033e-04 1.509694638701110543e-02 -6.406878914600284795e-03 8.161672210392115212e-03 7.916135622527332800e-07 3.253493972965091322e-08 9.346142744313504912e-07 -1.957609753804459695e-05 2.166792839332452931e-06 -1.501287352232688628e-05 -3.818927871928611502e-06 -1.369451083255393523e-05 1.409534112570184172e-05 1.323617127618043343e-01
2.945872355212561609e-04 2.956393698567314808e-07 -7.467135176094170837e-05 1.690598033402193268e-05 1.298258222630242349e-05 8.705747886263655354e-04 2.452921857963395584e-04 1.535159669328011551e-03 -1.587166727135702860e-07 4.086413355086425805e-08 -1.597159353484397759e-08 5.480621081115377839e-08 9.414986156741342645e-08 2.642071918088478378e-07 1.907578192319535852e-08 -1.095495053640886309e-05 1.205334520966525360e-06 -7.052237368394046324e-07
2.956393698567314808e-07 6.119623924304564561e-03 -1.008841832907854679e-04 3.133139951009327666e-05 6.531731117031062668e-05 -1.370320877169304923e-04 5.062971049272671324e-04 -7.953943962068204393e-04 -4.220934448105355043e-07 2.702182190589445911e-09 -3.828690650664155453e-08 1.371442268928115519e-06 -8.025425935980031112e-08 1.042980261851406053e-06 2.214535435381272863e-07 -1.778005715746433472e-05 1.172571581725808280e-06 -2.390601006025806804e-05
-7.467135176094170837e-05 -1.008841832907854679e-04 3.406110870559384551e+00 -2.394211747741041649e-03 -2.263233052790984603e-03 -1.037154161920464668e-01 -3.757422407800421055e-02 -1.928990227618683773e-01 2.247581330199165524e-05 -5.322374567833153283e-06 2.789085706262399091e-06 -2.359373672475093681e-05 -1.068466190237159635e-05 -4.707339395822285701e-05 -5.560189877463026489e-06 1.474416891253320155e-03 -1.519459125432103853e-04 4.453822402946877113e-04
1.690598033402193268e-05 3.133139951009327666e-05 -2.394211747741041649e-03 3.835912887081756040e-01 1.249134095533333249e-03 3.651314041931325027e-02 1.010013425279464305e-02 2.195511153470080384e-02 -1.407259460641904401e-05 9.870341913853710602e-07 -5.438130467550124479e-08 1.124161868269528263e-05 2.885807952765799113e-06 1.307031373094483695e-05 1.074160117814331631e-06 -7.514656220369094917e-04 7.895885231085782131e-05 -3.680969555903773426e-05
1.298258222630242349e-05 6.531731117031062668e-05 -2.263233052790984603e-03 1.249134095533333249e-03 2.742824870881783728e+00 3.130611008949387569e-02 1.163127926728537744e-02 -8.824075737444201858e-03 -1.887782230705219210e-05 4.779027719103019717e-07 7.840169439024449463e-08 2.260658980616797953e-05 1.490198225181963598e-06 1.848607805371609079e-05 2.348056557172658218e-06 -9.232723518318509178e-04 9.181237497921776913e-05 -1.714910092170149434e-04
8.705747886263655354e-04 -1.370320877169304923e-04 -1.037154161920464668e-01 3.651314041931325027e-02 3.130611008949387569e-02 5.298966116299752684e+03 3.631270980910761281e-01 2.066807097883741395e+00 -4.506322388465092664e-04 6.121241745614622591e-05 -2.739276124484415572e-06 1.425592714627674108e-05 1.851581462007167805e-04 3.208780570367236783e-04 -1.396432410312111994e-05 -2.724387346631265347e-02 3.099457281121482770e-03 5.054525279794283045e-03
2.452921857963395584e-04 5.062971049272671324e-04 -3.757422407800421055e-02 1.010013425279464305e-02 1.163127926728537744e-02 3.631270980910761281e-01 1.823439815315547889e+02 5.133794804569361547e-01 -1.131298457770828171e-04 1.618521149886108655e-05 -8.269245285356055603e-06 1.388412962257226158e-04 3.244909714844322791e-05 1.909188622497730368e-04 2.437626841592195064e-05 -6.551447625170564795e-03 6.577778242082331448e-04 -2.005315889421876129e-03
1.535159669328011551e-03 -7.953943962068204393e-04 -1.928990227618683773e-01 2.195511153470080384e-02 -8.824075737444201858e-03 2.066807097883741395e+00 5.133794804569361547e-01 2.278382668492694393e+03 3.445194587484894193e-06 1.268028897948024784e-04 -5.846986254056678100e-05 -4.472578631527169483e-04 2.782140366695747013e-04 3.889586320498812492e-04 1.854045638882428033e-06 -1.076681970086904028e-02 1.454520569456961348e-03 2.028336212402986199e-03
-1.587166727135702860e-07 -4.220934448105355043e-07 2.247581330199165524e-05 -1.407259460641904401e-05 -1.887782230705219210e-05 -4.506322388465092664e-04 -1.131298457770828171e-04 3.445194587484894193e-06 5.947909737522833444e-05 -7.130287668783058040e-09 -4.228901304769871807e-09 -1.727823921144002277e-07 -2.971239186325808226e-08 -1.542364200073169820e-07 -1.086977366629411195e-08 1.086714401496066696e-05 -1.139507040911464600e-06 5.053545615589196237e-08
4.086413355086425805e-08 2.702182190589445911e-09 -5.322374567833153283e-06 9.870341913853710602e-07 4.779027719103019717e-07 6.121241745614622591e-05 1.618521149886108655e-05 1.268028897948024784e-04 -7.130287668783058040e-09 1.329434411334830774e-06 -1.294414596540531016e-09 -2.765463543146158023e-09 7.200337608369242247e-09 1.547767526006008912e-08 7.572173898661493064e-10 -6.076312503783555127e-07 7.004846608757939771e-08 3.688855842335658296e-09
-1.597159353484397759e-08 -3.828690650664155453e-08 2.789085706262399091e-06 -5.438130467550124479e-08 7.840169439024449463e-08 -2.739276124484415572e-06 -8.269245285356055603e-06 -5.846986254056678100e-05 -4.228901304769871807e-09 -1.294414596540531016e-09 2.472093319969026257e-07 -5.624300976546350469e-09 -9.560695886803284807e-10 -1.235807343794263155e-08 -2.643234441333452484e-09 -1.264991399175593470e-07 1.896343340283571574e-08 3.103834077968487082e-07
5.480621081115377839e-08 1.371442268928115519e-06 -2.359373672475093681e-05 1.124161868269528263e-05 2.260658980616797953e-05 1.425592714627674108e-05 1.388412962257226158e-04 -4.472578631527169483e-04 -1.727823921144002277e-07 -2.765463543146158023e-09 -5.624300976546350469e-09 8.126094553322432625e-05 -2.319016327600725772e-08 2.912697105419586197e-07 5.861418109821996137e-08 -7.355841278859342844e-06 5.840133716913422025e-07 -6.076022894128466282e-06
9.414986156741342645e-08 -8.025425935980031112e-08 -1.068466190237159635e-05 2.885807952765799113e-06 1.490198225181963598e-06 1.851581462007167805e-04 3.244909714844322791e-05 2.782140366695747013e-04 -2.971239186325808226e-08 7.200337608369242247e-09 -9.560695886803284807e-10 -2.319016327600725772e-08 5.986166131719484806e-05 2.072912773449327856e-08 -3.502784345616401339e-09 -2.102972877498565920e-06 2.533454648420901250e-07 6.943530571698705969e-07
2.642071918088478378e-07 1.042980261851406053e-06 -4.707339395822285701e-05 1.307031373094483695e-05 1.848607805371609079e-05 3.208780570367236783e-04 1.909188622497730368e-04 3.889586320498812492e-04 -1.542364200073169820e-07 1.547767526006008912e-08 -1.235807343794263155e-08 2.912697105419586197e-07 2.072912773449327856e-08 5.275441996080905166e-05 4.904833266712204099e-08 -8.159169632822621152e-06 7.461694623033232639e-07 -4.717083618500066850e-06
1.907578192319535852e-08 2.214535435381272863e-07 -5.560189877463026489e-06 1.074160117814331631e-06 2.348056557172658218e-06 -1.396432410312111994e-05 2.437626841592195064e-05 1.854045638882428033e-06 -1.086977366629411195e-08 7.572173898661493064e-10 -2.643234441333452484e-09 5.861418109821996137e-08 -3.502784345616401339e-09 4.904833266712204099e-08 5.732657488785647758e-06 -4.504235383568424891e-07 1.401582424830904990e-08 -1.216398909547408462e-06
-1.095495053640886309e-05 -1.778005715746433472e-05 1.474416891253320155e-03 -7.514656220369094917e-04 -9.232723518318509178e-04 -2.724387346631265347e-02 -6.551447625170564795e-03 -1.076681970086904028e-02 1.086714401496066696e-05 -6.076312503783555127e-07 -1.264991399175593470e-07 -7.355841278859342844e-06 -2.102972877498565920e-06 -8.159169632822621152e-06 -4.504235383568424891e-07 7.493970329374524675e-02 -6.093420984601023434e-05 -1.352704621232669443e-05
1.205334520966525360e-06 1.172571581725808280e-06 -1.519459125432103853e-04 7.895885231085782131e-05 9.181237497921776913e-05 3.099457281121482770e-03 6.577778242082331448e-04 1.454520569456961348e-03 -1.139507040911464600e-06 7.004846608757939771e-08 1.896343340283571574e-08 5.840133716913422025e-07 2.533454648420901250e-07 7.461694623033232639e-07 1.401582424830904990e-08 -6.093420984601023434e-05 7.471841436571803607e-02 5.449412002365851311e-06
-7.052237368394046324e-07 -2.390601006025806804e-05 4.453822402946877113e-04 -3.680969555903773426e-05 -1.714910092170149434e-04 5.054525279794283045e-03 -2.005315889421876129e-03 2.028336212402986199e-03 5.053545615589196237e-08 3.688855842335658296e-09 3.103834077968487082e-07 -6.076022894128466282e-06 6.943530571698705969e-07 -4.717083618500066850e-06 -1.216398909547408462e-06 -1.352704621232669443e-05 5.449412002365851311e-06 4.235600194327766854e-02
9.446148278475984482e-05 9.198536153101857473e-07 -3.110246610727894143e-05 1.890699439902678710e-06 1.183561250494226599e-05 -2.284677659827725647e-04 1.404887920257038116e-04 7.308240762258034822e-04 -2.724710220887777735e-09 1.394962926292802824e-08 -9.372819716761282565e-09 5.510146231456929591e-08 6.927453876026249003e-08 7.795852368368089004e-08 -4.111304434828616518e-09 -6.049414692572313465e-06 1.605971201924768750e-06 -1.424209533174781456e-06
9.198536153101857473e-07 1.961797995522711509e-03 -6.301172844284747487e-05 -4.977655491378809453e-06 5.364925828311349837e-05 -2.205597942435973124e-03 4.263237820864646996e-04 7.668614317131490369e-04 6.984725256838363612e-08 4.587072192310279878e-09 -3.042189726950505504e-08 5.990084197056188353e-07 1.412149025395873037e-07 3.056675672124875045e-07 2.731247139364206949e-08 -1.653490237197835958e-05 5.577657309329051141e-06 -1.275973077391759643e-05
-3.110246610727894143e-05 -6.301172844284747487e-05 1.090223860426782210e+00 -6.351070755398815224e-04 -1.010249526316527643e-03 -1.430846833895298327e-02 -1.433219470122707936e-02 -7.064837383196470588e-02 5.402536513788816524e-06 -1.735670663137834866e-06 1.051202955734116483e-06 -8.948700989826796127e-06 -4.876745313438426565e-06 -1.481818503407404549e-05 -1.398876628260972321e-06 5.665349155963041172e-04 -9.406017808554648985e-05 1.871508103263591768e-04
1.890699439902678710e-06 -4.977655491378809453e-06 -6.351070755398815224e-04 1.228131945856226481e-01 2.600726516516852762e-04 2.090282028656462524e-02 2.104917743215611436e-03 2.670002572283106633e-03 -5.377084541413533640e-06 2.999771491681600196e-07 6.008299460120400209e-08 2.914383226210030638e-06 2.117415882958204389e-07 4.302271590403700926e-06 5.294583918342530375e-07 -1.942200757750416713e-04 3.081430517195489170e-06 1.001129920085821276e-05
1.183561250494226599e-05 5.364925828311349837e-05 -1.010249526316527643e-03 2.600726516516852762e-04 8.780087652552328592e-01 -1.010298529585476959e-02 6.182120629714044947e-03 6.683085187403839042e-03 -4.133591783079508502e-06 1.875756982767024247e-07 -1.440335287737555046e-07 8.724711068900468445e-06 2.030287021871103609e-06 5.654127288172786770e-06 3.460021411413114451e-07 -3.963920124162552752e-04 7.780275903235806911e-05 -1.024377772836941098e-04
-2.284677659827725647e-04 -2.205597942435973124e-03 -1.430846833895298327e-02 2.090282028656462524e-02 -1.010298529585476959e-02 1.696997383977971367e+03 -4.619658905364378010e-02 3.381455888345348548e-02 -2.701080603709226941e-04 1.730086270830108512e-05 1.028754499032480422e-05 -9.383598412308692173e-05 -4.329424107110528710e-05 1.199377247841671318e-04 2.229115916921714424e-05 -2.054451186669332876e-03 -2.204667268276430149e-03 4.757029652856028211e-03
1.404887920257038116e-04 4.263237820864646996e-04 -1.433219470122707936e-02 2.104917743215611436e-03 6.182120629714044947e-03 -4.619658905364378010e-02 5.836992978865205828e+01 2.410112742864779778e-01 -2.080753174009933217e-05 5.458904072662560923e-06 -4.011152387792501811e-06 5.645995136030897518e-05 2.292148162490425774e-05 5.898411881759987966e-05 4.528593384577495915e-06 -2.911194970523561451e-03 6.013120810893777309e-04 -1.025565842793008326e-03
7.308240762258034822e-04 7.668614317131490369e-04 -7.064837383196470588e-02 2.670002572283106633e-03 6.683085187403839042e-03 3.381455888345348548e-02 2.410112742864779778e-01 7.293789667002859005e+02 6.059070504549755767e-05 4.165754427473233705e-05 -2.398520261319798673e-05 -9.663125346553957625e-05 1.374791232456054016e-04 1.163132539636076672e-04 -1.205021181095124819e-05 -6.593810227391806202e-03 1.975733414724600498e-03 -8.343293120772083413e-04
-2.724710220887777735e-09 6.984725256838363612e-08 5.402536513788816524e-06 -5.377084541413533640e-06 -4.133591783079508502e-06 -2.701080603709226941e-04 -2.080753174009933217e-05 6.059070504549755767e-05 1.904524606216209564e-05 -2.064891425719320738e-09 -2.411521023487548514e-09 -4.596299853938005119e-08 2.125023170492305874e-10 -5.099146206126401851e-08 -6.014946644213480321e-09 2.845828848966054592e-06 -6.163909430572626916e-08 -2.814369869477273071e-07
1.394962926292802824e-08 4.587072192310279878e-09 -1.735670663137834866e-06 2.999771491681600196e-07 1.875756982767024247e-07 1.730086270830108512e-05 5.458904072662560923e-06 4.165754427473233705e-05 -2.064891425719320738e-09 4.254229498674495225e-07 -4.334364704821461009e-10 -7.155142657925827683e-10 2.480682881443333561e-09 4.923141207841721000e-09 1.962312136968715932e-10 -2.059162195632882152e-07 2.791964103859606796e-08 -4.225699593465845853e-09
-9.372819716761282565e-09 -3.042189726950505504e-08 1.051202955734116483e-06 6.008299460120400209e-08 -1.440335287737555046e-07 1.028754499032480422e-05 -4.011152387792501811e-06 -2.398520261319798673e-05 -2.411521023487548514e-09 -4.334364704821461009e-10 7.920082369994268697e-08 -2.626837719600590647e-09 -1.167860080637639705e-09 -3.809535771961995108e-09 -6.209119800007189334e-10 1.552957836442228559e-08 -2.079911422081421986e-08 1.257117420082142590e-07
5.510146231456929591e-08 5.990084197056188353e-07 -8.948700989826796127e-06 2.914383226210030638e-06 8.724711068900468445e-06 -9.383598412308692173e-05 5.645995136030897518e-05 -9.663125346553957625e-05 -4.596299853938005119e-08 -7.155142657925827683e-10 -2.626837719600590647e-09 2.601079209620415545e-05 1.758895168860033174e-10 9.192789066253203120e-08 1.677411893544673242e-08 -2.847522091605930986e-06 4.236873648865359410e-07 -2.176914246733761428e-06
6.927453876026249003e-08 1.412149025395873037e-07 -4.876745313438426565e-06 2.117415882958204389e-07 2.030287021871103609e-06 -4.329424107110528710e-05 2.292148162490425774e-05 1.374791232456054016e-04 2.125023170492305874e-10 2.480682881443333561e-09 -1.167860080637639705e-09 1.758895168860033174e-10 1.916364852705048841e-05 5.301025443109892839e-09 -3.186858821472747943e-09 -1.187409145494732130e-06 3.278536727361507164e-07 -2.019629057053198613e-08
7.795852368368089004e-08 3.056675672124875045e-07 -1.481818503407404549e-05 4.302271590403700926e-06 5.654127288172786770e-06 1.199377247841671318e-04 5.898411881759987966e-05 1.163132539636076672e-04 -5.099146206126401851e-08 4.923141207841721000e-09 -3.809535771961995108e-09 9.192789066253203120e-08 5.301025443109892839e-09 1.688163859262429938e-05 1.604313758418119085e-08 -2.524358813641972533e-06 1.972443616572500821e-07 -1.468676310984258268e-06
-4.111304434828616518e-09 2.731247139364206949e-08 -1.398876628260972321e-06 5.294583918342530375e-07 3.460021411413114451e-07 2.229115916921714424e-05 4.528593384577495915e-06 -1.205021181095124819e-05 -6.014946644213480321e-09 1.962312136968715932e-10 -6.209119800007189334e-10 1.677411893544673242e-08 -3.186858821472747943e-09 1.604313758418119085e-08 1.834989524111271240e-06 -9.884427508703058378e-09 -5.991459242677888039e-08 -3.259945998498747193e-07
-6.049414692572313465e-06 -1.653490237197835958e-05 5.665349155963041172e-04 -1.942200757750416713e-04 -3.963920124162552752e-04 -2.054451186669332876e-03 -2.911194970523561451e-03 -6.593810227391806202e-03 2.845828848966054592e-06 -2.059162195632882152e-07 1.552957836442228559e-08 -2.847522091605930986e-06 -1.187409145494732130e-06 -2.524358813641972533e-06 -9.884427508703058378e-09 2.401413564778042894e-02 -3.553545388502712878e-05 1.142232963789722784e-05
1.605971201924768750e-06 5.577657309329051141e-06 -9.406017808554648985e-05 3.081430517195489170e-06 7.780275903235806911e-05 -2.204667268276430149e-03 6.013120810893777309e-04 1.975733414724600498e-03 -6.163909430572626916e-08 2.791964103859606796e-08 -2.079911422081421986e-08 4.236873648865359410e-07 3.278536727361507164e-07 1.972443616572500821e-07 -5.991459242677888039e-08 -3.553545388502712878e-05 2.391758523778621942e-02 -5.811865137774345083e-06
-1.424209533174781456e-06 -1.275973077391759643e-05 1.871508103263591768e-04 1.001129920085821276e-05 -1.024377772836941098e-04 4.757029652856028211e-03 -1.025565842793008326e-03 -8.343293120772083413e-04 -2.814369869477273071e-07 -4.225699593465845853e-09 1.257117420082142590e-07 -2.176914246733761428e-06 -2.019629057053198613e-08 -1.468676310984258268e-06 -3.259945998498747193e-07 1.142232963789722784e-05 -5.811865137774345083e-06 1.356134177362381538e-02
9.446148278475984482e-05 9.198536153101857473e-07 -3.110246610727894143e-05 1.890699439902678710e-06 1.183561250494226599e-05 -2.284677659827725647e-04 1.404887920257038116e-04 7.308240762258034822e-04 -2.724710220887777735e-09 1.394962926292802824e-08 -9.372819716761282565e-09 5.510146231456929591e-08 6.927453876026249003e-08 7.795852368368089004e-08 -4.111304434828616518e-09 -6.049414692572313465e-06 1.605971201924768750e-06 -1.424209533174781456e-06
9.198536153101857473e-07 1.961797995522711509e-03 -6.301172844284747487e-05 -4.977655491378809453e-06 5.364925828311349837e-05 -2.205597942435973124e-03 4.263237820864646996e-04 7.668614317131490369e-04 6.984725256838363612e-08 4.587072192310279878e-09 -3.042189726950505504e-08 5.990084197056188353e-07 1.412149025395873037e-07 3.056675672124875045e-07 2.731247139364206949e-08 -1.653490237197835958e-05 5.577657309329051141e-06 -1.275973077391759643e-05
-3.110246610727894143e-05 -6.301172844284747487e-05 1.090223860426782210e+00 -6.351070755398815224e-04 -1.010249526316527643e-03 -1.430846833895298327e-02 -1.433219470122707936e-02 -7.064837383196470588e-02 5.402536513788816524e-06 -1.735670663137834866e-06 1.051202955734116483e-06 -8.948700989826796127e-06 -4.876745313438426565e-06 -1.481818503407404549e-05 -1.398876628260972321e-06 5.665349155963041172e-04 -9.406017808554648985e-05 1.871508103263591768e-04
1.890699439902678710e-06 -4.977655491378809453e-06 -6.351070755398815224e-04 1.228131945856226481e-01 2.600726516516852762e-04 2.090282028656462524e-02 2.104917743215611436e-03 2.670002572283106633e-03 -5.377084541413533640e-06 2.999771491681600196e-07 6.008299460120400209e-08 2.914383226210030638e-06 2.117415882958204389e-07 4.302271590403700926e-06 5.294583918342530375e-07 -1.942200757750416713e-04 3.081430517195489170e-06 1.001129920085821276e-05
1.183561250494226599e-05 5.364925828311349837e-05 -1.010249526316527643e-03 2.600726516516852762e-04 8.780087652552328592e-01 -1.010298529585476959e-02 6.182120629714044947e-03 6.683085187403839042e-03 -4.133591783079508502e-06 1.875756982767024247e-07 -1.440335287737555046e-07 8.724711068900468445e-06 2.030287021871103609e-06 5.654127288172786770e-06 3.460021411413114451e-07 -3.963920124162552752e-04 7.780275903235806911e-05 -1.024377772836941098e-04
-2.284677659827725647e-04 -2.205597942435973124e-03 -1.430846833895298327e-02 2.090282028656462524e-02 -1.010298529585476959e-02 1.696997383977971367e+03 -4.619658905364378010e-02 3.381455888345348548e-02 -2.701080603709226941e-04 1.730086270830108512e-05 1.028754499032480422e-05 -9.383598412308692173e-05 -4.329424107110528710e-05 1.199377247841671318e-04 2.229115916921714424e-05 -2.054451186669332876e-03 -2.204667268276430149e-03 4.757029652856028211e-03
1.404887920257038116e-04 4.263237820864646996e-04 -1.433219470122707936e-02 2.104917743215611436e-03 6.182120629714044947e-03 -4.619658905364378010e-02 5.836992978865205828e+01 2.410112742864779778e-01 -2.080753174009933217e-05 5.458904072662560923e-06 -4.011152387792501811e-06 5.645995136030897518e-05 2.292148162490425774e-05 5.898411881759987966e-05 4.528593384577495915e-06 -2.911194970523561451e-03 6.013120810893777309e-04 -1.025565842793008326e-03
7.308240762258034822e-04 7.668614317131490369e-04 -7.064837383196470588e-02 2.670002572283106633e-03 6.683085187403839042e-03 3.381455888345348548e-02 2.410112742864779778e-01 7.293789667002859005e+02 6.059070504549755767e-05 4.165754427473233705e-05 -2.398520261319798673e-05 -9.663125346553957625e-05 1.374791232456054016e-04 1.163132539636076672e-04 -1.205021181095124819e-05 -6.593810227391806202e-03 1.975733414724600498e-03 -8.343293120772083413e-04
-2.724710220887777735e-09 6.984725256838363612e-08 5.402536513788816524e-06 -5.377084541413533640e-06 -4.133591783079508502e-06 -2.701080603709226941e-04 -2.080753174009933217e-05 6.059070504549755767e-05 1.904524606216209564e-05 -2.064891425719320738e-09 -2.411521023487548514e-09 -4.596299853938005119e-08 2.125023170492305874e-10 -5.099146206126401851e-08 -6.014946644213480321e-09 2.845828848966054592e-06 -6.163909430572626916e-08 -2.814369869477273071e-07
1.394962926292802824e-08 4.587072192310279878e-09 -1.735670663137834866e-06 2.999771491681600196e-07 1.875756982767024247e-07 1.730086270830108512e-05 5.458904072662560923e-06 4.165754427473233705e-05 -2.064891425719320738e-09 4.254229498674495225e-07 -4.334364704821461009e-10 -7.155142657925827683e-10 2.480682881443333561e-09 4.923141207841721000e-09 1.962312136968715932e-10 -2.059162195632882152e-07 2.791964103859606796e-08 -4.225699593465845853e-09
-9.372819716761282565e-09 -3.042189726950505504e-08 1.051202955734116483e-06 6.008299460120400209e-08 -1.440335287737555046e-07 1.028754499032480422e-05 -4.011152387792501811e-06 -2.398520261319798673e-05 -2.411521023487548514e-09 -4.334364704821461009e-10 7.920082369994268697e-08 -2.626837719600590647e-09 -1.167860080637639705e-09 -3.809535771961995108e-09 -6.209119800007189334e-10 1.552957836442228559e-08 -2.079911422081421986e-08 1.257117420082142590e-07
5.510146231456929591e-08 5.990084197056188353e-07 -8.948700989826796127e-06 2.914383226210030638e-06 8.724711068900468445e-06 -9.383598412308692173e-05 5.645995136030897518e-05 -9.663125346553957625e-05 -4.596299853938005119e-08 -7.155142657925827683e-10 -2.626837719600590647e-09 2.601079209620415545e-05 1.758895168860033174e-10 9.192789066253203120e-08 1.677411893544673242e-08 -2.847522091605930986e-06 4.236873648865359410e-07 -2.176914246733761428e-06
6.927453876026249003e-08 1.412149025395873037e-07 -4.876745313438426565e-06 2.117415882958204389e-07 2.030287021871103609e-06 -4.329424107110528710e-05 2.292148162490425774e-05 1.374791232456054016e-04 2.125023170492305874e-10 2.480682881443333561e-09 -1.167860080637639705e-09 1.758895168860033174e-10 1.916364852705048841e-05 5.301025443109892839e-09 -3.186858821472747943e-09 -1.187409145494732130e-06 3.278536727361507164e-07 -2.019629057053198613e-08
7.795852368368089004e-08 3.056675672124875045e-07 -1.481818503407404549e-05 4.302271590403700926e-06 5.654127288172786770e-06 1.199377247841671318e-04 5.898411881759987966e-05 1.163132539636076672e-04 -5.099146206126401851e-08 4.923141207841721000e-09 -3.809535771961995108e-09 9.192789066253203120e-08 5.301025443109892839e-09 1.688163859262429938e-05 1.604313758418119085e-08 -2.524358813641972533e-06 1.972443616572500821e-07 -1.468676310984258268e-06
-4.111304434828616518e-09 2.731247139364206949e-08 -1.398876628260972321e-06 5.294583918342530375e-07 3.460021411413114451e-07 2.229115916921714424e-05 4.528593384577495915e-06 -1.205021181095124819e-05 -6.014946644213480321e-09 1.962312136968715932e-10 -6.209119800007189334e-10 1.677411893544673242e-08 -3.186858821472747943e-09 1.604313758418119085e-08 1.834989524111271240e-06 -9.884427508703058378e-09 -5.991459242677888039e-08 -3.259945998498747193e-07
