6.042733273781153783e-03 -8.210050740609881283e-09 1.229505791966077057e-06 -7.632865279580673223e-07 4.222235636937773562e-07 -4.380359209020749097e-05 5.199379596932014735e-06 -1.741788895059719430e-05 -1.583269723404223396e-08 -2.052964245157085424e-09 1.102302059609365903e-09 4.197361886822829886e-09 3.368028129529251662e-09 1.457033028002426998e-09 -1.749666431863502197e-10 3.400104662258740689e-09 2.338034677652047463e-08 -8.293033167464116066e-08
-8.210050740609881283e-09 1.065682144578240231e-01 -1.680276961366509916e-04 1.043128691405759162e-04 -5.770225168978249770e-05 5.986321259745856077e-03 -7.105617401080935877e-04 2.380377360608339557e-03 2.163740632413909149e-06 2.805638286689595514e-07 -1.506436787310045531e-07 -5.736232007226571555e-07 -4.602841327191148751e-07 -1.991222038074068101e-07 2.391143022462234416e-08 -4.646678012872549799e-07 -3.195223503138324870e-06 1.133349079133314160e-05
1.229505791966077057e-06 -1.680276961366509916e-04 1.021385529988812557e+01 -1.562149624125347240e-02 8.641268477325119227e-03 -8.964885716261044024e-01 1.064110079967054284e-01 -3.564762075654928641e-01 -3.240335198790284909e-04 -4.201616570509025957e-05 2.255982105039807531e-05 8.590361618669310794e-05 6.893039093278427844e-05 2.981977951479381593e-05 -3.580884319014814465e-06 6.958687236814596329e-05 4.785044487365591260e-04 -1.697260225471294110e-03
-7.632865279580673223e-07 1.043128691405759162e-04 -1.562149624125347240e-02 2.674954984468715580e+01 -5.364565060457210377e-03 5.565469098737326759e-01 -6.606076145476540151e-02 2.213031354144541774e-01 2.011624686492888465e-04 2.608395458460274362e-05 -1.400530814367141080e-05 -5.332961696205862785e-05 -4.279250989272998033e-05 -1.851234546355847428e-05 2.223040165194861249e-06 -4.320005855068701037e-05 -2.970591937631915976e-04 1.053672030669908742e-03
4.222235636937773562e-07 -5.770225168978249770e-05 8.641268477325119227e-03 -5.364565060457210377e-03 1.775091281361973827e+01 -3.078623964165607685e-01 3.654251594925030794e-02 -1.224171986125119349e-01 -1.112760821571929783e-04 -1.442873659698948843e-05 7.747249425284348276e-06 2.950008954616517972e-05 2.367132834722621653e-05 1.024038573674838512e-05 -1.229708512338033505e-06 2.389677009215202037e-05 1.643228156459556461e-04 -5.828547255302120268e-04
-4.380359209020749097e-05 5.986321259745856077e-03 -8.964885716261044024e-01 5.565469098737326759e-01 -3.078623964165607685e-01 3.161481481329827220e+05 -3.791104050629879207e+00 1.270017472719137253e+01 1.154433937691179066e-02 1.496909567865719335e-03 -8.037385471275428376e-04 -3.060487382087477299e-03 -2.455782434509692219e-03 -1.062389023802169609e-03 1.275761342950006432e-04 -2.479170892862046609e-03 -1.704767380744811114e-02 6.046827519908864329e-02
5.199379596932014735e-06 -7.105617401080935877e-04 1.064110079967054284e-01 -6.606076145476540151e-02 3.654251594925030794e-02 -3.791104050629879207e+00 9.492637529821702628e+03 -1.507479779695794608e+00 -1.370284941307188921e-03 -1.776795165470748119e-04 9.540180619426755703e-05 3.632723914130972336e-04 2.914953882822818830e-04 1.261029872387197358e-04 -1.514297613636057636e-05 2.942715412724406345e-04 2.023517322210963924e-03 -7.177436856875869450e-03
-1.741788895059719430e-05 2.380377360608339557e-03 -3.564762075654928641e-01 2.213031354144541774e-01 -1.224171986125119349e-01 1.270017472719137253e+01 -1.507479779695794608e+00 7.517088797178772438e+03 4.590445935597322127e-03 5.952252629984718579e-04 -3.195954507646761741e-04 -1.216960226597962186e-03 -9.765077175184341471e-04 -4.224442141825245360e-04 5.072887482197057420e-05 -9.858078125761188075e-04 -6.778770303418034555e-03 2.404436833132072779e-02
-1.583269723404223396e-08 2.163740632413909149e-06 -3.240335198790284909e-04 2.011624686492888465e-04 -1.112760821571929783e-04 1.154433937691179066e-02 -1.370284941307188921e-03 4.590445935597322127e-03 7.252566289295611993e-03 5.410541657394624745e-07 -2.905092588250127182e-07 -1.106205399991159299e-06 -8.876363307876590620e-07 -3.839978174390346132e-07 4.611207008828416495e-08 -8.960900297240667639e-07 -6.161838448823875649e-06 2.185610466649243492e-05
-2.052964245157085424e-09 2.805638286689595514e-07 -4.201616570509025957e-05 2.608395458460274362e-05 -1.442873659698948843e-05 1.496909567865719335e-03 -1.776795165470748119e-04 5.952252629984718579e-04 5.410541657394624745e-07 4.178209483989079177e-04 -3.766920521744663267e-08 -1.434373499607264852e-07 -1.150963492115136784e-07 -4.979150284802274514e-08 5.979172705828070344e-09 -1.161925074591717153e-07 -7.989816158847840480e-07 2.833996049785145604e-06
1.102302059609365903e-09 -1.506436787310045531e-07 2.255982105039807531e-05 -1.400530814367141080e-05 7.747249425284348276e-06 -8.037385471275428376e-04 9.540180619426755703e-05 -3.195954507646761741e-04 -2.905092588250127182e-07 -3.766920521744663267e-08 1.315880052843519774e-04 7.701609351434180430e-08 6.179890521165048746e-08 2.673464784878485374e-08 -3.210408755993739444e-09 6.238746757794674107e-08 4.289987430893746646e-07 -1.521662975851750524e-06
4.197361886822829886e-09 -5.736232007226571555e-07 8.590361618669310794e-05 -5.332961696205862785e-05 2.950008954616517972e-05 -3.060487382087477299e-03 3.632723914130972336e-04 -1.216960226597962186e-03 -1.106205399991159299e-06 -1.434373499607264852e-07 7.701609351434180430e-08 4.232988328062074713e-04 2.353187741250180579e-07 1.018005826623296627e-07 -1.222464136400668664e-08 2.375599105020884232e-07 1.633547681455262598e-06 -5.794210510404889106e-06
3.368028129529251662e-09 -4.602841327191148751e-07 6.893039093278427844e-05 -4.279250989272998033e-05 2.367132834722621653e-05 -2.455782434509692219e-03 2.914953882822818830e-04 -9.765077175184341471e-04 -8.876363307876590620e-07 -1.150963492115136784e-07 6.179890521165048746e-08 2.353187741250180579e-07 1.086254003856408721e-03 8.168636282842067933e-08 -9.809241399136778676e-09 1.906217482774931389e-07 1.310783937725511754e-06 -4.649364175322403683e-06
1.457033028002426998e-09 -1.991222038074068101e-07 2.981977951479381593e-05 -1.851234546355847428e-05 1.024038573674838512e-05 -1.062389023802169609e-03 1.261029872387197358e-04 -4.224442141825245360e-04 -3.839978174390346132e-07 -4.979150284802274514e-08 2.673464784878485374e-08 1.018005826623296627e-07 8.168636282842067933e-08 7.765997490131307029e-04 -4.243547900589733915e-09 8.246432999200994723e-08 5.670544949124542072e-07 -2.011348154506906545e-06
-1.749666431863502197e-10 2.391143022462234416e-08 -3.580884319014814465e-06 2.223040165194861249e-06 -1.229708512338033505e-06 1.275761342950006432e-04 -1.514297613636057636e-05 5.072887482197057420e-05 4.611207008828416495e-08 5.979172705828070344e-09 -3.210408755993739444e-09 -1.222464136400668664e-08 -9.809241399136778676e-09 -4.243547900589733915e-09 1.583702327145813460e-04 -9.902662962345292119e-09 -6.809428446147626709e-08 2.415311308046392550e-07
3.400104662258740689e-09 -4.646678012872549799e-07 6.958687236814596329e-05 -4.320005855068701037e-05 2.389677009215202037e-05 -2.479170892862046609e-03 2.942715412724406345e-04 -9.858078125761188075e-04 -8.960900297240667639e-07 -1.161925074591717153e-07 6.238746757794674107e-08 2.375599105020884232e-07 1.906217482774931389e-07 8.246432999200994723e-08 -9.902662962345292119e-09 1.047637058187801066e-03 1.323267623212312908e-06 -4.693643936774956767e-06
2.338034677652047463e-08 -3.195223503138324870e-06 4.785044487365591260e-04 -2.970591937631915976e-04 1.643228156459556461e-04 -1.704767380744811114e-02 2.023517322210963924e-03 -6.778770303418034555e-03 -6.161838448823875649e-06 -7.989816158847840480e-07 4.289987430893746646e-07 1.633547681455262598e-06 1.310783937725511754e-06 5.670544949124542072e-07 -6.809428446147626709e-08 1.323267623212312908e-06 3.872522674925654718e-02 -3.227518967442900036e-05
-8.293033167464116066e-08 1.133349079133314160e-05 -1.697260225471294110e-03 1.053672030669908742e-03 -5.828547255302120268e-04 6.046827519908864329e-02 -7.177436856875869450e-03 2.404436833132072779e-02 2.185610466649243492e-05 2.833996049785145604e-06 -1.521662975851750524e-06 -5.794210510404889106e-06 -4.649364175322403683e-06 -2.011348154506906545e-06 2.415311308046392550e-07 -4.693643936774956767e-06 -3.227518967442900036e-05 7.178964722875183502e-02
1.936300121436451346e-03 2.307905316236833139e-06 6.786267666031093519e-05 8.446236803285344551e-06 -8.441647213445738391e-05 6.312182261967967667e-03 -3.789895306462370611e-04 3.022358779722505474e-04 1.258157115148018215e-06 1.295758280402766878e-07 1.973611919049884181e-08 -2.377652385472194168e-07 -2.455002814349444651e-07 8.114529557809392600e-08 1.489828457985431680e-07 -1.325883401208488227e-07 1.546476718393790879e-06 4.905786190607224990e-06
2.307905316236833139e-06 3.410386199683470426e-02 5.607033651623457805e-06 4.102813052634826885e-05 -9.287383587160628190e-05 7.482956744751278685e-03 -5.623714442702879707e-04 1.032606754357452087e-03 1.804089354406036403e-06 2.043910010216077813e-07 -3.114774737022158821e-08 -3.939853360659301512e-07 -3.642904604509055646e-07 7.282005629609650094e-09 1.388123928060241168e-07 -2.663347892082224412e-07 3.319118272904732424e-07 7.967379187875739887e-06
6.786267666031093519e-05 5.607033651623457805e-06 3.270167515436903205e+00 -4.775551258089988024e-03 5.924054853654722643e-04 -1.243061320806202324e-01 2.426952100722827577e-02 -1.061623177190257616e-01 -7.122849902702918870e-05 -1.009846063593988427e-05 7.717255485975886973e-06 2.134456710992548150e-05 1.572118035166795400e-05 1.161561365606812410e-05 2.684106127280501470e-06 1.883259346333691965e-05 1.926704049929835226e-04 -4.163727725738078562e-04
8.446236803285344551e-06 4.102813052634826885e-05 -4.775551258089988024e-03 8.559884716379928093e+00 -1.996532040119720127e-03 1.990351411392264902e-01 -2.239943086057051905e-02 7.183587306226825453e-02 6.855334186672456447e-05 8.777944396493840494e-06 -4.417538353783124474e-06 -1.785694170700861334e-05 -1.450979249048806975e-05 -5.656897681483205565e-06 1.204701054606200827e-06 -1.426649619489696223e-05 -8.996476880518658090e-05 3.535013615194246826e-04
-8.441647213445738391e-05 -9.287383587160628190e-05 5.924054853654722643e-04 -1.996532040119720127e-03 5.683015026113590551e+00 -3.022468795307016731e-01 2.395228456077219334e-02 -4.908630066478189558e-02 -7.628959513773012730e-05 -8.811252950048757365e-06 1.854891277426371221e-06 1.714035048179125210e-05 1.551570204865478545e-05 6.787101319017874527e-07 -5.193200178025828687e-06 1.195192234825091153e-05 3.021022444653687149e-06 -3.453556200057539749e-04
6.312182261967967667e-03 7.482956744751278685e-03 -1.243061320806202324e-01 1.990351411392264902e-01 -3.022468795307016731e-01 1.011826506697276491e+05 -2.130354930935933755e+00 4.805737245086568521e+00 6.737983658370110505e-03 7.928129005921818280e-04 -2.104911872613610547e-04 -1.555498587783995948e-03 -1.379991482949709854e-03 -1.455646341868274197e-04 3.999402610400548566e-04 -1.115434029286631497e-03 -1.746976673845717851e-03 3.123450835544764118e-02
-3.789895306462370611e-04 -5.623714442702879707e-04 2.426952100722827577e-02 -2.239943086057051905e-02 2.395228456077219334e-02 -2.130354930935933755e+00 3.037699198422678819e+03 -5.270211885725283318e-01 -6.216391750869591478e-04 -7.573919527221469961e-05 2.771828557937433150e-05 1.509142055893909285e-04 1.290285498567010224e-04 2.865573501668144637e-05 -2.645409164042786924e-05 1.135479117981124520e-04 4.243949326328182799e-04 -3.011890913358738608e-03
3.022358779722505474e-04 1.032606754357452087e-03 -1.061623177190257616e-01 7.183587306226825453e-02 -4.908630066478189558e-02 4.805737245086568521e+00 -5.270211885725283318e-01 2.405504502583738940e+03 1.617042575113177526e-03 2.057405278151696281e-04 -9.999804348285653026e-05 -4.174602542390752451e-04 -3.413911911131624843e-04 -1.257233664630639169e-04 3.370649910276496164e-05 -3.311306697492515647e-04 -1.988775278694614179e-03 8.272461736883063299e-03
1.258157115148018215e-06 1.804089354406036403e-06 -7.122849902702918870e-05 6.855334186672456447e-05 -7.628959513773012730e-05 6.737983658370110505e-03 -6.216391750869591478e-04 1.617042575113177526e-03 2.321429001459247941e-03 2.357976850092064809e-07 -8.363681925585705007e-08 -4.690306233064091347e-07 -4.026824803138829343e-07 -8.406129056118826622e-08 8.646458361485699093e-08 -3.510660178194297687e-07 -1.231314427784820175e-06 9.367097639355044950e-06
1.295758280402766878e-07 2.043910010216077813e-07 -1.009846063593988427e-05 8.777944396493840494e-06 -8.811252950048757365e-06 7.928129005921818280e-04 -7.573919527221469961e-05 2.057405278151696281e-04 2.357976850092064809e-07 1.337091634934329610e-04 -1.109266142187094828e-08 -5.776057302669052738e-08 -4.906197411624531723e-08 -1.193131527038743768e-08 9.306187985822682937e-09 -4.381242274615632373e-08 -1.793345280280254012e-07 1.151539425243015743e-06
1.973611919049884181e-08 -3.114774737022158821e-08 7.717255485975886973e-06 -4.417538353783124474e-06 1.854891277426371221e-06 -2.104911872613610547e-04 2.771828557937433150e-05 -9.999804348285653026e-05 -8.363681925585705007e-08 -1.109266142187094828e-08 4.210830479488289962e-05 2.287985734104447658e-08 1.795521000946443687e-08 9.150725621126284394e-09 7.299506083273337076e-11 1.897708194412186327e-08 1.486417102735860787e-07 -4.505177268476614423e-07
-2.377652385472194168e-07 -3.939853360659301512e-07 2.134456710992548150e-05 -1.785694170700861334e-05 1.714035048179125210e-05 -1.555498587783995948e-03 1.509142055893909285e-04 -4.174602542390752451e-04 -4.690306233064091347e-07 -5.776057302669052738e-08 2.287985734104447658e-08 1.354774026907910899e-04 9.775848057734417017e-08 2.522854629826143486e-08 -1.748522053431690115e-08 8.819340929624232439e-08 3.825751767013426445e-07 -2.303346298574553095e-06
-2.455002814349444651e-07 -3.642904604509055646e-07 1.572118035166795400e-05 -1.450979249048806975e-05 1.551570204865478545e-05 -1.379991482949709854e-03 1.290285498567010224e-04 -3.413911911131624843e-04 -4.026824803138829343e-07 -4.906197411624531723e-08 1.795521000946443687e-08 9.775848057734417017e-08 3.476244392386531440e-04 1.856245844338537987e-08 -1.713631842253251335e-08 7.355351598726858126e-08 2.749122306123708940e-07 -1.951028276717919835e-06
8.114529557809392600e-08 7.282005629609650094e-09 1.161561365606812410e-05 -5.656897681483205565e-06 6.787101319017874527e-07 -1.455646341868274197e-04 2.865573501668144637e-05 -1.257233664630639169e-04 -8.406129056118826622e-08 -1.193131527038743768e-08 9.150725621126284394e-09 2.522854629826143486e-08 1.856245844338537987e-08 2.485143988969967864e-04 3.221927843869233426e-09 2.228080053610304931e-08 2.287497199481719038e-07 -4.920644131723733165e-07
1.489828457985431680e-07 1.388123928060241168e-07 2.684106127280501470e-06 1.204701054606200827e-06 -5.193200178025828687e-06 3.999402610400548566e-04 -2.645409164042786924e-05 3.370649910276496164e-05 8.646458361485699093e-08 9.306187985822682937e-09 7.299506083273337076e-11 -1.748522053431690115e-08 -1.713631842253251335e-08 3.221927843869233426e-09 5.068693487461301477e-05 -1.075718565405590354e-08 6.557311587898715389e-08 3.572804917998992841e-07
-1.325883401208488227e-07 -2.663347892082224412e-07 1.883259346333691965e-05 -1.426649619489696223e-05 1.195192234825091153e-05 -1.115434029286631497e-03 1.135479117981124520e-04 -3.311306697492515647e-04 -3.510660178194297687e-07 -4.381242274615632373e-08 1.897708194412186327e-08 8.819340929624232439e-08 7.355351598726858126e-08 2.228080053610304931e-08 -1.075718565405590354e-08 3.352506647716876659e-04 3.450874895482155776e-07 -1.753096033089294747e-06
1.546476718393790879e-06 3.319118272904732424e-07 1.926704049929835226e-04 -8.996476880518658090e-05 3.021022444653687149e-06 -1.746976673845717851e-03 4.243949326328182799e-04 -1.988775278694614179e-03 -1.231314427784820175e-06 -1.793345280280254012e-07 1.486417102735860787e-07 3.825751767013426445e-07 2.749122306123708940e-07 2.287497199481719038e-07 6.557311587898715389e-08 3.450874895482155776e-07 1.239297468478386954e-02 -7.436840918447299553e-06
4.905786190607224990e-06 7.967379187875739887e-06 -4.163727725738078562e-04 3.535013615194246826e-04 -3.453556200057539749e-04 3.123450835544764118e-02 -3.011890913358738608e-03 8.272461736883063299e-03 9.367097639355044950e-06 1.151539425243015743e-06 -4.505177268476614423e-07 -2.303346298574553095e-06 -1.951028276717919835e-06 -4.920644131723733165e-07 3.572804917998992841e-07 -1.753096033089294747e-06 -7.436840918447299553e-06 2.298195318120590733e-02
6.196199055055370527e-04 7.939083028701432631e-07 2.164379553796663442e-05 2.314732157526776690e-06 -2.584944955011960250e-05 1.764993362733702957e-03 -9.307534945043598076e-05 8.012386251066474228e-05 3.560905164720314768e-07 3.962994641386257525e-08 6.242577961742363498e-09 -8.188127901286215234e-08 -7.435015177305815120e-08 1.972413689971710168e-08 4.475948101181969803e-08 -3.942109778652203242e-08 4.483484418194070444e-07 1.579833789413665016e-06
7.939083028701432631e-07 1.091402897847400764e-02 7.593194874454343423e-07 7.571104480156632034e-06 -1.305122514399900243e-05 -1.256235622716780995e-03 2.239438045366587231e-04 9.280685881116014567e-05 -8.895342403465688774e-08 3.913377297017515796e-08 -1.101251071268465946e-08 -2.090921354619888330e-07 -5.627766737725341256e-08 -8.707361134489436702e-08 2.670534581736329460e-09 -4.215804027614566357e-08 -5.601125009076574977e-07 2.692527818588108908e-06
2.164379553796663442e-05 7.593194874454343423e-07 1.046454955374094720e+00 -1.520924157736995444e-03 1.678199228261368909e-04 -3.501422482998260699e-02 7.239212687084294051e-03 -3.366187271911247336e-02 -2.192374498894837279e-05 -3.197227129192758558e-06 2.470885630151346254e-06 6.938586320288393834e-06 4.952101171560001962e-06 3.833655350862468698e-06 9.133908755005235735e-07 5.970231028279640657e-06 6.252398554836420238e-05 -1.334258376137518272e-04
2.314732157526776690e-06 7.571104480156632034e-06 -1.520924157736995444e-03 2.739202056012954412e+00 -7.556935007753837153e-04 8.927397114911886367e-02 -9.998151723429424265e-03 2.465264441389595010e-02 2.660587724413772387e-05 2.993037757086970837e-06 -1.406287849554065063e-06 -5.132483820368314229e-06 -5.065650668113796159e-06 -1.183712875723952710e-06 6.780620197229670685e-07 -4.867083944122491708e-06 -2.411948182866226266e-05 1.121186030752886954e-04
-2.584944955011960250e-05 -1.305122514399900243e-05 1.678199228261368909e-04 -7.556935007753837153e-04 1.818915106936848103e+00 -1.734428319592941081e-01 1.615303893460344822e-02 -2.070152655339102879e-02 -3.841465061359041616e-05 -3.371712388288567490e-06 5.715989085650187463e-07 3.740253224428375207e-06 6.232173753535513918e-06 -1.661699661227982992e-06 -2.539218672407431896e-06 4.729743404441117090e-06 -1.303656159858925761e-05 -1.075092540274063185e-04
1.764993362733702957e-03 -1.256235622716780995e-03 -3.501422482998260699e-02 8.927397114911886367e-02 -1.734428319592941081e-01 3.239525258206012222e+04 -2.540857551017023486e+00 2.631622624645380437e+00 5.222925842926886067e-03 3.746258390857217608e-04 -6.254603084063891500e-05 -1.156372002582703521e-04 -7.191334623416864753e-04 3.649408257129838941e-04 3.201514474815774186e-04 -5.551837882625842210e-04 2.508025154040511347e-03 9.336975053217413945e-03
-9.307534945043598076e-05 2.239438045366587231e-04 7.239212687084294051e-03 -9.998151723429424265e-03 1.615303893460344822e-02 -2.540857551017023486e+00 9.722694290863347533e+02 -2.896574005179007871e-01 -5.382154300174756033e-04 -3.761510632175203272e-05 8.337571983047588984e-06 6.016604756432194343e-06 7.199423230923311819e-05 -3.635866929578150290e-05 -2.972601672846216170e-05 5.826807060361683028e-05 -2.035162253420048971e-04 -8.910000650935034775e-04
8.012386251066474228e-05 9.280685881116014567e-05 -3.366187271911247336e-02 2.465264441389595010e-02 -2.070152655339102879e-02 2.631622624645380437e+00 -2.896574005179007871e-01 7.698326347792673232e+02 7.170680028862240962e-04 7.370795440935123727e-05 -3.168621896648172071e-05 -1.087151558178381432e-04 -1.273098532267735326e-04 -1.344577713018024429e-05 2.329435204628823347e-05 -1.188654616478503534e-04 -4.367750545678022404e-04 2.604354509949554503e-03
3.560905164720314768e-07 -8.895342403465688774e-08 -2.192374498894837279e-05 2.660587724413772387e-05 -3.841465061359041616e-05 5.222925842926886067e-03 -5.382154300174756033e-04 7.170680028862240962e-04 7.434169614350877916e-04 9.752401404365569906e-08 -2.588575491003633849e-08 -8.035306315131770638e-08 -1.795083178773663686e-07 4.820242461712849855e-08 6.273949687182889988e-08 -1.485205125308653400e-07 1.657126584728763391e-07 2.877374923651106558e-06
3.962994641386257525e-08 3.913377297017515796e-08 -3.197227129192758558e-06 2.993037757086970837e-06 -3.371712388288567490e-06 3.746258390857217608e-04 -3.761510632175203272e-05 7.370795440935123727e-05 9.752401404365569906e-08 4.278780250996858916e-05 -3.515030202300275206e-09 -1.573359728578278308e-08 -1.769700657754560493e-08 -8.566758522242811227e-10 4.360856465261225751e-09 -1.544656303800438868e-08 -3.531623160403175550e-08 3.637571034999231824e-07
6.242577961742363498e-09 -1.101251071268465946e-08 2.470885630151346254e-06 -1.406287849554065063e-06 5.715989085650187463e-07 -6.254603084063891500e-05 8.337571983047588984e-06 -3.168621896648172071e-05 -2.588575491003633849e-08 -3.515030202300275206e-09 1.347465891181128271e-05 7.430957309782134648e-09 5.666207624691395961e-09 3.046052241666212131e-09 7.837752202516836215e-11 6.015908016285127765e-09 4.844345659895300346e-08 -1.443540796456948225e-07
-8.188127901286215234e-08 -2.090921354619888330e-07 6.938586320288393834e-06 -5.132483820368314229e-06 3.740253224428375207e-06 -1.156372002582703521e-04 6.016604756432194343e-06 -1.087151558178381432e-04 -8.035306315131770638e-08 -1.573359728578278308e-08 7.430957309782134648e-09 4.336145811916205861e-05 2.497168909850261982e-08 1.743091414014123196e-08 -1.225414579681256438e-09 2.371390785104548453e-08 1.921673103782805888e-07 -7.520349217792022330e-07
-7.435015177305815120e-08 -5.627766737725341256e-08 4.952101171560001962e-06 -5.065650668113796159e-06 6.232173753535513918e-06 -7.191334623416864753e-04 7.199423230923311819e-05 -1.273098532267735326e-04 -1.795083178773663686e-07 -1.769700657754560493e-08 5.666207624691395961e-09 2.497168909850261982e-08 1.112444042655984217e-04 -8.565862145144760300e-10 -8.657456610530441974e-09 2.681128183018055633e-08 3.731725592669684043e-08 -6.134605897382701130e-07
1.972413689971710168e-08 -8.707361134489436702e-08 3.833655350862468698e-06 -1.183712875723952710e-06 -1.661699661227982992e-06 3.649408257129838941e-04 -3.635866929578150290e-05 -1.344577713018024429e-05 4.820242461712849855e-08 -8.566758522242811227e-10 3.046052241666212131e-09 1.743091414014123196e-08 -8.565862145144760300e-10 7.953468538127038856e-05 5.737074381774753632e-09 2.275044547501282829e-09 1.483089669430485164e-07 -1.735760045980911617e-07
4.475948101181969803e-08 2.670534581736329460e-09 9.133908755005235735e-07 6.780620197229670685e-07 -2.539218672407431896e-06 3.201514474815774186e-04 -2.972601672846216170e-05 2.329435204628823347e-05 6.273949687182889988e-08 4.360856465261225751e-09 7.837752202516836215e-11 -1.225414579681256438e-09 -8.657456610530441974e-09 5.737074381774753632e-09 1.622201677457990241e-05 -5.709378694444583853e-09 5.605750488180617643e-08 1.068042599782202797e-07
-3.942109778652203242e-08 -4.215804027614566357e-08 5.970231028279640657e-06 -4.867083944122491708e-06 4.729743404441117090e-06 -5.551837882625842210e-04 5.826807060361683028e-05 -1.188654616478503534e-04 -1.485205125308653400e-07 -1.544656303800438868e-08 6.015908016285127765e-09 2.371390785104548453e-08 2.681128183018055633e-08 2.275044547501282829e-09 -5.709378694444583853e-09 1.072825514665182097e-04 7.424522853670018645e-08 -5.532273591332162464e-07
4.483484418194070444e-07 -5.601125009076574977e-07 6.252398554836420238e-05 -2.411948182866226266e-05 -1.303656159858925761e-05 2.508025154040511347e-03 -2.035162253420048971e-04 -4.367750545678022404e-04 1.657126584728763391e-07 -3.531623160403175550e-08 4.844345659895300346e-08 1.921673103782805888e-07 3.731725592669684043e-08 1.483089669430485164e-07 5.605750488180617643e-08 7.424522853670018645e-08 3.966311684718326451e-03 -2.499896638930250406e-06
1.579833789413665016e-06 2.692527818588108908e-06 -1.334258376137518272e-04 1.121186030752886954e-04 -1.075092540274063185e-04 9.336975053217413945e-03 -8.910000650935034775e-04 2.604354509949554503e-03 2.877374923651106558e-06 3.637571034999231824e-07 -1.443540796456948225e-07 -7.520349217792022330e-07 -6.134605897382701130e-07 -1.735760045980911617e-07 1.068042599782202797e-07 -5.532273591332162464e-07 -2.499896638930250406e-06 7.354250788249891251e-03
1.982863022700743323e-04 2.788951620084041705e-07 6.966012212199852900e-06 1.468934485944072300e-06 -8.190553650680473431e-06 4.002900812174747802e-04 4.072813439772349669e-07 1.482112536044464312e-05 9.699573907265438008e-08 1.206699089482833962e-08 3.009641798550068724e-09 -2.697448928221517280e-08 -2.605340649631548341e-08 7.974122936931926962e-10 9.940444843533391845e-09 -1.848043703250026480e-08 1.498208934878251052e-07 4.716709494674151099e-07
2.788951620084041705e-07 3.492567085754244658e-03 3.682542853682629906e-07 4.703528903991816576e-06 -3.921854899230297743e-06 -9.172315125917227712e-04 1.662210387140370012e-04 -4.185229248292518991e-06 -8.156236310211181293e-08 1.059791393253854967e-08 -3.543808015365364473e-10 -6.932887990096122826e-08 -2.509139497553200708e-08 -4.513430219102524197e-08 -1.287163665521724670e-08 -3.186181861376420874e-08 -1.593497929937434418e-07 7.555101722351917826e-07
6.966012212199852900e-06 3.682542853682629906e-07 3.348657873975590671e-01 -4.830238667792790619e-04 5.411215948570718563e-05 -1.203404033858443412e-02 2.468780422004419103e-03 -1.082634883729950877e-02 -7.101080694536349871e-06 -1.026211603770876923e-06 7.957862372433687809e-07 2.216452590084879104e-06 1.573270057117990790e-06 1.198965209757790383e-06 2.701869979600846596e-07 1.880897712049240169e-06 2.003969055784961397e-05 -4.286707839408383520e-05
1.468934485944072300e-06 4.703528903991816576e-06 -4.830238667792790619e-04 8.766115100008105010e-01 -2.343611521555988991e-04 1.346552476674145807e-02 -4.277780157330205953e-04 6.895685205182962990e-03 6.957540500581025470e-06 9.013513060798820168e-07 -3.571069322007764953e-07 -1.713310037959465410e-06 -1.828605413873727612e-06 -8.850129933739594474e-07 -1.853506341963566357e-07 -2.095948595039168401e-06 -7.135347236382564056e-06 3.276808070376670344e-05
-8.190553650680473431e-06 -3.921854899230297743e-06 5.411215948570718563e-05 -2.343611521555988991e-04 5.820536668500297939e-01 -5.718712296543783380e-02 5.478289591718519570e-03 -6.735326399560947509e-03 -1.246637754177187692e-05 -1.085244587300359430e-06 1.932799748765255286e-07 1.188966812797523515e-06 1.971127516552796080e-06 -5.882391654808860354e-07 -8.574505162059363784e-07 1.453422713148753010e-06 -4.106648862479951100e-06 -3.475002658633807525e-05
4.002900812174747802e-04 -9.172315125917227712e-04 -1.203404033858443412e-02 1.346552476674145807e-02 -5.718712296543783380e-02 1.036989246020109749e+04 -1.439196611772794343e+00 1.066478201976384765e+00 2.022919621592808234e-03 1.326259428676316925e-04 -4.100237389455648135e-05 -2.098387911540317043e-05 -1.832256872231332397e-04 2.311392461257624005e-04 1.933364948059360046e-04 -5.601367936156668407e-05 6.708916041952967240e-04 3.690364347581108224e-03
4.072813439772349669e-07 1.662210387140370012e-04 2.468780422004419103e-03 -4.277780157330205953e-04 5.478289591718519570e-03 -1.439196611772794343e+00 3.112411267645949806e+02 -1.338659832247046377e-01 -2.367534862232548566e-04 -1.437599166673904824e-05 6.519793177123947126e-06 -1.014771309597307740e-06 1.443135006936772458e-05 -3.262242910404964980e-05 -2.619260666773571026e-05 -3.679214450464253224e-06 -4.095919238662084049e-05 -4.140526943448272798e-04
1.482112536044464312e-05 -4.185229248292518991e-06 -1.082634883729950877e-02 6.895685205182962990e-03 -6.735326399560947509e-03 1.066478201976384765e+00 -1.338659832247046377e-01 2.463611976266908528e+02 2.525829038289835004e-04 2.442473799534524638e-05 -1.151979852965866582e-05 -3.373532646630276392e-05 -3.765506866872309674e-05 3.217877680286740202e-06 1.343125373063469039e-05 -3.003721029301216098e-05 -1.484274431378655886e-04 8.795940107721184759e-04
9.699573907265438008e-08 -8.156236310211181293e-08 -7.101080694536349871e-06 6.957540500581025470e-06 -1.246637754177187692e-05 2.022919621592808234e-03 -2.367534862232548566e-04 2.525829038289835004e-04 2.379296598152592381e-04 3.252118031139900552e-08 -1.044630732991449060e-08 -2.406204866922503116e-08 -5.260972477031157218e-08 2.720987169636941224e-08 2.944303625681003916e-08 -3.499051697648850316e-08 3.945823439545735267e-08 9.931589127850183875e-07
1.206699089482833962e-08 1.059791393253854967e-08 -1.026211603770876923e-06 9.013513060798820168e-07 -1.085244587300359430e-06 1.326259428676316925e-04 -1.437599166673904824e-05 2.442473799534524638e-05 3.252118031139900552e-08 1.369214442031935719e-05 -1.203218333689588367e-09 -4.974901210575422060e-09 -5.487837447800697520e-09 1.530995244847598435e-10 1.735026692027528760e-09 -4.488440732008280797e-09 -1.179312997708063033e-08 1.190268947720428013e-07
3.009641798550068724e-09 -3.543808015365364473e-10 7.957862372433687809e-07 -3.571069322007764953e-07 1.932799748765255286e-07 -4.100237389455648135e-05 6.519793177123947126e-06 -1.151979852965866582e-05 -1.044630732991449060e-08 -1.203218333689588367e-09 4.312019963287249267e-06 2.279354563933069317e-09 1.524685975421416463e-09 2.712295843930296681e-10 -5.340429694654958895e-10 1.176755664723858162e-09 1.631195150438862677e-08 -5.051513447570682795e-08
-2.697448928221517280e-08 -6.932887990096122826e-08 2.216452590084879104e-06 -1.713310037959465410e-06 1.188966812797523515e-06 -2.098387911540317043e-05 -1.014771309597307740e-06 -3.373532646630276392e-05 -2.406204866922503116e-08 -4.974901210575422060e-09 2.279354563933069317e-09 1.387574182343572621e-05 8.211155064350171298e-09 6.114884758018862717e-09 3.465067657799684141e-11 8.159660114282822541e-09 6.087522564085614446e-08 -2.373522907198789154e-07
-2.605340649631548341e-08 -2.509139497553200708e-08 1.573270057117990790e-06 -1.828605413873727612e-06 1.971127516552796080e-06 -1.832256872231332397e-04 1.443135006936772458e-05 -3.765506866872309674e-05 -5.260972477031157218e-08 -5.487837447800697520e-09 1.524685975421416463e-09 8.211155064350171298e-09 3.559885402106845696e-05 1.297883462583467628e-09 -1.521020569444387996e-09 1.025176916146151527e-08 1.013147044315072791e-08 -1.866502350390897227e-07
7.974122936931926962e-10 -4.513430219102524197e-08 1.198965209757790383e-06 -8.850129933739594474e-07 -5.882391654808860354e-07 2.311392461257624005e-04 -3.262242910404964980e-05 3.217877680286740202e-06 2.720987169636941224e-08 1.530995244847598435e-10 2.712295843930296681e-10 6.114884758018862717e-09 1.297883462583467628e-09 2.545493261537557213e-05 4.882436274045552684e-09 4.805566674427385623e-09 4.304506679325608325e-08 -3.199539406141615158e-08
9.940444843533391845e-09 -1.287163665521724670e-08 2.701869979600846596e-07 -1.853506341963566357e-07 -8.574505162059363784e-07 1.933364948059360046e-04 -2.619260666773571026e-05 1.343125373063469039e-05 2.944303625681003916e-08 1.735026692027528760e-09 -5.340429694654958895e-10 3.465067657799684141e-11 -1.521020569444387996e-09 4.882436274045552684e-09 5.193466681063603771e-06 1.413700156571518421e-09 1.443045988128936830e-08 5.289325761655945304e-08
-1.848043703250026480e-08 -3.186181861376420874e-08 1.880897712049240169e-06 -2.095948595039168401e-06 1.453422713148753010e-06 -5.601367936156668407e-05 -3.679214450464253224e-06 -3.003721029301216098e-05 -3.499051697648850316e-08 -4.488440732008280797e-09 1.176755664723858162e-09 8.159660114282822541e-09 1.025176916146151527e-08 4.805566674427385623e-09 1.413700156571518421e-09 3.433475384504365997e-05 1.906342116122621514e-08 -1.519832800491089603e-07
1.498208934878251052e-07 -1.593497929937434418e-07 2.003969055784961397e-05 -7.135347236382564056e-06 -4.106648862479951100e-06 6.708916041952967240e-04 -4.095919238662084049e-05 -1.484274431378655886e-04 3.945823439545735267e-08 -1.179312997708063033e-08 1.631195150438862677e-08 6.087522564085614446e-08 1.013147044315072791e-08 4.304506679325608325e-08 1.443045988128936830e-08 1.906342116122621514e-08 1.269224821333365038e-03 -8.270820726329514750e-07
4.716709494674151099e-07 7.555101722351917826e-07 -4.286707839408383520e-05 3.276808070376670344e-05 -3.475002658633807525e-05 3.690364347581108224e-03 -4.140526943448272798e-04 8.795940107721184759e-04 9.931589127850183875e-07 1.190268947720428013e-07 -5.051513447570682795e-08 -2.373522907198789154e-07 -1.866502350390897227e-07 -3.199539406141615158e-08 5.289325761655945304e-08 -1.519832800491089603e-07 -8.270820726329514750e-07 2.353504919482664673e-03
1.982863022700743323e-04 2.788951620084041705e-07 6.966012212199852900e-06 1.468934485944072300e-06 -8.190553650680473431e-06 4.002900812174747802e-04 4.072813439772349669e-07 1.482112536044464312e-05 9.699573907265438008e-08 1.206699089482833962e-08 3.009641798550068724e-09 -2.697448928221517280e-08 -2.605340649631548341e-08 7.974122936931926962e-10 9.940444843533391845e-09 -1.848043703250026480e-08 1.498208934878251052e-07 4.716709494674151099e-07
2.788951620084041705e-07 3.492567085754244658e-03 3.682542853682629906e-07 4.703528903991816576e-06 -3.921854899230297743e-06 -9.172315125917227712e-04 1.662210387140370012e-04 -4.185229248292518991e-06 -8.156236310211181293e-08 1.059791393253854967e-08 -3.543808015365364473e-10 -6.932887990096122826e-08 -2.509139497553200708e-08 -4.513430219102524197e-08 -1.287163665521724670e-08 -3.186181861376420874e-08 -1.593497929937434418e-07 7.555101722351917826e-07
6.966012212199852900e-06 3.682542853682629906e-07 3.348657873975590671e-01 -4.830238667792790619e-04 5.411215948570718563e-05 -1.203404033858443412e-02 2.468780422004419103e-03 -1.082634883729950877e-02 -7.101080694536349871e-06 -1.026211603770876923e-06 7.957862372433687809e-07 2.216452590084879104e-06 1.573270057117990790e-06 1.198965209757790383e-06 2.701869979600846596e-07 1.880897712049240169e-06 2.003969055784961397e-05 -4.286707839408383520e-05
1.468934485944072300e-06 4.703528903991816576e-06 -4.830238667792790619e-04 8.766115100008105010e-01 -2.343611521555988991e-04 1.346552476674145807e-02 -4.277780157330205953e-04 6.895685205182962990e-03 6.957540500581025470e-06 9.013513060798820168e-07 -3.571069322007764953e-07 -1.713310037959465410e-06 -1.828605413873727612e-06 -8.850129933739594474e-07 -1.853506341963566357e-07 -2.095948595039168401e-06 -7.135347236382564056e-06 3.276808070376670344e-05
-8.190553650680473431e-06 -3.921854899230297743e-06 5.411215948570718563e-05 -2.343611521555988991e-04 5.820536668500297939e-01 -5.718712296543783380e-02 5.478289591718519570e-03 -6.735326399560947509e-03 -1.246637754177187692e-05 -1.085244587300359430e-06 1.932799748765255286e-07 1.188966812797523515e-06 1.971127516552796080e-06 -5.882391654808860354e-07 -8.574505162059363784e-07 1.453422713148753010e-06 -4.106648862479951100e-06 -3.475002658633807525e-05
4.002900812174747802e-04 -9.172315125917227712e-04 -1.203404033858443412e-02 1.346552476674145807e-02 -5.718712296543783380e-02 1.036989246020109749e+04 -1.439196611772794343e+00 1.066478201976384765e+00 2.022919621592808234e-03 1.326259428676316925e-04 -4.100237389455648135e-05 -2.098387911540317043e-05 -1.832256872231332397e-04 2.311392461257624005e-04 1.933364948059360046e-04 -5.601367936156668407e-05 6.708916041952967240e-04 3.690364347581108224e-03
4.072813439772349669e-07 1.662210387140370012e-04 2.468780422004419103e-03 -4.277780157330205953e-04 5.478289591718519570e-03 -1.439196611772794343e+00 3.112411267645949806e+02 -1.338659832247046377e-01 -2.367534862232548566e-04 -1.437599166673904824e-05 6.519793177123947126e-06 -1.014771309597307740e-06 1.443135006936772458e-05 -3.262242910404964980e-05 -2.619260666773571026e-05 -3.679214450464253224e-06 -4.095919238662084049e-05 -4.140526943448272798e-04
1.482112536044464312e-05 -4.185229248292518991e-06 -1.082634883729950877e-02 6.895685205182962990e-03 -6.735326399560947509e-03 1.066478201976384765e+00 -1.338659832247046377e-01 2.463611976266908528e+02 2.525829038289835004e-04 2.442473799534524638e-05 -1.151979852965866582e-05 -3.373532646630276392e-05 -3.765506866872309674e-05 3.217877680286740202e-06 1.343125373063469039e-05 -3.003721029301216098e-05 -1.484274431378655886e-04 8.795940107721184759e-04
9.699573907265438008e-08 -8.156236310211181293e-08 -7.101080694536349871e-06 6.957540500581025470e-06 -1.246637754177187692e-05 2.022919621592808234e-03 -2.367534862232548566e-04 2.525829038289835004e-04 2.379296598152592381e-04 3.252118031139900552e-08 -1.044630732991449060e-08 -2.406204866922503116e-08 -5.260972477031157218e-08 2.720987169636941224e-08 2.944303625681003916e-08 -3.499051697648850316e-08 3.945823439545735267e-08 9.931589127850183875e-07
1.206699089482833962e-08 1.059791393253854967e-08 -1.026211603770876923e-06 9.013513060798820168e-07 -1.085244587300359430e-06 1.326259428676316925e-04 -1.437599166673904824e-05 2.442473799534524638e-05 3.252118031139900552e-08 1.369214442031935719e-05 -1.203218333689588367e-09 -4.974901210575422060e-09 -5.487837447800697520e-09 1.530995244847598435e-10 1.735026692027528760e-09 -4.488440732008280797e-09 -1.179312997708063033e-08 1.190268947720428013e-07
3.009641798550068724e-09 -3.543808015365364473e-10 7.957862372433687809e-07 -3.571069322007764953e-07 1.932799748765255286e-07 -4.100237389455648135e-05 6.519793177123947126e-06 -1.151979852965866582e-05 -1.044630732991449060e-08 -1.203218333689588367e-09 4.312019963287249267e-06 2.279354563933069317e-09 1.524685975421416463e-09 2.712295843930296681e-10 -5.340429694654958895e-10 1.176755664723858162e-09 1.631195150438862677e-08 -5.051513447570682795e-08
-2.697448928221517280e-08 -6.932887990096122826e-08 2.216452590084879104e-06 -1.713310037959465410e-06 1.188966812797523515e-06 -2.098387911540317043e-05 -1.014771309597307740e-06 -3.373532646630276392e-05 -2.406204866922503116e-08 -4.974901210575422060e-09 2.279354563933069317e-09 1.387574182343572621e-05 8.211155064350171298e-09 6.114884758018862717e-09 3.465067657799684141e-11 8.159660114282822541e-09 6.087522564085614446e-08 -2.373522907198789154e-07
-2.605340649631548341e-08 -2.509139497553200708e-08 1.573270057117990790e-06 -1.828605413873727612e-06 1.971127516552796080e-06 -1.832256872231332397e-04 1.443135006936772458e-05 -3.765506866872309674e-05 -5.260972477031157218e-08 -5.487837447800697520e-09 1.524685975421416463e-09 8.211155064350171298e-09 3.559885402106845696e-05 1.297883462583467628e-09 -1.521020569444387996e-09 1.025176916146151527e-08 1.013147044315072791e-08 -1.866502350390897227e-07
7.974122936931926962e-10 -4.513430219102524197e-08 1.198965209757790383e-06 -8.850129933739594474e-07 -5.882391654808860354e-07 2.311392461257624005e-04 -3.262242910404964980e-05 3.217877680286740202e-06 2.720987169636941224e-08 1.530995244847598435e-10 2.712295843930296681e-10 6.114884758018862717e-09 1.297883462583467628e-09 2.545493261537557213e-05 4.882436274045552684e-09 4.805566674427385623e-09 4.304506679325608325e-08 -3.199539406141615158e-08
9.940444843533391845e-09 -1.287163665521724670e-08 2.701869979600846596e-07 -1.853506341963566357e-07 -8.574505162059363784e-07 1.933364948059360046e-04 -2.619260666773571026e-05 1.343125373063469039e-05 2.944303625681003916e-08 1.735026692027528760e-09 -5.340429694654958895e-10 3.465067657799684141e-11 -1.521020569444387996e-09 4.882436274045552684e-09 5.193466681063603771e-06 1.413700156571518421e-09 1.443045988128936830e-08 5.289325761655945304e-08
