7.445106992867149987e-04 -6.176635493681569347e-04 -2.681458723595707069e-02 -1.301858997096129325e-03 1.134990282389843758e-02 8.955968272087437398e+00 -2.863374247327475364e-01 -1.210147602083840590e-01 -1.340305610996925982e-03 2.618022156364890098e-05 -3.124815736863604257e-05 -3.408533110607587049e-04 -2.079034876417229863e-04 -3.218843030858452498e-05 1.407231377767008699e-04 2.474678416089568832e-05 -3.339158919672117381e-04 8.701900171107174262e-05
-6.176635493681569347e-04 1.187775830946272496e-02 5.575441830591348902e-02 1.862095867643062327e-02 8.600598918123203429e-02 -1.548151516899048090e+02 6.809743942388911897e+00 2.885187674703949323e+00 2.110312563475690018e-02 4.719395796369288366e-04 7.538229052103170976e-04 2.632010221531718916e-03 2.675428119609485605e-03 -1.168795855543641824e-03 -1.567718787027111730e-03 3.550567488115809623e-04 1.074608976898183124e-03 1.438411513917666569e-03
-2.681458723595707069e-02 5.575441830591348902e-02 1.464853220633260023e+01 2.880871526709962160e-01 -7.154820780575469996e+00 1.701613627466141224e+03 1.086864009197454948e+02 -2.117886708415572627e+02 -1.417606440085725505e-01 -1.188399056490220020e-02 -1.191045482767893321e-03 -2.479551160976109503e-02 -3.380573350003460847e-02 1.652798705419696035e-02 2.435333965405879139e-02 3.502984778993082065e-03 4.951107107624967696e-02 -2.140902435628056974e-02
-1.301858997096129325e-03 1.862095867643062327e-02 2.880871526709962160e-01 7.649381325066029191e-01 -7.373327659811758084e-01 -4.909060826537042743e+01 -7.564093518793794324e+00 8.974586415472832357e+01 2.828541657172154930e-02 -1.749786492606774735e-03 2.901623761017148913e-03 3.606037821094317409e-03 -1.833923940726770460e-03 -1.361224443576028974e-02 2.759722364538808037e-03 -8.240086327985212539e-03 -6.108061588622740526e-03 7.916779508986213076e-03
1.134990282389843758e-02 8.600598918123203429e-02 -7.154820780575469996e+00 -7.373327659811758084e-01 9.496376801549972768e+00 -2.850161154436548259e+03 4.409414721415550531e+01 3.929588471222702850e+01 2.874198322013938878e-01 1.437669024641943967e-02 5.078920885183866966e-03 3.806943601533881172e-02 5.705753541458229855e-02 -8.674380403348449023e-03 -3.111856722889480564e-02 1.112232439080891588e-02 -3.938818742088631827e-04 1.305709834573223066e-02
8.955968272087437398e+00 -1.548151516899048090e+02 1.701613627466141224e+03 -4.909060826537042743e+01 -2.850161154436548259e+03 2.895261351687978953e+06 -6.462812962367106229e+04 -1.053477148109759728e+05 -3.633449087290446187e+02 -1.085397837174949665e+01 -1.013103902914832410e+01 -4.637307024841887682e+01 -5.313448110550729098e+01 1.425185273778938111e+01 3.225061996549023746e+01 -2.566334344604835227e+00 -4.271873307969585198e+00 -1.946912752001941982e+01
-2.863374247327475364e-01 6.809743942388911897e+00 1.086864009197454948e+02 -7.564093518793794324e+00 4.409414721415550531e+01 -6.462812962367106229e+04 8.016606002388687557e+03 -3.267185821071962891e+03 8.447788601444614187e+00 9.214870045736169024e-02 4.616508836847407204e-01 9.472013604810542997e-01 1.117783669881718733e+00 -5.991629885647368203e-01 -4.048215351426124875e-01 2.547198168898672233e-01 1.548542899544625540e+00 8.509356705651602848e-01
-1.210147602083840590e-01 2.885187674703949323e+00 -2.117886708415572627e+02 8.974586415472832357e+01 3.929588471222702850e+01 -1.053477148109759728e+05 -3.267185821071962891e+03 3.469048914829119167e+04 1.394977687001286526e+01 8.730310055100592992e-02 5.980977738310697678e-01 2.092145216277718323e+00 1.843281046402900136e+00 -2.895605419253881152e+00 -7.360309656798524891e-01 -2.942267430152942342e+00 -2.887856432388902217e+00 1.468040399530687656e+00
-1.340305610996925982e-03 2.110312563475690018e-02 -1.417606440085725505e-01 2.828541657172154930e-02 2.874198322013938878e-01 -3.633449087290446187e+02 8.447788601444614187e+00 1.394977687001286526e+01 4.821805289968062597e-02 1.322355959103476428e-03 1.346760636057780245e-03 5.846680021713270003e-03 6.613755922564461265e-03 -2.207597784627052945e-03 -4.043962326387171534e-03 3.910344401904764194e-04 4.136230767380843728e-04 2.862797029672989151e-03
2.618022156364890098e-05 4.719395796369288366e-04 -1.188399056490220020e-02 -1.749786492606774735e-03 1.437669024641943967e-02 -1.085397837174949665e+01 9.214870045736169024e-02 8.730310055100592992e-02 1.322355959103476428e-03 7.248698965162675835e-05 2.039679399744881251e-05 1.436467255510846125e-04 1.922679947210996325e-04 1.796941926543677779e-05 -1.488429487540649172e-04 5.385410772389716131e-05 -4.362268804211171219e-05 4.458388695751882056e-05
-3.124815736863604257e-05 7.538229052103170976e-04 -1.191045482767893321e-03 2.901623761017148913e-03 5.078920885183866966e-03 -1.013103902914832410e+01 4.616508836847407204e-01 5.980977738310697678e-01 1.346760636057780245e-03 2.039679399744881251e-05 6.554139052102415702e-05 1.750390008770768017e-04 1.639601769812395820e-04 -1.422534317221174822e-04 -8.369761820556290805e-05 -3.439957236527175583e-05 4.278639151551110544e-05 1.305567802606845830e-04
-3.408533110607587049e-04 2.632010221531718916e-03 -2.479551160976109503e-02 3.606037821094317409e-03 3.806943601533881172e-02 -4.637307024841887682e+01 9.472013604810542997e-01 2.092145216277718323e+00 5.846680021713270003e-03 1.436467255510846125e-04 1.750390008770768017e-04 9.265157557555913975e-04 8.403468902555450174e-04 -2.505388829736147622e-04 -5.441372111826109879e-04 1.712196549477618723e-05 2.207895102164619241e-04 2.264310092248981630e-04
-2.079034876417229863e-04 2.675428119609485605e-03 -3.380573350003460847e-02 -1.833923940726770460e-03 5.705753541458229855e-02 -5.313448110550729098e+01 1.117783669881718733e+00 1.843281046402900136e+00 6.613755922564461265e-03 1.922679947210996325e-04 1.639601769812395820e-04 8.403468902555450174e-04 1.049262725928131433e-03 -1.912446893906917229e-04 -5.998657708922827247e-04 9.040474230803337058e-05 9.720919646067759795e-05 3.392348197716173403e-04
-3.218843030858452498e-05 -1.168795855543641824e-03 1.652798705419696035e-02 -1.361224443576028974e-02 -8.674380403348449023e-03 1.425185273778938111e+01 -5.991629885647368203e-01 -2.895605419253881152e+00 -2.207597784627052945e-03 1.796941926543677779e-05 -1.422534317221174822e-04 -2.505388829736147622e-04 -1.912446893906917229e-04 6.881051338054225246e-04 2.461920290937769451e-05 2.718952678428650997e-04 9.525456081102251884e-05 -3.760385746909169591e-04
1.407231377767008699e-04 -1.567718787027111730e-03 2.435333965405879139e-02 2.759722364538808037e-03 -3.111856722889480564e-02 3.225061996549023746e+01 -4.048215351426124875e-01 -7.360309656798524891e-01 -4.043962326387171534e-03 -1.488429487540649172e-04 -8.369761820556290805e-05 -5.441372111826109879e-04 -5.998657708922827247e-04 2.461920290937769451e-05 4.444128026258928181e-04 -1.219300484461347380e-04 -4.771966173426203997e-05 -1.091153744716370636e-04
2.474678416089568832e-05 3.550567488115809623e-04 3.502984778993082065e-03 -8.240086327985212539e-03 1.112232439080891588e-02 -2.566334344604835227e+00 2.547198168898672233e-01 -2.942267430152942342e+00 3.910344401904764194e-04 5.385410772389716131e-05 -3.439957236527175583e-05 1.712196549477618723e-05 9.040474230803337058e-05 2.718952678428650997e-04 -1.219300484461347380e-04 4.814808662396441474e-04 2.531488703649653442e-04 -7.457586953938722708e-05
-3.339158919672117381e-04 1.074608976898183124e-03 4.951107107624967696e-02 -6.108061588622740526e-03 -3.938818742088631827e-04 -4.271873307969585198e+00 1.548542899544625540e+00 -2.887856432388902217e+00 4.136230767380843728e-04 -4.362268804211171219e-05 4.278639151551110544e-05 2.207895102164619241e-04 9.720919646067759795e-05 9.525456081102251884e-05 -4.771966173426203997e-05 2.531488703649653442e-04 8.282620288794088122e-04 -1.739708605155629295e-04
8.701900171107174262e-05 1.438411513917666569e-03 -2.140902435628056974e-02 7.916779508986213076e-03 1.305709834573223066e-02 -1.946912752001941982e+01 8.509356705651602848e-01 1.468040399530687656e+00 2.862797029672989151e-03 4.458388695751882056e-05 1.305567802606845830e-04 2.264310092248981630e-04 3.392348197716173403e-04 -3.760385746909169591e-04 -1.091153744716370636e-04 -7.457586953938722708e-05 -1.739708605155629295e-04 5.304272034007768890e-04
7.519152515636470021e-04 6.029627592732371292e-04 1.461326512918514724e-03 8.974747274786589032e-04 7.117548568000355317e-04 -1.452470556922599876e+01 1.580984125614856919e-02 2.577513117248987129e+00 2.488997289586538514e-03 1.823930657482495505e-04 2.799437108946298107e-05 -1.878600743999844444e-04 2.707806898924622016e-04 -1.850748094090809079e-04 -1.075367532365059729e-04 -1.035700556677578106e-04 -7.417504631718610042e-04 2.683383848172656906e-04
6.029627592732371292e-04 8.122781022998319320e-03 6.521770620166890409e-02 1.362853733573738020e-02 2.958995709492445378e-02 -1.229404484920225968e+02 3.776031016553214048e+00 7.841940548545704992e+00 1.814410609765286508e-02 6.420207429388081121e-04 4.825819538200210057e-04 1.270599969055114008e-03 2.232414711231785111e-03 -9.932612522744453144e-04 -1.204758444258646581e-03 -1.129753385737021233e-04 -8.533448795005362224e-04 1.261777919241277883e-03
1.461326512918514724e-03 6.521770620166890409e-02 8.006406462351479902e+00 2.460692737293556087e-01 -3.863040924821897981e+00 7.234768744302259336e+01 6.061098645553227016e+01 4.290050246091851704e+00 5.853798229294322752e-02 8.471387787261823801e-04 1.314701992109824783e-03 -1.283376854695544682e-02 -1.798392958335326896e-03 1.300045062159514188e-03 5.186014509531134374e-03 -3.684542557182697402e-03 1.260408938404077722e-03 -1.412894542454162794e-03
8.974747274786589032e-04 1.362853733573738020e-02 2.460692737293556087e-01 4.021135508556739069e-01 -4.226800290739923804e-01 -1.136233022221156830e+02 -3.133785380468486093e+00 5.800659140872557629e+01 2.899291382100007905e-02 -1.268100774708576510e-04 1.696308683724698490e-03 1.796638968494072841e-03 7.654138131220743907e-04 -7.592636804231686284e-03 6.350072600402056639e-04 -4.882998301780491594e-03 -5.737180709392708348e-03 5.018733919819037825e-03
7.117548568000355317e-04 2.958995709492445378e-02 -3.863040924821897981e+00 -4.226800290739923804e-01 4.891588898180833311e+00 -1.142519739896322108e+03 1.986850433076774891e+01 -2.100476614305165413e+01 9.732116329343112882e-02 4.823141122520663293e-03 1.776645253768986818e-03 1.903024154310956409e-02 2.316757337081528506e-02 -1.901132370572184739e-03 -1.315576380800286514e-02 7.880406459623706672e-03 8.188638908581178863e-03 3.221387330087927513e-03
-1.452470556922599876e+01 -1.229404484920225968e+02 7.234768744302259336e+01 -1.136233022221156830e+02 -1.142519739896322108e+03 2.397076371089415625e+06 -4.019819636640878161e+04 -1.858468135755824333e+05 -3.397478330547878045e+02 -1.388334043061421674e+01 -7.279856482801706719e+00 -2.224022714382377686e+01 -4.521728142454701072e+01 1.561394729490509192e+01 2.490149104386080126e+01 4.781880982814350922e+00 2.680775788310958774e+01 -2.103237787455632102e+01
1.580984125614856919e-02 3.776031016553214048e+00 6.061098645553227016e+01 -3.133785380468486093e+00 1.986850433076774891e+01 -4.019819636640878161e+04 4.080488316944019061e+03 -5.339241379808531747e+02 5.530625397823327738e+00 1.164489335063151054e-01 2.489467463667292269e-01 4.641320819323697111e-01 7.138847537318155911e-01 -3.703093734500698675e-01 -2.737079502571181377e-01 7.452793926215021958e-02 5.333021112739936287e-01 5.202969100513956668e-01
2.577513117248987129e+00 7.841940548545704992e+00 4.290050246091851704e+00 5.800659140872557629e+01 -2.100476614305165413e+01 -1.858468135755824333e+05 -5.339241379808531747e+02 3.597950631926136703e+04 2.912657967016104266e+01 1.224396396341811633e+00 6.126366677510405312e-01 9.272554979693367061e-01 3.533244716081910042e+00 -2.633676769982716603e+00 -1.597248691189841363e+00 -2.322070168576373828e+00 -5.483546382967247723e+00 2.315770602249954901e+00
2.488997289586538514e-03 1.814410609765286508e-02 5.853798229294322752e-02 2.899291382100007905e-02 9.732116329343112882e-02 -3.397478330547878045e+02 5.530625397823327738e+00 2.912657967016104266e+01 5.044116334047447220e-02 2.068783578016488659e-03 1.041312219743551013e-03 2.771306645974314260e-03 6.412538424370497689e-03 -2.518050313353157633e-03 -3.484927588691920375e-03 -8.074592303988133721e-04 -4.605109591629635499e-03 3.311565918680859505e-03
1.823930657482495505e-04 6.420207429388081121e-04 8.471387787261823801e-04 -1.268100774708576510e-04 4.823141122520663293e-03 -1.388334043061421674e+01 1.164489335063151054e-01 1.224396396341811633e+00 2.068783578016488659e-03 1.115640114228604512e-04 2.976905067399801682e-05 6.375729076136578280e-05 2.625588114485934068e-04 -6.657529603473365167e-05 -1.530690880951865083e-04 -2.582430611418660323e-05 -2.786344357906133827e-04 1.226973602091125726e-04
2.799437108946298107e-05 4.825819538200210057e-04 1.314701992109824783e-03 1.696308683724698490e-03 1.776645253768986818e-03 -7.279856482801706719e+00 2.489467463667292269e-01 6.126366677510405312e-01 1.041312219743551013e-03 2.976905067399801682e-05 3.807948592988636864e-05 8.541981888861371419e-05 1.252252936670563246e-04 -9.086968478496859820e-05 -6.196088300266508258e-05 -3.227826691037712640e-05 -4.625457424174581690e-05 9.163755260294447283e-05
-1.878600743999844444e-04 1.270599969055114008e-03 -1.283376854695544682e-02 1.796638968494072841e-03 1.903024154310956409e-02 -2.224022714382377686e+01 4.641320819323697111e-01 9.272554979693367061e-01 2.771306645974314260e-03 6.375729076136578280e-05 8.541981888861371419e-05 4.626559359290718953e-04 4.011706860638166068e-04 -1.173278586416771246e-04 -2.625848142814819828e-04 1.261739832979422793e-05 1.359061274797341353e-04 1.026801926052023351e-04
2.707806898924622016e-04 2.232414711231785111e-03 -1.798392958335326896e-03 7.654138131220743907e-04 2.316757337081528506e-02 -4.521728142454701072e+01 7.138847537318155911e-01 3.533244716081910042e+00 6.412538424370497689e-03 2.625588114485934068e-04 1.252252936670563246e-04 4.011706860638166068e-04 8.913376184135146998e-04 -2.624977816726376868e-04 -4.728869611949978883e-04 -7.250962365946321759e-05 -5.201045009914931566e-04 3.915608775946012631e-04
-1.850748094090809079e-04 -9.932612522744453144e-04 1.300045062159514188e-03 -7.592636804231686284e-03 -1.901132370572184739e-03 1.561394729490509192e+01 -3.703093734500698675e-01 -2.633676769982716603e+00 -2.518050313353157633e-03 -6.657529603473365167e-05 -9.086968478496859820e-05 -1.173278586416771246e-04 -2.624977816726376868e-04 4.198502525897507514e-04 9.099336723733844037e-05 1.888791344698478056e-04 3.054807522472020387e-04 -2.890648139947073680e-04
-1.075367532365059729e-04 -1.204758444258646581e-03 5.186014509531134374e-03 6.350072600402056639e-04 -1.315576380800286514e-02 2.490149104386080126e+01 -2.737079502571181377e-01 -1.597248691189841363e+00 -3.484927588691920375e-03 -1.530690880951865083e-04 -6.196088300266508258e-05 -2.625848142814819828e-04 -4.728869611949978883e-04 9.099336723733844037e-05 3.041478566708220627e-04 -6.691772857622537175e-06 2.446533555900522530e-04 -1.589113149798714194e-04
-1.035700556677578106e-04 -1.129753385737021233e-04 -3.684542557182697402e-03 -4.882998301780491594e-03 7.880406459623706672e-03 4.781880982814350922e+00 7.452793926215021958e-02 -2.322070168576373828e+00 -8.074592303988133721e-04 -2.582430611418660323e-05 -3.227826691037712640e-05 1.261739832979422793e-05 -7.250962365946321759e-05 1.888791344698478056e-04 -6.691772857622537175e-06 2.833103963965627600e-04 3.085308566158198379e-04 -1.092133989002321134e-04
-7.417504631718610042e-04 -8.533448795005362224e-04 1.260408938404077722e-03 -5.737180709392708348e-03 8.188638908581178863e-03 2.680775788310958774e+01 5.333021112739936287e-01 -5.483546382967247723e+00 -4.605109591629635499e-03 -2.786344357906133827e-04 -4.625457424174581690e-05 1.359061274797341353e-04 -5.201045009914931566e-04 3.054807522472020387e-04 2.446533555900522530e-04 3.085308566158198379e-04 1.290210781394005675e-03 -4.298896510834136677e-04
2.683383848172656906e-04 1.261777919241277883e-03 -1.412894542454162794e-03 5.018733919819037825e-03 3.221387330087927513e-03 -2.103237787455632102e+01 5.202969100513956668e-01 2.315770602249954901e+00 3.311565918680859505e-03 1.226973602091125726e-04 9.163755260294447283e-05 1.026801926052023351e-04 3.915608775946012631e-04 -2.890648139947073680e-04 -1.589113149798714194e-04 -1.092133989002321134e-04 -4.298896510834136677e-04 3.992484047634843364e-04
