{
    "R": [
        [
            0.13639444490552577,
            0.025007704439456963,
            1.988338811895039,
            -10.479864929603394,
            1.3469259082032756,
            173.4859485189827,
            -3.263758551588577,
            25.18906026783083,
            0.06511026802815069,
            -0.11177734211807931,
            0.053873006276157404,
            0.22123347431304977,
            -0.0011016705710625264,
            0.018560144098192687,
            0.04134944280021448,
            -0.32205166526731355,
            -0.39374707139182974,
            0.005797573897506977
        ],
        [
            0.0,
            0.05830387684211861,
            -0.1398266924205164,
            3.2569807507253383,
            3.3044742230773156,
            73.94318672839745,
            -3.68307041439999,
            15.121371698243646,
            0.06216140436504215,
            0.016701260366857738,
            0.024778806407264473,
            0.05063882304316101,
            0.0011467067381965388,
            0.005030064108552608,
            0.019442709108151518,
            -0.13386803234072348,
            -0.19242958655260303,
            0.14816226943382146
        ],
        [
            0.0,
            0.0,
            1.4766037066637911,
            0.8558998799383125,
            2.3889715486612944,
            -3.313205863967341,
            -2.012069985343594,
            4.155841873931024,
            0.0535606946185045,
            0.0037569401894568515,
            -0.0017399499267159227,
            0.00397045754155898,
            -0.0036280880983777207,
            0.0018797979996652777,
            0.0005480387309277502,
            -0.011099735626142151,
            -0.08278276694340866,
            0.000357517811092805
        ],
        [
            0.0,
            0.0,
            0.0,
            3.1274144722871227,
            1.539898534959815,
            14.541017548624298,
            -0.1835477207579154,
            -3.7948948863971044,
            -0.005389770451026353,
            0.022161547278943605,
            -0.013079460302077314,
            -0.040817272399786074,
            -0.0006564059300519873,
            -0.0017751670463695655,
            -0.00399479438933281,
            0.057030978247918966,
            0.03618397821869177,
            0.00945391060378713
        ],
        [
            0.0,
            0.0,
            0.0,
            0.0,
            2.870064308645379,
            33.891597005634196,
            -0.43076205258376776,
            3.489228444137965,
            0.02417627835707941,
            -0.002672566124805461,
            -0.0030042886027072517,
            0.014556850724529788,
            0.0015103527352501648,
            0.0023645040542715386,
            0.007315964042808355,
            -0.059984449261074095,
            -0.031551457957231674,
            0.10750979456577071
        ],
        [
            0.0,
            0.0,
            0.0,
            0.0,
            0.0,
            75.54895666746721,
            -1.3792084006386398,
            3.370683957230204,
            0.007844537123219511,
            0.00839996431651157,
            0.008256129705093537,
            0.015076630687233429,
            -0.00016156663801986207,
            0.003712528854915421,
            0.008770003007988556,
            -0.014108996049247736,
            -0.10194435808670564,
            0.008624439658591934
        ],
        [
            0.0,
            0.0,
            0.0,
            0.0,
            0.0,
            0.0,
            1.8986026642960314,
            -4.970146261759652,
            -0.006661404330067779,
            -0.002468478955448456,
            -0.007469917853051164,
            -0.010969016728441057,
            0.0023378512597587785,
            -0.0018006060888397907,
            -0.0009736559004569065,
            0.0012108399619607292,
            0.08877233337734634,
            0.024010005231368394
        ],
        [
            0.0,
            0.0,
            0.0,
            0.0,
            0.0,
            0.0,
            0.0,
            6.0391085923171,
            0.039096484271154634,
            -0.009945396916235062,
            0.0018330254321452582,
            0.015115356693097734,
            -0.0008425460450120747,
            0.0021548315901533124,
            0.0027001627188936576,
            -0.020201067746014607,
            -0.010366028918552886,
            0.024258035547602082
        ],
        [
            0.0,
            0.0,
            0.0,
            0.0,
            0.0,
            0.0,
            0.0,
            0.0,
            0.028295467339845577,
            0.0022375781203530544,
            -0.003089748349677384,
            -0.003464411735086782,
            -0.000378586982266766,
            0.0017230936503967085,
            -0.0010262810099274783,
            0.01665642791227964,
            -0.00725185839176419,
            0.01923839785961701
        ],
        [
            0.0,
            0.0,
            0.0,
            0.0,
            0.0,
            0.0,
            0.0,
            0.0,
            0.0,
            0.017287504638060728,
            -0.0029253467147343673,
            -0.016993924378483596,
            0.0002930718533390322,
            0.0012289866401510017,
            0.0011676198279435932,
            0.0346766997955988,
            -0.012527049328666063,
            0.03291279212992966
        ],
        [
            0.0,
            0.0,
            0.0,
            0.0,
            0.0,
            0.0,
            0.0,
            0.0,
            0.0,
            0.0,
            0.00643401856935556,
            0.01649590025662217,
            0.0007884728283609849,
            -6.881412526367238e-05,
            0.002540141662451755,
            -0.035330550442358465,
            -0.014751167755073544,
            0.011464083158504439
        ],
        [
            0.0,
            0.0,
            0.0,
            0.0,
            0.0,
            0.0,
            0.0,
            0.0,
            0.0,
            0.0,
            0.0,
            0.009121096659914962,
            -0.0001308397916988225,
            0.0016884250228372411,
            0.0011449388428242057,
            0.0019269889116732672,
            -0.026490659070785388,
            0.0048731738882278166
        ],
        [
            0.0,
            0.0,
            0.0,
            0.0,
            0.0,
            0.0,
            0.0,
            0.0,
            0.0,
            0.0,
            0.0,
            0.0,
            0.0015928651528252635,
            -0.0004864469310268982,
            0.0016209274113362128,
            -0.00024192908764749638,
            0.0031147640183782853,
            0.020953967675889234
        ],
        [
            0.0,
            0.0,
            0.0,
            0.0,
            0.0,
            0.0,
            0.0,
            0.0,
            0.0,
            0.0,
            0.0,
            0.0,
            0.0,
            0.0031536160218761417,
            0.001272653575135325,
            0.00833168529501242,
            -0.006481311508683453,
            -0.0015416792920508783
        ],
        [
            0.0,
            0.0,
            0.0,
            0.0,
            0.0,
            0.0,
            0.0,
            0.0,
            0.0,
            0.0,
            0.0,
            0.0,
            0.0,
            0.0,
            0.002826631744848586,
            0.0051058123691146255,
            -0.007521147122960568,
            0.010929338335528057
        ],
        [
            0.0,
            0.0,
            0.0,
            0.0,
            0.0,
            0.0,
            0.0,
            0.0,
            0.0,
            0.0,
            0.0,
            0.0,
            0.0,
            0.0,
            0.0,
            0.027263789825449386,
            -0.00771061955903356,
            -0.00533213093660541
        ],
        [
            0.0,
            0.0,
            0.0,
            0.0,
            0.0,
            0.0,
            0.0,
            0.0,
            0.0,
            0.0,
            0.0,
            0.0,
            0.0,
            0.0,
            0.0,
            0.0,
            0.033076516728523866,
            -0.030460738483853077
        ],
        [
            0.0,
            0.0,
            0.0,
            0.0,
            0.0,
            0.0,
            0.0,
            0.0,
            0.0,
            0.0,
            0.0,
            0.0,
            0.0,
            0.0,
            0.0,
            0.0,
            0.0,
            0.05526183348212208
        ]
    ],
    "RDR": [
        [
            [
                0.13639444490552577,
                0.025007704439456963,
                1.988338811895039,
                -10.479864929603394,
                1.3469259082032756,
                173.4859485189827,
                -3.263758551588577,
                25.18906026783083,
                0.06511026802815069,
                -0.11177734211807931,
                0.053873006276157404,
                0.22123347431304977,
                -0.0011016705710625264,
                0.018560144098192687,
                0.04134944280021448,
                -0.32205166526731355,
                -0.39374707139182974,
                0.005797573897506977
            ],
            [
                0.0,
                0.05830387684211861,
                -0.1398266924205164,
                3.2569807507253383,
                3.3044742230773156,
                73.94318672839745,
                -3.68307041439999,
                15.121371698243646,
                0.06216140436504215,
                0.016701260366857738,
                0.024778806407264473,
                0.05063882304316101,
                0.0011467067381965388,
                0.005030064108552608,
                0.019442709108151518,
                -0.13386803234072348,
                -0.19242958655260303,
                0.14816226943382146
            ],
            [
                0.0,
                0.0,
                1.4766037066637911,
                0.8558998799383125,
                2.3889715486612944,
                -3.313205863967341,
                -2.012069985343594,
                4.155841873931024,
                0.0535606946185045,
                0.0037569401894568515,
                -0.0017399499267159227,
                0.00397045754155898,
                -0.0036280880983777207,
                0.0018797979996652777,
                0.0005480387309277502,
                -0.011099735626142151,
                -0.08278276694340866,
                0.000357517811092805
            ],
            [
                0.0,
                0.0,
                0.0,
                3.1274144722871227,
                1.539898534959815,
                14.541017548624298,
                -0.1835477207579154,
                -3.7948948863971044,
                -0.005389770451026353,
                0.022161547278943605,
                -0.013079460302077314,
                -0.040817272399786074,
                -0.0006564059300519873,
                -0.0017751670463695655,
                -0.00399479438933281,
                0.057030978247918966,
                0.03618397821869177,
                0.00945391060378713
            ],
            [
                0.0,
                0.0,
                0.0,
                0.0,
                2.870064308645379,
                33.891597005634196,
                -0.43076205258376776,
                3.489228444137965,
                0.02417627835707941,
                -0.002672566124805461,
                -0.0030042886027072517,
                0.014556850724529788,
                0.0015103527352501648,
                0.0023645040542715386,
                0.007315964042808355,
                -0.059984449261074095,
                -0.031551457957231674,
                0.10750979456577071
            ],
            [
                0.0,
                0.0,
                0.0,
                0.0,
                0.0,
                75.54895666746721,
                -1.3792084006386398,
                3.370683957230204,
                0.007844537123219511,
                0.00839996431651157,
                0.008256129705093537,
                0.015076630687233429,
                -0.00016156663801986207,
                0.003712528854915421,
                0.008770003007988556,
                -0.014108996049247736,
                -0.10194435808670564,
                0.008624439658591934
            ],
            [
                0.0,
                0.0,
                0.0,
                0.0,
                0.0,
                0.0,
                1.8986026642960314,
                -4.970146261759652,
                -0.006661404330067779,
                -0.002468478955448456,
                -0.007469917853051164,
                -0.010969016728441057,
                0.0023378512597587785,
                -0.0018006060888397907,
                -0.0009736559004569065,
                0.0012108399619607292,
                0.08877233337734634,
                0.024010005231368394
            ],
            [
                0.0,
                0.0,
                0.0,
                0.0,
                0.0,
                0.0,
                0.0,
                6.0391085923171,
                0.039096484271154634,
                -0.009945396916235062,
                0.0018330254321452582,
                0.015115356693097734,
                -0.0008425460450120747,
                0.0021548315901533124,
                0.0027001627188936576,
                -0.020201067746014607,
                -0.010366028918552886,
                0.024258035547602082
            ],
            [
                0.0,
                0.0,
                0.0,
                0.0,
                0.0,
                0.0,
                0.0,
                0.0,
                0.028295467339845577,
                0.0022375781203530544,
                -0.003089748349677384,
                -0.003464411735086782,
                -0.000378586982266766,
                0.0017230936503967085,
                -0.0010262810099274783,
                0.01665642791227964,
                -0.00725185839176419,
                0.01923839785961701
            ],
            [
                0.0,
                0.0,
                0.0,
                0.0,
                0.0,
                0.0,
                0.0,
                0.0,
                0.0,
                0.017287504638060728,
                -0.0029253467147343673,
                -0.016993924378483596,
                0.0002930718533390322,
                0.0012289866401510017,
                0.0011676198279435932,
                0.0346766997955988,
                -0.012527049328666063,
                0.03291279212992966
            ],
            [
                0.0,
                0.0,
                0.0,
                0.0,
                0.0,
                0.0,
                0.0,
                0.0,
                0.0,
                0.0,
                0.00643401856935556,
                0.01649590025662217,
                0.0007884728283609849,
                -6.881412526367238e-05,
                0.002540141662451755,
                -0.035330550442358465,
                -0.014751167755073544,
                0.011464083158504439
            ],
            [
                0.0,
                0.0,
                0.0,
                0.0,
                0.0,
                0.0,
                0.0,
                0.0,
                0.0,
                0.0,
                0.0,
                0.009121096659914962,
                -0.0001308397916988225,
                0.0016884250228372411,
                0.0011449388428242057,
                0.0019269889116732672,
                -0.026490659070785388,
                0.0048731738882278166
            ],
            [
                0.0,
                0.0,
                0.0,
                0.0,
                0.0,
                0.0,
                0.0,
                0.0,
                0.0,
                0.0,
                0.0,
                0.0,
                0.0015928651528252635,
                -0.0004864469310268982,
                0.0016209274113362128,
                -0.00024192908764749638,
                0.0031147640183782853,
                0.020953967675889234
            ],
            [
                0.0,
                0.0,
                0.0,
                0.0,
                0.0,
                0.0,
                0.0,
                0.0,
                0.0,
                0.0,
                0.0,
                0.0,
                0.0,
                0.0031536160218761417,
                0.001272653575135325,
                0.00833168529501242,
                -0.006481311508683453,
                -0.0015416792920508783
            ],
            [
                0.0,
                0.0,
                0.0,
                0.0,
                0.0,
                0.0,
                0.0,
                0.0,
                0.0,
                0.0,
                0.0,
                0.0,
                0.0,
                0.0,
                0.002826631744848586,
                0.0051058123691146255,
                -0.007521147122960568,
                0.010929338335528057
            ],
            [
                0.0,
                0.0,
                0.0,
                0.0,
                0.0,
                0.0,
                0.0,
                0.0,
                0.0,
                0.0,
                0.0,
                0.0,
                0.0,
                0.0,
                0.0,
                0.027263789825449386,
                -0.00771061955903356,
                -0.00533213093660541
            ],
            [
                0.0,
                0.0,
                0.0,
                0.0,
                0.0,
                0.0,
                0.0,
                0.0,
                0.0,
                0.0,
                0.0,
                0.0,
                0.0,
                0.0,
                0.0,
                0.0,
                0.033076516728523866,
                -0.030460738483853077
            ],
            [
                0.0,
                0.0,
                0.0,
                0.0,
                0.0,
                0.0,
                0.0,
                0.0,
                0.0,
                0.0,
                0.0,
                0.0,
                0.0,
                0.0,
                0.0,
                0.0,
                0.0,
                0.05526183348212208
            ]
        ],
        [
            [
                0.027278888981105157,
                0.005001540887891393,
                0.3976677623790078,
                -2.095972985920679,
                0.2693851816406551,
                34.69718970379654,
                -0.6527517103177155,
                5.037812053566166,
                0.013022053605630139,
                -0.022355468423615864,
                0.010774601255231482,
                0.04424669486260996,
                -0.0002203341142125053,
                0.0037120288196385376,
                0.008269888560042895,
                -0.0644103330534627,
                -0.07874941427836596,
                0.0011595147795013955
            ],
            [
                0.0,
                0.011660775368423722,
                -0.02796533848410328,
                0.6513961501450677,
                0.6608948446154632,
                14.78863734567949,
                -0.7366140828799981,
                3.0242743396487293,
                0.012432280873008432,
                0.0033402520733715477,
                0.004955761281452895,
                0.010127764608632203,
                0.00022934134763930776,
                0.0010060128217105216,
                0.003888541821630304,
                -0.026773606468144695,
                -0.03848591731052061,
                0.029632453886764294
            ],
            [
                0.0,
                0.0,
                0.29532074133275826,
                0.17117997598766252,
                0.4777943097322589,
                -0.6626411727934682,
                -0.40241399706871883,
                0.8311683747862049,
                0.0107121389237009,
                0.0007513880378913703,
                -0.0003479899853431846,
                0.0007940915083117961,
                -0.0007256176196755442,
                0.0003759595999330556,
                0.00010960774618555004,
                -0.0022199471252284304,
                -0.016556553388681734,
                7.150356221856101e-05
            ],
            [
                0.0,
                0.0,
                0.0,
                0.6254828944574246,
                0.30797970699196303,
                2.90820350972486,
                -0.03670954415158308,
                -0.7589789772794209,
                -0.0010779540902052707,
                0.004432309455788721,
                -0.002615892060415463,
                -0.008163454479957215,
                -0.00013128118601039748,
                -0.00035503340927391314,
                -0.0007989588778665621,
                0.011406195649583794,
                0.007236795643738355,
                0.0018907821207574263
            ],
            [
                0.0,
                0.0,
                0.0,
                0.0,
                0.5740128617290758,
                6.77831940112684,
                -0.08615241051675356,
                0.697845688827593,
                0.004835255671415882,
                -0.0005345132249610922,
                -0.0006008577205414504,
                0.002911370144905958,
                0.00030207054705003297,
                0.00047290081085430775,
                0.001463192808561671,
                -0.01199688985221482,
                -0.0063102915914463355,
                0.021501958913154144
            ],
            [
                0.0,
                0.0,
                0.0,
                0.0,
                0.0,
                15.109791333493442,
                -0.275841680127728,
                0.6741367914460409,
                0.0015689074246439023,
                0.0016799928633023141,
                0.0016512259410187075,
                0.003015326137446686,
                -3.231332760397241e-05,
                0.0007425057709830843,
                0.0017540006015977112,
                -0.0028217992098495473,
                -0.02038887161734113,
                0.001724887931718387
            ],
            [
                0.0,
                0.0,
                0.0,
                0.0,
                0.0,
                0.0,
                0.3797205328592063,
                -0.9940292523519304,
                -0.001332280866013556,
                -0.0004936957910896912,
                -0.0014939835706102328,
                -0.0021938033456882114,
                0.00046757025195175573,
                -0.00036012121776795816,
                -0.00019473118009138133,
                0.00024216799239214584,
                0.01775446667546927,
                0.0048020010462736795
            ],
            [
                0.0,
                0.0,
                0.0,
                0.0,
                0.0,
                0.0,
                0.0,
                1.2078217184634201,
                0.007819296854230927,
                -0.0019890793832470126,
                0.0003666050864290517,
                0.003023071338619547,
                -0.00016850920900241494,
                0.0004309663180306625,
                0.0005400325437787315,
                -0.004040213549202922,
                -0.002073205783710577,
                0.004851607109520417
            ],
            [
                0.0,
                0.0,
                0.0,
                0.0,
                0.0,
                0.0,
                0.0,
                0.0,
                0.005659093467969115,
                0.0004475156240706109,
                -0.0006179496699354769,
                -0.0006928823470173564,
                -7.571739645335321e-05,
                0.0003446187300793417,
                -0.00020525620198549567,
                0.003331285582455928,
                -0.001450371678352838,
                0.0038476795719234024
            ],
            [
                0.0,
                0.0,
                0.0,
                0.0,
                0.0,
                0.0,
                0.0,
                0.0,
                0.0,
                0.0034575009276121456,
                -0.0005850693429468735,
                -0.0033987848756967193,
                5.8614370667806444e-05,
                0.00024579732803020035,
                0.00023352396558871865,
                0.006935339959119761,
                -0.0025054098657332127,
                0.006582558425985933
            ],
            [
                0.0,
                0.0,
                0.0,
                0.0,
                0.0,
                0.0,
                0.0,
                0.0,
                0.0,
                0.0,
                0.001286803713871112,
                0.003299180051324434,
                0.000157694565672197,
                -1.3762825052734477e-05,
                0.000508028332490351,
                -0.007066110088471693,
                -0.002950233551014709,
                0.002292816631700888
            ],
            [
                0.0,
                0.0,
                0.0,
                0.0,
                0.0,
                0.0,
                0.0,
                0.0,
                0.0,
                0.0,
                0.0,
                0.0018242193319829925,
                -2.61679583397645e-05,
                0.00033768500456744826,
                0.00022898776856484116,
                0.00038539778233465344,
                -0.005298131814157078,
                0.0009746347776455633
            ],
            [
                0.0,
                0.0,
                0.0,
                0.0,
                0.0,
                0.0,
                0.0,
                0.0,
                0.0,
                0.0,
                0.0,
                0.0,
                0.0003185730305650527,
                -9.728938620537964e-05,
                0.0003241854822672426,
                -4.8385817529499276e-05,
                0.0006229528036756571,
                0.004190793535177847
            ],
            [
                0.0,
                0.0,
                0.0,
                0.0,
                0.0,
                0.0,
                0.0,
                0.0,
                0.0,
                0.0,
                0.0,
                0.0,
                0.0,
                0.0006307232043752284,
                0.00025453071502706505,
                0.0016663370590024838,
                -0.0012962623017366906,
                -0.0003083358584101757
            ],
            [
                0.0,
                0.0,
                0.0,
                0.0,
                0.0,
                0.0,
                0.0,
                0.0,
                0.0,
                0.0,
                0.0,
                0.0,
                0.0,
                0.0,
                0.0005653263489697173,
                0.001021162473822925,
                -0.0015042294245921136,
                0.0021858676671056114
            ],
            [
                0.0,
                0.0,
                0.0,
                0.0,
                0.0,
                0.0,
                0.0,
                0.0,
                0.0,
                0.0,
                0.0,
                0.0,
                0.0,
                0.0,
                0.0,
                0.005452757965089878,
                -0.001542123911806712,
                -0.001066426187321082
            ],
            [
                0.0,
                0.0,
                0.0,
                0.0,
                0.0,
                0.0,
                0.0,
                0.0,
                0.0,
                0.0,
                0.0,
                0.0,
                0.0,
                0.0,
                0.0,
                0.0,
                0.006615303345704773,
                -0.006092147696770616
            ],
            [
                0.0,
                0.0,
                0.0,
                0.0,
                0.0,
                0.0,
                0.0,
                0.0,
                0.0,
                0.0,
                0.0,
                0.0,
                0.0,
                0.0,
                0.0,
                0.0,
                0.0,
                0.011052366696424417
            ]
        ]
    ],
    "allnames": [
        "m1_flow_nominal",
        "m2_flow_nominal",
        "tau1",
        "tau2",
        "tau_m",
        "nominalUa.hasValue",
        "workingPressure.hasValue",
        "flowCoefficient.hasValue",
        "waterFlowRateMax",
        "c1",
        "c2",
        "c3",
        "c4",
        "eps_motor",
        "f_motorToAir",
        "kp",
        "Ti",
        "Td"
    ],
    "alpha_count": 1074,
    "cov": [
        [
            0.058135764378395335,
            0.010659099891816202,
            0.8474949016641764,
            -4.466860499244193,
            0.5741037861820529,
            73.9453738973602,
            -1.3911204248424587,
            10.736399665383189,
            0.02775212145421755,
            -0.04764315166003273,
            0.022962433707588735,
            0.09429692788577912,
            -0.0004695679562775839,
            0.00791093922387363,
            0.017624482180900135,
            -0.1372689316094857,
            -0.16782785386145327,
            0.002471115229841343
        ],
        [
            0.010659099891816202,
            0.012577272925475532,
            0.12991047212264237,
            -0.22557112549222166,
            0.7073349473264064,
            27.030186804024467,
            -0.9261137283184534,
            4.723609898324617,
            0.0164140912601699,
            -0.005692332834936129,
            0.00872481467275938,
            0.026515565749603877,
            0.0001228349887720598,
            0.002366933863294833,
            0.006773874880008748,
            -0.04955874415603187,
            -0.06583156656378565,
            0.027448183513165893
        ],
        [
            0.8474949016641764,
            0.12991047212264237,
            19.229378879170888,
            -62.590969041716576,
            17.94892375966686,
            1030.3666295993096,
            -27.95467576626814,
            169.08295716131192,
            0.6245542800307928,
            -0.6844968681585392,
            0.3158869819971705,
            1.370841364549516,
            -0.02408775905909957,
            0.12180073228726258,
            0.2509604008909265,
            -1.9938106627247891,
            -2.7444785375731433,
            -0.027067458612962378
        ],
        [
            -4.466860499244193,
            -0.22557112549222166,
            -62.590969041716576,
            409.21493262273714,
            10.961339916998401,
            -4795.742986310058,
            62.22468463463391,
            -696.9973668510956,
            -1.4090680344617246,
            4.057284498314945,
            -1.6445995312599742,
            -7.118192097206055,
            0.03163133431731467,
            -0.5689617046121446,
            -1.1938636176762993,
            9.71222372573609,
            11.068703756873907,
            1.4114880139314157
        ],
        [
            0.5741037861820529,
            0.7073349473264064,
            17.94892375966686,
            10.961339916998401,
            90.77969058505079,
            1843.011479032996,
            -71.5387181414035,
            306.23351817609296,
            1.5067256714659707,
            -0.1872987278472949,
            0.37976137761821505,
            1.41790541746996,
            -0.009493731471407144,
            0.15676356759753027,
            0.42530476582126336,
            -3.0843670423366674,
            -4.371335854766809,
            2.5668109057632593
        ],
        [
            73.9453738973602,
            27.030186804024467,
            1030.3666295993096,
            -4795.742986310058,
            1843.011479032996,
            133261.47788332295,
            -2979.2304674570064,
            18100.083786400948,
            53.27599331758014,
            -54.07193396460808,
            35.98728593658792,
            134.84685657119599,
            -0.20273545497387588,
            12.251364938569354,
            29.568166615099436,
            -212.50903775242242,
            -282.84103745622883,
            51.22787175337646
        ],
        [
            -1.3911204248424587,
            -0.9261137283184534,
            -27.95467576626814,
            62.22468463463391,
            -71.5387181414035,
            -2979.2304674570064,
            106.22408371069514,
            -503.6175742024195,
            -1.8190888879978533,
            0.8642334005797461,
            -0.8920755107013911,
            -2.9904564836494547,
            0.0337609878616846,
            -0.2878621615935624,
            -0.7000894009611123,
            5.0112718096453985,
            7.73902311554456,
            -1.8115285205466458
        ],
        [
            10.736399665383189,
            4.723609898324617,
            169.08295716131192,
            -696.9973668510956,
            306.23351817609296,
            18100.083786400948,
            -503.6175742024195,
            3061.0196875649103,
            10.009655116846027,
            -8.313474792927748,
            5.748896070951955,
            21.116253962836392,
            -0.10931047073815363,
            1.877654271111342,
            4.4663287233637226,
            -33.699604068272315,
            -44.58371878397369,
            8.698192322941459
        ],
        [
            0.02775212145421755,
            0.0164140912601699,
            0.6245542800307928,
            -1.4090680344617246,
            1.5067256714659707,
            53.27599331758014,
            -1.8190888879978533,
            10.009655116846027,
            0.04381486527729209,
            -0.020205288443509384,
            0.015785643009050613,
            0.05944126947968841,
            -0.0006725411561200825,
            0.005820835808429779,
            0.013376333898883251,
            -0.10024882206750728,
            -0.14059974399408035,
            0.04236036029347892
        ],
        [
            -0.04764315166003273,
            -0.005692332834936129,
            -0.6844968681585392,
            4.057284498314945,
            -0.1872987278472949,
            -54.07193396460808,
            0.8642334005797461,
            -8.313474792927748,
            -0.020205288443509384,
            0.043015393678276434,
            -0.01838824404858515,
            -0.0784683174317645,
            0.0003610937025264107,
            -0.006218411680975135,
            -0.013550411000570441,
            0.1120655240567647,
            0.1255257359978851,
            0.006668553524090342
        ],
        [
            0.022962433707588735,
            0.00872481467275938,
            0.3158869819971705,
            -1.6445995312599742,
            0.37976137761821505,
            35.98728593658792,
            -0.8920755107013911,
            5.748896070951955,
            0.015785643009050613,
            -0.01838824404858515,
            0.01214449886137232,
            0.0439286867951797,
            -0.00011103787397608522,
            0.003675196985853971,
            0.008873219682919816,
            -0.0679880465052772,
            -0.08679562267253002,
            0.010595958354617628
        ],
        [
            0.09429692788577912,
            0.026515565749603877,
            1.370841364549516,
            -7.118192097206055,
            1.41790541746996,
            134.84685657119599,
            -2.9904564836494547,
            21.116253962836392,
            0.05944126947968841,
            -0.0784683174317645,
            0.0439286867951797,
            0.17073268622162102,
            -0.000574862207102761,
            0.01428402260731577,
            0.03319981523313189,
            -0.25942565064626477,
            -0.31885533243845277,
            0.030646384651300214
        ],
        [
            -0.0004695679562775839,
            0.0001228349887720598,
            -0.02408775905909957,
            0.03163133431731467,
            -0.009493731471407144,
            -0.20273545497387588,
            0.0337609878616846,
            -0.10931047073815363,
            -0.0006725411561200825,
            0.0003610937025264107,
            -0.00011103787397608522,
            -0.000574862207102761,
            8.75326717527806e-05,
            -7.728079201822365e-05,
            -3.8679223232165405e-05,
            0.00034693114001546816,
            0.0020958408299594474,
            0.001240085345737066
        ],
        [
            0.00791093922387363,
            0.002366933863294833,
            0.12180073228726258,
            -0.5689617046121446,
            0.15676356759753027,
            12.251364938569354,
            -0.2878621615935624,
            1.877654271111342,
            0.005820835808429779,
            -0.006218411680975135,
            0.003675196985853971,
            0.01428402260731577,
            -7.728079201822365e-05,
            0.001316379633736403,
            0.0029232822631033444,
            -0.021591635379101425,
            -0.028826866696439194,
            0.003743774188762845
        ],
        [
            0.017624482180900135,
            0.006773874880008748,
            0.2509604008909265,
            -1.1938636176762993,
            0.42530476582126336,
            29.568166615099436,
            -0.7000894009611123,
            4.4663287233637226,
            0.013376333898883251,
            -0.013550411000570441,
            0.008873219682919816,
            0.03319981523313189,
            -3.8679223232165405e-05,
            0.0029232822631033444,
            0.007078581082443834,
            -0.052534778764655454,
            -0.06734762289118257,
            0.012823158538938477
        ],
        [
            -0.1372689316094857,
            -0.04955874415603187,
            -1.9938106627247891,
            9.71222372573609,
            -3.0843670423366674,
            -212.50903775242242,
            5.0112718096453985,
            -33.699604068272315,
            -0.10024882206750728,
            0.1120655240567647,
            -0.0679880465052772,
            -0.25942565064626477,
            0.00034693114001546816,
            -0.021591635379101425,
            -0.052534778764655454,
            0.41497231010858276,
            0.49627788992960037,
            -0.08512204143713403
        ],
        [
            -0.16782785386145327,
            -0.06583156656378565,
            -2.7444785375731433,
            11.068703756873907,
            -4.371335854766809,
            -282.84103745622883,
            7.73902311554456,
            -44.58371878397369,
            -0.14059974399408035,
            0.1255257359978851,
            -0.08679562267253002,
