{
    "R": [
        [
            0.013889586455124784,
            -7.227694333624095e-05,
            -0.00014935794053739165,
            -0.0007098920517211815,
            -6.9335707397474e-05,
            0.018735514420364176,
            0.024968631787052532,
            -0.015928585359027168,
            -2.767853866314609e-05,
            -3.2416854728113644e-06,
            2.8822849171906567e-06,
            1.880628004834794e-06,
            -1.8338267805342456e-06,
            -9.616342982461072e-06,
            2.865374658602273e-06,
            -4.328780352798539e-06,
            -6.508979201563886e-07,
            6.585916902033392e-05
        ],
        [
            0.0,
            0.01591288077114514,
            0.0007051705781536816,
            -5.2142532500923976e-06,
            -6.051329266044593e-06,
            0.06962526278498254,
            -0.005631568603356482,
            0.006124549063122485,
            4.638440426377858e-05,
            1.1312888774295362e-06,
            1.207736035864907e-06,
            -3.918163571641044e-06,
            3.896903545488438e-06,
            1.5044922642397808e-05,
            -2.451851603877175e-06,
            5.143578639741931e-07,
            1.3094550727946342e-05,
            1.3981718568667354e-05
        ],
        [
            0.0,
            0.0,
            0.40043524167678207,
            -0.0004831929092643138,
            -0.00018482222343873704,
            0.015997944940397274,
            -0.030296759889467798,
            0.03648755595213011,
            8.804769017334922e-06,
            -4.484776298161982e-06,
            4.004569808806997e-06,
            5.814074710852436e-06,
            -1.8666746900796566e-06,
            3.0179202966959548e-05,
            -9.40415325851859e-06,
            6.091110798412287e-05,
            -3.869920109170125e-06,
            1.7808211499626697e-05
        ],
        [
            0.0,
            0.0,
            0.0,
            0.4634774725196831,
            0.00013367104898451084,
            -0.07307065744347606,
            -0.022647870475831996,
            0.024035805256347596,
            -3.292800536335677e-07,
            4.174606964802244e-06,
            -4.677597436198103e-06,
            -5.711901482636003e-07,
            -1.3850640708052504e-07,
            -1.2658935696840995e-07,
            -2.129217396308284e-06,
            -6.394136040358586e-06,
            -6.7190601266019255e-06,
            -9.488788815721017e-05
        ],
        [
            0.0,
            0.0,
            0.0,
            0.0,
            0.11813730868972354,
            -0.024564811157740916,
            0.006473934597541204,
            0.010600284261181698,
            -3.522342148913488e-06,
            3.6985295880289406e-06,
            -2.67877974298415e-06,
            -3.0995763180460644e-06,
            9.9942462313273e-07,
            -8.886479190168303e-06,
            1.1336967094983659e-06,
            -3.257995777341193e-05,
            1.7253986898807246e-06,
            -3.6893401838649616e-05
        ],
        [
            0.0,
            0.0,
            0.0,
            0.0,
            0.0,
            27.9857164793577,
            0.04592520112442096,
            -0.042011056795753614,
            1.3379476742578646e-05,
            -3.4827856460237632e-06,
            5.738325158147e-06,
            -3.475087487156228e-06,
            2.5981215142275745e-06,
            -6.56911609046432e-06,
            5.645573058660203e-06,
            -2.0706384295762118e-05,
            1.7498064489380542e-05,
            0.00013774824462572447
        ],
        [
            0.0,
            0.0,
            0.0,
            0.0,
            0.0,
            0.0,
            18.196831687068144,
            -0.03588835939156503,
            -4.22334311609493e-06,
            2.2128806992730013e-08,
            2.00374574172522e-06,
            -4.9308327978368615e-06,
            2.158961913127979e-06,
            -2.0223374105914446e-05,
            7.670479945038501e-06,
            -4.9012506786485475e-05,
            1.3014239145167828e-05,
            8.338008765310197e-05
        ],
        [
            0.0,
            0.0,
            0.0,
            0.0,
            0.0,
            0.0,
            0.0,
            14.530564426186704,
            -1.0264805193526506e-05,
            2.27720032009073e-06,
            -1.0683846852404032e-06,
            3.993876565364167e-06,
            -2.3271570218388974e-06,
            3.0122830965851264e-05,
            -1.5676890374611778e-05,
            2.5511957726631555e-05,
            -8.761716136015023e-06,
            -9.695789459206994e-05
        ],
        [
            0.0,
            0.0,
            0.0,
            0.0,
            0.0,
            0.0,
            0.0,
            0.0,
            0.01665080062002432,
            9.366109280644198e-09,
            1.6701122437261496e-07,
            -9.75503573183845e-07,
            1.2644606434272233e-06,
            4.3148900944724375e-06,
            1.7114273779314663e-07,
            6.075883844770665e-06,
            3.2055456074325454e-06,
            3.4326554864671656e-06
        ],
        [
            0.0,
            0.0,
            0.0,
            0.0,
            0.0,
            0.0,
            0.0,
            0.0,
            0.0,
            0.00272450025655333,
            -3.5754081736652377e-06,
            -3.2041747029197894e-06,
            1.1335723800887936e-06,
            -7.951186002553956e-06,
            8.223143352554453e-07,
            -3.0664874664831004e-05,
            5.714947991671544e-07,
            -5.52095830411576e-05
        ],
        [
            0.0,
            0.0,
            0.0,
            0.0,
            0.0,
            0.0,
            0.0,
            0.0,
            0.0,
            0.0,
            0.0022058163566951905,
            1.3337077675217532e-06,
            -1.1395520272548076e-07,
            6.957902332639336e-06,
            -6.656119680668497e-07,
            1.3753508475798854e-05,
            6.526293853166695e-06,
            9.135556821582584e-05
        ],
        [
            0.0,
            0.0,
            0.0,
            0.0,
            0.0,
            0.0,
            0.0,
            0.0,
            0.0,
            0.0,
            0.0,
            0.002128230026282304,
            -3.81537010723881e-06,
            2.316553036042539e-05,
            -7.873312044934865e-06,
            6.952091900426915e-05,
            -1.4440383616896549e-05,
            -2.7158083760109786e-05
        ],
        [
            0.0,
            0.0,
            0.0,
            0.0,
            0.0,
            0.0,
            0.0,
            0.0,
            0.0,
            0.0,
            0.0,
            0.0,
            0.0024064698575544615,
            -7.220340640839498e-06,
            3.0873668882142642e-06,
            -2.4246218249240344e-05,
            7.099698260574501e-06,
            1.8389698576999564e-05
        ],
        [
            0.0,
            0.0,
            0.0,
            0.0,
            0.0,
            0.0,
            0.0,
            0.0,
            0.0,
            0.0,
            0.0,
            0.0,
            0.0,
            0.004619339067058939,
            -2.0136982857232946e-05,
            0.0001100757045863097,
            -1.3752751159193236e-05,
            -5.491401553942752e-05
        ],
        [
            0.0,
            0.0,
            0.0,
            0.0,
            0.0,
            0.0,
            0.0,
            0.0,
            0.0,
            0.0,
            0.0,
            0.0,
            0.0,
            0.0,
            0.002260900912068819,
            -6.439947212731874e-05,
            1.2398444243548774e-05,
            8.081383846626244e-05
        ],
        [
            0.0,
            0.0,
            0.0,
            0.0,
            0.0,
            0.0,
            0.0,
            0.0,
            0.0,
            0.0,
            0.0,
            0.0,
            0.0,
            0.0,
            0.0,
            0.037733726939646335,
            -6.371461880101213e-06,
            -1.1786102592078908e-05
        ],
        [
            0.0,
            0.0,
            0.0,
            0.0,
            0.0,
            0.0,
            0.0,
            0.0,
            0.0,
            0.0,
            0.0,
            0.0,
            0.0,
            0.0,
            0.0,
            0.0,
            0.005195936448186458,
            8.752940787055448e-05
        ],
        [
            0.0,
            0.0,
            0.0,
            0.0,
            0.0,
            0.0,
            0.0,
            0.0,
            0.0,
            0.0,
            0.0,
            0.0,
            0.0,
            0.0,
            0.0,
            0.0,
            0.0,
            0.048850824987700346
        ]
    ],
    "RDR": [
        [
            [
                0.013889586455124784,
                -7.227694333624095e-05,
                -0.00014935794053739165,
                -0.0007098920517211815,
                -6.9335707397474e-05,
                0.018735514420364176,
                0.024968631787052532,
                -0.015928585359027168,
                -2.767853866314609e-05,
                -3.2416854728113644e-06,
                2.8822849171906567e-06,
                1.880628004834794e-06,
                -1.8338267805342456e-06,
                -9.616342982461072e-06,
                2.865374658602273e-06,
                -4.328780352798539e-06,
                -6.508979201563886e-07,
                6.585916902033392e-05
            ],
            [
                0.0,
                0.01591288077114514,
                0.0007051705781536816,
                -5.2142532500923976e-06,
                -6.051329266044593e-06,
                0.06962526278498254,
                -0.005631568603356482,
                0.006124549063122485,
                4.638440426377858e-05,
                1.1312888774295362e-06,
                1.207736035864907e-06,
                -3.918163571641044e-06,
                3.896903545488438e-06,
                1.5044922642397808e-05,
                -2.451851603877175e-06,
                5.143578639741931e-07,
                1.3094550727946342e-05,
                1.3981718568667354e-05
            ],
            [
                0.0,
                0.0,
                0.40043524167678207,
                -0.0004831929092643138,
                -0.00018482222343873704,
                0.015997944940397274,
                -0.030296759889467798,
                0.03648755595213011,
                8.804769017334922e-06,
                -4.484776298161982e-06,
                4.004569808806997e-06,
                5.814074710852436e-06,
                -1.8666746900796566e-06,
                3.0179202966959548e-05,
                -9.40415325851859e-06,
                6.091110798412287e-05,
                -3.869920109170125e-06,
                1.7808211499626697e-05
            ],
            [
                0.0,
                0.0,
                0.0,
                0.4634774725196831,
                0.00013367104898451084,
                -0.07307065744347606,
                -0.022647870475831996,
                0.024035805256347596,
                -3.292800536335677e-07,
                4.174606964802244e-06,
                -4.677597436198103e-06,
                -5.711901482636003e-07,
                -1.3850640708052504e-07,
                -1.2658935696840995e-07,
                -2.129217396308284e-06,
                -6.394136040358586e-06,
                -6.7190601266019255e-06,
                -9.488788815721017e-05
            ],
            [
                0.0,
                0.0,
                0.0,
                0.0,
                0.11813730868972354,
                -0.024564811157740916,
                0.006473934597541204,
                0.010600284261181698,
                -3.522342148913488e-06,
                3.6985295880289406e-06,
                -2.67877974298415e-06,
                -3.0995763180460644e-06,
                9.9942462313273e-07,
                -8.886479190168303e-06,
                1.1336967094983659e-06,
                -3.257995777341193e-05,
                1.7253986898807246e-06,
                -3.6893401838649616e-05
            ],
            [
                0.0,
                0.0,
                0.0,
                0.0,
                0.0,
                27.9857164793577,
                0.04592520112442096,
                -0.042011056795753614,
                1.3379476742578646e-05,
                -3.4827856460237632e-06,
                5.738325158147e-06,
                -3.475087487156228e-06,
                2.5981215142275745e-06,
                -6.56911609046432e-06,
                5.645573058660203e-06,
                -2.0706384295762118e-05,
                1.7498064489380542e-05,
                0.00013774824462572447
            ],
            [
                0.0,
                0.0,
                0.0,
                0.0,
                0.0,
                0.0,
                18.196831687068144,
                -0.03588835939156503,
                -4.22334311609493e-06,
                2.2128806992730013e-08,
                2.00374574172522e-06,
                -4.9308327978368615e-06,
                2.158961913127979e-06,
                -2.0223374105914446e-05,
                7.670479945038501e-06,
                -4.9012506786485475e-05,
                1.3014239145167828e-05,
                8.338008765310197e-05
            ],
            [
                0.0,
                0.0,
                0.0,
                0.0,
                0.0,
                0.0,
                0.0,
                14.530564426186704,
                -1.0264805193526506e-05,
                2.27720032009073e-06,
                -1.0683846852404032e-06,
                3.993876565364167e-06,
                -2.3271570218388974e-06,
                3.0122830965851264e-05,
                -1.5676890374611778e-05,
                2.5511957726631555e-05,
                -8.761716136015023e-06,
                -9.695789459206994e-05
            ],
            [
                0.0,
                0.0,
                0.0,
                0.0,
                0.0,
                0.0,
                0.0,
                0.0,
                0.01665080062002432,
                9.366109280644198e-09,
                1.6701122437261496e-07,
                -9.75503573183845e-07,
                1.2644606434272233e-06,
                4.3148900944724375e-06,
                1.7114273779314663e-07,
                6.075883844770665e-06,
                3.2055456074325454e-06,
                3.4326554864671656e-06
            ],
            [
                0.0,
                0.0,
                0.0,
                0.0,
                0.0,
                0.0,
                0.0,
                0.0,
                0.0,
                0.00272450025655333,
                -3.5754081736652377e-06,
                -3.2041747029197894e-06,
                1.1335723800887936e-06,
                -7.951186002553956e-06,
                8.223143352554453e-07,
                -3.0664874664831004e-05,
                5.714947991671544e-07,
                -5.52095830411576e-05
            ],
            [
                0.0,
                0.0,
                0.0,
                0.0,
                0.0,
                0.0,
                0.0,
                0.0,
                0.0,
                0.0,
                0.0022058163566951905,
                1.3337077675217532e-06,
                -1.1395520272548076e-07,
                6.957902332639336e-06,
                -6.656119680668497e-07,
                1.3753508475798854e-05,
                6.526293853166695e-06,
                9.135556821582584e-05
            ],
            [
                0.0,
                0.0,
                0.0,
                0.0,
                0.0,
                0.0,
                0.0,
                0.0,
                0.0,
                0.0,
                0.0,
                0.002128230026282304,
                -3.81537010723881e-06,
                2.316553036042539e-05,
                -7.873312044934865e-06,
                6.952091900426915e-05,
                -1.4440383616896549e-05,
                -2.7158083760109786e-05
            ],
            [
                0.0,
                0.0,
                0.0,
                0.0,
                0.0,
                0.0,
                0.0,
                0.0,
                0.0,
                0.0,
                0.0,
                0.0,
                0.0024064698575544615,
                -7.220340640839498e-06,
                3.0873668882142642e-06,
                -2.4246218249240344e-05,
                7.099698260574501e-06,
                1.8389698576999564e-05
            ],
            [
                0.0,
                0.0,
                0.0,
                0.0,
                0.0,
                0.0,
                0.0,
                0.0,
                0.0,
                0.0,
                0.0,
                0.0,
                0.0,
                0.004619339067058939,
                -2.0136982857232946e-05,
                0.0001100757045863097,
                -1.3752751159193236e-05,
                -5.491401553942752e-05
            ],
            [
                0.0,
                0.0,
                0.0,
                0.0,
                0.0,
                0.0,
                0.0,
                0.0,
                0.0,
                0.0,
                0.0,
                0.0,
                0.0,
                0.0,
                0.002260900912068819,
                -6.439947212731874e-05,
                1.2398444243548774e-05,
                8.081383846626244e-05
            ],
            [
                0.0,
                0.0,
                0.0,
                0.0,
                0.0,
                0.0,
                0.0,
                0.0,
                0.0,
                0.0,
                0.0,
                0.0,
                0.0,
                0.0,
                0.0,
                0.037733726939646335,
                -6.371461880101213e-06,
                -1.1786102592078908e-05
            ],
            [
                0.0,
                0.0,
                0.0,
                0.0,
                0.0,
                0.0,
                0.0,
                0.0,
                0.0,
                0.0,
                0.0,
                0.0,
                0.0,
                0.0,
                0.0,
                0.0,
                0.005195936448186458,
                8.752940787055448e-05
            ],
            [
                0.0,
                0.0,
                0.0,
                0.0,
                0.0,
                0.0,
                0.0,
                0.0,
                0.0,
                0.0,
                0.0,
                0.0,
                0.0,
                0.0,
                0.0,
                0.0,
                0.0,
                0.048850824987700346
            ]
        ],
        [
            [
                0.002777917291024957,
                -1.445538866724819e-05,
                -2.987158810747833e-05,
                -0.0001419784103442363,
                -1.3867141479494801e-05,
                0.0037471028840728353,
                0.004993726357410507,
                -0.003185717071805434,
                -5.535707732629218e-06,
                -6.48337094562273e-07,
                5.764569834381314e-07,
                3.7612560096695883e-07,
                -3.667653561068491e-07,
                -1.9232685964922145e-06,
                5.730749317204546e-07,
                -8.657560705597079e-07,
                -1.3017958403127772e-07,
                1.3171833804066786e-05
            ],
            [
                0.0,
                0.0031825761542290283,
                0.00014103411563073633,
                -1.0428506500184796e-06,
                -1.2102658532089188e-06,
                0.01392505255699651,
                -0.0011263137206712964,
                0.001224909812624497,
                9.276880852755717e-06,
                2.2625777548590724e-07,
                2.415472071729814e-07,
                -7.836327143282088e-07,
                7.793807090976876e-07,
                3.0089845284795618e-06,
                -4.903703207754351e-07,
                1.0287157279483862e-07,
                2.6189101455892684e-06,
                2.796343713733471e-06
            ],
            [
                0.0,
                0.0,
                0.08008704833535642,
                -9.663858185286277e-05,
                -3.696444468774741e-05,
                0.003199588988079455,
                -0.00605935197789356,
                0.007297511190426022,
                1.7609538034669845e-06,
                -8.969552596323966e-07,
                8.009139617613996e-07,
                1.1628149421704873e-06,
                -3.7333493801593135e-07,
                6.0358405933919095e-06,
                -1.880830651703718e-06,
                1.2182221596824576e-05,
                -7.73984021834025e-07,
                3.5616422999253396e-06
            ],
            [
                0.0,
                0.0,
                0.0,
                0.09269549450393662,
                2.673420979690217e-05,
                -0.014614131488695212,
                -0.0045295740951664,
                0.00480716105126952,
                -6.585601072671355e-08,
                8.349213929604488e-07,
                -9.355194872396206e-07,
                -1.1423802965272007e-07,
                -2.770128141610501e-08,
                -2.5317871393681992e-08,
                -4.258434792616568e-07,
                -1.2788272080717174e-06,
                -1.3438120253203852e-06,
                -1.8977577631442035e-05
            ],
            [
                0.0,
                0.0,
                0.0,
                0.0,
                0.023627461737944708,
                -0.004912962231548183,
                0.0012947869195082408,
                0.0021200568522363396,
                -7.044684297826976e-07,
                7.397059176057882e-07,
                -5.3575594859683e-07,
                -6.19915263609213e-07,
                1.9988492462654602e-07,
                -1.7772958380336607e-06,
                2.2673934189967318e-07,
                -6.515991554682387e-06,
                3.450797379761449e-07,
                -7.378680367729924e-06
            ],
            [
                0.0,
                0.0,
                0.0,
                0.0,
                0.0,
                5.59714329587154,
                0.009185040224884191,
                -0.008402211359150723,
                2.6758953485157293e-06,
                -6.965571292047527e-07,
                1.1476650316294e-06,
                -6.950174974312456e-07,
                5.196243028455149e-07,
                -1.313823218092864e-06,
                1.1291146117320407e-06,
                -4.141276859152424e-06,
                3.4996128978761086e-06,
                2.7549648925144895e-05
            ],
            [
                0.0,
                0.0,
                0.0,
                0.0,
                0.0,
                0.0,
                3.639366337413629,
                -0.007177671878313007,
                -8.446686232189861e-07,
                4.425761398546003e-09,
                4.00749148345044e-07,
                -9.861665595673724e-07,
                4.317923826255958e-07,
                -4.044674821182889e-06,
                1.5340959890077004e-06,
                -9.802501357297095e-06,
                2.602847829033566e-06,
                1.6676017530620396e-05
            ],
            [
                0.0,
                0.0,
                0.0,
                0.0,
                0.0,
                0.0,
                0.0,
                2.906112885237341,
                -2.052961038705301e-06,
                4.5544006401814596e-07,
                -2.1367693704808066e-07,
                7.987753130728334e-07,
                -4.654314043677795e-07,
                6.024566193170253e-06,
                -3.1353780749223557e-06,
                5.102391545326312e-06,
                -1.7523432272030045e-06,
                -1.9391578918413988e-05
            ],
            [
                0.0,
                0.0,
                0.0,
                0.0,
                0.0,
                0.0,
                0.0,
                0.0,
                0.003330160124004864,
                1.8732218561288397e-09,
                3.340224487452299e-08,
                -1.9510071463676902e-07,
                2.5289212868544466e-07,
                8.629780188944876e-07,
                3.4228547558629326e-08,
                1.215176768954133e-06,
                6.411091214865091e-07,
                6.865310972934331e-07
            ],
            [
                0.0,
                0.0,
                0.0,
                0.0,
                0.0,
                0.0,
                0.0,
                0.0,
                0.0,
                0.0005449000513106661,
                -7.150816347330475e-07,
                -6.408349405839579e-07,
                2.2671447601775874e-07,
                -1.5902372005107912e-06,
                1.6446286705108906e-07,
                -6.132974932966201e-06,
                1.1429895983343088e-07,
                -1.104191660823152e-05
            ],
            [
                0.0,
                0.0,
                0.0,
                0.0,
                0.0,
                0.0,
                0.0,
                0.0,
                0.0,
                0.0,
                0.0004411632713390381,
                2.6674155350435067e-07,
                -2.2791040545096153e-08,
                1.3915804665278671e-06,
                -1.3312239361336995e-07,
                2.750701695159771e-06,
                1.3052587706333392e-06,
                1.827111364316517e-05
            ],
            [
                0.0,
                0.0,
                0.0,
                0.0,
                0.0,
                0.0,
                0.0,
                0.0,
                0.0,
                0.0,
                0.0,
                0.00042564600525646086,
                -7.63074021447762e-07,
                4.633106072085078e-06,
                -1.5746624089869731e-06,
                1.390418380085383e-05,
                -2.8880767233793097e-06,
                -5.431616752021957e-06
            ],
            [
                0.0,
                0.0,
                0.0,
                0.0,
                0.0,
                0.0,
                0.0,
                0.0,
                0.0,
                0.0,
                0.0,
                0.0,
                0.00048129397151089234,
                -1.4440681281678996e-06,
                6.174733776428529e-07,
                -4.849243649848069e-06,
                1.4199396521149002e-06,
                3.677939715399913e-06
            ],
            [
                0.0,
                0.0,
                0.0,
                0.0,
                0.0,
                0.0,
                0.0,
                0.0,
                0.0,
                0.0,
                0.0,
                0.0,
                0.0,
                0.0009238678134117879,
                -4.02739657144659e-06,
                2.201514091726194e-05,
                -2.7505502318386473e-06,
                -1.0982803107885505e-05
            ],
            [
                0.0,
                0.0,
                0.0,
                0.0,
                0.0,
                0.0,
                0.0,
                0.0,
                0.0,
                0.0,
                0.0,
                0.0,
                0.0,
                0.0,
                0.00045218018241376383,
                -1.287989442546375e-05,
                2.479688848709755e-06,
                1.616276769325249e-05
            ],
            [
                0.0,
                0.0,
                0.0,
                0.0,
                0.0,
                0.0,
                0.0,
                0.0,
                0.0,
                0.0,
                0.0,
                0.0,
                0.0,
                0.0,
                0.0,
                0.007546745387929267,
                -1.2742923760202427e-06,
                -2.3572205184157815e-06
            ],
            [
                0.0,
                0.0,
                0.0,
                0.0,
                0.0,
                0.0,
                0.0,
                0.0,
                0.0,
                0.0,
                0.0,
                0.0,
                0.0,
                0.0,
                0.0,
                0.0,
                0.0010391872896372918,
                1.7505881574110898e-05
            ],
            [
                0.0,
                0.0,
                0.0,
                0.0,
                0.0,
                0.0,
                0.0,
                0.0,
                0.0,
                0.0,
                0.0,
                0.0,
                0.0,
                0.0,
                0.0,
                0.0,
                0.0,
                0.00977016499754007
            ]
        ]
    ],
    "allnames": [
        "m1_flow_nominal",
        "m2_flow_nominal",
        "tau1",
        "tau2",
        "tau_m",
        "nominalUa.hasValue",
        "workingPressure.hasValue",
        "flowCoefficient.hasValue",
        "waterFlowRateMax",
        "c1",
        "c2",
        "c3",
        "c4",
        "eps_motor",
        "f_motorToAir",
        "kp",
        "Ti",
        "Td"
    ],
    "alpha_count": 1200,
    "cov": [
        [
            0.00783739674084716,
            -0.013569934809871636,
            -0.7744155325286182,
            -0.3287068581493191,
            -0.15958434343682573,
            10.8758829881706,
            -1.9819838349639611,
            -3.3358783426642082,
            -0.0074939372866782775,
            0.0020666282493012876,
            -0.00347853686294967,
            -0.0027439937626711833,
            -0.005095641753103495,
            -0.001124773105383359,
            -0.0002356113791660967,
            0.007386294826930129,
            -0.0027764851016346286,
            0.028791508013704226
        ],
        [
            -0.013569934809871636,
            0.21483891260070864,
            5.0249790825036325,
            0.47005343184906295,
            1.233738330110745,
            24.687005802500586,
            -4.2151338829970335,
            46.950833999169284,
            0.06421331834014063,
            -0.03859235751213649,
            0.014356848932091562,
            0.025699552224163136,
            0.030690626452998575,
            0.011874052095087783,
            0.0018368564304701376,
            -0.22447291760441482,
            -0.0014265783944374729,
            -0.3769801186814521
        ],
        [
            -0.7744155325286182,
            5.0249790825036325,
            182.52701893541072,
            54.84265581518296,
            37.42253069456797,
            -408.0070773964352,
            99.49717052804219,
            967.9041190407186,
            1.668749745038622,
            -1.100440180572861,
            0.6700359260711848,
            0.8122378555005323,
            1.1052386424023806,
            0.3761397427648575,
            0.09046530335027635,
            -5.3800359610058734,
            0.27273467848085275,
            -10.652309870923377
        ],
        [
            -0.3287068581493191,
            0.47005343184906295,
            54.84265581518296,
            37.24080075009765,
            8.399452352091169,
            -749.4292895427051,
            26.144730406273514,
            -19.16906286907609,
            0.3177298995949091,
            -0.2208174529719569,
            0.26449031826888453,
            0.19716869211054724,
            0.3266820676540981,
            0.10418091419242866,
            0.041730366512925034,
            -0.5595247088020772,
            0.21340420376866656,
            -1.6002470114125797
        ],
        [
            -0.15958434343682573,
            1.233738330110745,
            37.42253069456797,
            8.399452352091169,
            9.113171485546655,
            -51.889158694568536,
            38.142358758486054,
            309.3159764288072,
            0.39955797652071695,
            -0.23417168549734457,
            0.12973513665950545,
            0.17607504169408308,
            0.24185269704223278,
            0.06420143403266382,
            0.02125617843623977,
            -1.1047546141206326,
            0.02583783401147849,
            -2.3701510001250594
        ],
        [
            10.8758829881706,
            24.687005802500586,
            -408.0070773964352,
            -749.4292895427051,
            -51.889158694568536,
            58690.82557643198,
            -3665.7874471686664,
            1148.0499215217174,
            3.9331742713311773,
            -4.004407396685239,
            -2.5813189646550474,
            1.2027626582280346,
            -3.614669211550242,
            1.0402365508828193,
            -1.7497984875533354,
            -37.106343453208865,
            -1.5282963577461852,
            -49.202548676335134
        ],
        [
            -1.9819838349639611,
            -4.2151338829970335,
            99.49717052804219,
            26.144730406273514,
            38.142358758486054,
            -3665.7874471686664,
            14961.515640484984,
            497.6250556570456,
            2.7377044507335673,
            1.3900485798524997,
            1.1668034318021039,
            0.7150865008101212,
            2.0739345387550294,
            -0.8652595893995044,
            0.5481011700906001,
            21.80369892860366,
            0.8955000338098502,
            -1.3270319894522897
        ],
        [
            -3.3358783426642082,
            46.950833999169284,
            967.9041190407186,
            -19.16906286907609,
            309.3159764288072,
            1148.0499215217174,
            497.6250556570456,
            25290.213065712232,
            8.323886180469604,
            -7.375286401410231,
            1.3939929991753524,
            4.732198392069192,
            5.725615143100029,
            -0.3310901377392483,
            0.5870837863255397,
            -21.99888072237214,
            -3.3561883014762914,
            -82.72747662875712
        ],
        [
            -0.0074939372866782775,
            0.06421331834014063,
            1.668749745038622,
            0.3177298995949091,
            0.39955797652071695,
            3.9331742713311773,
            2.7377044507335673,
            8.323886180469604,
            0.035269770968600005,
            -0.009551632227876843,
            0.006221966251880596,
            0.00819060125483397,
            0.01083101861244388,
            0.005197268154961235,
            0.0007897526283475287,
            -0.06796031394629545,
            0.003871835432330647,
            -0.09514831789890513
        ],
        [
            0.0020666282493012876,
            -0.03859235751213649,
            -1.100440180572861,
            -0.2208174529719569,
            -0.23417168549734457,
            -4.004407396685239,
            1.3900485798524997,
            -7.375286401410231,
            -0.009551632227876843,
            0.009235559035916467,
            -0.003242089456053015,
            -0.005553131388649647,
            -0.006483828726226432,
            -0.002484449536248441,
            -0.0006515082313850807,
            0.045805701203229264,
            0.0009119469278923079,
            0.08092095064181835
        ],
        [
            -0.00347853686294967,
            0.014356848932091562,
            0.6700359260711848,
            0.26449031826888453,
            0.12973513665950545,
            -2.5813189646550474,
            1.1668034318021039,
            1.3939929991753524,
            0.006221966251880596,
            -0.003242089456053015,
            0.0031290357476749906,
            0.002901776384255416,
            0.004312756839640393,
            0.0015227752944183333,
            0.0002337428960751232,
            -0.01625402344839995,
            0.0022853290829906534,
            -0.03344992380150261
        ],
        [
            -0.0027439937626711833,
            0.025699552224163136,
            0.8122378555005323,
            0.19716869211054724,
            0.17607504169408308,
            1.2027626582280346,
            0.7150865008101212,
            4.732198392069192,
            0.00819060125483397,
            -0.005553131388649647,
            0.002901776384255416,
            0.0040114185651791,
            0.0050410672677237865,
            0.001735547345098892,
            0.0003936193402801008,
            -0.02722049243607196,
            0.000691294109999843,
            -0.052520997903468994
        ],
        [
            -0.005095641753103495,
            0.030690626452998575,
            1.1052386424023806,
            0.3266820676540981,
            0.24185269704223278,
            -3.614669211550242,
            2.0739345387550294,
            5.725615143100029,
            0.01083101861244388,
            -0.006483828726226432,
            0.004312756839640393,
            0.0050410672677237865,
            0.007396116862825611,
            0.0021463238932086025,
            0.0006586367298325918,
            -0.030378578738370906,
            0.001662252000706795,
            -0.06560365600274856
        ],
        [
            -0.001124773105383359,
            0.011874052095087783,
            0.3761397427648575,
            0.10418091419242866,
            0.06420143403266382,
            1.0402365508828193,
            -0.8652595893995044,
            -0.3310901377392483,
            0.005197268154961235,
            -0.002484449536248441,
            0.0015227752944183333,
            0.001735547345098892,
            0.0021463238932086025,
            0.0019364868274363105,
            1.4565485784489924e-05,
            -0.020408686627184293,
            0.0011049009356432567,
            -0.024315076982724212
        ],
        [
            -0.0002356113791660967,
            0.0018368564304701376,
            0.09046530335027635,
            0.041730366512925034,
            0.02125617843623977,
            -1.7497984875533354,
            0.5481011700906001,
            0.5870837863255397,
            0.0007897526283475287,
            -0.0006515082313850807,
            0.0002337428960751232,
            0.0003936193402801008,
            0.0006586367298325918,
            1.4565485784489924e-05,
            0.0002976028875427479,
            -0.0010164598171484704,
            -0.0002901015412283426,
            -0.004073993082720043
        ],
        [
            0.007386294826930129,
            -0.22447291760441482,
            -5.3800359610058734,
            -0.5595247088020772,
            -1.1047546141206326,
            -37.106343453208865,
            21.80369892860366,
            -21.99888072237214,
