{
    "R": [
        [
            1.9006219153009443e-06,
            -1.300011914736322e-08,
            2.417244306318878e-07,
            3.1673269651199347e-09,
            1.3807717955077382e-07,
            9.765954121194706e-06,
            -1.2995866342091699e-05,
            -5.1782464903986685e-06,
            -6.306372227398253e-09,
            -2.3859825911784774e-10,
            -3.422221737255121e-11,
            1.876368288358768e-11,
            -6.010557609345169e-09,
            1.8577650879272997e-10,
            9.959063015890247e-10,
            5.294520676331907e-09,
            -1.1643160153589942e-08,
            -1.0926079174742464e-09
        ],
        [
            0.0,
            1.2059038306350853e-05,
            -2.886940426594916e-07,
            -8.732015051487935e-08,
            -2.3903757817431314e-07,
            -4.9820959561270095e-06,
            7.931788219243541e-06,
            1.5074709780979202e-05,
            1.0943129385819668e-08,
            -6.009453013124873e-10,
            5.865679153068661e-10,
            -6.607254372429546e-11,
            3.672403668673344e-10,
            -1.032389200861992e-09,
            -6.981545960649881e-10,
            -5.667560720104105e-09,
            1.592351163859503e-08,
            2.5572150442645832e-09
        ],
        [
            0.0,
            0.0,
            0.00017628800082483703,
            2.3515764713976524e-07,
            2.267899322965321e-07,
            6.110723000376425e-06,
            -3.2904230961833116e-05,
            -1.7638196117711236e-05,
            -1.313668670769647e-08,
            9.298506787499935e-10,
            2.8681092533237814e-09,
            4.972023312060458e-10,
            -5.18761693470796e-09,
            -2.2865018936267732e-10,
            2.089358189874511e-09,
            9.02700745081083e-09,
            -1.7316581945853364e-08,
            -3.9909384875319764e-10
        ],
        [
            0.0,
            0.0,
            0.0,
            8.516392825697816e-05,
            2.7473823030059105e-07,
            1.2678178044570525e-05,
            -2.270864573387599e-05,
            5.945364621735878e-06,
            -5.460713954595176e-09,
            1.1062081937006256e-09,
            3.4849688472694928e-09,
            -2.3808438243729397e-10,
            3.697902469190842e-11,
            -2.389596988883801e-10,
            -6.097055226846825e-10,
            3.853999863866799e-09,
            1.7891309709851998e-08,
            -1.1628495706731765e-08
        ],
        [
            0.0,
            0.0,
            0.0,
            0.0,
            0.00011350055217922036,
            4.003106876023229e-06,
            -2.85982114891025e-05,
            8.147711829540028e-06,
            -5.988992743340625e-09,
            -2.612271445817874e-11,
            1.540378440427442e-09,
            -4.4585964444213266e-10,
            -2.6365635708984056e-09,
            -9.295534430535112e-12,
            5.369064643323359e-10,
            4.5449933703945324e-09,
            7.723476918384515e-10,
            -6.074493463089049e-10
        ],
        [
            0.0,
            0.0,
            0.0,
            0.0,
            0.0,
            0.006582711143855137,
            -9.970443426736735e-06,
            -5.693990715226109e-07,
            -1.0328631371995606e-08,
            -1.0488387453645949e-10,
            -1.4974586027434891e-09,
            3.2752308438725346e-10,
            -3.153173947408825e-10,
            8.023621097811011e-10,
            -4.977785480600436e-10,
            5.289453746064601e-09,
            -9.062871296320032e-09,
            -8.872015817266855e-10
        ],
        [
            0.0,
            0.0,
            0.0,
            0.0,
            0.0,
            0.0,
            0.00766827064119465,
            -1.624329816053846e-05,
            7.319344362316337e-10,
            -4.3460356990083217e-10,
            -3.0967146025544148e-09,
            2.272140296447994e-10,
            2.543231166135314e-09,
            -4.673296213098253e-10,
            -2.9943994149726737e-10,
            -5.552045578980765e-09,
            -1.1890804542821889e-08,
            3.853888762857511e-09
        ],
        [
            0.0,
            0.0,
            0.0,
            0.0,
            0.0,
            0.0,
            0.0,
            0.006327932405408524,
            7.816156304706427e-09,
            -4.585614805648391e-10,
            2.398150547254782e-09,
            -8.066593962548114e-10,
            -3.6854671307278283e-09,
            7.31060166639606e-10,
            -2.8268937744132203e-09,
            -7.286409888963545e-09,
            2.7484257703185252e-08,
            3.25095816903115e-09
        ],
        [
            0.0,
            0.0,
            0.0,
            0.0,
            0.0,
            0.0,
            0.0,
            0.0,
            3.994962208448559e-06,
            -9.856546999153381e-10,
            1.9413065032338666e-09,
            -4.678705880519687e-10,
            3.0070109846511313e-09,
            -9.252161140412266e-10,
            -5.526844460686295e-10,
            -9.112921418244492e-09,
            3.699587485262174e-08,
            4.5137312200007345e-09
        ],
        [
            0.0,
            0.0,
            0.0,
            0.0,
            0.0,
            0.0,
            0.0,
            0.0,
            0.0,
            3.2552745543374854e-07,
            9.9729477262937e-10,
            1.2937894802241536e-10,
            -4.5634095820588163e-10,
            1.3781008238924102e-09,
            -7.775301687515223e-10,
            1.1465713421707874e-08,
            -1.1026065422299893e-08,
            -1.3317149110924151e-08
        ],
        [
            0.0,
            0.0,
            0.0,
            0.0,
            0.0,
            0.0,
            0.0,
            0.0,
            0.0,
            0.0,
            5.973263914650991e-07,
            -5.259656871766293e-10,
            -4.044197337638102e-09,
            -2.6627402213917752e-09,
            1.0112448461032262e-09,
            -1.5432940691842906e-09,
            3.1427775309377645e-08,
            -5.263527676723593e-10
        ],
        [
            0.0,
            0.0,
            0.0,
            0.0,
            0.0,
            0.0,
            0.0,
            0.0,
            0.0,
            0.0,
            0.0,
            1.3629629082523862e-07,
            2.7811676050867934e-09,
            4.1396772149214257e-10,
            6.329249023435981e-10,
            7.553913960639509e-09,
            -4.250748875050536e-08,
            7.330378556810292e-11
        ],
        [
            0.0,
            0.0,
            0.0,
            0.0,
            0.0,
            0.0,
            0.0,
            0.0,
            0.0,
            0.0,
            0.0,
            0.0,
            1.8737168250622244e-06,
            1.107743126077277e-09,
            -2.2277123153489062e-10,
            -4.562749493669465e-09,
            5.864211465377536e-09,
            -8.632381793063507e-10
        ],
        [
            0.0,
            0.0,
            0.0,
            0.0,
            0.0,
            0.0,
            0.0,
            0.0,
            0.0,
            0.0,
            0.0,
            0.0,
            0.0,
            5.595849890305155e-07,
            -7.527805718351138e-10,
            3.2273140716122633e-09,
            -9.478281498916204e-09,
            -2.39210494382396e-10
        ],
        [
            0.0,
            0.0,
            0.0,
            0.0,
            0.0,
            0.0,
            0.0,
            0.0,
            0.0,
            0.0,
            0.0,
            0.0,
            0.0,
            0.0,
            6.053009960857829e-07,
            -2.0224856813152725e-09,
            5.2326973822927174e-09,
            7.127957422535153e-09
        ],
        [
            0.0,
            0.0,
            0.0,
            0.0,
            0.0,
            0.0,
            0.0,
            0.0,
            0.0,
            0.0,
            0.0,
            0.0,
            0.0,
            0.0,
            0.0,
            3.0183032830036957e-06,
            -2.2571234579733376e-08,
            -6.465481199148372e-09
        ],
        [
            0.0,
            0.0,
            0.0,
            0.0,
            0.0,
            0.0,
            0.0,
            0.0,
            0.0,
            0.0,
            0.0,
            0.0,
            0.0,
            0.0,
            0.0,
            0.0,
            5.845860527681235e-06,
            -1.0223853729437556e-09
        ],
        [
            0.0,
            0.0,
            0.0,
            0.0,
            0.0,
            0.0,
            0.0,
            0.0,
            0.0,
            0.0,
            0.0,
            0.0,
            0.0,
            0.0,
            0.0,
            0.0,
            0.0,
            2.6926697223940073e-06
        ]
    ],
    "RDR": [
        [
            [
                1.9006219153009443e-06,
                -1.300011914736322e-08,
                2.417244306318878e-07,
                3.1673269651199347e-09,
                1.3807717955077382e-07,
                9.765954121194706e-06,
                -1.2995866342091699e-05,
                -5.1782464903986685e-06,
                -6.306372227398253e-09,
                -2.3859825911784774e-10,
                -3.422221737255121e-11,
                1.876368288358768e-11,
                -6.010557609345169e-09,
                1.8577650879272997e-10,
                9.959063015890247e-10,
                5.294520676331907e-09,
                -1.1643160153589942e-08,
                -1.0926079174742464e-09
            ],
            [
                0.0,
                1.2059038306350853e-05,
                -2.886940426594916e-07,
                -8.732015051487935e-08,
                -2.3903757817431314e-07,
                -4.9820959561270095e-06,
                7.931788219243541e-06,
                1.5074709780979202e-05,
                1.0943129385819668e-08,
                -6.009453013124873e-10,
                5.865679153068661e-10,
                -6.607254372429546e-11,
                3.672403668673344e-10,
                -1.032389200861992e-09,
                -6.981545960649881e-10,
                -5.667560720104105e-09,
                1.592351163859503e-08,
                2.5572150442645832e-09
            ],
            [
                0.0,
                0.0,
                0.00017628800082483703,
                2.3515764713976524e-07,
                2.267899322965321e-07,
                6.110723000376425e-06,
                -3.2904230961833116e-05,
                -1.7638196117711236e-05,
                -1.313668670769647e-08,
                9.298506787499935e-10,
                2.8681092533237814e-09,
                4.972023312060458e-10,
                -5.18761693470796e-09,
                -2.2865018936267732e-10,
                2.089358189874511e-09,
                9.02700745081083e-09,
                -1.7316581945853364e-08,
                -3.9909384875319764e-10
            ],
            [
                0.0,
                0.0,
                0.0,
                8.516392825697816e-05,
                2.7473823030059105e-07,
                1.2678178044570525e-05,
                -2.270864573387599e-05,
                5.945364621735878e-06,
                -5.460713954595176e-09,
                1.1062081937006256e-09,
                3.4849688472694928e-09,
                -2.3808438243729397e-10,
                3.697902469190842e-11,
                -2.389596988883801e-10,
                -6.097055226846825e-10,
                3.853999863866799e-09,
                1.7891309709851998e-08,
                -1.1628495706731765e-08
            ],
            [
                0.0,
                0.0,
                0.0,
                0.0,
                0.00011350055217922036,
                4.003106876023229e-06,
                -2.85982114891025e-05,
                8.147711829540028e-06,
                -5.988992743340625e-09,
                -2.612271445817874e-11,
                1.540378440427442e-09,
                -4.4585964444213266e-10,
                -2.6365635708984056e-09,
                -9.295534430535112e-12,
                5.369064643323359e-10,
                4.5449933703945324e-09,
                7.723476918384515e-10,
                -6.074493463089049e-10
            ],
            [
                0.0,
                0.0,
                0.0,
                0.0,
                0.0,
                0.006582711143855137,
                -9.970443426736735e-06,
                -5.693990715226109e-07,
                -1.0328631371995606e-08,
                -1.0488387453645949e-10,
                -1.4974586027434891e-09,
                3.2752308438725346e-10,
                -3.153173947408825e-10,
                8.023621097811011e-10,
                -4.977785480600436e-10,
                5.289453746064601e-09,
                -9.062871296320032e-09,
                -8.872015817266855e-10
            ],
            [
                0.0,
                0.0,
                0.0,
                0.0,
                0.0,
                0.0,
                0.00766827064119465,
                -1.624329816053846e-05,
                7.319344362316337e-10,
                -4.3460356990083217e-10,
                -3.0967146025544148e-09,
                2.272140296447994e-10,
                2.543231166135314e-09,
                -4.673296213098253e-10,
                -2.9943994149726737e-10,
                -5.552045578980765e-09,
                -1.1890804542821889e-08,
                3.853888762857511e-09
            ],
            [
                0.0,
                0.0,
                0.0,
                0.0,
                0.0,
                0.0,
                0.0,
                0.006327932405408524,
                7.816156304706427e-09,
                -4.585614805648391e-10,
                2.398150547254782e-09,
                -8.066593962548114e-10,
                -3.6854671307278283e-09,
                7.31060166639606e-10,
                -2.8268937744132203e-09,
                -7.286409888963545e-09,
                2.7484257703185252e-08,
                3.25095816903115e-09
            ],
            [
                0.0,
                0.0,
                0.0,
                0.0,
                0.0,
                0.0,
                0.0,
                0.0,
                3.994962208448559e-06,
                -9.856546999153381e-10,
                1.9413065032338666e-09,
                -4.678705880519687e-10,
                3.0070109846511313e-09,
                -9.252161140412266e-10,
                -5.526844460686295e-10,
                -9.112921418244492e-09,
                3.699587485262174e-08,
                4.5137312200007345e-09
            ],
            [
                0.0,
                0.0,
                0.0,
                0.0,
                0.0,
                0.0,
                0.0,
                0.0,
                0.0,
                3.2552745543374854e-07,
                9.9729477262937e-10,
                1.2937894802241536e-10,
                -4.5634095820588163e-10,
                1.3781008238924102e-09,
                -7.775301687515223e-10,
                1.1465713421707874e-08,
                -1.1026065422299893e-08,
                -1.3317149110924151e-08
            ],
            [
                0.0,
                0.0,
                0.0,
                0.0,
                0.0,
                0.0,
                0.0,
                0.0,
                0.0,
                0.0,
                5.973263914650991e-07,
                -5.259656871766293e-10,
                -4.044197337638102e-09,
                -2.6627402213917752e-09,
                1.0112448461032262e-09,
                -1.5432940691842906e-09,
                3.1427775309377645e-08,
                -5.263527676723593e-10
            ],
            [
                0.0,
                0.0,
                0.0,
                0.0,
                0.0,
                0.0,
                0.0,
                0.0,
                0.0,
                0.0,
                0.0,
                1.3629629082523862e-07,
                2.7811676050867934e-09,
                4.1396772149214257e-10,
                6.329249023435981e-10,
                7.553913960639509e-09,
                -4.250748875050536e-08,
                7.330378556810292e-11
            ],
            [
                0.0,
                0.0,
                0.0,
                0.0,
                0.0,
                0.0,
                0.0,
                0.0,
                0.0,
                0.0,
                0.0,
                0.0,
                1.8737168250622244e-06,
                1.107743126077277e-09,
                -2.2277123153489062e-10,
                -4.562749493669465e-09,
                5.864211465377536e-09,
                -8.632381793063507e-10
            ],
            [
                0.0,
                0.0,
                0.0,
                0.0,
                0.0,
                0.0,
                0.0,
                0.0,
                0.0,
                0.0,
                0.0,
                0.0,
                0.0,
                5.595849890305155e-07,
                -7.527805718351138e-10,
                3.2273140716122633e-09,
                -9.478281498916204e-09,
                -2.39210494382396e-10
            ],
            [
                0.0,
                0.0,
                0.0,
                0.0,
                0.0,
                0.0,
                0.0,
                0.0,
                0.0,
                0.0,
                0.0,
                0.0,
                0.0,
                0.0,
                6.053009960857829e-07,
                -2.0224856813152725e-09,
                5.2326973822927174e-09,
                7.127957422535153e-09
            ],
            [
                0.0,
                0.0,
                0.0,
                0.0,
                0.0,
                0.0,
                0.0,
                0.0,
                0.0,
                0.0,
                0.0,
                0.0,
                0.0,
                0.0,
                0.0,
                3.0183032830036957e-06,
                -2.2571234579733376e-08,
                -6.465481199148372e-09
            ],
            [
                0.0,
                0.0,
                0.0,
                0.0,
                0.0,
                0.0,
                0.0,
                0.0,
                0.0,
                0.0,
                0.0,
                0.0,
                0.0,
                0.0,
                0.0,
                0.0,
                5.845860527681235e-06,
                -1.0223853729437556e-09
            ],
            [
                0.0,
                0.0,
                0.0,
                0.0,
                0.0,
                0.0,
                0.0,
                0.0,
                0.0,
                0.0,
                0.0,
                0.0,
                0.0,
                0.0,
                0.0,
                0.0,
                0.0,
                2.6926697223940073e-06
            ]
        ],
        [
            [
                3.801243830601889e-07,
                -2.600023829472644e-09,
                4.8344886126377564e-08,
                6.33465393023987e-10,
                2.7615435910154765e-08,
                1.953190824238941e-06,
                -2.59917326841834e-06,
                -1.0356492980797337e-06,
                -1.2612744454796508e-09,
                -4.771965182356955e-11,
                -6.844443474510243e-12,
                3.752736576717537e-12,
                -1.2021115218690339e-09,
                3.7155301758546e-11,
                1.9918126031780494e-10,
                1.0589041352663814e-09,
                -2.3286320307179884e-09,
                -2.185215834948493e-10
            ],
            [
                0.0,
                2.4118076612701706e-06,
                -5.7738808531898326e-08,
                -1.746403010297587e-08,
                -4.780751563486263e-08,
                -9.96419191225402e-07,
                1.5863576438487083e-06,
                3.0149419561958407e-06,
                2.188625877163934e-09,
                -1.2018906026249747e-10,
                1.1731358306137322e-10,
                -1.3214508744859092e-11,
                7.344807337346688e-11,
                -2.064778401723984e-10,
                -1.3963091921299762e-10,
                -1.1335121440208211e-09,
                3.1847023277190063e-09,
                5.114430088529167e-10
            ],
            [
                0.0,
                0.0,
                3.5257600164967404e-05,
                4.703152942795305e-08,
                4.5357986459306425e-08,
                1.222144600075285e-06,
                -6.580846192366623e-06,
                -3.527639223542247e-06,
                -2.627337341539294e-09,
                1.859701357499987e-10,
                5.736218506647564e-10,
                9.944046624120917e-11,
                -1.037523386941592e-09,
                -4.5730037872535464e-11,
                4.178716379749022e-10,
                1.8054014901621663e-09,
                -3.463316389170673e-09,
                -7.981876975063953e-11
            ],
            [
                0.0,
                0.0,
                0.0,
                1.703278565139563e-05,
                5.494764606011821e-08,
                2.535635608914105e-06,
                -4.541729146775198e-06,
                1.1890729243471757e-06,
                -1.0921427909190352e-09,
                2.2124163874012513e-10,
                6.969937694538986e-10,
                -4.7616876487458794e-11,
                7.395804938381685e-12,
                -4.7791939777676016e-11,
                -1.219411045369365e-10,
                7.707999727733598e-10,
                3.5782619419703996e-09,
                -2.3256991413463533e-09
            ],
            [
                0.0,
                0.0,
                0.0,
                0.0,
                2.2700110435844073e-05,
                8.006213752046459e-07,
                -5.7196422978205e-06,
                1.6295423659080056e-06,
                -1.1977985486681252e-09,
                -5.224542891635748e-12,
                3.080756880854884e-10,
                -8.917192888842654e-11,
                -5.273127141796812e-10,
                -1.8591068861070226e-12,
                1.0738129286646719e-10,
                9.089986740789065e-10,
                1.544695383676903e-10,
                -1.2148986926178098e-10
            ],
            [
                0.0,
                0.0,
                0.0,
                0.0,
                0.0,
                0.0013165422287710275,
                -1.994088685347347e-06,
                -1.1387981430452219e-07,
                -2.0657262743991212e-09,
                -2.09767749072919e-11,
                -2.9949172054869783e-10,
                6.55046168774507e-11,
                -6.30634789481765e-11,
                1.6047242195622023e-10,
                -9.955570961200872e-11,
                1.0578907492129203e-09,
                -1.8125742592640066e-09,
                -1.774403163453371e-10
            ],
            [
                0.0,
                0.0,
                0.0,
                0.0,
                0.0,
                0.0,
                0.00153365412823893,
                -3.2486596321076926e-06,
                1.4638688724632675e-10,
                -8.692071398016644e-11,
                -6.19342920510883e-10,
                4.544280592895988e-11,
                5.086462332270628e-10,
                -9.346592426196508e-11,
                -5.988798829945347e-11,
                -1.110409115796153e-09,
                -2.378160908564378e-09,
                7.707777525715023e-10
            ],
            [
                0.0,
                0.0,
                0.0,
                0.0,
                0.0,
                0.0,
                0.0,
                0.0012655864810817048,
                1.5632312609412854e-09,
                -9.171229611296782e-11,
                4.796301094509565e-10,
                -1.6133187925096229e-10,
                -7.370934261455657e-10,
                1.462120333279212e-10,
                -5.653787548826441e-10,
                -1.4572819777927092e-09,
                5.496851540637051e-09,
                6.501916338062301e-10
            ],
            [
                0.0,
                0.0,
                0.0,
                0.0,
                0.0,
                0.0,
                0.0,
                0.0,
                7.989924416897118e-07,
                -1.9713093998306763e-10,
                3.8826130064677336e-10,
                -9.357411761039374e-11,
                6.014021969302263e-10,
                -1.8504322280824534e-10,
                -1.1053688921372591e-10,
                -1.8225842836488986e-09,
                7.399174970524348e-09,
                9.027462440001469e-10
            ],
            [
                0.0,
                0.0,
                0.0,
                0.0,
                0.0,
                0.0,
                0.0,
                0.0,
                0.0,
                6.510549108674971e-08,
                1.9945895452587398e-10,
                2.5875789604483075e-11,
                -9.126819164117633e-11,
                2.7562016477848205e-10,
                -1.5550603375030446e-10,
                2.293142684341575e-09,
                -2.2052130844599785e-09,
                -2.6634298221848303e-09
            ],
            [
                0.0,
                0.0,
                0.0,
                0.0,
                0.0,
                0.0,
                0.0,
                0.0,
                0.0,
                0.0,
                1.1946527829301982e-07,
                -1.0519313743532587e-10,
                -8.088394675276205e-10,
                -5.325480442783551e-10,
                2.0224896922064525e-10,
                -3.0865881383685816e-10,
                6.28555506187553e-09,
                -1.0527055353447187e-10
            ],
            [
                0.0,
                0.0,
                0.0,
                0.0,
                0.0,
                0.0,
                0.0,
                0.0,
                0.0,
                0.0,
                0.0,
                2.7259258165047724e-08,
                5.562335210173587e-10,
                8.279354429842852e-11,
                1.2658498046871964e-10,
                1.510782792127902e-09,
                -8.501497750101072e-09,
                1.4660757113620584e-11
            ],
            [
                0.0,
                0.0,
                0.0,
                0.0,
                0.0,
                0.0,
                0.0,
                0.0,
                0.0,
                0.0,
                0.0,
                0.0,
                3.747433650124449e-07,
                2.215486252154554e-10,
                -4.4554246306978124e-11,
                -9.12549898733893e-10,
                1.1728422930755073e-09,
                -1.7264763586127015e-10
            ],
            [
                0.0,
                0.0,
                0.0,
                0.0,
                0.0,
                0.0,
                0.0,
                0.0,
                0.0,
                0.0,
                0.0,
                0.0,
                0.0,
                1.1191699780610311e-07,
                -1.5055611436702277e-10,
                6.454628143224527e-10,
                -1.8956562997832407e-09,
                -4.78420988764792e-11
            ],
            [
                0.0,
                0.0,
                0.0,
                0.0,
                0.0,
                0.0,
                0.0,
                0.0,
                0.0,
                0.0,
                0.0,
                0.0,
                0.0,
                0.0,
                1.210601992171566e-07,
                -4.044971362630545e-10,
                1.0465394764585436e-09,
                1.4255914845070307e-09
            ],
            [
                0.0,
                0.0,
                0.0,
                0.0,
                0.0,
                0.0,
                0.0,
                0.0,
                0.0,
                0.0,
                0.0,
                0.0,
                0.0,
                0.0,
                0.0,
                6.036606566007392e-07,
                -4.514246915946676e-09,
                -1.2930962398296744e-09
            ],
            [
                0.0,
                0.0,
                0.0,
                0.0,
                0.0,
                0.0,
                0.0,
                0.0,
                0.0,
                0.0,
                0.0,
                0.0,
                0.0,
                0.0,
                0.0,
                0.0,
                1.169172105536247e-06,
                -2.0447707458875113e-10
            ],
            [
                0.0,
                0.0,
                0.0,
                0.0,
                0.0,
                0.0,
                0.0,
                0.0,
                0.0,
                0.0,
                0.0,
                0.0,
                0.0,
                0.0,
                0.0,
                0.0,
                0.0,
                5.385339444788015e-07
            ]
        ]
    ],
    "allnames": [
        "m1_flow_nominal",
        "m2_flow_nominal",
        "tau1",
        "tau2",
        "tau_m",
        "nominalUa.hasValue",
        "workingPressure.hasValue",
        "flowCoefficient.hasValue",
        "waterFlowRateMax",
        "c1",
        "c2",
        "c3",
        "c4",
        "eps_motor",
        "f_motorToAir",
        "kp",
        "Ti",
        "Td"
    ],
    "alpha_count": 5784,
    "cov": [
        [
            0.0018684005218753854,
            0.012475273906509618,
            -0.32838438839590034,
            0.005980850584693005,
            -0.015359118749881119,
            -3.021386336051685,
            4.118443837436582,
            -3.5935973492145856,
            -0.0031691919450285563,
            -0.0016247620510209788,
            -0.0010334216071471811,
            -6.976539505963403e-05,
            -0.002558403994822946,
            0.0009132804283229778,
            -7.733496282809448e-05,
            0.006294517930278007,
            0.0006737134973007156,
            0.00616213313664397
        ],
        [
            0.012475273906509618,
            0.47937228833204865,
            -6.674815224418147,
            -0.8734468644417002,
            -0.34292456027331686,
            -44.888850105567485,
            36.95141110638949,
            -173.41420118111787,
            -0.042482303874038826,
            -0.03764005341105294,
            -0.025117458844170788,
            -0.0019476166170962603,
            -0.03727660658645916,
            0.015814391858220884,
            -0.0031727970340528107,
            0.16395389477151348,
            -0.00011714095849030592,
            0.12261517279481168
        ],
        [
            -0.32838438839590034,
            -6.674815224418147,
            126.76085660422,
            14.555033928844873,
            9.008087609593328,
            453.49768435827053,
            -546.4304000753921,
            2082.9472346413827,
            0.8576752396636927,
            0.6291537233717788,
            0.44070202306668516,
            0.03430982101762179,
            0.805244585931149,
            -0.2917135647637877,
            0.05234856375318497,
            -2.8197357973285406,
            -0.18861836622935887,
            -2.1409994608488474
        ],
        [
            0.005980850584693005,
            -0.8734468644417002,
            14.555033928844873,
            8.162181213290163,
            -0.317961004513496,
            -280.35815515249845,
            356.44377414830785,
            328.0234958898495,
            0.011098502962802253,
            0.07999387508066157,
            0.06714178352546529,
            0.006987211339240386,
            0.10073639284956182,
            -0.022377311227167688,
            0.019887637374305534,
            -0.36821861877139966,
            -0.1141452674360727,
            -0.24099670744467594
        ],
        [
            -0.015359118749881119,
            -0.34292456027331686,
            9.008087609593328,
            -0.317961004513496,
            10.835102761367308,
            -307.0920321206216,
            -33.156278739395205,
            -441.06645916067134,
            0.11587533966533081,
            -0.015968388241528606,
            0.023581758893241905,
            -0.0003916925463089051,
            0.015729015704722196,
            0.0005413333880528623,
            -0.004339326224987372,
            -0.23271939126643496,
            0.05978763824722383,
            0.09677012538745176
        ],
        [
            -3.021386336051685,
            -44.888850105567485,
            453.49768435827053,
            -280.35815515249845,
            -307.0920321206216,
            67337.37939841264,
            -34553.875536572836,
            56966.312243479704,
            6.045243367562407,
            6.707241919351472,
            0.893562330702694,
            0.04379659272832014,
            2.4731529098679825,
            -2.3596070314138986,
            -1.045764594019517,
            -8.828340798948375,
            6.194414740533388,
            -28.016222047177493
        ],
        [
            4.118443837436582,
            36.95141110638949,
            -546.4304000753921,
            356.44377414830785,
            -33.156278739395205,
            -34553.875536572836,
            38896.661456343354,
            -14548.184639396253,
            -9.034912939735966,
            -2.969722875636972,
            -0.9281421106074021,
            0.07066673757393155,
            -2.3666437264137117,
            2.2362894640868998,
            0.799046728361949,
            8.17428956591635,
            -7.51966093406987,
            11.970366944503128
        ],
        [
            -3.5935973492145856,
            -173.41420118111787,
            2082.9472346413827,
            328.0234958898495,
            -441.06645916067134,
            56966.312243479704,
            -14548.184639396253,
            121983.14636706465,
            11.823812857059263,
            17.76948769518943,
            8.430311088395245,
            0.8078627717096388,
            12.671754047320887,
            -6.112429669438888,
            0.8264133156687979,
            -54.03748124989001,
            -0.9404498491297838,
            -62.845581940016615
        ],
        [
            -0.0031691919450285563,
            -0.042482303874038826,
            0.8576752396636927,
            0.011098502962802253,
            0.11587533966533081,
            6.045243367562407,
            -9.034912939735966,
            11.823812857059263,
            0.009408996416806112,
            0.004218039453513238,
            0.002864147567962235,
            0.00017974149264809812,
            0.00568272716146973,
            -0.002135493789913617,
            0.0003068233864129175,
            -0.01943783447685899,
            0.0004105682189282153,
            -0.014454191647307647
        ],
        [
            -0.0016247620510209788,
            -0.03764005341105294,
            0.6291537233717788,
            0.07999387508066157,
            -0.015968388241528606,
            6.707241919351472,
            -2.969722875636972,
            17.76948769518943,
            0.004218039453513238,
            0.00387628373880533,
            0.002314335414241342,
            0.00019048598313505023,
            0.004182972163781714,
            -0.0016016609901531845,
            0.000319106355983191,
            -0.014749491050779124,
            -0.0009565143660933843,
            -0.013527826682305445
        ],
        [
            -0.0010334216071471811,
            -0.025117458844170788,
            0.44070202306668516,
            0.06714178352546529,
            0.023581758893241905,
            0.893562330702694,
            -0.9281421106074021,
            8.430311088395245,
            0.002864147567962235,
            0.002314335414241342,
            0.0017087589260213266,
            0.00013246726193036975,
            0.0029120282727138277,
            -0.001027713383312257,
            0.0002458891073056259,
            -0.01038173668576288,
            -0.0009539226389291509,
            -0.007786159358733841
        ],
        [
            -6.976539505963403e-05,
            -0.0019476166170962603,
            0.03430982101762179,
            0.006987211339240386,
            -0.0003916925463089051,
            0.04379659272832014,
            0.07066673757393155,
            0.8078627717096388,
            0.00017974149264809812,
            0.00019048598313505023,
            0.00013246726193036975,
            1.3924011729984747e-05,
            0.00022377281988620543,
            -8.01133824030599e-05,
            1.9560935433674635e-05,
            -0.0008188392514189756,
            -0.00013375165485047865,
            -0.0006403109588763641
        ],
        [
            -0.002558403994822946,
            -0.03727660658645916,
            0.805244585931149,
            0.10073639284956182,
            0.015729015704722196,
            2.4731529098679825,
            -2.3666437264137117,
            12.671754047320887,
            0.00568272716146973,
            0.004182972163781714,
            0.0029120282727138277,
            0.00022377281988620543,
            0.006071010352984421,
            -0.0019658423932643974,
            0.0004815392553468603,
            -0.01755290423316703,
            -0.0024013732588390258,
            -0.0148122134407393
        ],
        [
            0.0009132804283229778,
            0.015814391858220884,
            -0.2917135647637877,
            -0.022377311227167688,
            0.0005413333880528623,
            -2.3596070314138986,
            2.2362894640868998,
            -6.112429669438888,
            -0.002135493789913617,
            -0.0016016609901531845,
            -0.001027713383312257,
            -8.01133824030599e-05,
            -0.0019658423932643974,
            0.0007989469404305216,
            -0.00013350760746917004,
            0.0063038837328474465,
            0.0005107768291841386,
            0.005624300611444913
        ],
        [
            -7.733496282809448e-05,
            -0.0031727970340528107,
            0.05234856375318497,
            0.019887637374305534,
            -0.004339326224987372,
            -1.045764594019517,
            0.799046728361949,
            0.8264133156687979,
            0.0003068233864129175,
            0.000319106355983191,
            0.0002458891073056259,
            1.9560935433674635e-05,
            0.0004815392553468603,
            -0.00013350760746917004,
            0.00014761314182116256,
            -0.00140370312032692,
            -0.0003920289317113758,
