{
    "R": [
        [
            0.007034502227145581,
            -2.4326729472327547e-06,
            0.00010695139685000276,
            0.0011349341430348053,
            0.0010247193506730823,
            0.7679365228329387,
            -0.12767381255381632,
            -0.037900095902544666,
            -2.8579922122845265e-06,
            3.6127969640538505e-06,
            1.3761279563770827e-05,
            -5.40884554657573e-06,
            1.81871560552064e-06,
            -9.586052350001678e-06,
            -1.122606051512497e-05,
            -0.0007251485516740957,
            0.0028202355306665254,
            0.001732756241863426
        ],
        [
            0.0,
            0.003920102802767463,
            1.0616153041373746e-05,
            -0.0012762305207811508,
            -0.0004160960854553869,
            -0.17389057281666848,
            0.019026923894543916,
            -0.015865899531771158,
            2.618819785681328e-07,
            -8.75666321430474e-07,
            4.097951567616055e-08,
            3.6819310066916497e-06,
            -1.2772488116826884e-06,
            9.011114818135687e-06,
            2.6502352589644165e-07,
            -0.00010796352349822678,
            -0.00023436322025356974,
            0.00017585205446803514
        ],
        [
            0.0,
            0.0,
            0.021426163991764276,
            -0.0011182927951800716,
            8.28338053822531e-05,
            0.20416279615422922,
            -0.0449471020505484,
            -0.02868190411233233,
            -2.9184106823597005e-07,
            9.059245620779686e-07,
            7.006940403250044e-06,
            2.775500579398876e-06,
            1.8329495051170557e-06,
            7.873672381649152e-06,
            -5.072444122818106e-06,
            -0.0005294780574050967,
            0.001451693551865399,
            0.0012462222984557473
        ],
        [
            0.0,
            0.0,
            0.0,
            0.6811576182424995,
            0.0009822082361935567,
            0.40406250256318416,
            -0.041452630839491994,
            0.032026187728816775,
            -1.9926985737235506e-06,
            1.935220291505162e-06,
            -4.441628571676458e-07,
            -9.0470970212603e-06,
            1.2322395636299141e-06,
            -2.315224895043138e-05,
            -9.678775561425427e-07,
            0.0002772704787561199,
            0.00035830954190653165,
            -0.0005937165415587726
        ],
        [
            0.0,
            0.0,
            0.0,
            0.0,
            0.3556360838341052,
            0.35484298457965835,
            -0.04480080772747292,
            0.014316340712989588,
            -1.305761457807235e-06,
            1.6754876699182127e-06,
            2.1062631206495867e-06,
            -5.030694809567505e-06,
            2.02307292098513e-06,
            -1.2837424173893705e-05,
            -2.3590440771941195e-06,
            9.821878172569454e-07,
            0.0008168633620207959,
            5.4742784263823146e-05
        ],
        [
            0.0,
            0.0,
            0.0,
            0.0,
            0.0,
            200.46441437812936,
            -0.05451239818824278,
            0.00015167786400524757,
            -7.663114875475005e-07,
            1.8332636984771507e-06,
            4.2435476187486186e-06,
            -5.245293853238918e-06,
            1.2507590043238058e-06,
            -1.071425498103323e-05,
            -3.524524438250305e-06,
            -0.00011423037217219985,
            0.0009724263359506186,
            0.0003706281113349716
        ],
        [
            0.0,
            0.0,
            0.0,
            0.0,
            0.0,
            0.0,
            30.35396829350596,
            0.010371180713751553,
            -2.0091764868314276e-08,
            -1.9097251394246807e-06,
            -5.6915950630537725e-06,
            5.7219982652108845e-06,
            -5.060241844353151e-07,
            9.139558861818573e-06,
            4.094445728643308e-06,
            0.00017579587086951178,
            -0.000995026814210497,
            -0.0005795023700064025
        ],
        [
            0.0,
            0.0,
            0.0,
            0.0,
            0.0,
            0.0,
            0.0,
            24.61351131101565,
            -4.903055812752703e-07,
            -1.1976276777404723e-07,
            -3.451668750892811e-06,
            2.1677906007956458e-07,
            2.172483957625552e-06,
            -3.7378546382713676e-06,
            2.0108024841262583e-06,
            0.00019108812726420477,
            -0.00014179523188249666,
            -0.0004756305398622789
        ],
        [
            0.0,
            0.0,
            0.0,
            0.0,
            0.0,
            0.0,
            0.0,
            0.0,
            0.004813003001661229,
            3.515159848880826e-08,
            3.6398770883194826e-07,
            -1.2379535336107742e-06,
            -3.648641595368805e-07,
            1.6563304494126702e-07,
            4.6882660123172106e-07,
            3.5530073345502e-05,
            -0.00016009372047498193,
            4.259569192648992e-05
        ],
        [
            0.0,
            0.0,
            0.0,
            0.0,
            0.0,
            0.0,
            0.0,
            0.0,
            0.0,
            0.001365898043205435,
            3.4878360587324705e-06,
            -5.060679962797232e-06,
            4.471979631815407e-07,
            -8.759388685846387e-06,
            -2.4946678721821866e-06,
            -5.8758224217449134e-05,
            0.000620912454016818,
            0.0002822814977019736
        ],
        [
            0.0,
            0.0,
            0.0,
            0.0,
            0.0,
            0.0,
            0.0,
            0.0,
            0.0,
            0.0,
            0.006936600302018356,
            -1.71059860047732e-06,
            -2.541170875106337e-07,
            -1.2664160612440802e-06,
            -2.074252189039517e-06,
            -0.000136741007964007,
            0.00043434959003853447,
            0.00039200587808845206
        ],
        [
            0.0,
            0.0,
            0.0,
            0.0,
            0.0,
            0.0,
            0.0,
            0.0,
            0.0,
            0.0,
            0.0,
            0.005026848900516429,
            1.444777839045045e-06,
            1.2909530486118666e-05,
            1.118793792904668e-06,
            -0.00012932694093366936,
            -1.4726001287395123e-05,
            5.862294537172662e-05
        ],
        [
            0.0,
            0.0,
            0.0,
            0.0,
            0.0,
            0.0,
            0.0,
            0.0,
            0.0,
            0.0,
            0.0,
            0.0,
            0.005428128532124005,
            6.471181580070067e-07,
            -4.54239918657789e-08,
            -3.39789032030611e-05,
            0.0003219574328893678,
            6.237212693226631e-05
        ],
        [
            0.0,
            0.0,
            0.0,
            0.0,
            0.0,
            0.0,
            0.0,
            0.0,
            0.0,
            0.0,
            0.0,
            0.0,
            0.0,
            0.004468581812738453,
            1.705328308279874e-06,
            -0.0003290662624544917,
            -0.00021458765342126065,
            0.0004903265082903814
        ],
        [
            0.0,
            0.0,
            0.0,
            0.0,
            0.0,
            0.0,
            0.0,
            0.0,
            0.0,
            0.0,
            0.0,
            0.0,
            0.0,
            0.0,
            0.0018338047723671755,
            0.0004053768929108717,
            -0.001414848417404967,
            -0.000981696882024359
        ],
        [
            0.0,
            0.0,
            0.0,
            0.0,
            0.0,
            0.0,
            0.0,
            0.0,
            0.0,
            0.0,
            0.0,
            0.0,
            0.0,
            0.0,
            0.0,
            0.11388401415151131,
            -0.0017556060512725195,
            -0.0015370577979077176
        ],
        [
            0.0,
            0.0,
            0.0,
            0.0,
            0.0,
            0.0,
            0.0,
            0.0,
            0.0,
            0.0,
            0.0,
            0.0,
            0.0,
            0.0,
            0.0,
            0.0,
            0.5099565923129921,
            0.0009085349106573071
        ],
        [
            0.0,
            0.0,
            0.0,
            0.0,
            0.0,
            0.0,
            0.0,
            0.0,
            0.0,
            0.0,
            0.0,
            0.0,
            0.0,
            0.0,
            0.0,
            0.0,
            0.0,
            0.3781699946954935
        ]
    ],
    "RDR": [
        [
            [
                0.007034502227145581,
                -2.4326729472327547e-06,
                0.00010695139685000276,
                0.0011349341430348053,
                0.0010247193506730823,
                0.7679365228329387,
                -0.12767381255381632,
                -0.037900095902544666,
                -2.8579922122845265e-06,
                3.6127969640538505e-06,
                1.3761279563770827e-05,
                -5.40884554657573e-06,
                1.81871560552064e-06,
                -9.586052350001678e-06,
                -1.122606051512497e-05,
                -0.0007251485516740957,
                0.0028202355306665254,
                0.001732756241863426
            ],
            [
                0.0,
                0.003920102802767463,
                1.0616153041373746e-05,
                -0.0012762305207811508,
                -0.0004160960854553869,
                -0.17389057281666848,
                0.019026923894543916,
                -0.015865899531771158,
                2.618819785681328e-07,
                -8.75666321430474e-07,
                4.097951567616055e-08,
                3.6819310066916497e-06,
                -1.2772488116826884e-06,
                9.011114818135687e-06,
                2.6502352589644165e-07,
                -0.00010796352349822678,
                -0.00023436322025356974,
                0.00017585205446803514
            ],
            [
                0.0,
                0.0,
                0.021426163991764276,
                -0.0011182927951800716,
                8.28338053822531e-05,
                0.20416279615422922,
                -0.0449471020505484,
                -0.02868190411233233,
                -2.9184106823597005e-07,
                9.059245620779686e-07,
                7.006940403250044e-06,
                2.775500579398876e-06,
                1.8329495051170557e-06,
                7.873672381649152e-06,
                -5.072444122818106e-06,
                -0.0005294780574050967,
                0.001451693551865399,
                0.0012462222984557473
            ],
            [
                0.0,
                0.0,
                0.0,
                0.6811576182424995,
                0.0009822082361935567,
                0.40406250256318416,
                -0.041452630839491994,
                0.032026187728816775,
                -1.9926985737235506e-06,
                1.935220291505162e-06,
                -4.441628571676458e-07,
                -9.0470970212603e-06,
                1.2322395636299141e-06,
                -2.315224895043138e-05,
                -9.678775561425427e-07,
                0.0002772704787561199,
                0.00035830954190653165,
                -0.0005937165415587726
            ],
            [
                0.0,
                0.0,
                0.0,
                0.0,
                0.3556360838341052,
                0.35484298457965835,
                -0.04480080772747292,
                0.014316340712989588,
                -1.305761457807235e-06,
                1.6754876699182127e-06,
                2.1062631206495867e-06,
                -5.030694809567505e-06,
                2.02307292098513e-06,
                -1.2837424173893705e-05,
                -2.3590440771941195e-06,
                9.821878172569454e-07,
                0.0008168633620207959,
                5.4742784263823146e-05
            ],
            [
                0.0,
                0.0,
                0.0,
                0.0,
                0.0,
                200.46441437812936,
                -0.05451239818824278,
                0.00015167786400524757,
                -7.663114875475005e-07,
                1.8332636984771507e-06,
                4.2435476187486186e-06,
                -5.245293853238918e-06,
                1.2507590043238058e-06,
                -1.071425498103323e-05,
                -3.524524438250305e-06,
                -0.00011423037217219985,
                0.0009724263359506186,
                0.0003706281113349716
            ],
            [
                0.0,
                0.0,
                0.0,
                0.0,
                0.0,
                0.0,
                30.35396829350596,
                0.010371180713751553,
                -2.0091764868314276e-08,
                -1.9097251394246807e-06,
                -5.6915950630537725e-06,
                5.7219982652108845e-06,
                -5.060241844353151e-07,
                9.139558861818573e-06,
                4.094445728643308e-06,
                0.00017579587086951178,
                -0.000995026814210497,
                -0.0005795023700064025
            ],
            [
                0.0,
                0.0,
                0.0,
                0.0,
                0.0,
                0.0,
                0.0,
                24.61351131101565,
                -4.903055812752703e-07,
                -1.1976276777404723e-07,
                -3.451668750892811e-06,
                2.1677906007956458e-07,
                2.172483957625552e-06,
                -3.7378546382713676e-06,
                2.0108024841262583e-06,
                0.00019108812726420477,
                -0.00014179523188249666,
                -0.0004756305398622789
            ],
            [
                0.0,
                0.0,
                0.0,
                0.0,
                0.0,
                0.0,
                0.0,
                0.0,
                0.004813003001661229,
                3.515159848880826e-08,
                3.6398770883194826e-07,
                -1.2379535336107742e-06,
                -3.648641595368805e-07,
                1.6563304494126702e-07,
                4.6882660123172106e-07,
                3.5530073345502e-05,
                -0.00016009372047498193,
                4.259569192648992e-05
            ],
            [
                0.0,
                0.0,
                0.0,
                0.0,
                0.0,
                0.0,
                0.0,
                0.0,
                0.0,
                0.001365898043205435,
                3.4878360587324705e-06,
                -5.060679962797232e-06,
                4.471979631815407e-07,
                -8.759388685846387e-06,
                -2.4946678721821866e-06,
                -5.8758224217449134e-05,
                0.000620912454016818,
                0.0002822814977019736
            ],
            [
                0.0,
                0.0,
                0.0,
                0.0,
                0.0,
                0.0,
                0.0,
                0.0,
                0.0,
                0.0,
                0.006936600302018356,
                -1.71059860047732e-06,
                -2.541170875106337e-07,
                -1.2664160612440802e-06,
                -2.074252189039517e-06,
                -0.000136741007964007,
                0.00043434959003853447,
                0.00039200587808845206
            ],
            [
                0.0,
                0.0,
                0.0,
                0.0,
                0.0,
                0.0,
                0.0,
                0.0,
                0.0,
                0.0,
                0.0,
                0.005026848900516429,
                1.444777839045045e-06,
                1.2909530486118666e-05,
                1.118793792904668e-06,
                -0.00012932694093366936,
                -1.4726001287395123e-05,
                5.862294537172662e-05
            ],
            [
                0.0,
                0.0,
                0.0,
                0.0,
                0.0,
                0.0,
                0.0,
                0.0,
                0.0,
                0.0,
                0.0,
                0.0,
                0.005428128532124005,
                6.471181580070067e-07,
                -4.54239918657789e-08,
                -3.39789032030611e-05,
                0.0003219574328893678,
                6.237212693226631e-05
            ],
            [
                0.0,
                0.0,
                0.0,
                0.0,
                0.0,
                0.0,
                0.0,
                0.0,
                0.0,
                0.0,
                0.0,
                0.0,
                0.0,
                0.004468581812738453,
                1.705328308279874e-06,
                -0.0003290662624544917,
                -0.00021458765342126065,
                0.0004903265082903814
            ],
            [
                0.0,
                0.0,
                0.0,
                0.0,
                0.0,
                0.0,
                0.0,
                0.0,
                0.0,
                0.0,
                0.0,
                0.0,
                0.0,
                0.0,
                0.0018338047723671755,
                0.0004053768929108717,
                -0.001414848417404967,
                -0.000981696882024359
            ],
            [
                0.0,
                0.0,
                0.0,
                0.0,
                0.0,
                0.0,
                0.0,
                0.0,
                0.0,
                0.0,
                0.0,
                0.0,
                0.0,
                0.0,
                0.0,
                0.11388401415151131,
                -0.0017556060512725195,
                -0.0015370577979077176
            ],
            [
                0.0,
                0.0,
                0.0,
                0.0,
                0.0,
                0.0,
                0.0,
                0.0,
                0.0,
                0.0,
                0.0,
                0.0,
                0.0,
                0.0,
                0.0,
                0.0,
                0.5099565923129921,
                0.0009085349106573071
            ],
            [
                0.0,
                0.0,
                0.0,
                0.0,
                0.0,
                0.0,
                0.0,
                0.0,
                0.0,
                0.0,
                0.0,
                0.0,
                0.0,
                0.0,
                0.0,
                0.0,
                0.0,
                0.3781699946954935
            ]
        ],
        [
            [
                0.0014069004454291163,
                -4.865345894465509e-07,
                2.1390279370000553e-05,
                0.00022698682860696108,
                0.00020494387013461645,
                0.15358730456658776,
                -0.025534762510763268,
                -0.007580019180508934,
                -5.715984424569054e-07,
                7.225593928107701e-07,
                2.7522559127541656e-06,
                -1.081769109315146e-06,
                3.6374312110412803e-07,
                -1.9172104700003355e-06,
                -2.2452121030249943e-06,
                -0.00014502971033481915,
                0.0005640471061333051,
                0.0003465512483726852
            ],
            [
                0.0,
                0.0007840205605534926,
                2.1232306082747495e-06,
                -0.0002552461041562302,
                -8.321921709107738e-05,
                -0.0347781145633337,
                0.003805384778908783,
                -0.0031731799063542316,
                5.237639571362656e-08,
                -1.751332642860948e-07,
                8.19590313523211e-09,
                7.3638620133833e-07,
                -2.554497623365377e-07,
                1.8022229636271375e-06,
                5.300470517928833e-08,
                -2.1592704699645357e-05,
                -4.687264405071395e-05,
                3.517041089360703e-05
            ],
            [
                0.0,
                0.0,
                0.004285232798352855,
                -0.00022365855903601434,
                1.656676107645062e-05,
                0.04083255923084585,
                -0.00898942041010968,
                -0.005736380822466466,
                -5.8368213647194014e-08,
                1.8118491241559371e-07,
                1.4013880806500088e-06,
                5.551001158797752e-07,
                3.6658990102341116e-07,
                1.5747344763298305e-06,
                -1.0144888245636211e-06,
                -0.00010589561148101936,
                0.0002903387103730798,
                0.0002492444596911495
            ],
            [
                0.0,
                0.0,
                0.0,
                0.1362315236484999,
                0.00019644164723871136,
                0.08081250051263683,
                -0.0082905261678984,
                0.006405237545763356,
                -3.9853971474471014e-07,
                3.8704405830103245e-07,
                -8.883257143352916e-08,
                -1.8094194042520601e-06,
                2.464479127259828e-07,
                -4.630449790086276e-06,
                -1.9357551122850856e-07,
                5.545409575122398e-05,
                7.166190838130634e-05,
                -0.00011874330831175453
            ],
            [
                0.0,
                0.0,
                0.0,
                0.0,
                0.07112721676682104,
                0.07096859691593167,
                -0.008960161545494585,
                0.002863268142597918,
                -2.6115229156144703e-07,
                3.3509753398364255e-07,
                4.2125262412991736e-07,
                -1.006138961913501e-06,
                4.0461458419702603e-07,
                -2.567484834778741e-06,
                -4.718088154388239e-07,
                1.9643756345138908e-07,
                0.0001633726724041592,
                1.094855685276463e-05
            ],
            [
                0.0,
                0.0,
                0.0,
                0.0,
                0.0,
                40.092882875625875,
                -0.010902479637648557,
                3.0335572801049515e-05,
                -1.5326229750950012e-07,
                3.6665273969543014e-07,
                8.487095237497237e-07,
                -1.0490587706477837e-06,
                2.5015180086476115e-07,
                -2.142850996206646e-06,
                -7.04904887650061e-07,
                -2.284607443443997e-05,
                0.00019448526719012375,
                7.412562226699432e-05
            ],
            [
                0.0,
                0.0,
                0.0,
                0.0,
                0.0,
                0.0,
                6.070793658701192,
                0.002074236142750311,
                -4.0183529736628555e-09,
                -3.8194502788493615e-07,
                -1.1383190126107545e-06,
                1.1443996530421769e-06,
                -1.0120483688706302e-07,
                1.8279117723637147e-06,
                8.188891457286616e-07,
                3.515917417390236e-05,
                -0.0001990053628420994,
                -0.00011590047400128051
            ],
            [
                0.0,
                0.0,
                0.0,
                0.0,
                0.0,
                0.0,
                0.0,
                4.9227022622031305,
                -9.806111625505405e-08,
                -2.395255355480945e-08,
                -6.903337501785623e-07,
                4.335581201591292e-08,
                4.3449679152511044e-07,
                -7.475709276542736e-07,
                4.021604968252517e-07,
                3.821762545284096e-05,
                -2.8359046376499335e-05,
                -9.512610797245579e-05
            ],
            [
                0.0,
                0.0,
                0.0,
                0.0,
                0.0,
                0.0,
                0.0,
                0.0,
                0.0009626006003322458,
                7.030319697761653e-09,
                7.279754176638966e-08,
                -2.4759070672215486e-07,
                -7.29728319073761e-08,
                3.312660898825341e-08,
                9.376532024634422e-08,
                7.1060146691004005e-06,
                -3.201874409499639e-05,
                8.519138385297985e-06
            ],
            [
                0.0,
                0.0,
                0.0,
                0.0,
                0.0,
                0.0,
                0.0,
                0.0,
                0.0,
                0.00027317960864108704,
                6.975672117464941e-07,
                -1.0121359925594465e-06,
                8.943959263630814e-08,
                -1.7518777371692776e-06,
                -4.989335744364374e-07,
                -1.1751644843489827e-05,
                0.0001241824908033636,
                5.645629954039472e-05
            ],
            [
                0.0,
                0.0,
                0.0,
                0.0,
                0.0,
                0.0,
                0.0,
                0.0,
                0.0,
                0.0,
                0.0013873200604036713,
                -3.4211972009546404e-07,
                -5.082341750212674e-08,
                -2.5328321224881604e-07,
                -4.148504378079034e-07,
                -2.7348201592801398e-05,
                8.68699180077069e-05,
                7.840117561769042e-05
            ],
            [
                0.0,
                0.0,
                0.0,
                0.0,
                0.0,
                0.0,
                0.0,
                0.0,
                0.0,
                0.0,
                0.0,
                0.0010053697801032859,
                2.8895556780900903e-07,
                2.5819060972237334e-06,
                2.237587585809336e-07,
                -2.5865388186733873e-05,
                -2.945200257479025e-06,
                1.1724589074345325e-05
            ],
            [
                0.0,
                0.0,
                0.0,
                0.0,
                0.0,
                0.0,
                0.0,
                0.0,
                0.0,
                0.0,
                0.0,
                0.0,
                0.001085625706424801,
                1.2942363160140135e-07,
                -9.08479837315578e-09,
                -6.7957806406122205e-06,
                6.439148657787356e-05,
                1.2474425386453263e-05
            ],
            [
                0.0,
                0.0,
                0.0,
                0.0,
                0.0,
                0.0,
                0.0,
                0.0,
                0.0,
                0.0,
                0.0,
                0.0,
                0.0,
                0.0008937163625476907,
                3.410656616559748e-07,
                -6.581325249089835e-05,
                -4.291753068425213e-05,
                9.806530165807628e-05
            ],
            [
                0.0,
                0.0,
                0.0,
                0.0,
                0.0,
                0.0,
                0.0,
                0.0,
                0.0,
                0.0,
                0.0,
                0.0,
                0.0,
                0.0,
                0.0003667609544734351,
                8.107537858217435e-05,
                -0.0002829696834809934,
                -0.0001963393764048718
            ],
            [
                0.0,
                0.0,
                0.0,
                0.0,
                0.0,
                0.0,
                0.0,
                0.0,
                0.0,
                0.0,
                0.0,
                0.0,
                0.0,
                0.0,
                0.0,
                0.022776802830302263,
                -0.00035112121025450394,
                -0.00030741155958154354
            ],
            [
                0.0,
                0.0,
                0.0,
                0.0,
                0.0,
                0.0,
                0.0,
                0.0,
                0.0,
                0.0,
                0.0,
                0.0,
                0.0,
                0.0,
                0.0,
                0.0,
                0.10199131846259842,
                0.00018170698213146143
            ],
            [
                0.0,
                0.0,
                0.0,
                0.0,
                0.0,
                0.0,
                0.0,
                0.0,
                0.0,
                0.0,
                0.0,
                0.0,
                0.0,
                0.0,
                0.0,
                0.0,
                0.0,
                0.07563399893909871
            ]
        ]
    ],
    "allnames": [
        "m1_flow_nominal",
        "m2_flow_nominal",
        "tau1",
        "tau2",
        "tau_m",
        "nominalUa.hasValue",
        "workingPressure.hasValue",
        "flowCoefficient.hasValue",
        "waterFlowRateMax",
        "c1",
        "c2",
        "c3",
        "c4",
        "eps_motor",
        "f_motorToAir",
        "kp",
        "Ti",
        "Td"
    ],
    "alpha_count": 1416,
    "cov": [
        [
            0.0029676745579270795,
            -0.0023948391215400434,
            -0.011610128680219132,
            -0.03466915591049539,
            -0.2953585845849922,
            76.61110150839299,
            6.837035170601902,
            2.5163694440511764,
            -0.002188577349460944,
            -0.002596162062964856,
            0.0056614743854684095,
            -0.0005742664621905354,
            0.004463101470023715,
            0.0007959234501093321,
            -0.0002475014097093122,
            0.08521127767283238,
            0.21347816727677266,
            0.09428197473423665
        ],
        [
            -0.0023948391215400434,
            0.003049464271973087,
            0.01111386421028503,
            0.0991559379305112,
            0.32895787784465147,
            -83.88249529016343,
            -6.990259820620424,
            -2.847855734714043,
            0.00264804143095555,
            0.002880525905868604,
            -0.00626665285511355,
            0.0005905780776782964,
            -0.0051894969518048156,
            -0.001223516285723221,
            0.0002703651954424394,
            -0.1009539398413741,
            -0.23739827629677515,
            -0.13275250951010545
        ],
        [
            -0.011610128680219132,
            0.01111386421028503,
            0.13363956002084476,
            1.2912010555403295,
            2.4852767896273513,
            -850.2776017280431,
            -73.75773365917006,
            -31.53408410773426,
            0.017643286669046184,
            0.021013134776425947,
            -0.049840001023976246,
            0.008603903376579987,
            -0.0422246398861466,
            -0.012127548700719686,
            0.0002720790504236724,
            -1.0157381498574491,
            -1.0038084246494527,
            -0.42915289685082897
        ],
        [
            -0.03466915591049539,
            0.0991559379305112,
            1.2912010555403295,
            37.008949848876796,
            26.703018283145934,
            -13144.926874587773,
            -995.2798810651637,
            -417.77331982893094,
            0.2768780241213273,
            0.23196950910678774,
            -0.5857751344388912,
            0.16005647451852525,
            -0.5742220971602962,
            -0.16851007082518651,
            -0.01900596452841471,
            -12.103804331752999,
            -4.786411369859979,
            -5.187423751455603
        ],
        [
            -0.2953585845849922,
            0.32895787784465147,
            2.4852767896273513,
            26.703018283145934,
            55.280446055882834,
            -17356.252241414375,
            -1440.9191397579923,
            -622.4879490419178,
            0.40363815516270984,
            0.4659084466706546,
            -1.079510667506546,
            0.15409569849774926,
            -0.9150754341152308,
            -0.2449473317925527,
            0.015057361436077622,
            -20.34381725868396,
            -30.278165144008224,
            -13.662846357622353
        ],
        [
            76.61110150839299,
            -83.88249529016343,
            -850.2776017280431,
            -13144.926874587773,
            -17356.252241414375,
            8975872.66999586,
            661273.9429170426,
            248340.84553509526,
            -173.13232013589766,
            -160.8247176895659,
            378.5430494292409,
            -96.85556127206041,
            371.31490665914475,
            73.57655968961448,
            0.43615351970192917,
            7822.793064583696,
            4195.295229604554,
            1564.295916803335
        ],
        [
            6.837035170601902,
            -6.990259820620424,
            -73.75773365917006,
            -995.2798810651637,
            -1440.9191397579923,
            661273.9429170426,
            72557.44106073256,
            25707.690330536923,
            -14.913860475761364,
            -13.396347685169244,
            31.1723051233127,
            -6.844192387358952,
            29.673671145615625,
            7.067956616129657,
            -0.49518735765472327,
            625.8020252203986,
            527.5200992851333,
            223.18256767876665
        ],
        [
            2.5163694440511764,
            -2.847855734714043,
            -31.53408410773426,
            -417.77331982893094,
            -622.4879490419178,
            248340.84553509526,
            25707.690330536923,
            16000.87494552151,
            -6.312868301612008,
            -5.650851345216413,
            13.15281652067515,
            -2.5651807265727857,
            11.694917576950875,
            3.579931972384461,
            -0.27185592289037147,
            270.1448773630364,
            276.7529833477502,
            169.37223087056944
        ],
        [
            -0.002188577349460944,
            0.00264804143095555,
            0.017643286669046184,
            0.2768780241213273,
            0.40363815516270984,
            -173.13232013589766,
            -14.913860475761364,
            -6.312868301612008,
            0.004299973215000814,
            0.0037914355992553993,
            -0.008626434483541083,
            0.0017453171491180184,
            -0.008079700314286278,
            -0.0018466416902304945,
            0.00014545013453183853,
            -0.1625280036562341,
            -0.168550751065379,
            -0.1109964061098216
        ],
        [
            -0.002596162062964856,
            0.002880525905868604,
            0.021013134776425947,
            0.23196950910678774,
            0.4659084466706546,
            -160.8247176895659,
            -13.396347685169244,
            -5.650851345216413,
            0.0037914355992553993,
            0.004110272931475006,
            -0.009434512386182698,
            0.0014526199476430142,
            -0.00818955448028141,
            -0.002070066024535115,
            0.00014127904147477073,
            -0.1776510844605439,
            -0.24053225197568376,
            -0.11791242360726632
        ],
        [
            0.0056614743854684095,
            -0.00626665285511355,
            -0.049840001023976246,
            -0.5857751344388912,
            -1.079510667506546,
            378.5430494292409,
            31.1723051233127,
            13.15281652067515,
            -0.008626434483541083,
            -0.009434512386182698,
            0.021970116591990083,
            -0.0035212798018810464,
            0.019040038122763635,
            0.004952420190274657,
            -0.0002101422213333649,
            0.4189572638721667,
            0.5276844364965995,
            0.25219384705928727
        ],
        [
            -0.0005742664621905354,
            0.0005905780776782964,
            0.008603903376579987,
            0.16005647451852525,
            0.15409569849774926,
            -96.85556127206041,
            -6.844192387358952,
            -2.5651807265727857,
            0.0017453171491180184,
            0.0014526199476430142,
            -0.0035212798018810464,
            0.0014272339734646264,
            -0.003619019664566143,
            -0.0007066633535778529,
            -9.603612541454268e-06,
            -0.077251008052872,
            0.017651217500640373,
            0.009588034972232809
        ],
        [
            0.004463101470023715,
            -0.0051894969518048156,
            -0.0422246398861466,
            -0.5742220971602962,
            -0.9150754341152308,
            371.31490665914475,
            29.673671145615625,
            11.694917576950875,
            -0.008079700314286278,
            -0.00818955448028141,
            0.019040038122763635,
            -0.003619019664566143,
            0.01758815965353671,
            0.004227547194937338,
            -0.00013430128825094067,
            0.37699264489866496,
            0.3917566983113317,
            0.18621710094571337
        ],
        [
            0.0007959234501093321,
            -0.001223516285723221,
            -0.012127548700719686,
            -0.16851007082518651,
            -0.2449473317925527,
            73.57655968961448,
            7.067956616129657,
            3.579931972384461,
            -0.0018466416902304945,
            -0.002070066024535115,
            0.004952420190274657,
            -0.0007066633535778529,
            0.004227547194937338,
            0.0016899290299141776,
            9.811322434687002e-06,
            0.1019043493512885,
            0.12577793122073344,
            0.07219118147807012
        ],
        [
            -0.0002475014097093122,
            0.0002703651954424394,
            0.0002720790504236724,
            -0.01900596452841471,
            0.015057361436077622,
            0.43615351970192917,
            -0.49518735765472327,
            -0.27185592289037147,
            0.00014545013453183853,
            0.00014127904147477073,
            -0.0002101422213333649,
            -9.603612541454268e-06,
            -0.00013430128825094067,
            9.811322434687002e-06,
            8.455854227895847e-05,
            -0.0014011285898847055,
            -0.022305316547263924,
            -0.011710068062606552
        ],
        [
            0.08521127767283238,
            -0.1009539398413741,
            -1.0157381498574491,
            -12.103804331752999,
            -20.34381725868396,
            7822.793064583696,
            625.8020252203986,
            270.1448773630364,
