{
    "R": [
        [
            0.024873093341602214,
            -0.8233794110937487,
            -1.3714133028643778,
            0.3535434204903989,
            1.813845425568886,
            -535.1776891589441,
            -13.99972399470819,
            -29.6356616094141,
            0.02992824165299578,
            -0.08338787871727579,
            -0.037378616260941085,
            -0.11535151444458111,
            -0.0019625994949907894,
            0.023314956714126027,
            -0.007356624723147625,
            0.10596199578958748,
            -0.005417178391268726,
            -0.07215802805684006
        ],
        [
            0.0,
            0.48531522279108136,
            1.8525383540221765,
            -0.0028860189536724706,
            -1.8394630852560077,
            582.1773967840206,
            32.1715555967094,
            17.73303062178001,
            -0.06272958075392374,
            0.008419837735528367,
            0.024547168473737776,
            0.1263522367371082,
            0.0018533105246095265,
            -0.016655628834566696,
            -0.0011991127649360162,
            -0.07530430606453507,
            -0.0331668629769477,
            0.1374174200298103
        ],
        [
            0.0,
            0.0,
            3.2346535951029867,
            -2.0801454139182436,
            -1.332327157109462,
            484.0147842531698,
            23.252200334176624,
            -33.39743694200992,
            0.0006884410002328326,
            -0.018172222281570317,
            0.050405932852624374,
            0.1475193664461027,
            0.0035128442369676918,
            -0.0076885161127421536,
            0.017877943009786165,
            -0.08490722616524841,
            -0.08068575128759063,
            0.023605634377520876
        ],
        [
            0.0,
            0.0,
            0.0,
            1.1671638156833266,
            -0.3803474901707334,
            -28.041932648054576,
            20.307314527383696,
            10.38942826410918,
            -0.018938443968156686,
            0.0023818628347797464,
            -0.007568183370667795,
            -0.0033820665031605466,
            -0.0002238888548001634,
            -0.0010480594161639636,
            -0.0031176124116014375,
            0.013103456775477475,
            -0.005000292477645833,
            0.04640173953964733
        ],
        [
            0.0,
            0.0,
            0.0,
            0.0,
            1.2299861329347468,
            -121.01019992028854,
            -7.333970031796849,
            0.5601019310201185,
            0.013437816136304008,
            -0.00173356520348873,
            8.10966568127439e-05,
            -0.03443661813245031,
            -0.0011183123965573763,
            -0.0027349334252436057,
            0.00033755304866288187,
            0.031212552336505547,
            0.02666111661232279,
            -0.05231002037459248
        ],
        [
            0.0,
            0.0,
            0.0,
            0.0,
            0.0,
            112.62169258983752,
            -5.324892258022721,
            6.297595255585031,
            -0.0045606463489841625,
            -0.00035061416407592506,
            0.0028700410046811507,
            0.013323881633858331,
            0.00013990350907330928,
            -0.0019490657594211892,
            -0.0017468367995156647,
            -0.007782032690029035,
            -0.010603251674756014,
            0.03579964078406885
        ],
        [
            0.0,
            0.0,
            0.0,
            0.0,
            0.0,
            0.0,
            59.06061712827372,
            -0.644825482579796,
            -0.006634452955601499,
            0.0023128262950664834,
            0.0043189058514570226,
            0.008307992470812296,
            0.0008465134078096151,
            -0.001795828681895602,
            0.0018475436866190117,
            -0.010801534576078369,
            -0.014483383187713457,
            -0.011486872535718708
        ],
        [
            0.0,
            0.0,
            0.0,
            0.0,
            0.0,
            0.0,
            0.0,
            12.260300515436656,
            0.0030439181690766334,
            0.0006384048939761381,
            -0.003248507277092606,
            -0.011070701253199889,
            -0.00042303006192825015,
            0.00045558196186066874,
            -0.0019877958983876344,
            0.00706957950521801,
            0.005742492376398935,
            0.019243901983943393
        ],
        [
            0.0,
            0.0,
            0.0,
            0.0,
            0.0,
            0.0,
            0.0,
            0.0,
            0.02528102300764295,
            0.004246005701712631,
            -0.0003687140769649243,
            -0.01073182814248974,
            -0.00017466004659044335,
            0.0012717277054630721,
            -0.0006316476049227939,
            0.00043668755701042737,
            0.009199862812654244,
            -0.02369571970526759
        ],
        [
            0.0,
            0.0,
            0.0,
            0.0,
            0.0,
            0.0,
            0.0,
            0.0,
            0.0,
            0.013064516478922556,
            0.003220661590640895,
            -0.00604933514511172,
            4.205104163196144e-05,
            0.0003584100010175646,
            6.129975578222654e-05,
            -0.011723224245560894,
            0.005171931007963607,
            -0.016378305955500036
        ],
        [
            0.0,
            0.0,
            0.0,
            0.0,
            0.0,
            0.0,
            0.0,
            0.0,
            0.0,
            0.0,
            0.006700463882277879,
            0.006386835645476969,
            0.00046535806680826256,
            0.0015496519370410294,
            0.001570518585017668,
            -0.013887236654723934,
            -0.00011051339447416585,
            -0.024622892894309384
        ],
        [
            0.0,
            0.0,
            0.0,
            0.0,
            0.0,
            0.0,
            0.0,
            0.0,
            0.0,
            0.0,
            0.0,
            0.01209569777234623,
            0.00012761541389432696,
            -0.0015279980361220622,
            0.0017203810937898901,
            -0.008468303783336363,
            -0.006105849096351242,
            0.017652469913576285
        ],
        [
            0.0,
            0.0,
            0.0,
            0.0,
            0.0,
            0.0,
            0.0,
            0.0,
            0.0,
            0.0,
            0.0,
            0.0,
            0.0005328037705369209,
            0.0017854372750815987,
            -0.00016880842573802426,
            -0.004515157684838462,
            -0.003770605263697393,
            -0.009778154625438002
        ],
        [
            0.0,
            0.0,
            0.0,
            0.0,
            0.0,
            0.0,
            0.0,
            0.0,
            0.0,
            0.0,
            0.0,
            0.0,
            0.0,
            0.004404080196118714,
            -0.0021211058189881346,
            -0.007041741721577786,
            -0.0004998888269762202,
            -0.005589375559673589
        ],
        [
            0.0,
            0.0,
            0.0,
            0.0,
            0.0,
            0.0,
            0.0,
            0.0,
            0.0,
            0.0,
            0.0,
            0.0,
            0.0,
            0.0,
            0.003758932468561589,
            -0.004085149327324082,
            0.0005593843955666789,
            -0.007011689020681711
        ],
        [
            0.0,
            0.0,
            0.0,
            0.0,
            0.0,
            0.0,
            0.0,
            0.0,
            0.0,
            0.0,
            0.0,
            0.0,
            0.0,
            0.0,
            0.0,
            0.01259140747948686,
            0.0027101310081096416,
            -0.005437854466505013
        ],
        [
            0.0,
            0.0,
            0.0,
            0.0,
            0.0,
            0.0,
            0.0,
            0.0,
            0.0,
            0.0,
            0.0,
            0.0,
            0.0,
            0.0,
            0.0,
            0.0,
            0.013442256057321626,
            -0.00872896001867384
        ],
        [
            0.0,
            0.0,
            0.0,
            0.0,
            0.0,
            0.0,
            0.0,
            0.0,
            0.0,
            0.0,
            0.0,
            0.0,
            0.0,
            0.0,
            0.0,
            0.0,
            0.0,
            0.015779951666308464
        ]
    ],
    "RDR": [
        [
            [
                0.024873093341602214,
                -0.8233794110937487,
                -1.3714133028643778,
                0.3535434204903989,
                1.813845425568886,
                -535.1776891589441,
                -13.99972399470819,
                -29.6356616094141,
                0.02992824165299578,
                -0.08338787871727579,
                -0.037378616260941085,
                -0.11535151444458111,
                -0.0019625994949907894,
                0.023314956714126027,
                -0.007356624723147625,
                0.10596199578958748,
                -0.005417178391268726,
                -0.07215802805684006
            ],
            [
                0.0,
                0.48531522279108136,
                1.8525383540221765,
                -0.0028860189536724706,
                -1.8394630852560077,
                582.1773967840206,
                32.1715555967094,
                17.73303062178001,
                -0.06272958075392374,
                0.008419837735528367,
                0.024547168473737776,
                0.1263522367371082,
                0.0018533105246095265,
                -0.016655628834566696,
                -0.0011991127649360162,
                -0.07530430606453507,
                -0.0331668629769477,
                0.1374174200298103
            ],
            [
                0.0,
                0.0,
                3.2346535951029867,
                -2.0801454139182436,
                -1.332327157109462,
                484.0147842531698,
                23.252200334176624,
                -33.39743694200992,
                0.0006884410002328326,
                -0.018172222281570317,
                0.050405932852624374,
                0.1475193664461027,
                0.0035128442369676918,
                -0.0076885161127421536,
                0.017877943009786165,
                -0.08490722616524841,
                -0.08068575128759063,
                0.023605634377520876
            ],
            [
                0.0,
                0.0,
                0.0,
                1.1671638156833266,
                -0.3803474901707334,
                -28.041932648054576,
                20.307314527383696,
                10.38942826410918,
                -0.018938443968156686,
                0.0023818628347797464,
                -0.007568183370667795,
                -0.0033820665031605466,
                -0.0002238888548001634,
                -0.0010480594161639636,
                -0.0031176124116014375,
                0.013103456775477475,
                -0.005000292477645833,
                0.04640173953964733
            ],
            [
                0.0,
                0.0,
                0.0,
                0.0,
                1.2299861329347468,
                -121.01019992028854,
                -7.333970031796849,
                0.5601019310201185,
                0.013437816136304008,
                -0.00173356520348873,
                8.10966568127439e-05,
                -0.03443661813245031,
                -0.0011183123965573763,
                -0.0027349334252436057,
                0.00033755304866288187,
                0.031212552336505547,
                0.02666111661232279,
                -0.05231002037459248
            ],
            [
                0.0,
                0.0,
                0.0,
                0.0,
                0.0,
                112.62169258983752,
                -5.324892258022721,
                6.297595255585031,
                -0.0045606463489841625,
                -0.00035061416407592506,
                0.0028700410046811507,
                0.013323881633858331,
                0.00013990350907330928,
                -0.0019490657594211892,
                -0.0017468367995156647,
                -0.007782032690029035,
                -0.010603251674756014,
                0.03579964078406885
            ],
            [
                0.0,
                0.0,
                0.0,
                0.0,
                0.0,
                0.0,
                59.06061712827372,
                -0.644825482579796,
                -0.006634452955601499,
                0.0023128262950664834,
                0.0043189058514570226,
                0.008307992470812296,
                0.0008465134078096151,
                -0.001795828681895602,
                0.0018475436866190117,
                -0.010801534576078369,
                -0.014483383187713457,
                -0.011486872535718708
            ],
            [
                0.0,
                0.0,
                0.0,
                0.0,
                0.0,
                0.0,
                0.0,
                12.260300515436656,
                0.0030439181690766334,
                0.0006384048939761381,
                -0.003248507277092606,
                -0.011070701253199889,
                -0.00042303006192825015,
                0.00045558196186066874,
                -0.0019877958983876344,
                0.00706957950521801,
                0.005742492376398935,
                0.019243901983943393
            ],
            [
                0.0,
                0.0,
                0.0,
                0.0,
                0.0,
                0.0,
                0.0,
                0.0,
                0.02528102300764295,
                0.004246005701712631,
                -0.0003687140769649243,
                -0.01073182814248974,
                -0.00017466004659044335,
                0.0012717277054630721,
                -0.0006316476049227939,
                0.00043668755701042737,
                0.009199862812654244,
                -0.02369571970526759
            ],
            [
                0.0,
                0.0,
                0.0,
                0.0,
                0.0,
                0.0,
                0.0,
                0.0,
                0.0,
                0.013064516478922556,
                0.003220661590640895,
                -0.00604933514511172,
                4.205104163196144e-05,
                0.0003584100010175646,
                6.129975578222654e-05,
                -0.011723224245560894,
                0.005171931007963607,
                -0.016378305955500036
            ],
            [
                0.0,
                0.0,
                0.0,
                0.0,
                0.0,
                0.0,
                0.0,
                0.0,
                0.0,
                0.0,
                0.006700463882277879,
                0.006386835645476969,
                0.00046535806680826256,
                0.0015496519370410294,
                0.001570518585017668,
                -0.013887236654723934,
                -0.00011051339447416585,
                -0.024622892894309384
            ],
            [
                0.0,
                0.0,
                0.0,
                0.0,
                0.0,
                0.0,
                0.0,
                0.0,
                0.0,
                0.0,
                0.0,
                0.01209569777234623,
                0.00012761541389432696,
                -0.0015279980361220622,
                0.0017203810937898901,
                -0.008468303783336363,
                -0.006105849096351242,
                0.017652469913576285
            ],
            [
                0.0,
                0.0,
                0.0,
                0.0,
                0.0,
                0.0,
                0.0,
                0.0,
                0.0,
                0.0,
                0.0,
                0.0,
                0.0005328037705369209,
                0.0017854372750815987,
                -0.00016880842573802426,
                -0.004515157684838462,
                -0.003770605263697393,
                -0.009778154625438002
            ],
            [
                0.0,
                0.0,
                0.0,
                0.0,
                0.0,
                0.0,
                0.0,
                0.0,
                0.0,
                0.0,
                0.0,
                0.0,
                0.0,
                0.004404080196118714,
                -0.0021211058189881346,
                -0.007041741721577786,
                -0.0004998888269762202,
                -0.005589375559673589
            ],
            [
                0.0,
                0.0,
                0.0,
                0.0,
                0.0,
                0.0,
                0.0,
                0.0,
                0.0,
                0.0,
                0.0,
                0.0,
                0.0,
                0.0,
                0.003758932468561589,
                -0.004085149327324082,
                0.0005593843955666789,
                -0.007011689020681711
            ],
            [
                0.0,
                0.0,
                0.0,
                0.0,
                0.0,
                0.0,
                0.0,
                0.0,
                0.0,
                0.0,
                0.0,
                0.0,
                0.0,
                0.0,
                0.0,
                0.01259140747948686,
                0.0027101310081096416,
                -0.005437854466505013
            ],
            [
                0.0,
                0.0,
                0.0,
                0.0,
                0.0,
                0.0,
                0.0,
                0.0,
                0.0,
                0.0,
                0.0,
                0.0,
                0.0,
                0.0,
                0.0,
                0.0,
                0.013442256057321626,
                -0.00872896001867384
            ],
            [
                0.0,
                0.0,
                0.0,
                0.0,
                0.0,
                0.0,
                0.0,
                0.0,
                0.0,
                0.0,
                0.0,
                0.0,
                0.0,
                0.0,
                0.0,
                0.0,
                0.0,
                0.015779951666308464
            ]
        ],
        [
            [
                0.004974618668320443,
                -0.16467588221874974,
                -0.2742826605728756,
                0.07070868409807977,
                0.36276908511377726,
                -107.03553783178882,
                -2.799944798941638,
                -5.92713232188282,
                0.005985648330599156,
                -0.01667757574345516,
                -0.0074757232521882174,
                -0.023070302888916223,
                -0.0003925198989981579,
                0.004662991342825206,
                -0.0014713249446295252,
                0.0211923991579175,
                -0.0010834356782537453,
                -0.014431605611368012
            ],
            [
                0.0,
                0.09706304455821628,
                0.3705076708044353,
                -0.0005772037907344941,
                -0.3678926170512016,
                116.43547935680414,
                6.434311119341881,
                3.546606124356002,
                -0.012545916150784748,
                0.0016839675471056735,
                0.004909433694747556,
                0.025270447347421638,
                0.0003706621049219053,
                -0.003331125766913339,
                -0.00023982255298720325,
                -0.015060861212907015,
                -0.006633372595389541,
                0.027483484005962063
            ],
            [
                0.0,
                0.0,
                0.6469307190205974,
                -0.41602908278364875,
                -0.2664654314218924,
                96.80295685063396,
                4.650440066835325,
                -6.679487388401984,
                0.0001376882000465665,
                -0.0036344444563140635,
                0.010081186570524876,
                0.02950387328922054,
                0.0007025688473935384,
                -0.0015377032225484307,
                0.0035755886019572334,
                -0.016981445233049685,
                -0.016137150257518128,
                0.004721126875504175
            ],
            [
                0.0,
                0.0,
                0.0,
                0.23343276313666533,
                -0.07606949803414668,
                -5.608386529610915,
                4.0614629054767395,
                2.077885652821836,
                -0.0037876887936313373,
                0.0004763725669559493,
                -0.0015136366741335591,
                -0.0006764133006321093,
                -4.477777096003268e-05,
                -0.00020961188323279274,
                -0.0006235224823202875,
                0.002620691355095495,
                -0.0010000584955291668,
                0.009280347907929467
            ],
            [
                0.0,
                0.0,
                0.0,
                0.0,
                0.24599722658694936,
                -24.20203998405771,
                -1.4667940063593699,
                0.11202038620402371,
                0.0026875632272608018,
                -0.000346713040697746,
                1.621933136254878e-05,
                -0.006887323626490062,
                -0.0002236624793114753,
                -0.0005469866850487212,
                6.751060973257638e-05,
                0.00624251046730111,
                0.005332223322464558,
                -0.010462004074918497
            ],
            [
                0.0,
                0.0,
                0.0,
                0.0,
                0.0,
                22.524338517967507,
                -1.0649784516045442,
                1.2595190511170062,
                -0.0009121292697968326,
                -7.012283281518501e-05,
                0.0005740082009362302,
                0.0026647763267716664,
                2.798070181466186e-05,
                -0.00038981315188423786,
                -0.00034936735990313296,
                -0.0015564065380058072,
                -0.002120650334951203,
                0.007159928156813771
            ],
            [
                0.0,
                0.0,
                0.0,
                0.0,
                0.0,
                0.0,
                11.812123425654745,
                -0.1289650965159592,
                -0.0013268905911203,
                0.0004625652590132967,
                0.0008637811702914046,
                0.0016615984941624592,
                0.00016930268156192303,
                -0.00035916573637912044,
                0.0003695087373238024,
                -0.002160306915215674,
                -0.0028966766375426913,
                -0.0022973745071437415
            ],
            [
                0.0,
                0.0,
                0.0,
                0.0,
                0.0,
                0.0,
                0.0,
                2.4520601030873315,
                0.0006087836338153267,
                0.00012768097879522762,
                -0.0006497014554185213,
                -0.002214140250639978,
                -8.460601238565004e-05,
                9.111639237213375e-05,
                -0.0003975591796775269,
                0.001413915901043602,
                0.001148498475279787,
                0.0038487803967886787
            ],
            [
                0.0,
                0.0,
                0.0,
                0.0,
                0.0,
                0.0,
                0.0,
                0.0,
                0.00505620460152859,
                0.0008492011403425263,
                -7.374281539298486e-05,
                -0.002146365628497948,
                -3.493200931808867e-05,
                0.00025434554109261446,
                -0.00012632952098455877,
                8.733751140208548e-05,
                0.0018399725625308488,
                -0.0047391439410535184
            ],
            [
                0.0,
                0.0,
                0.0,
                0.0,
                0.0,
                0.0,
                0.0,
                0.0,
                0.0,
                0.0026129032957845112,
                0.000644132318128179,
                -0.001209867029022344,
                8.41020832639229e-06,
                7.168200020351292e-05,
                1.2259951156445309e-05,
                -0.002344644849112179,
                0.0010343862015927215,
                -0.0032756611911000074
            ],
            [
                0.0,
                0.0,
                0.0,
                0.0,
                0.0,
                0.0,
                0.0,
                0.0,
                0.0,
                0.0,
                0.0013400927764555758,
                0.0012773671290953938,
                9.307161336165251e-05,
                0.0003099303874082059,
                0.0003141037170035336,
                -0.002777447330944787,
                -2.2102678894833172e-05,
                -0.0049245785788618775
            ],
            [
                0.0,
                0.0,
                0.0,
                0.0,
                0.0,
                0.0,
                0.0,
                0.0,
                0.0,
                0.0,
                0.0,
                0.002419139554469246,
                2.5523082778865393e-05,
                -0.00030559960722441245,
                0.00034407621875797806,
                -0.0016936607566672727,
                -0.0012211698192702485,
                0.0035304939827152573
            ],
            [
                0.0,
                0.0,
                0.0,
                0.0,
                0.0,
                0.0,
                0.0,
                0.0,
                0.0,
                0.0,
                0.0,
                0.0,
                0.00010656075410738419,
                0.0003570874550163198,
                -3.3761685147604854e-05,
                -0.0009030315369676924,
                -0.0007541210527394786,
                -0.0019556309250876006
            ],
            [
                0.0,
                0.0,
                0.0,
                0.0,
                0.0,
                0.0,
                0.0,
                0.0,
                0.0,
                0.0,
                0.0,
                0.0,
                0.0,
                0.0008808160392237427,
                -0.00042422116379762695,
                -0.0014083483443155572,
                -9.997776539524405e-05,
                -0.001117875111934718
            ],
            [
                0.0,
                0.0,
                0.0,
                0.0,
                0.0,
                0.0,
                0.0,
                0.0,
                0.0,
                0.0,
                0.0,
                0.0,
                0.0,
                0.0,
                0.0007517864937123178,
                -0.0008170298654648164,
                0.0001118768791133358,
                -0.0014023378041363424
            ],
            [
                0.0,
                0.0,
                0.0,
                0.0,
                0.0,
                0.0,
                0.0,
                0.0,
                0.0,
                0.0,
                0.0,
                0.0,
                0.0,
                0.0,
                0.0,
                0.0025182814958973725,
                0.0005420262016219284,
                -0.0010875708933010028
            ],
            [
                0.0,
                0.0,
                0.0,
                0.0,
                0.0,
                0.0,
                0.0,
                0.0,
                0.0,
                0.0,
                0.0,
                0.0,
                0.0,
                0.0,
                0.0,
                0.0,
                0.0026884512114643253,
                -0.001745792003734768
            ],
            [
                0.0,
                0.0,
                0.0,
                0.0,
                0.0,
                0.0,
                0.0,
                0.0,
                0.0,
                0.0,
                0.0,
                0.0,
                0.0,
                0.0,
                0.0,
                0.0,
                0.0,
                0.003155990333261693
            ]
        ]
    ],
    "allnames": [
        "m1_flow_nominal",
        "m2_flow_nominal",
        "tau1",
        "tau2",
        "tau_m",
        "nominalUa.hasValue",
        "workingPressure.hasValue",
        "flowCoefficient.hasValue",
        "waterFlowRateMax",
        "c1",
        "c2",
        "c3",
        "c4",
        "eps_motor",
        "f_motorToAir",
        "kp",
        "Ti",
        "Td"
    ],
    "alpha_count": 5049,
    "cov": [
        [
            0.0019333461636876768,
            -0.06399997796152586,
            -0.10659778466268956,
            0.027480370306771914,
            0.14098733305441594,
            -41.59851442747935,
            -1.0881763802407658,
            -2.3035330545346695,
            0.0023262748380780984,
            -0.0064816077840406435,
            -0.0029053806601197435,
            -0.008966090580860132,
            -0.00015254975134714775,
            0.00181223467064335,
            -0.000571818791931217,
            0.00823625816230272,
            -0.00042106869929417983,
            -0.005608729272511669
        ],
        [
            -0.06399997796152586,
            2.8546391252682666,
            6.338307942780937,
            -0.914065632159172,
            -7.456882547990589,
            2259.980761107417,
            84.81384428184543,
            103.1484478446976,
            -0.17214349514530217,
            0.22733168092834435,
            0.13340592994110984,
            0.4884335186074136,
            0.007860636957969791,
            -0.0852508923360207,
            0.01711045516723891,
            -0.3868539117699576,
            -0.03636246981670631,
            0.39407562645084426
        ],
        [
            -0.10659778466268956,
            6.338307942780937,
            49.298927127216416,
            -22.558595163345178,
            -31.890076533772035,
            10556.487252073406,
            481.28519306010224,
            -107.92274856707142,
            -0.4844564839256682,
            0.22242648242540897,
            0.811818233060693,
            2.7170031722157333,
            0.05464905663913044,
            -0.2740603728279397,
            0.20530163516036,
            -1.7483352193659958,
            -0.9843879709800276,
            1.3433924087673277
        ],
        [
            0.027480370306771914,
            -0.914065632159172,
            -22.558595163345178,
            18.169617484259422,
            9.294025747224516,
            -3845.1230894950513,
            -92.83860376504697,
            222.09068434588363,
            -0.03991985072528483,
            0.03461047898109828,
            -0.3967837102435081,
            -1.0998611973351753,
            -0.025836733210024505,
            0.07206528909476231,
            -0.13570284739363592,
            0.7174773556653244,
            0.5005701483719295,
            -0.06516345641068884
        ],
        [
            0.14098733305441594,
            -7.456882547990589,
            -31.890076533772035,
            9.294025747224516,
            31.582141949809543,
            -8827.077076401534,
            -413.42431175399093,
            -141.06289875971694,
            0.6015257526967669,
            -0.45489860787117725,
            -0.5535360883734328,
            -2.122701101259143,
            -0.04043612301065686,
            0.25064205431869846,
            -0.10423863686149899,
            1.4914047356834659,
            0.6043055184477758,
            -1.5534299784832433
        ],
        [
            -41.59851442747935,
            2259.980761107417,
            10556.487252073406,
            -3845.1230894950513,
            -8827.077076401534,
            2774154.5493392344,
            116233.2237714186,
            32404.341899541858,
            -168.16289240304002,
            127.61577336572454,
            185.05583334729877,
            663.9284604806538,
            12.459141117040584,
            -80.48341685634335,
            36.693870620317746,
            -458.3319462952666,
            -186.6973336656953,
            434.7025822296958
        ],
        [
            -1.0881763802407658,
            84.81384428184543,
            481.28519306010224,
            -92.83860376504697,
            -413.42431175399093,
            116233.2237714186,
            17982.347483419777,
            1075.2568082367004,
            -10.224309262826262,
            3.797779672825314,
            8.033031563101035,
            30.35497062731151,
            0.6927712910387271,
            -3.55601531995687,
            1.6648367293513282,
            -20.12405598285016,
            -12.385382955363722,
            20.115285672374608
        ],
        [
            -2.3035330545346695,
            103.1484478446976,
            -107.92274856707142,
            222.09068434588363,
            -141.06289875971694,
            32404.341899541858,
            1075.2568082367004,
            8146.143802560586,
            -6.870867908579352,
            10.17303970122813,
            -0.760984956227605,
            1.9398535105907657,
            -0.10654989579753225,
            -2.3358864085873825,
            -1.465897727119264,
            -4.505287085723619,
            7.009505224642093,
            14.714043224988195
        ],
        [
            0.0023262748380780984,
            -0.17214349514530217,
            -0.4844564839256682,
            -0.03991985072528483,
            0.6015257526967669,
            -168.16289240304002,
            -10.224309262826262,
            -6.870867908579352,
            0.01901132652104898,
            -0.009403746173382438,
            -0.007938566989912127,
            -0.03780102725951073,
            -0.0006103787042560113,
            0.005546002928391266,
            -0.0002980453474523986,
            0.02546122533709147,
            0.008469821793314411,
            -0.04053966780946743
        ],
        [
            -0.0064816077840406435,
            0.22733168092834435,
            0.22242648242540897,
            0.03461047898109828,
            -0.45489860787117725,
            127.61577336572454,
            3.797779672825314,
            10.17303970122813,
            -0.009403746173382438,
            0.023618531180649525,
            0.007615223378291993,
            0.024801712448484094,
            0.000369616506179754,
            -0.006048616271907,
            0.0008506234770617005,
            -0.02537183083995969,
            0.005190923770410366,
            0.020640485737367622
        ],
        [
            -0.0029053806601197435,
            0.13340592994110984,
            0.811818233060693,
            -0.3967837102435081,
            -0.5535360883734328,
            185.05583334729877,
            8.033031563101035,
            -0.760984956227605,
            -0.007938566989912127,
            0.007615223378291993,
            0.014658169333266087,
            0.046903993668758574,
            0.0009571075430766226,
            -0.005199772302949085,
            0.003720933846235069,
            -0.032526893625735645,
            -0.014805673371399581,
            0.020895142818705838
        ],
        [
            -0.008966090580860132,
            0.4884335186074136,
            2.7170031722157333,
            -1.0998611973351753,
            -2.122701101259143,
            663.9284604806538,
            30.35497062731151,
            1.9398535105907657,
            -0.03780102725951073,
            0.024801712448484094,
            0.046903993668758574,
            0.16543161026276879,
            0.003242985444796867,
            -0.018439698390549077,
            0.010577120711721297,
            -0.11180925422307539,
            -0.0528109438300294,
            0.09809817974555825
        ],
        [
            -0.00015254975134714775,
            0.007860636957969791,
            0.05464905663913044,
            -0.025836733210024505,
            -0.04043612301065686,
            12.459141117040584,
            0.6927712910387271,
            -0.10654989579753225,
            -0.0006103787042560113,
            0.000369616506179754,
            0.0009571075430766226,
            0.003242985444796867,
            6.997340820622313e-05,
            -0.00031580183798811254,
            0.00024522674112699156,
            -0.002210529278832396,
            -0.0011980350326414025,
            0.001573455756213063
        ],
        [
            0.00181223467064335,
            -0.0852508923360207,
            -0.2740603728279397,
            0.07206528909476231,
            0.25064205431869846,
            -80.48341685634335,
            -3.55601531995687,
            -2.3358864085873825,
            0.005546002928391266,
            -0.006048616271907,
            -0.005199772302949085,
            -0.018439698390549077,
            -0.00031580183798811254,
            0.0028905806800406737,
            -0.0009315499780472677,
            0.013327931500753006,
            0.003255818810848181,
            -0.01325557365756447
        ],
        [
            -0.000571818791931217,
            0.01711045516723891,
            0.20530163516036,
            -0.13570284739363592,
            -0.10423863686149899,
            36.693870620317746,
            1.6648367293513282,
            -1.465897727119264,
            -0.0002980453474523986,
            0.0008506234770617005,
            0.003720933846235069,
            0.010577120711721297,
            0.00024522674112699156,
            -0.0009315499780472677,
            0.001312232558739313,
            -0.007171726090639092,
            -0.0042822115478543905,
            0.0015517517564858575
        ],
        [
            0.00823625816230272,
            -0.3868539117699576,
            -1.7483352193659958,
            0.7174773556653244,
            1.4914047356834659,
            -458.3319462952666,
            -20.12405598285016,
            -4.505287085723619,
            0.02546122533709147,
            -0.02537183083995969,
            -0.032526893625735645,
            -0.11180925422307539,
            -0.002210529278832396,
            0.013327931500753006,
            -0.007171726090639092,
            0.08165141629432025,
            0.030842505414454068,
            -0.06444937547779063
        ],
        [
            -0.00042106869929417983,
            -0.03636246981670631,
            -0.9843879709800276,
            0.5005701483719295,
            0.6043055184477758,
            -186.6973336656953,
