8.621559136457030564e-03 -2.150176776562503500e-01 -5.795830635333002606e-02 8.037402453548110615e-02 2.338745148158043463e-01 -6.978186726507132676e+01 2.627420668894973055e+00 -8.529726302914587777e+00 -1.677185390355406998e-04 -2.801893905528775319e-02 -7.204881792351939922e-03 -1.300598249767284838e-02 -1.994795926702835019e-04 5.232828537728943970e-03 -2.116643363814679855e-03 2.094015000468443452e-02 -1.241804120920907487e-02 1.542123315182557415e-03
-2.150176776562503500e-01 7.479632937564080208e+00 2.635185360667665400e+00 1.335314812174310140e+00 -9.482368294547860899e+00 3.016276825685527456e+03 -3.723277594063115714e+01 3.517236463388077254e+02 -2.325705009358991493e-01 7.592067902483038422e-01 1.760228152634104315e-01 5.080723297859627285e-01 3.655871995580186641e-03 -1.846079618425033320e-01 1.256778721339629583e-02 -6.318799364568732368e-01 3.915123146714071245e-01 4.090383918420723575e-01
-5.795830635333002606e-02 2.635185360667665400e+00 1.149652161517157722e+01 -1.563768938220331250e-01 1.484015308679700107e+00 1.257354998626585029e+03 3.238583709533684640e+01 9.179981044667918866e+01 2.351533907627648134e-02 1.918841691133351401e-01 1.278949342065555383e-01 1.715586065255129689e-01 -5.074628880519124058e-03 -1.129109502955418370e-01 2.445084048244356226e-02 -1.941946612616803416e-02 2.026279709054850109e-01 -1.759746343437196617e-02
8.037402453548110615e-02 1.335314812174310140e+00 -1.563768938220331250e-01 2.408554704411698211e+01 -1.168645374015070715e+01 9.782213284425143911e+02 4.130441737275637593e+02 2.746125997191824126e+02 -7.950334795141628108e-01 -1.344656367750119708e-01 -1.641810817719395743e-01 2.483373857809614005e-01 -1.044904601234072439e-03 -3.742121045968963000e-02 -1.215419175625086362e-01 4.773010882375288561e-02 -1.461401990717214050e-01 1.461004937064654507e+00
2.338745148158043463e-01 -9.482368294547860899e+00 1.484015308679700107e+00 -1.168645374015070715e+01 2.926733060123428132e+01 -4.519723687232790326e+03 -1.236594902757279755e+02 -5.349031139717340011e+02 6.500788864994889726e-01 -9.670461483403645087e-01 -8.003785432734659977e-02 -8.201962484879369297e-01 -1.174683084660611831e-02 1.759304651781290474e-01 5.567929794578653502e-02 1.028928335919867099e+00 -2.938647021025962425e-01 -1.404408072344518477e+00
-6.978186726507132676e+01 3.016276825685527456e+03 1.257354998626585029e+03 9.782213284425143911e+02 -4.519723687232790326e+03 1.552018737167555839e+06 -2.688885177790937814e+04 1.622320255843169871e+05 -1.317351541382018638e+02 2.682261310908936593e+02 5.843771608726856215e+01 2.299601541049568425e+02 8.058439336649972917e-01 -7.513743367780958238e+01 -1.126668901337801643e+01 -2.541566356201508086e+02 1.409872072537715439e+02 3.097299800040065634e+02
2.627420668894973055e+00 -3.723277594063115714e+01 3.238583709533684640e+01 4.130441737275637593e+02 -1.236594902757279755e+02 -2.688885177790937814e+04 6.593635628809737682e+04 1.045734751395639705e+03 -1.566247382905879526e+01 -4.720892106572970093e+00 -7.410262548129213922e-01 5.113479301055776638e+00 6.595475274904157859e-01 -9.195908360884235133e-01 1.282028206687138017e-01 -1.620726820623917375e+00 -1.736790927342769209e+01 7.086664892352245282e+00
-8.529726302914587777e+00 3.517236463388077254e+02 9.179981044667918866e+01 2.746125997191824126e+02 -5.349031139717340011e+02 1.622320255843169871e+05 1.045734751395639705e+03 2.186167663630385869e+04 -1.936462809712494959e+01 3.202917234245425959e+01 5.814929342535171131e+00 2.504485395896118405e+01 9.255979741798821270e-02 -8.733066289807807081e+00 -1.471974644502952234e+00 -2.814916338459039835e+01 1.620260541518910458e+01 4.145450027914365165e+01
-1.677185390355406998e-04 -2.325705009358991493e-01 2.351533907627648134e-02 -7.950334795141628108e-01 6.500788864994889726e-01 -1.317351541382018638e+02 -1.566247382905879526e+01 -1.936462809712494959e+01 4.683629875655530989e-02 -6.424132991046400259e-03 3.885367388854386438e-03 -2.454107807170157959e-02 -1.491580072393012747e-05 6.094753981994637144e-03 5.766392159925041484e-03 1.221698382602297468e-02 -1.059453892153652517e-03 -7.896639081854760212e-02
-2.801893905528775319e-02 7.592067902483038422e-01 1.918841691133351401e-01 -1.344656367750119708e-01 -9.670461483403645087e-01 2.682261310908936593e+02 -4.720892106572970093e+00 3.202917234245425959e+01 -6.424132991046400259e-03 9.608674404949978098e-02 2.360910715278114261e-02 4.787800775379850299e-02 7.160527875354284798e-04 -1.814181746014489893e-02 5.633128434280850264e-03 -7.635828600099639485e-02 4.192952794057895616e-02 7.363974963902458412e-03
-7.204881792351939922e-03 1.760228152634104315e-01 1.278949342065555383e-01 -1.641810817719395743e-01 -8.003785432734659977e-02 5.843771608726856215e+01 -7.410262548129213922e-01 5.814929342535171131e+00 3.885367388854386438e-03 2.360910715278114261e-02 8.090438293485869431e-03 1.025926065636064907e-02 1.729165879731781031e-04 -4.724861930269914391e-03 2.503419276891722875e-03 -1.772283088439715465e-02 1.138345387902236529e-02 -1.217537641939263511e-02
-1.300598249767284838e-02 5.080723297859627285e-01 1.715586065255129689e-01 2.483373857809614005e-01 -8.201962484879369297e-01 2.299601541049568425e+02 5.113479301055776638e+00 2.504485395896118405e+01 -2.454107807170157959e-02 4.787800775379850299e-02 1.025926065636064907e-02 4.162147140924009336e-02 3.580072213015907980e-04 -1.286978005285372047e-02 -2.898725496236750150e-04 -4.553706505629791235e-02 2.063246215270262557e-02 4.757689363430540885e-02
-1.994795926702835019e-04 3.655871995580186641e-03 -5.074628880519124058e-03 -1.044904601234072439e-03 -1.174683084660611831e-02 8.058439336649972917e-01 6.595475274904157859e-01 9.255979741798821270e-02 -1.491580072393012747e-05 7.160527875354284798e-04 1.729165879731781031e-04 3.580072213015907980e-04 2.704086096516831848e-05 -4.354619549884123617e-05 8.206184316573036334e-05 -8.264735031131177764e-04 -4.063218727999891577e-05 -4.455016432976474671e-04
5.232828537728943970e-03 -1.846079618425033320e-01 -1.129109502955418370e-01 -3.742121045968963000e-02 1.759304651781290474e-01 -7.513743367780958238e+01 -9.195908360884235133e-01 -8.733066289807807081e+00 6.094753981994637144e-03 -1.814181746014489893e-02 -4.724861930269914391e-03 -1.286978005285372047e-02 -4.354619549884123617e-05 5.512604060819831751e-03 -6.292325597477605890e-04 1.348563083021271820e-02 -9.538744529175699829e-03 -1.139047242804480664e-02
-2.116643363814679855e-03 1.256778721339629583e-02 2.445084048244356226e-02 -1.215419175625086362e-01 5.567929794578653502e-02 -1.126668901337801643e+01 1.282028206687138017e-01 -1.471974644502952234e+00 5.766392159925041484e-03 5.633128434280850264e-03 2.503419276891722875e-03 -2.898725496236750150e-04 8.206184316573036334e-05 -6.292325597477605890e-04 2.057987462897690068e-03 -2.942776878705693957e-03 1.934329522729806095e-03 -1.379378981185725404e-02
2.094015000468443452e-02 -6.318799364568732368e-01 -1.941946612616803416e-02 4.773010882375288561e-02 1.028928335919867099e+00 -2.541566356201508086e+02 -1.620726820623917375e+00 -2.814916338459039835e+01 1.221698382602297468e-02 -7.635828600099639485e-02 -1.772283088439715465e-02 -4.553706505629791235e-02 -8.264735031131177764e-04 1.348563083021271820e-02 -2.942776878705693957e-03 7.523988987425647701e-02 -2.934709456344737274e-02 -1.932468512336428523e-02
-1.241804120920907487e-02 3.915123146714071245e-01 2.026279709054850109e-01 -1.461401990717214050e-01 -2.938647021025962425e-01 1.409872072537715439e+02 -1.736790927342769209e+01 1.620260541518910458e+01 -1.059453892153652517e-03 4.192952794057895616e-02 1.138345387902236529e-02 2.063246215270262557e-02 -4.063218727999891577e-05 -9.538744529175699829e-03 1.934329522729806095e-03 -2.934709456344737274e-02 3.166829173274517129e-02 -1.420993272123736257e-03
1.542123315182557415e-03 4.090383918420723575e-01 -1.759746343437196617e-02 1.461004937064654507e+00 -1.404408072344518477e+00 3.097299800040065634e+02 7.086664892352245282e+00 4.145450027914365165e+01 -7.896639081854760212e-02 7.363974963902458412e-03 -1.217537641939263511e-02 4.757689363430540885e-02 -4.455016432976474671e-04 -1.139047242804480664e-02 -1.379378981185725404e-02 -1.932468512336428523e-02 -1.420993272123736257e-03 1.970577149904770564e-01
5.320157547390503422e-03 -1.599946402839566295e-01 -1.248206322221654396e-01 1.382386534024874006e-02 2.667417968995374755e-01 -7.723565336244341495e+01 -4.270302784130097229e-01 -6.890697932263890380e+00 3.931668482010742226e-03 -1.824267050994531070e-02 -5.520967862980245312e-03 -1.487058879202566436e-02 -2.194237132048476677e-04 4.153874647059541472e-03 -1.007127853979922390e-03 1.697523297675115547e-02 -5.619682618886830648e-03 -9.142816992056761183e-03
-1.599946402839566295e-01 6.486609050655653519e+00 6.382387977958892122e+00 1.997825258731323661e+00 -1.256279978896904304e+01 3.719898420387766237e+03 7.489072091859871705e+01 3.122328695650724057e+02 -3.250937738388385290e-01 6.001772596383474490e-01 1.886768387227390487e-01 6.911369325616184556e-01 8.084071309839471753e-03 -1.727702434223822581e-01 3.866706828836009944e-03 -6.552288595439085261e-01 1.661561243717936676e-01 7.166756405279115505e-01
-1.248206322221654396e-01 6.382387977958892122e+00 1.529474348424065866e+01 2.374418714657209328e+00 -1.374737694426613821e+01 4.719537025664914836e+03 1.969380273492612616e+02 2.959371261635477026e+02 -3.717528019803084116e-01 5.000495794785452253e-01 2.502996163232886206e-01 8.933202827526313117e-01 9.082468515173478321e-03 -2.052044770844666244e-01 7.916065077930420704e-03 -6.335012638863243284e-01 4.853725085233304148e-02 9.283448562264330350e-01
1.382386534024874006e-02 1.997825258731323661e+00 2.374418714657209328e+00 1.269078329239273195e+01 -9.666311577872555461e+00 1.564626050423313018e+03 2.513214365826725896e+02 2.030700558347696187e+02 -4.974644063961253804e-01 4.194038524313705579e-02 -3.268829896866325135e-02 3.369572805276124794e-01 2.611099088089310124e-03 -5.778706715988971704e-02 -6.160149790354570859e-02 -1.423286876924718392e-01 -8.832115211307918490e-02 9.785876916476543563e-01
2.667417968995374755e-01 -1.256279978896904304e+01 -1.374737694426613821e+01 -9.666311577872555461e+00 3.696596053024170203e+01 -8.568437044239271927e+03 -3.337555819466364255e+02 -6.544901968502039153e+02 9.209366106737545410e-01 -1.111723352427954392e+00 -3.272659829052533276e-01 -1.657785899908467364e+00 -2.390155124881056595e-02 3.176362543806949268e-01 3.441312347073398337e-02 1.481421158691901052e+00 -6.019274087073631097e-02 -2.159542640930082857e+00
-7.723565336244341495e+01 3.719898420387766237e+03 4.719537025664914836e+03 1.564626050423313018e+03 -8.568437044239271927e+03 2.559756497621765826e+06 6.305836552774087613e+04 1.906678354698164330e+05 -2.343210759757139670e+02 3.116918945820960971e+02 1.104050956329102178e+02 4.677177842779321963e+02 5.489171626631486944e+00 -1.024930508919860728e+02 -7.499455644398593357e+00 -4.005453217983031777e+02 4.609458583038088619e+01 5.672679500261665453e+02
-4.270302784130097229e-01 7.489072091859871705e+01 1.969380273492612616e+02 2.513214365826725896e+02 -3.337555819466364255e+02 6.305836552774087613e+04 3.660103579031109257e+04 5.040307131438055876e+03 -1.508433441102767603e+01 4.973514887098974491e+00 3.083463308875951103e+00 1.772932767337252358e+01 5.554176641053300001e-01 -3.238720801084941314e+00 -5.148760801744663336e-03 -1.237115123699210706e+01 -9.878468449269989904e+00 2.092498978406166543e+01
-6.890697932263890380e+00 3.122328695650724057e+02 2.959371261635477026e+02 2.030700558347696187e+02 -6.544901968502039153e+02 1.906678354698164330e+05 5.040307131438055876e+03 1.772244951019101427e+04 -1.996975875821515345e+01 2.702018521002810658e+01 7.906611366422117371e+00 3.415383850555377165e+01 3.545390285205437531e-01 -8.352617804218020581e+00 -8.544100453400199635e-01 -3.091479912662449081e+01 6.698036418950551685e+00 4.611103905625429178e+01
3.931668482010742226e-03 -3.250937738388385290e-01 -3.717528019803084116e-01 -4.974644063961253804e-01 9.209366106737545410e-01 -2.343210759757139670e+02 -1.508433441102767603e+01 -1.996975875821515345e+01 3.939483776691091177e-02 -2.000821917315623658e-02 -5.728001343352055047e-03 -4.565206681527736454e-02 -4.932084513359081797e-04 9.186432830433674535e-03 3.041522132677683139e-03 3.202107297798895830e-02 1.928322508931527889e-03 -7.842814129332538464e-02
-1.824267050994531070e-02 6.001772596383474490e-01 5.000495794785452253e-01 4.194038524313705579e-02 -1.111723352427954392e+00 3.116918945820960971e+02 4.973514887098974491e+00 2.702018521002810658e+01 -2.000821917315623658e-02 6.581272370139087946e-02 1.987177004406369754e-02 5.902114096341941341e-02 8.582931991979369981e-04 -1.552676812065078953e-02 2.609624739816904845e-03 -6.544774198560245060e-02 1.857831600871767685e-02 4.506930034941467739e-02
-5.520967862980245312e-03 1.886768387227390487e-01 2.502996163232886206e-01 -3.268829896866325135e-02 -3.272659829052533276e-01 1.104050956329102178e+02 3.083463308875951103e+00 7.906611366422117371e+00 -5.728001343352055047e-03 1.987177004406369754e-02 7.730909783569197592e-03 2.116691534701097346e-02 3.162097692073943074e-04 -5.314088266217522651e-03 1.159132206232401383e-03 -2.128802030158728070e-02 4.603918250216986266e-03 1.272433719073057419e-02
-1.487058879202566436e-02 6.911369325616184556e-01 8.933202827526313117e-01 3.369572805276124794e-01 -1.657785899908467364e+00 4.677177842779321963e+02 1.772932767337252358e+01 3.415383850555377165e+01 -4.565206681527736454e-02 5.902114096341941341e-02 2.116691534701097346e-02 9.058696138121334618e-02 1.187599698425783907e-03 -1.927510836038980394e-02 -5.135121275305864997e-04 -7.685004145604081016e-02 5.391830000825379929e-03 1.053955764751747515e-01
-2.194237132048476677e-04 8.084071309839471753e-03 9.082468515173478321e-03 2.611099088089310124e-03 -2.390155124881056595e-02 5.489171626631486944e+00 5.554176641053300001e-01 3.545390285205437531e-01 -4.932084513359081797e-04 8.582931991979369981e-04 3.162097692073943074e-04 1.187599698425783907e-03 2.837680885580425903e-05 -2.066228192753334213e-04 3.564568359917246886e-05 -1.190880056414616965e-03 -9.996523618691220052e-05 9.580711223388853424e-04
4.153874647059541472e-03 -1.727702434223822581e-01 -2.052044770844666244e-01 -5.778706715988971704e-02 3.176362543806949268e-01 -1.024930508919860728e+02 -3.238720801084941314e+00 -8.352617804218020581e+00 9.186432830433674535e-03 -1.552676812065078953e-02 -5.314088266217522651e-03 -1.927510836038980394e-02 -2.066228192753334213e-04 5.118529355657106331e-03 -2.464054952462027678e-04 1.669825483367151642e-02 -3.869353346461198995e-03 -2.072579215489641843e-02
-1.007127853979922390e-03 3.866706828836009944e-03 7.916065077930420704e-03 -6.160149790354570859e-02 3.441312347073398337e-02 -7.499455644398593357e+00 -5.148760801744663336e-03 -8.544100453400199635e-01 3.041522132677683139e-03 2.609624739816904845e-03 1.159132206232401383e-03 -5.135121275305864997e-04 3.564568359917246886e-05 -2.464054952462027678e-04 1.028159130496229551e-03 -1.172340857809401650e-03 9.753454191118451303e-04 -7.295600401697708258e-03
1.697523297675115547e-02 -6.552288595439085261e-01 -6.335012638863243284e-01 -1.423286876924718392e-01 1.481421158691901052e+00 -4.005453217983031777e+02 -1.237115123699210706e+01 -3.091479912662449081e+01 3.202107297798895830e-02 -6.544774198560245060e-02 -2.128802030158728070e-02 -7.685004145604081016e-02 -1.190880056414616965e-03 1.669825483367151642e-02 -1.172340857809401650e-03 7.956739730203617189e-02 -1.089197896564982927e-02 -7.315784183079575287e-02
-5.619682618886830648e-03 1.661561243717936676e-01 4.853725085233304148e-02 -8.832115211307918490e-02 -6.019274087073631097e-02 4.609458583038088619e+01 -9.878468449269989904e+00 6.698036418950551685e+00 1.928322508931527889e-03 1.857831600871767685e-02 4.603918250216986266e-03 5.391830000825379929e-03 -9.996523618691220052e-05 -3.869353346461198995e-03 9.753454191118451303e-04 -1.089197896564982927e-02 1.641862466000613280e-02 -6.441612128238414017e-03
-9.142816992056761183e-03 7.166756405279115505e-01 9.283448562264330350e-01 9.785876916476543563e-01 -2.159542640930082857e+00 5.672679500261665453e+02 2.092498978406166543e+01 4.611103905625429178e+01 -7.842814129332538464e-02 4.506930034941467739e-02 1.272433719073057419e-02 1.053955764751747515e-01 9.580711223388853424e-04 -2.072579215489641843e-02 -7.295600401697708258e-03 -7.315784183079575287e-02 -6.441612128238414017e-03 1.940614285382560034e-01
3.734332771909903547e-03 -1.184000183364402325e-01 -1.081541709920526145e-01 3.650264767919272728e-03 2.133172222599943324e-01 -6.167588375295655112e+01 -1.161416829249314553e+00 -5.055733502798434031e+00 3.753459030083983270e-03 -1.293632482642516172e-02 -4.153673783366184508e-03 -1.214633666219690558e-02 -1.844099227799641378e-04 3.146237552085957758e-03 -6.874207711984293371e-04 1.292333902038567302e-02 -3.333308418336100674e-03 -8.300241259071781258e-03
-1.184000183364402325e-01 5.053764291308072920e+00 5.798171710132697498e+00 1.681486129826243570e+00 -1.057546158563602567e+01 3.110604388743403433e+03 1.040233728690633370e+02 2.369321469896826500e+02 -2.870051963970373654e-01 4.484804155399911285e-01 1.551064749300010981e-01 5.989679900514793820e-01 7.747229269984598488e-03 -1.385830859429593442e-01 3.564411869055070931e-03 -5.363592908603802556e-01 8.539732231258116701e-02 6.145474259597981659e-01
-1.081541709920526145e-01 5.798171710132697498e+00 1.345135797109792009e+01 2.331148885446892027e+00 -1.381629023714004845e+01 4.477812132859224221e+03 2.450209130149279417e+02 2.583086110308819343e+02 -3.963796493077901273e-01 4.359890868538095487e-01 2.287749248085714504e-01 8.872302242587508658e-01 1.102387688850796008e-02 -1.862286362251360516e-01 7.317761663933782836e-03 -6.326087589314451920e-01 -2.082986998978738485e-02 9.078700717114258634e-01
3.650264767919272728e-03 1.681486129826243570e+00 2.331148885446892027e+00 8.671152514325303429e+00 -7.497506893044151077e+00 1.344267792741335825e+03 1.925399096825519223e+02 1.497221375283444047e+02 -3.668480117507490479e-01 5.108555498530962385e-02 -8.068236104957944577e-03 2.901273789344459564e-01 2.831828206003933306e-03 -4.987948586508769711e-02 -4.091171234150876163e-02 -1.409585844351766426e-01 -7.106277412766683066e-02 7.207863804961422982e-01
2.133172222599943324e-01 -1.057546158563602567e+01 -1.381629023714004845e+01 -7.497506893044151077e+00 3.128383810086282679e+01 -7.612758703963758308e+03 -3.846953764619478875e+02 -5.231551506399814571e+02 8.255325508665524170e-01 -8.871417433328491198e-01 -3.065981697502241365e-01 -1.521634533221400298e+00 -2.303186805852710031e-02 2.821244614563181985e-01 1.997987713997632225e-02 1.287998831909817676e+00 3.579265606540598527e-02 -1.851439172123421795e+00
-6.167588375295655112e+01 3.110604388743403433e+03 4.477812132859224221e+03 1.344267792741335825e+03 -7.612758703963758308e+03 2.250921553980079945e+06 8.863668959050743433e+04 1.519949324749393272e+05 -2.168167177168446642e+02 2.497027387828018448e+02 9.894331553824494563e+01 4.311149550059512308e+02 5.694264340217928932e+00 -8.853367616516109706e+01 -4.135128241087351775e+00 -3.530702467937908864e+02 8.965749571946586727e+00 4.960976152118553273e+02
-1.161416829249314553e+00 1.040233728690633370e+02 2.450209130149279417e+02 1.925399096825519223e+02 -3.846953764619478875e+02 8.863668959050743433e+04 2.836433863297100470e+04 5.486432478532213281e+03 -1.521413478229742644e+01 6.917525882799147929e+00 4.229156563950207115e+00 2.202647241441579240e+01 5.440783715898259709e-01 -3.891560971424900206e+00 7.454088310458543976e-02 -1.562033548865764487e+01 -8.426420064438266522e+00 2.399241940227423697e+01
-5.055733502798434031e+00 2.369321469896826500e+02 2.583086110308819343e+02 1.497221375283444047e+02 -5.231551506399814571e+02 1.519949324749393272e+05 5.486432478532213281e+03 1.295648630826048611e+04 -1.610773387965543790e+01 1.992007668026621658e+01 6.424181868596981815e+00 2.821690553397112566e+01 3.290558109184544278e-01 -6.494407269782468184e+00 -5.344227332775680628e-01 -2.451801672090557460e+01 3.460781539274429441e+00 3.617705092759676688e+01
3.753459030083983270e-03 -2.870051963970373654e-01 -3.963796493077901273e-01 -3.668480117507490479e-01 8.255325508665524170e-01 -2.168167177168446642e+02 -1.521413478229742644e+01 -1.610773387965543790e+01 3.306770227944321600e-02 -1.800734628312583227e-02 -6.628162855683502296e-03 -4.369314047202867840e-02 -5.539325218226946821e-04 8.381530159184856152e-03 1.943505591607260245e-03 3.086933313816047492e-02 3.707181723388954138e-03 -6.552790107933058328e-02
-1.293632482642516172e-02 4.484804155399911285e-01 4.359890868538095487e-01 5.108555498530962385e-02 -8.871417433328491198e-01 2.497027387828018448e+02 6.917525882799147929e+00 1.992007668026621658e+01 -1.800734628312583227e-02 4.707038310893926075e-02 1.519378428546582123e-02 4.853126049467575143e-02 7.288802782240134904e-04 -1.190554875521471039e-02 1.804711084870382716e-03 -5.023492723431978446e-02 1.068966980739645932e-02 3.913523119595654215e-02
-4.153673783366184508e-03 1.551064749300010981e-01 2.287749248085714504e-01 -8.068236104957944577e-03 -3.065981697502241365e-01 9.894331553824494563e+01 4.229156563950207115e+00 6.424181868596981815e+00 -6.628162855683502296e-03 1.519378428546582123e-02 6.334127136950297617e-03 1.966726613718016922e-02 3.056638384377035602e-04 -4.481336371126915484e-03 8.145768723054246313e-04 -1.820401763193362984e-02 2.055246167370898113e-03 1.395282792647463757e-02
-1.214633666219690558e-02 5.989679900514793820e-01 8.872302242587508658e-01 2.901273789344459564e-01 -1.521634533221400298e+00 4.311149550059512308e+02 2.202647241441579240e+01 2.821690553397112566e+01 -4.369314047202867840e-02 4.853126049467575143e-02 1.966726613718016922e-02 8.653590300380668843e-02 1.237660381476635239e-03 -1.727392275133091820e-02 -1.505975951983176155e-04 -7.010418756430292220e-02 -1.165337948681889786e-03 9.606444895164126252e-02
-1.844099227799641378e-04 7.747229269984598488e-03 1.102387688850796008e-02 2.831828206003933306e-03 -2.303186805852710031e-02 5.694264340217928932e+00 5.440783715898259709e-01 3.290558109184544278e-01 -5.539325218226946821e-04 7.288802782240134904e-04 3.056638384377035602e-04 1.237660381476635239e-03 2.652311418971747578e-05 -2.131193221097634806e-04 2.715995723817968459e-05 -1.116296891350361704e-03 -1.473965005582144217e-04 1.077248928410177780e-03
3.146237552085957758e-03 -1.385830859429593442e-01 -1.862286362251360516e-01 -4.987948586508769711e-02 2.821244614563181985e-01 -8.853367616516109706e+01 -3.891560971424900206e+00 -6.494407269782468184e+00 8.381530159184856152e-03 -1.190554875521471039e-02 -4.481336371126915484e-03 -1.727392275133091820e-02 -2.131193221097634806e-04 4.165090723916498559e-03 -1.948822842152892246e-04 1.431343737311845457e-02 -1.768617391875757861e-03 -1.820844812892682962e-02
-6.874207711984293371e-04 3.564411869055070931e-03 7.317761663933782836e-03 -4.091171234150876163e-02 1.997987713997632225e-02 -4.135128241087351775e+00 7.454088310458543976e-02 -5.344227332775680628e-01 1.943505591607260245e-03 1.804711084870382716e-03 8.145768723054246313e-04 -1.505975951983176155e-04 2.715995723817968459e-05 -1.948822842152892246e-04 6.884990290087440517e-04 -9.265543137760915956e-04 6.166030300635563181e-04 -4.698251263647658035e-03
1.292333902038567302e-02 -5.363592908603802556e-01 -6.326087589314451920e-01 -1.409585844351766426e-01 1.287998831909817676e+00 -3.530702467937908864e+02 -1.562033548865764487e+01 -2.451801672090557460e+01 3.086933313816047492e-02 -5.023492723431978446e-02 -1.820401763193362984e-02 -7.010418756430292220e-02 -1.116296891350361704e-03 1.431343737311845457e-02 -9.265543137760915956e-04 6.668476992661501179e-02 -3.824226594981666380e-03 -6.730939874439390014e-02
-3.333308418336100674e-03 8.539732231258116701e-02 -2.082986998978738485e-02 -7.106277412766683066e-02 3.579265606540598527e-02 8.965749571946586727e+00 -8.426420064438266522e+00 3.460781539274429441e+00 3.707181723388954138e-03 1.068966980739645932e-02 2.055246167370898113e-03 -1.165337948681889786e-03 -1.473965005582144217e-04 -1.768617391875757861e-03 6.166030300635563181e-04 -3.824226594981666380e-03 1.179158721795227523e-02 -9.004629109301744844e-03
-8.300241259071781258e-03 6.145474259597981659e-01 9.078700717114258634e-01 7.207863804961422982e-01 -1.851439172123421795e+00 4.960976152118553273e+02 2.399241940227423697e+01 3.617705092759676688e+01 -6.552790107933058328e-02 3.913523119595654215e-02 1.395282792647463757e-02 9.606444895164126252e-02 1.077248928410177780e-03 -1.820844812892682962e-02 -4.698251263647658035e-03 -6.730939874439390014e-02 -9.004629109301744844e-03 1.551190258827571944e-01
2.873330393616200292e-03 -9.302235262983968300e-02 -1.013187474795346488e-01 7.362981349015814726e-03 1.783723729175271111e-01 -5.157551055724130151e+01 -1.243980539054043932e+00 -3.872471446563709119e+00 3.153075996115446613e-03 -9.902726139411821213e-03 -3.446893760859070979e-03 -1.039952811298635975e-02 -1.627268731300248513e-04 2.514955401180908514e-03 -5.765501303517232314e-04 1.052740567311800414e-02 -2.069361330523130163e-03 -7.220672019575442857e-03
-9.302235262983968300e-02 4.041211668362048037e+00 5.495027761624230678e+00 1.027201101326903565e+00 -9.001229509161927211e+00 2.641400966216213419e+03 9.947497085242758885e+01 1.829531729171176266e+02 -2.356459610528178206e-01 3.484884762384169443e-01 1.351270488016046711e-01 5.233781427344887938e-01 7.202850615942237543e-03 -1.129493059468885535e-01 5.939631962094311241e-03 -4.505504977241779896e-01 3.996449274060832890e-02 5.192375084054204892e-01
-1.013187474795346488e-01 5.495027761624230678e+00 1.740102891278133157e+01 -5.133342475118649606e-01 -1.654540232091552809e+01 5.097750539227550689e+03 3.170570517128447818e+02 2.016947006634142951e+02 -3.880873756831826893e-01 3.716404570409448938e-01 2.890530903899198867e-01 1.104131553317406089e+00 1.720443091851295986e-02 -1.862033673286707935e-01 3.109899604690462976e-02 -7.513401028465448439e-01 -1.877883402630020349e-01 9.922003254089216684e-01
7.362981349015814726e-03 1.027201101326903565e+00 -5.133342475118649606e-01 7.451515458350531418e+00 -3.937625580977169193e+00 5.335237214474173015e+02 1.079318275891380807e+02 1.171531861979524081e+02 -2.581898554478551655e-01 3.300496301475829702e-02 -4.194651477921110955e-02 9.128244826975782933e-02 -5.968181549851869468e-04 -2.569997034459047675e-02 -4.017898350639029920e-02 -2.871739171619856063e-02 3.875337320539906649e-03 4.621454790299800441e-01
1.783723729175271111e-01 -9.001229509161927211e+00 -1.654540232091552809e+01 -3.937625580977169193e+00 2.892837823750730308e+01 -7.235925418536750840e+03 -4.082239167503479962e+02 -4.055195832835747183e+02 7.057916688885458312e-01 -7.102215413967011282e-01 -3.296939503025142493e-01 -1.520640583721788230e+00 -2.491954026096004568e-02 2.530941141766244740e-01 -5.255795665344737376e-03 1.208243956715202572e+00 1.701980472329113203e-01 -1.668259395255839994e+00
-5.157551055724130151e+01 2.641400966216213419e+03 5.097750539227550689e+03 5.335237214474173015e+02 -7.235925418536750840e+03 2.120432930273450445e+06 9.861294421042708564e+04 1.179123425508380606e+05 -1.874392111659671230e+02 2.004679489791816707e+02 1.023375464296146760e+02 4.305089437182439838e+02 6.397782881053570847e+00 -7.831543490127859286e+01 2.598790055856139425e+00 -3.332336000919050889e+02 -3.286238610889335376e+01 4.511000405948158800e+02
-1.243980539054043932e+00 9.947497085242758885e+01 3.170570517128447818e+02 1.079318275891380807e+02 -4.082239167503479962e+02 9.861294421042708564e+04 2.423194964097082266e+04 4.367985543353583125e+03 -1.313539836613153255e+01 6.040915616071748317e+00 5.307755686214301605e+00 2.456539656347559131e+01 5.773095280672230212e-01 -3.765097525969910652e+00 4.930675076022719705e-01 -1.684268741166106054e+01 -9.561740796170463241e+00 2.393086912301867741e+01
-3.872471446563709119e+00 1.829531729171176266e+02 2.016947006634142951e+02 1.171531861979524081e+02 -4.055195832835747183e+02 1.179123425508380606e+05 4.367985543353583125e+03 9.965173806264972882e+03 -1.252345751878824487e+01 1.527455450552945138e+01 4.964210741475636013e+00 2.193726142119206912e+01 2.567257190454790283e-01 -5.016052962920391600e+00 -4.191596867410224414e-01 -1.896269302798082990e+01 2.554466456749991732e+00 2.803877641113264119e+01
3.153075996115446613e-03 -2.356459610528178206e-01 -3.880873756831826893e-01 -2.581898554478551655e-01 7.057916688885458312e-01 -1.874392111659671230e+02 -1.313539836613153255e+01 -1.252345751878824487e+01 2.650352715298163672e-02 -1.450465238895355669e-02 -6.463566003736506346e-03 -3.871834154592981164e-02 -5.272727891401636589e-04 7.008159667594710332e-03 1.207470297013122197e-03 2.704259891531579640e-02 4.686769166142265228e-03 -5.386965288715123840e-02
-9.902726139411821213e-03 3.484884762384169443e-01 3.716404570409448938e-01 3.300496301475829702e-02 -7.102215413967011282e-01 2.004679489791816707e+02 6.040915616071748317e+00 1.527455450552945138e+01 -1.450465238895355669e-02 3.594635036145787943e-02 1.214328329619786956e-02 3.946878724040158576e-02 6.006398425573433730e-04 -9.338724429997403639e-03 1.457979893353858426e-03 -3.972118282806853806e-02 7.175046964409449030e-03 3.193280370327452461e-02
-3.446893760859070979e-03 1.351270488016046711e-01 2.890530903899198867e-01 -4.194651477921110955e-02 -3.296939503025142493e-01 1.023375464296146760e+02 5.307755686214301605e+00 4.964210741475636013e+00 -6.463566003736506346e-03 1.214328329619786956e-02 6.643196032322942583e-03 2.183137715349972932e-02 3.728002917598895855e-04 -4.119183498628448646e-03 1.020646772532590035e-03 -1.813108859812534793e-02 -1.207963519311505089e-03 1.550948195147850740e-02
-1.039952811298635975e-02 5.233781427344887938e-01 1.104131553317406089e+00 9.128244826975782933e-02 -1.520640583721788230e+00 4.305089437182439838e+02 2.456539656347559131e+01 2.193726142119206912e+01 -3.871834154592981164e-02 3.946878724040158576e-02 2.183137715349972932e-02 9.166378247128273427e-02 1.465028964354505268e-03 -1.587526773220273094e-02 1.367168893601221000e-03 -6.959173542321145378e-02 -1.100016097747959394e-02 9.147053080164135874e-02
-1.627268731300248513e-04 7.202850615942237543e-03 1.720443091851295986e-02 -5.968181549851869468e-04 -2.491954026096004568e-02 6.397782881053570847e+00 5.773095280672230212e-01 2.567257190454790283e-01 -5.272727891401636589e-04 6.006398425573433730e-04 3.728002917598895855e-04 1.465028964354505268e-03 3.093271184821728861e-05 -2.162706206512945875e-04 5.146193740812469633e-05 -1.176515736238670229e-03 -3.233281923431309025e-04 1.190274712349811146e-03
2.514955401180908514e-03 -1.129493059468885535e-01 -1.862033673286707935e-01 -2.569997034459047675e-02 2.530941141766244740e-01 -7.831543490127859286e+01 -3.765097525969910652e+00 -5.016052962920391600e+00 7.008159667594710332e-03 -9.338724429997403639e-03 -4.119183498628448646e-03 -1.587526773220273094e-02 -2.162706206512945875e-04 3.462513243456268996e-03 -2.927533301990435980e-04 1.261251711968526361e-02 -3.052388158940600436e-04 -1.585881666088635039e-02
-5.765501303517232314e-04 5.939631962094311241e-03 3.109899604690462976e-02 -4.017898350639029920e-02 -5.255795665344737376e-03 2.598790055856139425e+00 4.930675076022719705e-01 -4.191596867410224414e-01 1.207470297013122197e-03 1.457979893353858426e-03 1.020646772532590035e-03 1.367168893601221000e-03 5.146193740812469633e-05 -2.927533301990435980e-04 6.162443888968058758e-04 -1.612264536603139065e-03 -1.652133392196770251e-04 -2.545576794419733904e-03
1.052740567311800414e-02 -4.505504977241779896e-01 -7.513401028465448439e-01 -2.871739171619856063e-02 1.208243956715202572e+00 -3.332336000919050889e+02 -1.684268741166106054e+01 -1.896269302798082990e+01 2.704259891531579640e-02 -3.972118282806853806e-02 -1.813108859812534793e-02 -6.959173542321145378e-02 -1.176515736238670229e-03 1.261251711968526361e-02 -1.612264536603139065e-03 6.087138350156002381e-02 3.475209637231347053e-03 -6.295609001089595702e-02
-2.069361330523130163e-03 3.996449274060832890e-02 -1.877883402630020349e-01 3.875337320539906649e-03 1.701980472329113203e-01 -3.286238610889335376e+01 -9.561740796170463241e+00 2.554466456749991732e+00 4.686769166142265228e-03 7.175046964409449030e-03 -1.207963519311505089e-03 -1.100016097747959394e-02 -3.233281923431309025e-04 -3.052388158940600436e-04 -1.652133392196770251e-04 3.475209637231347053e-03 1.305396333673796566e-02 -1.375730788467250700e-02
-7.220672019575442857e-03 5.192375084054204892e-01 9.922003254089216684e-01 4.621454790299800441e-01 -1.668259395255839994e+00 4.511000405948158800e+02 2.393086912301867741e+01 2.803877641113264119e+01 -5.386965288715123840e-02 3.193280370327452461e-02 1.550948195147850740e-02 9.147053080164135874e-02 1.190274712349811146e-03 -1.585881666088635039e-02 -2.545576794419733904e-03 -6.295609001089595702e-02 -1.375730788467250700e-02 1.309934127455197606e-01
2.315026571524281002e-03 -7.543052385721461806e-02 -9.457683101907607415e-02 1.343498526198638743e-02 1.506943676767001639e-01 -4.392404807285804225e+01 -1.068726723014686630e+00 -3.018114713983456543e+00 2.613410675761448573e-03 -7.915103639937724062e-03 -2.973726432609592133e-03 -9.054965946998732793e-03 -1.453236771841418960e-04 2.071699718709413794e-03 -5.270115851353868392e-04 8.865854043104358026e-03 -1.335844129950099820e-03 -6.109063649144526841e-03
-7.543052385721461806e-02 3.296421508863718763e+00 5.232965533944513581e+00 3.548842774476824169e-01 -7.699416550845596952e+00 2.278299890514014351e+03 8.439877599194959146e+01 1.414648624624912827e+02 -1.942292949339169683e-01 2.783890659018581348e-01 1.214943279101448476e-01 4.642146988121617635e-01 6.704043293562783265e-03 -9.403119236223005106e-02 8.805330949211596578e-03 -3.880525762076023621e-01 1.222058978614523790e-02 4.358078774875974171e-01
-9.457683101907607415e-02 5.232965533944513581e+00 2.473817245884843885e+01 -6.428251223550025095e+00 -1.970719661058689454e+01 6.220458532232322796e+03 3.160184159969253983e+02 9.902183157171288030e+01 -3.851735291101186509e-01 2.938369547874250531e-01 4.045811120830650753e-01 1.472680027158331129e+00 2.594274479355753935e-02 -1.968254748407736177e-01 7.719189171060851506e-02 -9.593334539522988536e-01 -4.047709198045166268e-01 1.059538921253681432e+00
1.343498526198638743e-02 3.548842774476824169e-01 -6.428251223550025095e+00 9.304134809896316582e+00 4.521767475074672804e-01 -7.654652369306253377e+02 5.164659970751895202e+01 1.282934975938000264e+02 -1.648663217076574150e-01 2.822241622867671315e-02 -1.299743916263406129e-01 -2.549250741280805199e-01 -7.251061983633561372e-03 6.106479463054217960e-03 -6.122297598572505606e-02 1.763732094072170686e-01 1.446461985882131207e-01 2.215225578662009531e-01
1.506943676767001639e-01 -7.699416550845596952e+00 -1.970719661058689454e+01 4.521767475074672804e-01 2.701906607182820252e+01 -7.069484369279502971e+03 -3.643112396490236620e+02 -2.870179224485595455e+02 6.093850869508314894e-01 -5.658286887665529008e-01 -3.673845046191038799e-01 -1.568879122339338128e+00 -2.723204581071055064e-02 2.309341389446034065e-01 -3.545166949340081836e-02 1.180988713130811218e+00 2.886327375783291349e-01 -1.493162305766838172e+00
-4.392404807285804225e+01 2.278299890514014351e+03 6.220458532232322796e+03 -7.654652369306253377e+02 -7.069484369279502971e+03 2.120305047841168940e+06 9.125943212326338107e+04 8.195185247030299797e+04 -1.647182031705050633e+02 1.596306722079476970e+02 1.161889814684304696e+02 4.610777573712552453e+02 7.530327218223001218e+00 -7.211258464974200422e+01 1.244086747753222078e+01 -3.374958137549755861e+02 -7.672303934348299492e+01 4.134239952128565392e+02
-1.068726723014686630e+00 8.439877599194959146e+01 3.160184159969253983e+02 5.164659970751895202e+01 -3.643112396490236620e+02 9.125943212326338107e+04 1.977845560724636380e+04 3.136154419365008835e+03 -1.095211806739679083e+01 4.802486242800227068e+00 5.243526840597371397e+00 2.304553383755363072e+01 5.326601335868962339e-01 -3.281322817664030111e+00 6.924507196098774742e-01 -1.554929766147063042e+01 -9.120864153113053874e+00 2.065846073474848410e+01
-3.018114713983456543e+00 1.414648624624912827e+02 9.902183157171288030e+01 1.282934975938000264e+02 -2.870179224485595455e+02 8.195185247030299797e+04 3.136154419365008835e+03 8.326435749610149287e+03 -9.584303139800494975e+00 1.223195869102021760e+01 2.971693111400492970e+00 1.414853117213292322e+01 1.352241831601586342e-01 -3.734863432218288981e+00 -6.363240510286025664e-01 -1.310071384507613246e+01 3.506859750360584727e+00 2.088770228706249199e+01
2.613410675761448573e-03 -1.942292949339169683e-01 -3.851735291101186509e-01 -1.648663217076574150e-01 6.093850869508314894e-01 -1.647182031705050633e+02 -1.095211806739679083e+01 -9.584303139800494975e+00 2.171712588983986877e-02 -1.157186251428875094e-02 -6.367002532355247636e-03 -3.503782385005061589e-02 -5.062057044678632987e-04 5.932580392599330447e-03 6.052465317375674281e-04 2.410875028545610838e-02 5.511635416603207632e-03 -4.491085681932022872e-02
-7.915103639937724062e-03 2.783890659018581348e-01 2.938369547874250531e-01 2.822241622867671315e-02 -5.658286887665529008e-01 1.596306722079476970e+02 4.802486242800227068e+00 1.223195869102021760e+01 -1.157186251428875094e-02 2.874594915181380786e-02 9.656929319973278636e-03 3.137913836842506909e-02 4.764265383309507890e-04 -7.453650420042643061e-03 1.150540581686606027e-03 -3.164927690177486708e-02 5.815365583221446255e-03 2.545589723989904324e-02
-2.973726432609592133e-03 1.214943279101448476e-01 4.045811120830650753e-01 -1.299743916263406129e-01 -3.673845046191038799e-01 1.161889814684304696e+02 5.243526840597371397e+00 2.971693111400492970e+00 -6.367002532355247636e-03 9.656929319973278636e-03 8.091584486559858999e-03 2.690804883368526010e-02 4.933239797346076171e-04 -4.062346406980438598e-03 1.654856213533475529e-03 -2.024244206108406427e-02 -5.045645813601783679e-03 1.666749063372814296e-02
-9.054965946998732793e-03 4.642146988121617635e-01 1.472680027158331129e+00 -2.549250741280805199e-01 -1.568879122339338128e+00 4.610777573712552453e+02 2.304553383755363072e+01 1.414853117213292322e+01 -3.503782385005061589e-02 3.137913836842506909e-02 2.690804883368526010e-02 1.054345126755326795e-01 1.835477459199273730e-03 -1.530610497740685083e-02 3.944608168269971363e-03 -7.518421353610639513e-02 -2.267102036994749631e-02 8.764657667410048758e-02
-1.453236771841418960e-04 6.704043293562783265e-03 2.594274479355753935e-02 -7.251061983633561372e-03 -2.723204581071055064e-02 7.530327218223001218e+00 5.326601335868962339e-01 1.352241831601586342e-01 -5.062057044678632987e-04 4.764265383309507890e-04 4.933239797346076171e-04 1.835477459199273730e-03 3.847049326241739145e-05 -2.267497862059656940e-04 9.997900080303351528e-05 -1.344773300820178942e-03 -5.453998696689696651e-04 1.251318720391567108e-03
2.071699718709413794e-03 -9.403119236223005106e-02 -1.968254748407736177e-01 6.106479463054217960e-03 2.309341389446034065e-01 -7.211258464974200422e+01 -3.281322817664030111e+00 -3.734863432218288981e+00 5.932580392599330447e-03 -7.453650420042643061e-03 -4.062346406980438598e-03 -1.530610497740685083e-02 -2.267497862059656940e-04 2.982402478757786336e-03 -4.665912012194807263e-04 1.166963798752930666e-02 8.819974566122819803e-04 -1.386103662463255073e-02
-5.270115851353868392e-04 8.805330949211596578e-03 7.719189171060851506e-02 -6.122297598572505606e-02 -3.545166949340081836e-02 1.244086747753222078e+01 6.924507196098774742e-01 -6.363240510286025664e-01 6.052465317375674281e-04 1.150540581686606027e-03 1.654856213533475529e-03 3.944608168269971363e-03 9.997900080303351528e-05 -4.665912012194807263e-04 7.461346352690211665e-04 -3.020889221583708539e-03 -1.362261485116080147e-03 -7.474727089066621069e-04
