{
    "R": [
        [
            0.004208259164045815,
            -2.2316008821885633e-05,
            0.00023720457800467228,
            -0.0002935970060918679,
            3.031097422542968e-05,
            -0.0016544711827246835,
            -0.05461602677974334,
            -0.025572217820128522,
            -3.859285657089361e-05,
            9.662846600191258e-07,
            -4.0125443710452504e-06,
            6.0499329868124625e-06,
            6.4380402970330605e-06,
            5.058811582185958e-06,
            -1.2193166572882738e-06,
            -8.931061806818944e-05,
            4.0742727493079176e-05,
            -2.580981323596255e-05
        ],
        [
            0.0,
            0.021437600036270432,
            -9.946567224212327e-05,
            0.00017534736206201526,
            -4.9510010089999046e-05,
            -0.0248192801964704,
            0.05779768729957326,
            -0.031860942505573385,
            2.23765565082382e-05,
            -1.2068651653290126e-06,
            3.79541883062738e-06,
            4.575512501801616e-06,
            6.39952128097564e-08,
            -1.088153835586994e-05,
            8.727750529725119e-07,
            6.780814350749048e-05,
            -1.9294601757551563e-05,
            9.904610473036665e-07
        ],
        [
            0.0,
            0.0,
            0.24073464852850127,
            -0.00025980587686307694,
            -5.219705755647941e-05,
            -0.004861932985503737,
            -0.005324618418281125,
            -0.01583627343713231,
            -1.56049464389368e-05,
            3.19775228547262e-06,
            -6.706323395473958e-06,
            5.923110017650418e-06,
            3.232727767872526e-06,
            -4.434690785687265e-06,
            -1.0095423111120295e-06,
            3.2793390475417194e-05,
            3.0390545868906177e-05,
            -2.9766376215325134e-05
        ],
        [
            0.0,
            0.0,
            0.0,
            0.15000155626969172,
            2.1689662653277494e-05,
            0.001446325930016681,
            0.05438085855977828,
            0.015573911273669826,
            2.9708803991225454e-05,
            -4.9708434983201615e-06,
            8.313834053128857e-06,
            -5.264614400253591e-06,
            -6.068959661847285e-06,
            3.3201532161252073e-06,
            1.3900697480117911e-06,
            2.609906682772744e-05,
            -5.104363281853969e-05,
            2.0145681705066184e-05
        ],
        [
            0.0,
            0.0,
            0.0,
            0.0,
            0.039234357907121535,
            0.018755001064947326,
            -0.07813764765330701,
            0.019602434506931832,
            -1.9567981557887376e-05,
            -3.717602153861115e-06,
            6.284496320504811e-06,
            -7.442183866908492e-06,
            7.217779104865607e-07,
            1.71039774643416e-05,
            2.469212556547077e-07,
            -0.00018266945388701263,
            -3.796877839011543e-06,
            3.339471406239957e-05
        ],
        [
            0.0,
            0.0,
            0.0,
            0.0,
            0.0,
            15.442691942031937,
            -0.0302274998243608,
            0.05062726778473001,
            -2.746873449223347e-06,
            -1.217229058678835e-07,
            -8.832075303406419e-07,
            -8.876777808048852e-06,
            -4.15723625026845e-06,
            1.1026250483183429e-05,
            -1.861553602143914e-07,
            -3.261552583298181e-05,
            -6.3914851028215196e-06,
            1.3541157418490769e-05
        ],
        [
            0.0,
            0.0,
            0.0,
            0.0,
            0.0,
            0.0,
            27.68079933633901,
            -0.02374212927793446,
            2.3983763423273227e-05,
            -4.607447784422284e-06,
            1.4383419344308676e-06,
            8.08218005255201e-06,
            -5.0584132538885336e-06,
            -3.601363451792876e-06,
            3.796637694225748e-07,
            0.00017020236019468,
            -4.0025712906559494e-05,
            -5.7236479314613437e-05
        ],
        [
            0.0,
            0.0,
            0.0,
            0.0,
            0.0,
            0.0,
            0.0,
            30.121244750735727,
            1.7653712662757937e-05,
            1.5986507579636582e-06,
            4.619168212844498e-08,
            -1.1902168565314844e-05,
            -5.690569954082352e-06,
            3.2584154007915624e-06,
            4.324539311116917e-07,
            9.541199261639384e-06,
            -1.6056699985438316e-05,
            3.903100362215991e-05
        ],
        [
            0.0,
            0.0,
            0.0,
            0.0,
            0.0,
            0.0,
            0.0,
            0.0,
            0.02281305921907718,
            1.5834599963956172e-06,
            2.785072865733744e-06,
            -6.5362274744045265e-06,
            -4.548540455454974e-06,
            -1.0429091002981563e-05,
            1.2168941521446412e-06,
            8.058680409359392e-05,
            -2.80353452939115e-05,
            4.1820561533744256e-05
        ],
        [
            0.0,
            0.0,
            0.0,
            0.0,
            0.0,
            0.0,
            0.0,
            0.0,
            0.0,
            0.0019423118892607208,
            -9.018776634612697e-06,
            -5.4207922189824364e-06,
            2.373286828664035e-06,
            -2.3679174080879782e-05,
            -1.3583975059193804e-07,
            7.271895534556252e-05,
            4.017939001237992e-05,
            5.58616806212065e-05
        ],
        [
            0.0,
            0.0,
            0.0,
            0.0,
            0.0,
            0.0,
            0.0,
            0.0,
            0.0,
            0.0,
            0.0034963234449552558,
            -4.6934091509336355e-06,
            -2.3506382719654236e-06,
            4.0304792179704025e-06,
            1.4315069456956392e-06,
            -5.603704520641181e-05,
            -3.840382183287115e-05,
            3.576964800891039e-05
        ],
        [
            0.0,
            0.0,
            0.0,
            0.0,
            0.0,
            0.0,
            0.0,
            0.0,
            0.0,
            0.0,
            0.0,
            0.006290612793977486,
            5.052026374106459e-06,
            -8.533292896911005e-07,
            -8.963286039170123e-07,
            1.5444513457911503e-05,
            1.970809060507234e-05,
            -6.113994025057567e-05
        ],
        [
            0.0,
            0.0,
            0.0,
            0.0,
            0.0,
            0.0,
            0.0,
            0.0,
            0.0,
            0.0,
            0.0,
            0.0,
            0.00331932109189451,
            -3.055059551203115e-06,
            -8.398185795381433e-07,
            -7.309605163305888e-05,
            4.097622194050251e-05,
            -2.0253747852168458e-05
        ],
        [
            0.0,
            0.0,
            0.0,
            0.0,
            0.0,
            0.0,
            0.0,
            0.0,
            0.0,
            0.0,
            0.0,
            0.0,
            0.0,
            0.004950862691631449,
            -1.0933865149610222e-06,
            -0.00015841932579884754,
            -8.916361893389885e-06,
            -5.260167533972441e-05
        ],
        [
            0.0,
            0.0,
            0.0,
            0.0,
            0.0,
            0.0,
            0.0,
            0.0,
            0.0,
            0.0,
            0.0,
            0.0,
            0.0,
            0.0,
            0.0013354117788091494,
            1.2699203493345677e-05,
            -1.9124649192520164e-05,
            3.089246212515753e-05
        ],
        [
            0.0,
            0.0,
            0.0,
            0.0,
            0.0,
            0.0,
            0.0,
            0.0,
            0.0,
            0.0,
            0.0,
            0.0,
            0.0,
            0.0,
            0.0,
            0.036893352162193915,
            -2.5429640379244986e-05,
            -2.1356858324439766e-05
        ],
        [
            0.0,
            0.0,
            0.0,
            0.0,
            0.0,
            0.0,
            0.0,
            0.0,
            0.0,
            0.0,
            0.0,
            0.0,
            0.0,
            0.0,
            0.0,
            0.0,
            0.013691898000091306,
            -2.93705299671739e-05
        ],
        [
            0.0,
            0.0,
            0.0,
            0.0,
            0.0,
            0.0,
            0.0,
            0.0,
            0.0,
            0.0,
            0.0,
            0.0,
            0.0,
            0.0,
            0.0,
            0.0,
            0.0,
            0.047760001080627335
        ]
    ],
    "RDR": [
        [
            [
                0.004208259164045815,
                -2.2316008821885633e-05,
                0.00023720457800467228,
                -0.0002935970060918679,
                3.031097422542968e-05,
                -0.0016544711827246835,
                -0.05461602677974334,
                -0.025572217820128522,
                -3.859285657089361e-05,
                9.662846600191258e-07,
                -4.0125443710452504e-06,
                6.0499329868124625e-06,
                6.4380402970330605e-06,
                5.058811582185958e-06,
                -1.2193166572882738e-06,
                -8.931061806818944e-05,
                4.0742727493079176e-05,
                -2.580981323596255e-05
            ],
            [
                0.0,
                0.021437600036270432,
                -9.946567224212327e-05,
                0.00017534736206201526,
                -4.9510010089999046e-05,
                -0.0248192801964704,
                0.05779768729957326,
                -0.031860942505573385,
                2.23765565082382e-05,
                -1.2068651653290126e-06,
                3.79541883062738e-06,
                4.575512501801616e-06,
                6.39952128097564e-08,
                -1.088153835586994e-05,
                8.727750529725119e-07,
                6.780814350749048e-05,
                -1.9294601757551563e-05,
                9.904610473036665e-07
            ],
            [
                0.0,
                0.0,
                0.24073464852850127,
                -0.00025980587686307694,
                -5.219705755647941e-05,
                -0.004861932985503737,
                -0.005324618418281125,
                -0.01583627343713231,
                -1.56049464389368e-05,
                3.19775228547262e-06,
                -6.706323395473958e-06,
                5.923110017650418e-06,
                3.232727767872526e-06,
                -4.434690785687265e-06,
                -1.0095423111120295e-06,
                3.2793390475417194e-05,
                3.0390545868906177e-05,
                -2.9766376215325134e-05
            ],
            [
                0.0,
                0.0,
                0.0,
                0.15000155626969172,
                2.1689662653277494e-05,
                0.001446325930016681,
                0.05438085855977828,
                0.015573911273669826,
                2.9708803991225454e-05,
                -4.9708434983201615e-06,
                8.313834053128857e-06,
                -5.264614400253591e-06,
                -6.068959661847285e-06,
                3.3201532161252073e-06,
                1.3900697480117911e-06,
                2.609906682772744e-05,
                -5.104363281853969e-05,
                2.0145681705066184e-05
            ],
            [
                0.0,
                0.0,
                0.0,
                0.0,
                0.039234357907121535,
                0.018755001064947326,
                -0.07813764765330701,
                0.019602434506931832,
                -1.9567981557887376e-05,
                -3.717602153861115e-06,
                6.284496320504811e-06,
                -7.442183866908492e-06,
                7.217779104865607e-07,
                1.71039774643416e-05,
                2.469212556547077e-07,
                -0.00018266945388701263,
                -3.796877839011543e-06,
                3.339471406239957e-05
            ],
            [
                0.0,
                0.0,
                0.0,
                0.0,
                0.0,
                15.442691942031937,
                -0.0302274998243608,
                0.05062726778473001,
                -2.746873449223347e-06,
                -1.217229058678835e-07,
                -8.832075303406419e-07,
                -8.876777808048852e-06,
                -4.15723625026845e-06,
                1.1026250483183429e-05,
                -1.861553602143914e-07,
                -3.261552583298181e-05,
                -6.3914851028215196e-06,
                1.3541157418490769e-05
            ],
            [
                0.0,
                0.0,
                0.0,
                0.0,
                0.0,
                0.0,
                27.68079933633901,
                -0.02374212927793446,
                2.3983763423273227e-05,
                -4.607447784422284e-06,
                1.4383419344308676e-06,
                8.08218005255201e-06,
                -5.0584132538885336e-06,
                -3.601363451792876e-06,
                3.796637694225748e-07,
                0.00017020236019468,
                -4.0025712906559494e-05,
                -5.7236479314613437e-05
            ],
            [
                0.0,
                0.0,
                0.0,
                0.0,
                0.0,
                0.0,
                0.0,
                30.121244750735727,
                1.7653712662757937e-05,
                1.5986507579636582e-06,
                4.619168212844498e-08,
                -1.1902168565314844e-05,
                -5.690569954082352e-06,
                3.2584154007915624e-06,
                4.324539311116917e-07,
                9.541199261639384e-06,
                -1.6056699985438316e-05,
                3.903100362215991e-05
            ],
            [
                0.0,
                0.0,
                0.0,
                0.0,
                0.0,
                0.0,
                0.0,
                0.0,
                0.02281305921907718,
                1.5834599963956172e-06,
                2.785072865733744e-06,
                -6.5362274744045265e-06,
                -4.548540455454974e-06,
                -1.0429091002981563e-05,
                1.2168941521446412e-06,
                8.058680409359392e-05,
                -2.80353452939115e-05,
                4.1820561533744256e-05
            ],
            [
                0.0,
                0.0,
                0.0,
                0.0,
                0.0,
                0.0,
                0.0,
                0.0,
                0.0,
                0.0019423118892607208,
                -9.018776634612697e-06,
                -5.4207922189824364e-06,
                2.373286828664035e-06,
                -2.3679174080879782e-05,
                -1.3583975059193804e-07,
                7.271895534556252e-05,
                4.017939001237992e-05,
                5.58616806212065e-05
            ],
            [
                0.0,
                0.0,
                0.0,
                0.0,
                0.0,
                0.0,
                0.0,
                0.0,
                0.0,
                0.0,
                0.0034963234449552558,
                -4.6934091509336355e-06,
                -2.3506382719654236e-06,
                4.0304792179704025e-06,
                1.4315069456956392e-06,
                -5.603704520641181e-05,
                -3.840382183287115e-05,
                3.576964800891039e-05
            ],
            [
                0.0,
                0.0,
                0.0,
                0.0,
                0.0,
                0.0,
                0.0,
                0.0,
                0.0,
                0.0,
                0.0,
                0.006290612793977486,
                5.052026374106459e-06,
                -8.533292896911005e-07,
                -8.963286039170123e-07,
                1.5444513457911503e-05,
                1.970809060507234e-05,
                -6.113994025057567e-05
            ],
            [
                0.0,
                0.0,
                0.0,
                0.0,
                0.0,
                0.0,
                0.0,
                0.0,
                0.0,
                0.0,
                0.0,
                0.0,
                0.00331932109189451,
                -3.055059551203115e-06,
                -8.398185795381433e-07,
                -7.309605163305888e-05,
                4.097622194050251e-05,
                -2.0253747852168458e-05
            ],
            [
                0.0,
                0.0,
                0.0,
                0.0,
                0.0,
                0.0,
                0.0,
                0.0,
                0.0,
                0.0,
                0.0,
                0.0,
                0.0,
                0.004950862691631449,
                -1.0933865149610222e-06,
                -0.00015841932579884754,
                -8.916361893389885e-06,
                -5.260167533972441e-05
            ],
            [
                0.0,
                0.0,
                0.0,
                0.0,
                0.0,
                0.0,
                0.0,
                0.0,
                0.0,
                0.0,
                0.0,
                0.0,
                0.0,
                0.0,
                0.0013354117788091494,
                1.2699203493345677e-05,
                -1.9124649192520164e-05,
                3.089246212515753e-05
            ],
            [
                0.0,
                0.0,
                0.0,
                0.0,
                0.0,
                0.0,
                0.0,
                0.0,
                0.0,
                0.0,
                0.0,
                0.0,
                0.0,
                0.0,
                0.0,
                0.036893352162193915,
                -2.5429640379244986e-05,
                -2.1356858324439766e-05
            ],
            [
                0.0,
                0.0,
                0.0,
                0.0,
                0.0,
                0.0,
                0.0,
                0.0,
                0.0,
                0.0,
                0.0,
                0.0,
                0.0,
                0.0,
                0.0,
                0.0,
                0.013691898000091306,
                -2.93705299671739e-05
            ],
            [
                0.0,
                0.0,
                0.0,
                0.0,
                0.0,
                0.0,
                0.0,
                0.0,
                0.0,
                0.0,
                0.0,
                0.0,
                0.0,
                0.0,
                0.0,
                0.0,
                0.0,
                0.047760001080627335
            ]
        ],
        [
            [
                0.000841651832809163,
                -4.463201764377127e-06,
                4.744091560093446e-05,
                -5.871940121837358e-05,
                6.0621948450859366e-06,
                -0.0003308942365449367,
                -0.010923205355948668,
                -0.005114443564025704,
                -7.718571314178721e-06,
                1.9325693200382516e-07,
                -8.025088742090501e-07,
                1.2099865973624927e-06,
                1.287608059406612e-06,
                1.0117623164371917e-06,
                -2.438633314576548e-07,
                -1.786212361363789e-05,
                8.148545498615836e-06,
                -5.16196264719251e-06
            ],
            [
                0.0,
                0.004287520007254087,
                -1.9893134448424654e-05,
                3.506947241240305e-05,
                -9.902002017999809e-06,
                -0.004963856039294081,
                0.011559537459914653,
                -0.0063721885011146775,
                4.47531130164764e-06,
                -2.4137303306580254e-07,
                7.59083766125476e-07,
                9.151025003603233e-07,
                1.2799042561951281e-08,
                -2.176307671173988e-06,
                1.745550105945024e-07,
                1.3561628701498097e-05,
                -3.858920351510313e-06,
                1.9809220946073332e-07
            ],
            [
                0.0,
                0.0,
                0.04814692970570025,
                -5.196117537261539e-05,
                -1.0439411511295882e-05,
                -0.0009723865971007474,
                -0.001064923683656225,
                -0.0031672546874264625,
                -3.12098928778736e-06,
                6.395504570945241e-07,
                -1.3412646790947917e-06,
                1.1846220035300837e-06,
                6.465455535745052e-07,
                -8.86938157137453e-07,
                -2.019084622224059e-07,
                6.558678095083439e-06,
                6.078109173781236e-06,
                -5.953275243065027e-06
            ],
            [
                0.0,
                0.0,
                0.0,
                0.030000311253938344,
                4.337932530655499e-06,
                0.0002892651860033362,
                0.010876171711955658,
                0.0031147822547339652,
                5.9417607982450914e-06,
                -9.941686996640323e-07,
                1.6627668106257715e-06,
                -1.0529228800507181e-06,
                -1.2137919323694572e-06,
                6.640306432250415e-07,
                2.7801394960235823e-07,
                5.219813365545488e-06,
                -1.0208726563707938e-05,
                4.029136341013237e-06
            ],
            [
                0.0,
                0.0,
                0.0,
                0.0,
                0.007846871581424308,
                0.0037510002129894655,
                -0.0156275295306614,
                0.0039204869013863665,
                -3.913596311577476e-06,
                -7.43520430772223e-07,
                1.2568992641009624e-06,
                -1.4884367733816986e-06,
                1.4435558209731217e-07,
                3.4207954928683202e-06,
                4.9384251130941544e-08,
                -3.653389077740253e-05,
                -7.593755678023086e-07,
                6.678942812479914e-06
            ],
            [
                0.0,
                0.0,
                0.0,
                0.0,
                0.0,
                3.0885383884063877,
                -0.006045499964872161,
                0.010125453556946003,
                -5.493746898446694e-07,
                -2.43445811735767e-08,
                -1.7664150606812838e-07,
                -1.7753555616097706e-06,
                -8.3144725005369e-07,
                2.205250096636686e-06,
                -3.7231072042878284e-08,
                -6.523105166596363e-06,
                -1.278297020564304e-06,
                2.708231483698154e-06
            ],
            [
                0.0,
                0.0,
                0.0,
                0.0,
                0.0,
                0.0,
                5.536159867267802,
                -0.004748425855586893,
                4.796752684654646e-06,
                -9.214895568844568e-07,
                2.8766838688617355e-07,
                1.616436010510402e-06,
                -1.0116826507777068e-06,
                -7.202726903585752e-07,
                7.593275388451496e-08,
                3.4040472038936e-05,
                -8.005142581311899e-06,
                -1.1447295862922688e-05
            ],
            [
                0.0,
                0.0,
                0.0,
                0.0,
                0.0,
                0.0,
                0.0,
                6.024248950147146,
                3.5307425325515875e-06,
                3.1973015159273167e-07,
                9.238336425688997e-09,
                -2.380433713062969e-06,
                -1.1381139908164704e-06,
                6.516830801583125e-07,
                8.649078622233833e-08,
                1.9082398523278766e-06,
                -3.2113399970876635e-06,
                7.806200724431982e-06
            ],
            [
                0.0,
                0.0,
                0.0,
                0.0,
                0.0,
                0.0,
                0.0,
                0.0,
                0.004562611843815436,
                3.1669199927912347e-07,
                5.570145731467488e-07,
                -1.3072454948809054e-06,
                -9.097080910909948e-07,
                -2.085818200596313e-06,
                2.4337883042892826e-07,
                1.6117360818718784e-05,
                -5.6070690587823e-06,
                8.364112306748851e-06
            ],
            [
                0.0,
                0.0,
                0.0,
                0.0,
                0.0,
                0.0,
                0.0,
                0.0,
                0.0,
                0.00038846237785214417,
                -1.8037553269225395e-06,
                -1.0841584437964874e-06,
                4.746573657328071e-07,
                -4.735834816175956e-06,
                -2.716795011838761e-08,
                1.4543791069112505e-05,
                8.035878002475984e-06,
                1.1172336124241302e-05
            ],
            [
                0.0,
                0.0,
                0.0,
                0.0,
                0.0,
                0.0,
                0.0,
                0.0,
                0.0,
                0.0,
                0.0006992646889910512,
                -9.386818301867271e-07,
                -4.7012765439308475e-07,
                8.060958435940806e-07,
                2.863013891391279e-07,
                -1.1207409041282362e-05,
                -7.68076436657423e-06,
                7.153929601782078e-06
            ],
            [
                0.0,
                0.0,
                0.0,
                0.0,
                0.0,
                0.0,
                0.0,
                0.0,
                0.0,
                0.0,
                0.0,
                0.0012581225587954973,
                1.0104052748212918e-06,
                -1.706658579382201e-07,
                -1.7926572078340246e-07,
                3.0889026915823007e-06,
                3.941618121014468e-06,
                -1.2227988050115134e-05
            ],
            [
                0.0,
                0.0,
                0.0,
                0.0,
                0.0,
                0.0,
                0.0,
                0.0,
                0.0,
                0.0,
                0.0,
                0.0,
                0.000663864218378902,
                -6.11011910240623e-07,
                -1.6796371590762866e-07,
                -1.4619210326611776e-05,
                8.195244388100503e-06,
                -4.050749570433692e-06
            ],
            [
                0.0,
                0.0,
                0.0,
                0.0,
                0.0,
                0.0,
                0.0,
                0.0,
                0.0,
                0.0,
                0.0,
                0.0,
                0.0,
                0.0009901725383262897,
                -2.1867730299220445e-07,
                -3.168386515976951e-05,
                -1.783272378677977e-06,
                -1.0520335067944882e-05
            ],
            [
                0.0,
                0.0,
                0.0,
                0.0,
                0.0,
                0.0,
                0.0,
                0.0,
                0.0,
                0.0,
                0.0,
                0.0,
                0.0,
                0.0,
                0.0002670823557618299,
                2.5398406986691355e-06,
                -3.824929838504033e-06,
                6.178492425031507e-06
            ],
            [
                0.0,
                0.0,
                0.0,
                0.0,
                0.0,
                0.0,
                0.0,
                0.0,
                0.0,
                0.0,
                0.0,
                0.0,
                0.0,
                0.0,
                0.0,
                0.007378670432438783,
                -5.085928075848997e-06,
                -4.271371664887953e-06
            ],
            [
                0.0,
                0.0,
                0.0,
                0.0,
                0.0,
                0.0,
                0.0,
                0.0,
                0.0,
                0.0,
                0.0,
                0.0,
                0.0,
                0.0,
                0.0,
                0.0,
                0.0027383796000182616,
                -5.8741059934347806e-06
            ],
            [
                0.0,
                0.0,
                0.0,
                0.0,
                0.0,
                0.0,
                0.0,
                0.0,
                0.0,
                0.0,
                0.0,
                0.0,
                0.0,
                0.0,
                0.0,
                0.0,
                0.0,
                0.009552000216125468
            ]
        ]
    ],
    "allnames": [
        "m1_flow_nominal",
        "m2_flow_nominal",
        "tau1",
        "tau2",
        "tau_m",
        "nominalUa.hasValue",
        "workingPressure.hasValue",
        "flowCoefficient.hasValue",
        "waterFlowRateMax",
        "c1",
        "c2",
        "c3",
        "c4",
        "eps_motor",
        "f_motorToAir",
        "kp",
        "Ti",
        "Td"
    ],
    "alpha_count": 1227,
    "cov": [
        [
            0.018585261261450783,
            -0.015348347892368035,
            -0.38773180937345836,
            0.11916584842312078,
            -0.025768350253223878,
            22.542575378205505,
            12.648078790924448,
            13.012052119533772,
            -0.09891948290213215,
            0.0175311052669827,
            0.0030804476739021746,
            -0.011197734468900341,
            -0.000951280873936126,
            -0.008294997482079411,
            -0.004346898389756105,
            -0.0360234297275815,
            0.0003635452582588207,
            -0.036548324214822236
        ],
        [
            -0.015348347892368035,
            0.0625409518513017,
            0.5069714206666325,
            0.1513314009242117,
            0.057016516401085425,
            -18.627564792964375,
            -55.48801553214064,
            -17.68430802443561,
            0.03929709029710487,
            -0.022242121599574057,
            -0.002442996403888085,
            -0.00013170034660170123,
            -0.003162417981330293,
            0.009528968230342294,
            0.0030549312194999827,
            0.11777429950911117,
            -0.0007276604303401349,
            0.025970150192113666
        ],
        [
            -0.38773180937345836,
            0.5069714206666325,
            14.998090410454827,
            -2.534160810853468,
            1.1478557713371549,
            -631.9599984288261,
            -495.43331118767213,
            -237.51306991655093,
            1.7067369900214562,
            -0.40145889385492034,
            0.022075952742479945,
            0.3580124000725441,
            -0.030719395322882995,
            0.2131766961831329,
            0.11251691961118522,
            1.1982467630498468,
            -0.026646819882910976,
            -0.12298435294090203
        ],
        [
            0.11916584842312078,
            0.1513314009242117,
            -2.534160810853468,
            5.287878711682167,
            -0.15255424546417445,
            10.683916070899647,
            -277.55356698769896,
            -317.21621853826474,
            -1.5825917304531016,
            0.06392511447817016,
            0.004962612702072896,
            -0.22406523216099644,
            -0.05620954499453609,
            -0.0741463658833342,
            -0.045437877185659635,
            0.6220816223807613,
            0.031517888989723,
            -0.23787848652522628
        ],
        [
            -0.025768350253223878,
            0.057016516401085425,
            1.1478557713371549,
            -0.15255424546417445,
            0.16599774600716688,
            -44.94786050337844,
            -65.13071139445323,
            22.179675782129134,
            0.14439414428845268,
            -0.031049686212538695,
            0.002383583315425538,
            0.01543711979610116,
            -0.001877659332689223,
            0.017837420345777125,
            0.008119575435426882,
            0.10482198560916792,
            0.0030921956149625863,
            0.00021384938280043589
        ],
        [
            22.542575378205505,
            -18.627564792964375,
            -631.9599984288261,
            10.683916070899647,
            -44.94786050337844,
            54996.04187637505,
            26980.72219620272,
            31697.45212084912,
            -88.06342156765513,
            23.455906150910526,
            1.1434404506577431,
            -11.897503155321845,
            2.3751073825107,
            -9.613583175974524,
            -6.072308870002225,
            -76.45216101486456,
            -2.8452917722145306,
            -26.72307232136763
        ],
        [
            12.648078790924448,
            -55.48801553214064,
            -495.43331118767213,
            -277.55356698769896,
            -65.13071139445323,
            26980.72219620272,
            82295.91013446149,
            16947.81985973828,
            -5.8540581407032795,
            19.99715273297493,
            0.9286006161361782,
            4.195357490202257,
            3.30296133502201,
            -8.47556005801635,
            -2.2048825742339613,
            -124.08574320208474,
            -3.6054181205401905,
            0.6883507586563969
        ],
        [
            13.012052119533772,
            -17.68430802443561,
            -237.51306991655093,
            -317.21621853826474,
            22.179675782129134,
            31697.45212084912,
            16947.81985973828,
            132510.85132445738,
            66.23728021137943,
            15.404476581719708,
            4.844061347397289,
            -7.010926344739905,
            4.323554014385828,
            -1.1816537227938702,
            -1.3908247066666963,
            -122.13211346133997,
            14.001518596357805,
            13.525919033978257
        ],
        [
            -0.09891948290213215,
            0.03929709029710487,
            1.7067369900214562,
            -1.5825917304531016,
            0.14439414428845268,
            -88.06342156765513,
            -5.8540581407032795,
            66.23728021137943,
            0.892476895636944,
            -0.09282766416416663,
            -0.02213224451718955,
            0.0706878101611533,
            0.01852870309967617,
            0.04815506207193391,
            0.028763750433713427,
            0.005529191916887738,
            -0.0101551260527039,
            0.3336176625544782
        ],
        [
            0.0175311052669827,
            -0.022242121599574057,
            -0.40145889385492034,
            0.06392511447817016,
            -0.031049686212538695,
            23.455906150910526,
            19.99715273297493,
            15.404476581719708,
            -0.09282766416416663,
            0.019262385233794515,
            0.0032044766967070965,
            -0.008959450804939342,
            0.00013650411941134945,
            -0.008205260615125642,
            -0.0044874808157225575,
            -0.05160344461628636,
            0.0025364685057531512,
            -0.036634932020367876
        ],
        [
            0.0030804476739021746,
            -0.002442996403888085,
            0.022075952742479945,
            0.004962612702072896,
            0.002383583315425538,
            1.1434404506577431,
            0.9286006161361782,
            4.844061347397289,
            -0.02213224451718955,
            0.0032044766967070965,
            0.002344483045785764,
            0.00024274112654713392,
            -0.0007356540473652028,
            -0.0007721522768041371,
            -0.0004284808385404255,
            -0.006806137943507191,
            0.0009979409236296893,
            -0.020406259802968955
        ],
        [
            -0.011197734468900341,
            -0.00013170034660170123,
            0.3580124000725441,
            -0.22406523216099644,
            0.01543711979610116,
            -11.897503155321845,
            4.195357490202257,
            -7.010926344739905,
            0.0706878101611533,
            -0.008959450804939342,
            0.00024274112654713392,
            0.021567754843235414,
            0.0020299368775203463,
            0.005686167547437972,
            0.003513748633223541,
            0.006747790367459415,
            -0.00621010645021386,
            -0.010809160051233377
        ],
        [
            -0.000951280873936126,
            -0.003162417981330293,
            -0.030719395322882995,
            -0.05620954499453609,
            -0.001877659332689223,
            2.3751073825107,
            3.30296133502201,
            4.323554014385828,
            0.01852870309967617,
            0.00013650411941134945,
            -0.0007356540473652028,
            0.0020299368775203463,
            0.0018474641204955405,
            0.0002570184455542632,
            9.937719086811528e-05,
            -0.009704534044070238,
            -0.0002013871842757738,
            0.00597600235803371
        ],
        [
            -0.008294997482079411,
            0.009528968230342294,
            0.2131766961831329,
            -0.0741463658833342,
            0.017837420345777125,
            -9.613583175974524,
            -8.47556005801635,
            -1.1816537227938702,
            0.04815506207193391,
            -0.008205260615125642,
            -0.0007721522768041371,
            0.005686167547437972,
            0.0002570184455542632,
            0.004840399024636157,
            0.0021610299926945117,
            0.01624613297197816,
            0.00032297002959042343,
            0.012287998960221678
        ],
        [
            -0.004346898389756105,
            0.0030549312194999827,
            0.11251691961118522,
            -0.045437877185659635,
            0.008119575435426882,
            -6.072308870002225,
            -2.2048825742339613,
            -1.3908247066666963,
            0.028763750433713427,
            -0.0044874808157225575,
            -0.0004284808385404255,
            0.003513748633223541,
            9.937719086811528e-05,
            0.0021610299926945117,
            0.001392167728382445,
            0.006529869006608903,
            -0.000874645459821538,
            0.006797000661140136
        ],
        [
            -0.0360234297275815,
            0.11777429950911117,
            1.1982467630498468,
            0.6220816223807613,
            0.10482198560916792,
            -76.45216101486456,
