5.398910063951841039e-04 2.323376660176140022e-07 3.087919148675312382e-05 -2.643607177960466913e-05 -4.094168251637431086e-06 -1.634087375085935831e-03 -1.315555049807551032e-03 -3.812275070764638892e-03 -1.895503916270231797e-06 2.788058549848426551e-07 -4.912169942247060638e-07 8.693454528561963666e-07 5.937370661281747388e-07 -6.950299242013029249e-07 -8.531379764192737037e-08 3.344365109942561821e-07 3.508361240347052006e-06 -2.595875728688645452e-06
2.323376660176140022e-07 1.399686974727102143e-02 1.315163473616940681e-05 -1.125928313419951178e-05 -1.743731062941068161e-06 -6.959677131875516851e-04 -5.603028660194787208e-04 -1.623671049354044214e-03 -8.073066018732718037e-07 1.187451027867445781e-07 -2.092122938845008525e-07 3.702594953115680491e-07 2.528762136273042354e-07 -2.960174555646754200e-07 -3.633566329038873911e-08 1.424385362201671632e-07 1.494232307713516002e-06 -1.105599199993510573e-06
3.087919148675312382e-05 1.315163473616940681e-05 1.767878615869644454e+00 -1.496432179352952642e-03 -2.317532336314108909e-04 -9.249864928266435249e-02 -7.446790607374174920e-02 -2.157964746047671412e-01 -1.072963139169815449e-04 1.578199880336270019e-05 -2.780567867008099195e-05 4.920990234380546579e-05 3.360889844890938694e-05 -3.934265093766614531e-05 -4.829246689845965396e-06 1.893101067263846152e-05 1.985932214369436251e-04 -1.469413461423531850e-04
-2.643607177960466913e-05 -1.125928313419951178e-05 -1.496432179352952642e-03 6.860495736536396105e-01 1.984069149629043890e-04 7.918927971290967704e-02 6.375292925291849155e-02 1.847461289549814922e-01 9.185775014909793425e-05 -1.351117153991263873e-05 2.380479804719701534e-05 -4.212922838948870004e-05 -2.877300891151781526e-05 3.368174793806539581e-05 4.134380014093108712e-06 -1.620708097933930186e-05 -1.700182033296492577e-04 1.257983705848457327e-04
-4.094168251637431086e-06 -1.743731062941068161e-06 -2.317532336314108909e-04 1.984069149629043890e-04 4.682879202581131245e-02 1.226408513237435549e-02 9.873449469809598630e-03 2.861172953706176900e-02 1.422605776919645538e-05 -2.092482197139985306e-06 3.686661513631743260e-06 -6.524575616839482312e-06 -4.456090926508247619e-06 5.216309904789644629e-06 6.402935933531289707e-07 -2.509999100869444824e-06 -2.633080799885378207e-05 1.948245939298541134e-05
-1.634087375085935831e-03 -6.959677131875516851e-04 -9.249864928266435249e-02 7.918927971290967704e-02 1.226408513237435549e-02 7.268772440773596827e+03 3.940746480243476402e+00 1.141967382439328915e+01 5.677983895407770661e-03 -8.351632201659049161e-04 1.471441002267421475e-03 -2.604125181960183135e-03 -1.778539981186626076e-03 2.081962839837714265e-03 2.555575669925871647e-04 -1.001804906422061126e-03 -1.050929963846270430e-02 7.775948366794474542e-03
-1.315555049807551032e-03 -5.603028660194787208e-04 -7.446790607374174920e-02 6.375292925291849155e-02 9.873449469809598630e-03 3.940746480243476402e+00 2.326652001739590924e+04 9.193639089247374940e+00 4.571175630028237284e-03 -6.723650206556497887e-04 1.184613301920277783e-03 -2.096503580953596856e-03 -1.431849538285335805e-03 1.676126239771074528e-03 2.057417815592320538e-04 -8.065232763310555475e-04 -8.460723961344601002e-03 6.260184306510095317e-03
-3.812275070764638892e-03 -1.623671049354044214e-03 -2.157964746047671412e-01 1.847461289549814922e-01 2.861172953706176900e-02 1.141967382439328915e+01 9.193639089247374940e+00 2.766025800832651294e+04 1.324655999837693991e-02 -1.948409841971003456e-03 3.432826136821492003e-03 -6.075343132624806512e-03 -4.149278512282376409e-03 4.857154613384287618e-03 5.962078629607357131e-04 -2.337179718019471563e-03 -2.451786950547870519e-02 1.814104592095304447e-02
-1.895503916270231797e-06 -8.073066018732718037e-07 -1.072963139169815449e-04 9.185775014909793425e-05 1.422605776919645538e-05 5.677983895407770661e-03 4.571175630028237284e-03 1.324655999837693991e-02 1.586180904515733028e-02 -9.687702008382990280e-07 1.706837850217044767e-06 -3.020725547557621447e-06 -2.063065629770956190e-06 2.415029194038013973e-06 2.964409225923223403e-07 -1.162070738941904667e-06 -1.219054680042172748e-05 9.019921949521764382e-06
2.788058549848426551e-07 1.187451027867445781e-07 1.578199880336270019e-05 -1.351117153991263873e-05 -2.092482197139985306e-06 -8.351632201659049161e-04 -6.723650206556497887e-04 -1.948409841971003456e-03 -9.687702008382990280e-07 1.145541289638908779e-04 -2.510553431546753305e-07 4.443124394163962545e-07 3.034521700856943937e-07 -3.552217821749579700e-07 -4.360289850441284229e-08 1.709266454912329347e-07 1.793082986666733453e-06 -1.326722160501430652e-06
-4.912169942247060638e-07 -2.092122938845008525e-07 -2.780567867008099195e-05 2.380479804719701534e-05 3.686661513631743260e-06 1.471441002267421475e-03 1.184613301920277783e-03 3.432826136821492003e-03 1.706837850217044767e-06 -2.510553431546753305e-07 3.724046280162548388e-04 -7.828164907033044170e-07 -5.346403607218462528e-07 6.258511900067964713e-07 7.682222004981575655e-08 -3.011488874065428922e-07 -3.159161901939885057e-06 2.337499231815813354e-06
8.693454528561963666e-07 3.702594953115680491e-07 4.920990234380546579e-05 -4.212922838948870004e-05 -6.524575616839482312e-06 -2.604125181960183135e-03 -2.096503580953596856e-03 -6.075343132624806512e-03 -3.020725547557621447e-06 4.443124394163962545e-07 -7.828164907033044170e-07 1.206418407755578117e-03 9.461952089839911042e-07 -1.107618206604960002e-06 -1.359583411482600398e-07 5.329669351378749803e-07 5.591017954545027621e-06 -4.136856729562480904e-06
5.937370661281747388e-07 2.528762136273042354e-07 3.360889844890938694e-05 -2.877300891151781526e-05 -4.456090926508247619e-06 -1.778539981186626076e-03 -1.431849538285335805e-03 -4.149278512282376409e-03 -2.063065629770956190e-06 3.034521700856943937e-07 -5.346403607218462528e-07 9.461952089839911042e-07 3.360185757222746436e-04 -7.564702641730648205e-07 -9.285549987500119786e-08 3.640005516477137770e-07 3.818498832765650814e-06 -2.825350002732823880e-06
-6.950299242013029249e-07 -2.960174555646754200e-07 -3.934265093766614531e-05 3.368174793806539581e-05 5.216309904789644629e-06 2.081962839837714265e-03 1.676126239771074528e-03 4.857154613384287618e-03 2.415029194038013973e-06 -3.552217821749579700e-07 6.258511900067964713e-07 -1.107618206604960002e-06 -7.564702641730648205e-07 7.434562919071634581e-04 1.086968537447921331e-07 -4.260998516914688078e-07 -4.469943188163599053e-06 3.307360968798983900e-06
-8.531379764192737037e-08 -3.633566329038873911e-08 -4.829246689845965396e-06 4.134380014093108712e-06 6.402935933531289707e-07 2.555575669925871647e-04 2.057417815592320538e-04 5.962078629607357131e-04 2.964409225923223403e-07 -4.360289850441284229e-08 7.682222004981575655e-08 -1.359583411482600398e-07 -9.285549987500119786e-08 1.086968537447921331e-07 5.439995059064574128e-05 -5.230306675534225582e-08 -5.486782875775150509e-07 4.059732028734949943e-07
3.344365109942561821e-07 1.424385362201671632e-07 1.893101067263846152e-05 -1.620708097933930186e-05 -2.509999100869444824e-06 -1.001804906422061126e-03 -8.065232763310555475e-04 -2.337179718019471563e-03 -1.162070738941904667e-06 1.709266454912329347e-07 -3.011488874065428922e-07 5.329669351378749803e-07 3.640005516477137770e-07 -4.260998516914688078e-07 -5.230306675534225582e-08 4.122478718717814683e-02 2.150860203479528830e-06 -1.591445525564669425e-06
3.508361240347052006e-06 1.494232307713516002e-06 1.985932214369436251e-04 -1.700182033296492577e-04 -2.633080799885378207e-05 -1.050929963846270430e-02 -8.460723961344601002e-03 -2.451786950547870519e-02 -1.219054680042172748e-05 1.793082986666733453e-06 -3.159161901939885057e-06 5.591017954545027621e-06 3.818498832765650814e-06 -4.469943188163599053e-06 -5.486782875775150509e-07 2.150860203479528830e-06 5.713803347073348297e-03 -1.669484525303734521e-05
-2.595875728688645452e-06 -1.105599199993510573e-06 -1.469413461423531850e-04 1.257983705848457327e-04 1.948245939298541134e-05 7.775948366794474542e-03 6.260184306510095317e-03 1.814104592095304447e-02 9.019921949521764382e-06 -1.326722160501430652e-06 2.337499231815813354e-06 -4.136856729562480904e-06 -2.825350002732823880e-06 3.307360968798983900e-06 4.059732028734949943e-07 -1.591445525564669425e-06 -1.669484525303734521e-05 6.954373589776118025e-02
1.728807033181081916e-04 -2.339078029797057847e-07 7.925352469054371701e-06 -8.624708895732878698e-06 5.367030758786054841e-07 -4.544407897378596544e-04 -9.932184661580810252e-04 -1.706926153398431864e-03 -1.391100978440581497e-06 -2.361828892586622684e-08 -9.723328296503621579e-08 3.719329542591067346e-07 2.626811052281923752e-07 1.374880492695889472e-07 -4.096181901334348703e-08 -2.705317979453813845e-06 1.303047515183742990e-06 -1.488298267625510081e-06
-2.339078029797057847e-07 4.479820439107475884e-03 9.425155495025147571e-06 -3.162472213611319456e-06 -5.483517657167233196e-06 -4.053119695407967639e-04 1.346872423856185870e-03 7.792518264607129191e-04 1.834033438602195000e-06 3.389330685920569091e-07 -2.268513135627990987e-07 -1.315284575992456363e-07 -1.129315377898802955e-07 -1.054574434351919574e-06 2.480762306024486612e-08 7.546099590343788699e-06 -2.898511107670086919e-09 1.400078993930058350e-06
7.925352469054371701e-06 9.425155495025147571e-06 5.657542583944197290e-01 -4.760631844961689244e-04 -1.054151668956472109e-04 -3.075824180823066509e-02 -1.414566364290624143e-02 -6.081337323755504204e-02 -2.105800753143341757e-05 6.959772777020199703e-06 -9.912458792096676087e-06 1.416076032262878037e-05 9.524790749823917481e-06 -1.868021743848328930e-05 -1.314166183717845486e-06 5.365128271089185890e-05 6.049738604630505121e-05 -3.589232124493363000e-05
-8.624708895732878698e-06 -3.162472213611319456e-06 -4.760631844961689244e-04 2.195360995916863789e-01 6.085107821559049577e-05 2.524272975054856621e-02 2.121867096709091974e-02 5.981468281243942919e-02 3.051558927723042056e-05 -4.162331734322574783e-06 7.531857879388698373e-06 -1.361531122204339705e-05 -9.311230247245868281e-06 1.026386473392016744e-05 1.342523784661780008e-06 -1.167428359253037218e-06 -5.466357698781549879e-05 4.119521640309699480e-05
5.367030758786054841e-07 -5.483517657167233196e-06 -1.054151668956472109e-04 6.085107821559049577e-05 1.501472347654635511e-02 5.018522698741063361e-03 -5.984153374489242436e-03 1.374162946227240828e-03 -7.983575907870030792e-06 -2.472567981046471668e-06 2.137752297776565903e-06 -5.899836174239630034e-07 -2.645343611584810200e-07 7.419910527370370728e-06 -1.339733943764667195e-08 -4.574066183958450609e-05 -5.543752206286271542e-06 -4.273485468520428952e-06
-4.544407897378596544e-04 -4.053119695407967639e-04 -3.075824180823066509e-02 2.524272975054856621e-02 5.018522698741063361e-03 2.326047739118426762e+03 9.220591135524093263e-01 3.365811309061276013e+00 1.352215064729345726e-03 -3.340932735037099562e-04 5.063775000534240364e-04 -7.777896300496848180e-04 -5.260760520692169895e-04 8.794215753629650847e-04 7.368578112638169981e-05 -1.986529146249258262e-03 -3.256128514767805699e-03 2.098748618638004645e-03
-9.932184661580810252e-04 1.346872423856185870e-03 -1.414566364290624143e-02 2.121867096709091974e-02 -5.984153374489242436e-03 9.220591135524093263e-01 7.448119559986843342e+03 5.353083718629005006e+00 5.347018631137741285e-03 3.434930564274555893e-04 8.223438309590607126e-05 -1.134998171612071685e-03 -8.180552217220246787e-04 -1.245486437031571598e-03 1.334747407196324571e-04 1.366574703097875494e-02 -3.600449873739833880e-03 5.259114340987737675e-03
-1.706926153398431864e-03 7.792518264607129191e-04 -6.081337323755504204e-02 5.981468281243942919e-02 1.374162946227240828e-03 3.365811309061276013e+00 5.353083718629005006e+00 8.853334514299667717e+03 7.544533185325468481e-03 -1.480594515004719921e-04 8.458809492232603495e-04 -2.339090559027826033e-03 -1.634026162713437137e-03 3.787191015381498267e-05 2.483484204552534194e-04 1.110180067552010187e-02 -8.605709767939194454e-03 8.575988042784549875e-03
-1.391100978440581497e-06 1.834033438602195000e-06 -2.105800753143341757e-05 3.051558927723042056e-05 -7.983575907870030792e-06 1.352215064729345726e-03 5.347018631137741285e-03 7.544533185325468481e-03 5.081104173984715873e-03 4.559000764498421621e-07 1.392191901568540361e-07 -1.602934605715677404e-06 -1.153552121218703822e-06 -1.670094943453674531e-06 1.875916371716899619e-07 1.871765408099079289e-05 -5.125299065862748981e-06 7.350138613661579672e-06
-2.361828892586622684e-08 3.389330685920569091e-07 6.959772777020199703e-06 -4.162331734322574783e-06 -2.472567981046471668e-06 -3.340932735037099562e-04 3.434930564274555893e-04 -1.480594515004719921e-04 4.559000764498421621e-07 3.676747751946039735e-05 -1.388698783370107255e-07 5.066399722734593130e-08 2.614575881950279518e-08 -4.650208587989337114e-07 -6.159884669573726276e-10 2.800239857884786844e-06 3.976985546755409263e-07 2.174482079426057253e-07
-9.723328296503621579e-08 -2.268513135627990987e-07 -9.912458792096676087e-06 7.531857879388698373e-06 2.137752297776565903e-06 5.063775000534240364e-04 8.223438309590607126e-05 8.458809492232603495e-04 1.392191901568540361e-07 -1.388698783370107255e-07 1.192005823754343054e-04 -2.018737237710896666e-07 -1.333804697980482655e-07 3.869641998903023587e-07 1.749644981174175708e-08 -1.555228157900571698e-06 -9.173664189257565513e-07 4.068696700051923223e-07
3.719329542591067346e-07 -1.315284575992456363e-07 1.416076032262878037e-05 -1.361531122204339705e-05 -5.899836174239630034e-07 -7.777896300496848180e-04 -1.134998171612071685e-03 -2.339090559027826033e-03 -1.602934605715677404e-06 5.066399722734593130e-08 -2.018737237710896666e-07 3.861299204404836810e-04 3.617339717810543771e-07 -6.254217550359330549e-08 -5.458677657556964673e-08 -2.110402370410641645e-06 1.935416731492256111e-06 -1.857156506183939735e-06
2.626811052281923752e-07 -1.129315377898802955e-07 9.524790749823917481e-06 -9.311230247245868281e-06 -2.645343611584810200e-07 -5.260760520692169895e-04 -8.180552217220246787e-04 -1.634026162713437137e-03 -1.153552121218703822e-06 2.614575881950279518e-08 -1.333804697980482655e-07 3.617339717810543771e-07 1.075716535803132465e-04 -1.574275565630354288e-08 -3.830496555068634417e-08 -1.652106087627067790e-06 1.335349568165314968e-06 -1.317666261478751713e-06
1.374880492695889472e-07 -1.054574434351919574e-06 -1.868021743848328930e-05 1.026386473392016744e-05 7.419910527370370728e-06 8.794215753629650847e-04 -1.245486437031571598e-03 3.787191015381498267e-05 -1.670094943453674531e-06 -4.650208587989337114e-07 3.869641998903023587e-07 -6.254217550359330549e-08 -1.574275565630354288e-08 2.390266646943839369e-04 -7.755964024363682014e-09 -8.893425059611932817e-06 -8.687387090123624039e-07 -9.893392885095263183e-07
-4.096181901334348703e-08 2.480762306024486612e-08 -1.314166183717845486e-06 1.342523784661780008e-06 -1.339733943764667195e-08 7.368578112638169981e-05 1.334747407196324571e-04 2.483484204552534194e-04 1.875916371716899619e-07 -6.159884669573726276e-10 1.749644981174175708e-08 -5.458677657556964673e-08 -3.830496555068634417e-08 -7.755964024363682014e-09 1.740959893117244127e-05 3.156739689364184429e-07 -1.968965406301519793e-07 2.076401552356673348e-07
-2.705317979453813845e-06 7.546099590343788699e-06 5.365128271089185890e-05 -1.167428359253037218e-06 -4.574066183958450609e-05 -1.986529146249258262e-03 1.366574703097875494e-02 1.110180067552010187e-02 1.871765408099079289e-05 2.800239857884786844e-06 -1.555228157900571698e-06 -2.110402370410641645e-06 -1.652106087627067790e-06 -8.893425059611932817e-06 3.156739689364184429e-07 1.326036204448452667e-02 -3.700556349752075189e-06 1.549198001834686445e-05
1.303047515183742990e-06 -2.898511107670086919e-09 6.049738604630505121e-05 -5.466357698781549879e-05 -5.543752206286271542e-06 -3.256128514767805699e-03 -3.600449873739833880e-03 -8.605709767939194454e-03 -5.125299065862748981e-06 3.976985546755409263e-07 -9.173664189257565513e-07 1.935416731492256111e-06 1.335349568165314968e-06 -8.687387090123624039e-07 -1.968965406301519793e-07 -3.700556349752075189e-06 1.828698552902502123e-03 -6.368605207806056286e-06
-1.488298267625510081e-06 1.400078993930058350e-06 -3.589232124493363000e-05 4.119521640309699480e-05 -4.273485468520428952e-06 2.098748618638004645e-03 5.259114340987737675e-03 8.575988042784549875e-03 7.350138613661579672e-06 2.174482079426057253e-07 4.068696700051923223e-07 -1.857156506183939735e-06 -1.317666261478751713e-06 -9.893392885095263183e-07 2.076401552356673348e-07 1.549198001834686445e-05 -6.368605207806056286e-06 2.225773710971994460e-02
5.533404915777507524e-05 -1.724653472506474692e-07 2.420015150456876254e-06 -3.307611168961848010e-06 4.329686639520987676e-07 -9.747255064593157996e-05 -6.839086451400922797e-04 -4.342681493099860568e-04 -4.496676112671278726e-07 8.882743860159860207e-09 -3.135752446467110040e-08 8.415818349327330988e-08 9.088878227933055896e-08 3.710296054194808291e-08 -1.225318798925720287e-08 -1.220575050734128252e-06 4.878151044945238389e-07 -2.404598661321000962e-07
-1.724653472506474692e-07 1.434322038565925871e-03 3.943141113995689715e-06 3.361671820708949838e-06 -3.840713066123787185e-06 -5.125899727252322116e-04 3.354300912281170041e-03 -6.445958056065998528e-04 6.229473670574894835e-07 -2.282690131160512876e-08 -7.065296396020491566e-08 2.362864078514835724e-07 -9.068530056330660646e-08 -2.824184255939187648e-07 1.114124944672122645e-09 5.248573187609217714e-06 -5.666156700691439251e-07 -1.434907433792296813e-06
2.420015150456876254e-06 3.943141113995689715e-06 1.810424653167852505e-01 -1.471384291358854908e-04 -3.621381009055973758e-05 -1.029802548451451069e-02 -1.049800891362369804e-03 -2.052350113346661578e-02 -6.695678628697681649e-06 2.070983682634898676e-06 -3.169680132600089220e-06 4.862527559823300089e-06 2.983057643084132876e-06 -5.912201670183976652e-06 -4.286496364353535671e-07 2.053879894078109879e-05 1.868636571375799365e-05 -1.372499758197232977e-05
-3.307611168961848010e-06 3.361671820708949838e-06 -1.471384291358854908e-04 7.027609192736727906e-02 7.768138952835134734e-06 5.929326364285078185e-03 2.319224333719172026e-02 1.412482461065686992e-02 9.967297870452285476e-06 -2.068572051781037992e-06 2.421076560755956246e-06 -2.794970520436965795e-06 -3.285651023459880917e-06 3.593289310508707602e-06 3.913172638610259949e-07 1.552662848013917397e-05 -2.066634779230414705e-05 2.617576901234071730e-06
4.329686639520987676e-07 -3.840713066123787185e-06 -3.621381009055973758e-05 7.768138952835134734e-06 4.810293750308564618e-03 2.630566154317676240e-03 -9.737874401280169345e-03 2.832017506849973925e-03 -2.651234272571573111e-06 -4.398932734788861883e-07 6.788906240444211077e-07 -9.337457148327273784e-07 6.132087724453448192e-08 2.227066320717452194e-06 1.397516005955348109e-08 -2.222050169975336680e-05 -2.601824833847698499e-07 3.671334887152899962e-06
-9.747255064593157996e-05 -5.125899727252322116e-04 -1.029802548451451069e-02 5.929326364285078185e-03 2.630566154317676240e-03 7.445233524995028347e+02 -1.140869520214887078e+00 1.516171799983119461e+00 4.149977536690247697e-04 -4.242230032149166892e-05 1.610881373027325922e-04 -3.856309840593059174e-04 -1.415506989081483948e-04 2.543765574783452845e-04 2.693155933518633896e-05 -2.027664901751371259e-03 -7.640945994821296203e-04 1.596497795858560151e-03
-6.839086451400922797e-04 3.354300912281170041e-03 -1.049800891362369804e-03 2.319224333719172026e-02 -9.737874401280169345e-03 -1.140869520214887078e+00 2.394361330914402970e+03 -1.639560740398919636e+00 1.846266975266688858e-03 -3.824337813325660862e-04 3.358842193064874918e-05 6.807744894999344940e-04 -4.663425815848035519e-04 -1.921224381118245709e-04 1.711912664567981352e-05 1.500053807444657814e-02 -3.273608070832435303e-03 -5.378525650168243348e-03
-4.342681493099860568e-04 -6.445958056065998528e-04 -2.052350113346661578e-02 1.412482461065686992e-02 2.832017506849973925e-03 1.516171799983119461e+00 -1.639560740398919636e+00 2.834092265903621410e+03 2.372899537614992817e-03 1.031838877096224896e-04 2.684576654474967968e-04 -1.067760026847239339e-03 -4.603316723087640745e-04 -5.100902489670194081e-05 8.729786368757505989e-05 3.026480461159813473e-04 -2.105075621652906757e-03 4.903731102985005655e-03
-4.496676112671278726e-07 6.229473670574894835e-07 -6.695678628697681649e-06 9.967297870452285476e-06 -2.651234272571573111e-06 4.149977536690247697e-04 1.846266975266688858e-03 2.372899537614992817e-03 1.625955003521759165e-03 1.398152486516089844e-07 4.463985285414325995e-08 -5.000624628900486450e-07 -3.716598287986720698e-07 -5.318841877235413306e-07 5.971365661319058694e-08 6.120731289493795651e-06 -1.666262320630284142e-06 2.264946926063672613e-06
8.882743860159860207e-09 -2.282690131160512876e-08 2.070983682634898676e-06 -2.068572051781037992e-06 -4.398932734788861883e-07 -4.242230032149166892e-05 -3.824337813325660862e-04 1.031838877096224896e-04 1.398152486516089844e-07 1.178770431514152344e-05 -4.476501033604455315e-08 -3.067238974459932715e-08 1.755365311752814229e-08 -1.580775909640997457e-07 9.522559266040100395e-10 4.187957650852862201e-07 2.225384923778467487e-07 3.867128029869820599e-07
-3.135752446467110040e-08 -7.065296396020491566e-08 -3.169680132600089220e-06 2.421076560755956246e-06 6.788906240444211077e-07 1.610881373027325922e-04 3.358842193064874918e-05 2.684576654474967968e-04 4.463985285414325995e-08 -4.476501033604455315e-08 3.814419118566874300e-05 -6.390697003300691666e-08 -4.281746835451003199e-08 1.239655015098202399e-07 5.581884474391755010e-09 -4.906222259557172864e-07 -2.949647335010305817e-07 1.255134002525143541e-07
8.415818349327330988e-08 2.362864078514835724e-07 4.862527559823300089e-06 -2.794970520436965795e-06 -9.337457148327273784e-07 -3.856309840593059174e-04 6.807744894999344940e-04 -1.067760026847239339e-03 -5.000624628900486450e-07 -3.067238974459932715e-08 -6.390697003300691666e-08 1.236609884224904130e-04 9.627488999907468749e-08 -3.556026409110096976e-10 -1.990487791917826292e-08 3.366897647060349662e-07 4.173139540288603372e-07 -1.266725838541141191e-06
9.088878227933055896e-08 -9.068530056330660646e-08 2.983057643084132876e-06 -3.285651023459880917e-06 6.132087724453448192e-08 -1.415506989081483948e-04 -4.663425815848035519e-04 -4.603316723087640745e-04 -3.716598287986720698e-07 1.755365311752814229e-08 -4.281746835451003199e-08 9.627488999907468749e-08 3.442674621483348080e-05 -8.889612604653090581e-09 -1.178004153219388790e-08 -7.269772560928124317e-07 4.668972195909433904e-07 -2.898905610762279697e-07
3.710296054194808291e-08 -2.824184255939187648e-07 -5.912201670183976652e-06 3.593289310508707602e-06 2.227066320717452194e-06 2.543765574783452845e-04 -1.921224381118245709e-04 -5.100902489670194081e-05 -5.318841877235413306e-07 -1.580775909640997457e-07 1.239655015098202399e-07 -3.556026409110096976e-10 -8.889612604653090581e-09 7.649241981305382584e-05 -2.963817418793884529e-09 -2.645781587740844614e-06 -3.179432815613821937e-07 -4.495546158726207646e-07
-1.225318798925720287e-08 1.114124944672122645e-09 -4.286496364353535671e-07 3.913172638610259949e-07 1.397516005955348109e-08 2.693155933518633896e-05 1.711912664567981352e-05 8.729786368757505989e-05 5.971365661319058694e-08 9.522559266040100395e-10 5.581884474391755010e-09 -1.990487791917826292e-08 -1.178004153219388790e-08 -2.963817418793884529e-09 5.571131403175840227e-06 7.620625880809145167e-08 -5.805443189395282858e-08 8.292946417776590796e-08
-1.220575050734128252e-06 5.248573187609217714e-06 2.053879894078109879e-05 1.552662848013917397e-05 -2.222050169975336680e-05 -2.027664901751371259e-03 1.500053807444657814e-02 3.026480461159813473e-04 6.120731289493795651e-06 4.187957650852862201e-07 -4.906222259557172864e-07 3.366897647060349662e-07 -7.269772560928124317e-07 -2.645781587740844614e-06 7.620625880809145167e-08 4.253618052233507259e-03 -3.240705467973194462e-06 -1.887862350952790695e-06
4.878151044945238389e-07 -5.666156700691439251e-07 1.868636571375799365e-05 -2.066634779230414705e-05 -2.601824833847698499e-07 -7.640945994821296203e-04 -3.273608070832435303e-03 -2.105075621652906757e-03 -1.666262320630284142e-06 2.225384923778467487e-07 -2.949647335010305817e-07 4.173139540288603372e-07 4.668972195909433904e-07 -3.179432815613821937e-07 -5.805443189395282858e-08 -3.240705467973194462e-06 5.855940614688910032e-04 -6.714939124518968312e-07
-2.404598661321000962e-07 -1.434907433792296813e-06 -1.372499758197232977e-05 2.617576901234071730e-06 3.671334887152899962e-06 1.596497795858560151e-03 -5.378525650168243348e-03 4.903731102985005655e-03 2.264946926063672613e-06 3.867128029869820599e-07 1.255134002525143541e-07 -1.266725838541141191e-06 -2.898905610762279697e-07 -4.495546158726207646e-07 8.292946417776590796e-08 -1.887862350952790695e-06 -6.714939124518968312e-07 7.127024232338958001e-03
1.770944519177558099e-05 -9.391154862962746465e-08 9.982183391417824736e-07 -1.235532291422518032e-06 1.275564350553209631e-07 -6.962443516350867645e-06 -2.298383951996265274e-04 -1.076145199865315383e-04 -1.624087423311687586e-07 4.066376275602380452e-09 -1.688582662059162649e-08 2.545968593361661196e-08 2.709294207848561746e-08 2.128879019991516655e-08 -5.131200496907088121e-09 -3.758422269320539693e-07 1.714559563409718120e-07 -1.086143830725503658e-07
-9.391154862962746465e-08 4.595711933193517731e-04 -2.137598758320748532e-06 3.765578528678608103e-06 -1.062052214069327577e-06 -5.320288808465506837e-04 1.240262515085111938e-03 -6.824514723746210156e-04 4.805609071403124547e-07 -2.589385632902820190e-08 8.145421483670145286e-08 9.795299661667261201e-08 1.228232412387322854e-09 -2.333869595363718422e-07 1.873741278854016720e-08 1.455636916256306201e-06 -4.145391704036741561e-07 2.180907980346649150e-08
9.982183391417824736e-07 -2.137598758320748532e-06 5.795323716157281535e-02 -6.263136004944874194e-05 -1.255352585679465237e-05 -1.168359510183780529e-03 -1.300524200879163948e-03 -3.815236496961370120e-03 -3.768031397775987249e-06 7.701590213244500987e-07 -1.615773713307575971e-06 1.426877773668967773e-06 7.797503502920914006e-07 -1.065301414830854232e-06 -2.434078520907114821e-07 7.866575860109794409e-06 7.327640890356638816e-06 -7.172018838894351644e-06
-1.235532291422518032e-06 3.765578528678608103e-06 -6.263136004944874194e-05 2.250065132832251152e-02 3.249463594315109646e-06 2.143480516134438265e-04 8.184766556354283393e-03 2.342146479533105310e-03 4.475675507689514856e-06 -7.469603744639401084e-07 1.250673976461596519e-06 -7.922131501544724088e-07 -9.130722438520234469e-07 4.957870072200041721e-07 2.092859370738257723e-07 3.944492034945418999e-06 -7.679865203189692211e-06 3.037368445973181687e-06
1.275564350553209631e-07 -1.062052214069327577e-06 -1.255352585679465237e-05 3.249463594315109646e-06 1.539341405354651381e-03 7.373042274275552364e-04 -3.068740031220796704e-03 7.710556478033638852e-04 -7.685559363575742931e-07 -1.460434217036129032e-07 2.467890171552984444e-07 -2.924558163770415519e-07 2.821009517427189011e-08 6.720591468659928498e-07 9.690472423799706218e-09 -7.174128644748107748e-06 -1.494712526231057485e-07 1.311379475702627417e-06
-6.962443516350867645e-06 -5.320288808465506837e-04 -1.168359510183780529e-03 2.143480516134438265e-04 7.373042274275552364e-04 2.384777306307584865e+02 -4.694990355999980047e-01 7.831215379551257350e-01 -4.315879843442366816e-05 -1.943834852549926964e-06 -1.356416679244182965e-05 -1.373809057728122933e-04 -6.422211666442137847e-05 1.708838400875820290e-04 -2.882834376068448235e-06 -5.087543627474734858e-04 -9.858305801123130440e-05 2.099302188602990965e-04
-2.298383951996265274e-04 1.240262515085111938e-03 -1.300524200879163948e-03 8.184766556354283393e-03 -3.068740031220796704e-03 -4.694990355999980047e-01 7.662429802047699923e+02 -6.597767312879526669e-01 6.706015521717531439e-04 -1.276535476991518523e-04 4.027643356869124930e-05 2.241872399622769506e-04 -1.406468270959580964e-04 -1.020594337168238960e-04 1.069373700645075407e-05 4.736638248700180721e-03 -1.113731853434549559e-03 -1.584649288489507713e-03
-1.076145199865315383e-04 -6.824514723746210156e-04 -3.815236496961370120e-03 2.342146479533105310e-03 7.710556478033638852e-04 7.831215379551257350e-01 -6.597767312879526669e-01 9.072950587903594624e+02 5.316435007180567987e-04 4.806939068628398681e-05 1.653044828527765558e-06 -3.597715934852967635e-04 -1.717956594821337018e-04 9.946580814111713323e-05 1.305346180298220053e-05 2.781304094394933452e-04 -4.847988656849252630e-04 1.179775091035145228e-03
-1.624087423311687586e-07 4.805609071403124547e-07 -3.768031397775987249e-06 4.475675507689514856e-06 -7.685559363575742931e-07 -4.315879843442366816e-05 6.706015521717531439e-04 5.316435007180567987e-04 5.204400645050644278e-04 3.585248943993706367e-08 6.404222551102536076e-08 -1.493375441044638823e-07 -1.044683850292401198e-07 -2.385841842566810460e-07 2.789713591086146732e-08 1.851573825608434361e-06 -6.447183792859919014e-07 9.547618241370003332e-07
4.066376275602380452e-09 -2.589385632902820190e-08 7.701590213244500987e-07 -7.469603744639401084e-07 -1.460434217036129032e-07 -1.943834852549926964e-06 -1.276535476991518523e-04 4.806939068628398681e-05 3.585248943993706367e-08 3.772652927285018461e-06 -1.761390577174845799e-08 -1.052130293464078813e-08 4.661141738089142672e-09 -4.606464536497907738e-08 -2.762391074001266515e-10 1.410916104888173853e-07 7.858372107771157162e-08 1.085458806062061009e-07
-1.688582662059162649e-08 8.145421483670145286e-08 -1.615773713307575971e-06 1.250673976461596519e-06 2.467890171552984444e-07 -1.356416679244182965e-05 4.027643356869124930e-05 1.653044828527765558e-06 6.404222551102536076e-08 -1.761390577174845799e-08 1.222455367294395247e-05 -1.649724764957815025e-08 -8.349720808282737148e-09 1.436483729527004660e-08 5.038440030225542534e-09 -1.966161768005638413e-07 -1.356540510959821783e-07 1.252667478624561348e-07
2.545968593361661196e-08 9.795299661667261201e-08 1.426877773668967773e-06 -7.922131501544724088e-07 -2.924558163770415519e-07 -1.373809057728122933e-04 2.241872399622769506e-04 -3.597715934852967635e-04 -1.493375441044638823e-07 -1.052130293464078813e-08 -1.649724764957815025e-08 3.957236496203735723e-05 3.195695888457371158e-08 -5.546341271014348186e-09 -5.671337373679383375e-09 9.923532739330261969e-08 1.246812000814146769e-07 -3.870816003279386818e-07
2.709294207848561746e-08 1.228232412387322854e-09 7.797503502920914006e-07 -9.130722438520234469e-07 2.821009517427189011e-08 -6.422211666442137847e-05 -1.406468270959580964e-04 -1.717956594821337018e-04 -1.044683850292401198e-07 4.661141738089142672e-09 -8.349720808282737148e-09 3.195695888457371158e-08 1.101811439024327158e-05 -1.019970124448808554e-08 -2.824301534667341221e-09 -2.441480195152841684e-07 1.374127176110411178e-07 -6.802866552296597237e-08
2.128879019991516655e-08 -2.333869595363718422e-07 -1.065301414830854232e-06 4.957870072200041721e-07 6.720591468659928498e-07 1.708838400875820290e-04 -1.020594337168238960e-04 9.946580814111713323e-05 -2.385841842566810460e-07 -4.606464536497907738e-08 1.436483729527004660e-08 -5.546341271014348186e-09 -1.019970124448808554e-08 2.451234956762076911e-05 -5.417941441613271660e-09 -7.922047349566028332e-07 -4.503127185342711135e-08 -2.608130172075948082e-07
-5.131200496907088121e-09 1.873741278854016720e-08 -2.434078520907114821e-07 2.092859370738257723e-07 9.690472423799706218e-09 -2.882834376068448235e-06 1.069373700645075407e-05 1.305346180298220053e-05 2.789713591086146732e-08 -2.762391074001266515e-10 5.038440030225542534e-09 -5.671337373679383375e-09 -2.824301534667341221e-09 -5.417941441613271660e-09 1.783336498396342580e-06 1.738835838173164837e-08 -2.586620033081124115e-08 4.156925287442844863e-08
-3.758422269320539693e-07 1.455636916256306201e-06 7.866575860109794409e-06 3.944492034945418999e-06 -7.174128644748107748e-06 -5.087543627474734858e-04 4.736638248700180721e-03 2.781304094394933452e-04 1.851573825608434361e-06 1.410916104888173853e-07 -1.966161768005638413e-07 9.923532739330261969e-08 -2.441480195152841684e-07 -7.922047349566028332e-07 1.738835838173164837e-08 1.361243018390252474e-03 -9.482375858923887564e-07 -7.872258408349274565e-07
1.714559563409718120e-07 -4.145391704036741561e-07 7.327640890356638816e-06 -7.679865203189692211e-06 -1.494712526231057485e-07 -9.858305801123130440e-05 -1.113731853434549559e-03 -4.847988656849252630e-04 -6.447183792859919014e-07 7.858372107771157162e-08 -1.356540510959821783e-07 1.246812000814146769e-07 1.374127176110411178e-07 -4.503127185342711135e-08 -2.586620033081124115e-08 -9.482375858923887564e-07 1.874825818742303224e-04 -4.056062455110201398e-07
-1.086143830725503658e-07 2.180907980346649150e-08 -7.172018838894351644e-06 3.037368445973181687e-06 1.311379475702627417e-06 2.099302188602990965e-04 -1.584649288489507713e-03 1.179775091035145228e-03 9.547618241370003332e-07 1.085458806062061009e-07 1.252667478624561348e-07 -3.870816003279386818e-07 -6.802866552296597237e-08 -2.608130172075948082e-07 4.156925287442844863e-08 -7.872258408349274565e-07 -4.056062455110201398e-07 2.281041097523256542e-03
1.770944519177558099e-05 -9.391154862962746465e-08 9.982183391417824736e-07 -1.235532291422518032e-06 1.275564350553209631e-07 -6.962443516350867645e-06 -2.298383951996265274e-04 -1.076145199865315383e-04 -1.624087423311687586e-07 4.066376275602380452e-09 -1.688582662059162649e-08 2.545968593361661196e-08 2.709294207848561746e-08 2.128879019991516655e-08 -5.131200496907088121e-09 -3.758422269320539693e-07 1.714559563409718120e-07 -1.086143830725503658e-07
-9.391154862962746465e-08 4.595711933193517731e-04 -2.137598758320748532e-06 3.765578528678608103e-06 -1.062052214069327577e-06 -5.320288808465506837e-04 1.240262515085111938e-03 -6.824514723746210156e-04 4.805609071403124547e-07 -2.589385632902820190e-08 8.145421483670145286e-08 9.795299661667261201e-08 1.228232412387322854e-09 -2.333869595363718422e-07 1.873741278854016720e-08 1.455636916256306201e-06 -4.145391704036741561e-07 2.180907980346649150e-08
9.982183391417824736e-07 -2.137598758320748532e-06 5.795323716157281535e-02 -6.263136004944874194e-05 -1.255352585679465237e-05 -1.168359510183780529e-03 -1.300524200879163948e-03 -3.815236496961370120e-03 -3.768031397775987249e-06 7.701590213244500987e-07 -1.615773713307575971e-06 1.426877773668967773e-06 7.797503502920914006e-07 -1.065301414830854232e-06 -2.434078520907114821e-07 7.866575860109794409e-06 7.327640890356638816e-06 -7.172018838894351644e-06
-1.235532291422518032e-06 3.765578528678608103e-06 -6.263136004944874194e-05 2.250065132832251152e-02 3.249463594315109646e-06 2.143480516134438265e-04 8.184766556354283393e-03 2.342146479533105310e-03 4.475675507689514856e-06 -7.469603744639401084e-07 1.250673976461596519e-06 -7.922131501544724088e-07 -9.130722438520234469e-07 4.957870072200041721e-07 2.092859370738257723e-07 3.944492034945418999e-06 -7.679865203189692211e-06 3.037368445973181687e-06
1.275564350553209631e-07 -1.062052214069327577e-06 -1.255352585679465237e-05 3.249463594315109646e-06 1.539341405354651381e-03 7.373042274275552364e-04 -3.068740031220796704e-03 7.710556478033638852e-04 -7.685559363575742931e-07 -1.460434217036129032e-07 2.467890171552984444e-07 -2.924558163770415519e-07 2.821009517427189011e-08 6.720591468659928498e-07 9.690472423799706218e-09 -7.174128644748107748e-06 -1.494712526231057485e-07 1.311379475702627417e-06
-6.962443516350867645e-06 -5.320288808465506837e-04 -1.168359510183780529e-03 2.143480516134438265e-04 7.373042274275552364e-04 2.384777306307584865e+02 -4.694990355999980047e-01 7.831215379551257350e-01 -4.315879843442366816e-05 -1.943834852549926964e-06 -1.356416679244182965e-05 -1.373809057728122933e-04 -6.422211666442137847e-05 1.708838400875820290e-04 -2.882834376068448235e-06 -5.087543627474734858e-04 -9.858305801123130440e-05 2.099302188602990965e-04
-2.298383951996265274e-04 1.240262515085111938e-03 -1.300524200879163948e-03 8.184766556354283393e-03 -3.068740031220796704e-03 -4.694990355999980047e-01 7.662429802047699923e+02 -6.597767312879526669e-01 6.706015521717531439e-04 -1.276535476991518523e-04 4.027643356869124930e-05 2.241872399622769506e-04 -1.406468270959580964e-04 -1.020594337168238960e-04 1.069373700645075407e-05 4.736638248700180721e-03 -1.113731853434549559e-03 -1.584649288489507713e-03
-1.076145199865315383e-04 -6.824514723746210156e-04 -3.815236496961370120e-03 2.342146479533105310e-03 7.710556478033638852e-04 7.831215379551257350e-01 -6.597767312879526669e-01 9.072950587903594624e+02 5.316435007180567987e-04 4.806939068628398681e-05 1.653044828527765558e-06 -3.597715934852967635e-04 -1.717956594821337018e-04 9.946580814111713323e-05 1.305346180298220053e-05 2.781304094394933452e-04 -4.847988656849252630e-04 1.179775091035145228e-03
-1.624087423311687586e-07 4.805609071403124547e-07 -3.768031397775987249e-06 4.475675507689514856e-06 -7.685559363575742931e-07 -4.315879843442366816e-05 6.706015521717531439e-04 5.316435007180567987e-04 5.204400645050644278e-04 3.585248943993706367e-08 6.404222551102536076e-08 -1.493375441044638823e-07 -1.044683850292401198e-07 -2.385841842566810460e-07 2.789713591086146732e-08 1.851573825608434361e-06 -6.447183792859919014e-07 9.547618241370003332e-07
4.066376275602380452e-09 -2.589385632902820190e-08 7.701590213244500987e-07 -7.469603744639401084e-07 -1.460434217036129032e-07 -1.943834852549926964e-06 -1.276535476991518523e-04 4.806939068628398681e-05 3.585248943993706367e-08 3.772652927285018461e-06 -1.761390577174845799e-08 -1.052130293464078813e-08 4.661141738089142672e-09 -4.606464536497907738e-08 -2.762391074001266515e-10 1.410916104888173853e-07 7.858372107771157162e-08 1.085458806062061009e-07
-1.688582662059162649e-08 8.145421483670145286e-08 -1.615773713307575971e-06 1.250673976461596519e-06 2.467890171552984444e-07 -1.356416679244182965e-05 4.027643356869124930e-05 1.653044828527765558e-06 6.404222551102536076e-08 -1.761390577174845799e-08 1.222455367294395247e-05 -1.649724764957815025e-08 -8.349720808282737148e-09 1.436483729527004660e-08 5.038440030225542534e-09 -1.966161768005638413e-07 -1.356540510959821783e-07 1.252667478624561348e-07
2.545968593361661196e-08 9.795299661667261201e-08 1.426877773668967773e-06 -7.922131501544724088e-07 -2.924558163770415519e-07 -1.373809057728122933e-04 2.241872399622769506e-04 -3.597715934852967635e-04 -1.493375441044638823e-07 -1.052130293464078813e-08 -1.649724764957815025e-08 3.957236496203735723e-05 3.195695888457371158e-08 -5.546341271014348186e-09 -5.671337373679383375e-09 9.923532739330261969e-08 1.246812000814146769e-07 -3.870816003279386818e-07
2.709294207848561746e-08 1.228232412387322854e-09 7.797503502920914006e-07 -9.130722438520234469e-07 2.821009517427189011e-08 -6.422211666442137847e-05 -1.406468270959580964e-04 -1.717956594821337018e-04 -1.044683850292401198e-07 4.661141738089142672e-09 -8.349720808282737148e-09 3.195695888457371158e-08 1.101811439024327158e-05 -1.019970124448808554e-08 -2.824301534667341221e-09 -2.441480195152841684e-07 1.374127176110411178e-07 -6.802866552296597237e-08
2.128879019991516655e-08 -2.333869595363718422e-07 -1.065301414830854232e-06 4.957870072200041721e-07 6.720591468659928498e-07 1.708838400875820290e-04 -1.020594337168238960e-04 9.946580814111713323e-05 -2.385841842566810460e-07 -4.606464536497907738e-08 1.436483729527004660e-08 -5.546341271014348186e-09 -1.019970124448808554e-08 2.451234956762076911e-05 -5.417941441613271660e-09 -7.922047349566028332e-07 -4.503127185342711135e-08 -2.608130172075948082e-07
-5.131200496907088121e-09 1.873741278854016720e-08 -2.434078520907114821e-07 2.092859370738257723e-07 9.690472423799706218e-09 -2.882834376068448235e-06 1.069373700645075407e-05 1.305346180298220053e-05 2.789713591086146732e-08 -2.762391074001266515e-10 5.038440030225542534e-09 -5.671337373679383375e-09 -2.824301534667341221e-09 -5.417941441613271660e-09 1.783336498396342580e-06 1.738835838173164837e-08 -2.586620033081124115e-08 4.156925287442844863e-08
