4.580172689070775675e-03 1.807783248084790415e-06 4.008084079533845223e-05 2.775354304283710781e-05 1.329874437766698739e-05 -2.932486061514327259e-03 -2.391379446623290335e-03 9.131622449766158391e-04 -4.068556689752007190e-07 -2.753777338209157155e-08 5.952105696972329274e-08 -1.604877941524020537e-07 4.475920579451204713e-07 6.028520191229207265e-08 -6.133331068438748289e-07 6.560383017715066933e-08 -9.569322570148551990e-08 6.821243725304815943e-07
1.807783248084790415e-06 3.742363064684345320e-02 1.825069678516731317e-04 1.263749683733730866e-04 6.055545403839854529e-05 -1.335299182188115150e-02 -1.088907825099289309e-02 4.158058293694573936e-03 -1.852605709473138750e-06 -1.253924673640221388e-07 2.710274389287337579e-07 -7.307766031536172556e-07 2.038097697280716912e-06 2.745069511769807500e-07 -2.792794846413016983e-06 2.987251736116369214e-07 -4.357363797806139208e-07 3.106033916901818394e-06
4.008084079533845223e-05 1.825069678516731317e-04 8.883963948042672598e+01 2.801892866999022760e-03 1.342590996555494435e-03 -2.960527153469741934e-01 -2.414246355299549673e-01 9.218941079571950359e-02 -4.107461144835500142e-05 -2.780109577116913607e-06 6.009021071734916567e-06 -1.620224145731467486e-05 4.518720339764033690e-05 6.086166258590235065e-06 -6.191979361005321735e-05 6.623114877169325938e-06 -9.660826587051532524e-06 6.886469993576589156e-05
2.775354304283710781e-05 1.263749683733730866e-04 2.801892866999022760e-03 2.352113139904655981e+00 9.296625587795087110e-04 -2.049984884370654181e-01 -1.671718676760179934e-01 6.383555658618733641e-02 -2.844166874194697177e-05 -1.925056692455703751e-06 4.160881399950726951e-06 -1.121906618606465892e-05 3.128938838597675214e-05 4.214299747007605158e-06 -4.287568880940413266e-05 4.586103988181604372e-06 -6.689534480631537389e-06 4.768461379237394813e-05
1.329874437766698739e-05 6.055545403839854529e-05 1.342590996555494435e-03 9.296625587795087110e-04 7.216657814771434420e-01 -9.822971039498554213e-02 -8.010422063695080142e-02 3.058826571928091598e-02 -1.362847553156112831e-05 -9.224349059134920395e-07 1.993781407956672335e-06 -5.375871943063788393e-06 1.499302547557222882e-05 2.019378029674138612e-06 -2.054486609556769244e-05 2.197536528366492179e-06 -3.205443316775670263e-06 2.284917239553026596e-05
-2.932486061514327259e-03 -1.335299182188115150e-02 -2.960527153469741934e-01 -2.049984884370654181e-01 -9.822971039498554213e-02 7.383895841815316817e+04 1.766366085514128415e+01 -6.744972331246803066e+00 3.005194580858861104e-03 2.034047296065211337e-04 -4.396457306419069579e-04 1.185425412642311096e-03 -3.306089430584117743e-03 -4.452900030842268713e-04 4.530317430727233245e-03 -4.845754648781243324e-04 7.068274703591187740e-04 -5.038436536877412622e-03
-2.391379446623290335e-03 -1.088907825099289309e-02 -2.414246355299549673e-01 -1.671718676760179934e-01 -8.010422063695080142e-02 1.766366085514128415e+01 1.016626448811901901e+04 -5.500380176626315176e+00 2.450671683690272117e-03 1.658721915547033739e-04 -3.585216577328986277e-04 9.666889826012920513e-04 -2.696044975884611273e-03 -3.631244407731480574e-04 3.694376635817951324e-03 -3.951608917278430738e-04 5.764026322609924237e-04 -4.108736861713335221e-03
9.131622449766158391e-04 4.158058293694573936e-03 9.218941079571950359e-02 6.383555658618733641e-02 3.058826571928091598e-02 -6.744972331246803066e+00 -5.500380176626315176e+00 2.337523993404591602e+04 -9.358033329002505771e-04 -6.333926764870483278e-05 1.369035944130051049e-04 -3.691358486804848654e-04 1.029500561365551082e-03 1.386611940696005788e-04 -1.410719351676400623e-03 1.508945004636071292e-04 -2.201027203897322840e-04 1.568945230318090096e-03
-4.068556689752007190e-07 -1.852605709473138750e-06 -4.107461144835500142e-05 -2.844166874194697177e-05 -1.362847553156112831e-05 3.005194580858861104e-03 2.450671683690272117e-03 -9.358033329002505771e-04 5.175657748310324470e-03 2.822054925439128131e-08 -6.099683139159911669e-08 1.644669536917539421e-07 -4.586897256307962834e-07 -6.177992266372353912e-08 6.285401840910116466e-07 -6.723042183196235741e-08 9.806585854819180952e-08 -6.990370712083737123e-07
-2.753777338209157155e-08 -1.253924673640221388e-07 -2.780109577116913607e-06 -1.925056692455703751e-06 -9.224349059134920395e-07 2.034047296065211337e-04 1.658721915547033739e-04 -6.333926764870483278e-05 2.822054925439128131e-08 1.051146575022948719e-05 -4.128532666432846178e-09 1.113184366095813040e-08 -3.104612932868964324e-08 -4.181535713050271247e-09 4.254235216786770041e-08 -4.550449365629580504e-09 6.637526757394053478e-09 -4.731389020854603711e-08
5.952105696972329274e-08 2.710274389287337579e-07 6.009021071734916567e-06 4.160881399950726951e-06 1.993781407956672335e-06 -4.396457306419069579e-04 -3.585216577328986277e-04 1.369035944130051049e-04 -6.099683139159911669e-08 -4.128532666432846178e-09 2.168880404637746687e-03 -2.406073619419179728e-08 6.710413390445224792e-08 9.038110015069556473e-09 -9.195245134294006564e-08 9.835492222679763557e-09 -1.434657053724753081e-08 1.022658119626157677e-07
-1.604877941524020537e-07 -7.307766031536172556e-07 -1.620224145731467486e-05 -1.121906618606465892e-05 -5.375871943063788393e-06 1.185425412642311096e-03 9.666889826012920513e-04 -3.691358486804848654e-04 1.644669536917539421e-07 1.113184366095813040e-08 -2.406073619419179728e-08 1.699472625200800467e-03 -1.809341933277671904e-07 -2.436963342843657500e-08 2.479331993455883651e-07 -2.651963072537351215e-08 3.868293972578292058e-08 -2.757413160091069959e-07
4.475920579451204713e-07 2.038097697280716912e-06 4.518720339764033690e-05 3.128938838597675214e-05 1.499302547557222882e-05 -3.306089430584117743e-03 -2.696044975884611273e-03 1.029500561365551082e-03 -4.586897256307962834e-07 -3.104612932868964324e-08 6.710413390445224792e-08 -1.809341933277671904e-07 4.526221613074298878e-04 6.796563212305123216e-08 -6.914727161283544918e-07 7.396186205315179373e-08 -1.078846942265801533e-07 7.690280980235204446e-07
6.028520191229207265e-08 2.745069511769807500e-07 6.086166258590235065e-06 4.214299747007605158e-06 2.019378029674138612e-06 -4.452900030842268713e-04 -3.631244407731480574e-04 1.386611940696005788e-04 -6.177992266372353912e-08 -4.181535713050271247e-09 9.038110015069556473e-09 -2.436963342843657500e-08 6.796563212305123216e-08 5.817724974154730002e-04 -9.313295794392748834e-08 9.961762521331522760e-09 -1.453075509104032461e-08 1.035787238460299461e-07
-6.133331068438748289e-07 -2.792794846413016983e-06 -6.191979361005321735e-05 -4.287568880940413266e-05 -2.054486609556769244e-05 4.530317430727233245e-03 3.694376635817951324e-03 -1.410719351676400623e-03 6.285401840910116466e-07 4.254235216786770041e-08 -9.195245134294006564e-08 2.479331993455883651e-07 -6.914727161283544918e-07 -9.313295794392748834e-08 3.747988480108543257e-04 -1.013495611367163190e-07 1.478338444937351761e-07 -1.053795267897343591e-06
6.560383017715066933e-08 2.987251736116369214e-07 6.623114877169325938e-06 4.586103988181604372e-06 2.197536528366492179e-06 -4.845754648781243324e-04 -3.951608917278430738e-04 1.508945004636071292e-04 -6.723042183196235741e-08 -4.550449365629580504e-09 9.835492222679763557e-09 -2.651963072537351215e-08 7.396186205315179373e-08 9.961762521331522760e-09 -1.013495611367163190e-07 8.088034542339250788e-04 -1.581272284241957712e-08 1.127168989007799836e-07
-9.569322570148551990e-08 -4.357363797806139208e-07 -9.660826587051532524e-06 -6.689534480631537389e-06 -3.205443316775670263e-06 7.068274703591187740e-04 5.764026322609924237e-04 -2.201027203897322840e-04 9.806585854819180952e-08 6.637526757394053478e-09 -1.434657053724753081e-08 3.868293972578292058e-08 -1.078846942265801533e-07 -1.453075509104032461e-08 1.478338444937351761e-07 -1.581272284241957712e-08 4.227100703200373059e-03 -1.644148461722076520e-07
6.821243725304815943e-07 3.106033916901818394e-06 6.886469993576589156e-05 4.768461379237394813e-05 2.284917239553026596e-05 -5.038436536877412622e-03 -4.108736861713335221e-03 1.568945230318090096e-03 -6.990370712083737123e-07 -4.731389020854603711e-08 1.022658119626157677e-07 -2.757413160091069959e-07 7.690280980235204446e-07 1.035787238460299461e-07 -1.053795267897343591e-06 1.127168989007799836e-07 -1.644148461722076520e-07 1.614888269981834545e-02
1.465670250968150639e-03 6.166688457544272799e-07 8.808401199116637313e-06 8.543680032542075279e-06 2.792714244363539302e-06 -6.485730223119675394e-04 -7.924288172899641904e-04 6.269778960889685684e-04 -1.764866685400375261e-07 -4.550599490902440384e-09 1.857878605094334912e-08 -2.160557861051597331e-08 1.336146611896694540e-07 2.348671996354760349e-08 -1.880078438143756297e-07 8.676347871991913069e-08 -6.449217466805466242e-08 1.391002395892277908e-07
6.166688457544272799e-07 1.197565904049083599e-02 4.817041157249478211e-05 3.958055168742241354e-05 1.565202472859966644e-05 -3.534827944911844450e-03 -3.553746782856452395e-03 2.183171562390004167e-03 -7.107339783578154529e-07 -2.927229297687277430e-08 8.553698458729024279e-08 -1.580789299503425410e-07 6.277039837021049598e-07 9.852734687606230544e-08 -8.726606960851753738e-07 2.630978807645786897e-07 -2.256977341457974800e-07 7.922737689944624693e-07
8.808401199116637313e-06 4.817041157249478211e-05 2.842976132131281375e+01 9.870438400970845110e-04 8.216842735791502622e-04 -1.724097501909055974e-01 -6.996961978180897546e-02 -6.021718645106863971e-02 -7.373193275679680245e-07 -2.031720413427197891e-06 2.048298648152265300e-06 -1.315790127154806071e-05 1.703668559443898914e-05 8.231847032108261865e-07 -2.202769178284348056e-05 -1.550713241391666656e-05 5.985839462098502876e-06 4.325694797550009424e-05
8.543680032542075279e-06 3.958055168742241354e-05 9.870438400970845110e-04 7.526838012665704181e-01 3.304233286425798288e-04 -7.212377618655640976e-02 -5.288297610560803441e-02 1.289138587510856027e-02 -8.059225136510332667e-06 -7.119494564186324332e-07 1.342016224763940719e-06 -4.259821727011808488e-06 1.022904514965384507e-05 1.254131079817722395e-06 -1.390613500659432392e-05 -1.301568608429351578e-08 -1.378188135623699204e-06 1.704150529231460704e-05
2.792714244363539302e-06 1.565202472859966644e-05 8.216842735791502622e-04 3.304233286425798288e-04 2.310758094466215939e-01 -5.971659905696862641e-02 -2.298019730204737057e-02 -2.288077234397269816e-02 1.564976459259676950e-07 -7.110476705913351637e-07 6.836763932946999510e-07 -4.623561234158583904e-06 5.736053410224741767e-06 2.367764374167737993e-07 -7.380309001984938618e-06 -5.715151236598317462e-06 2.279584484431412721e-06 1.503868049930428324e-05
-6.485730223119675394e-04 -3.534827944911844450e-03 -1.724097501909055974e-01 -7.212377618655640976e-02 -5.971659905696862641e-02 2.363407006160046512e+04 5.126736090547917790e+00 4.313904085252453058e+00 6.664592258991391266e-05 1.474802289056547299e-04 -1.497339231381517879e-04 9.545263620714133533e-04 -1.243839094124996698e-03 -6.137874676904584608e-05 1.609374526201966769e-03 1.116524135653427976e-03 -4.286573095900319272e-04 -3.143140698019165468e-03
-7.924288172899641904e-04 -3.553746782856452395e-03 -6.996961978180897546e-02 -5.288297610560803441e-02 -2.298019730204737057e-02 5.126736090547917790e+00 3.253253944500921989e+03 -2.367268556387351008e+00 8.681737785340310496e-04 4.535027162197391383e-05 -1.138782309831863637e-04 2.553835777649491961e-04 -8.452965557210945138e-04 -1.238088909050748829e-04 1.167222075765646672e-03 -2.457354267067488377e-04 2.458776456731132597e-04 -1.171192122259015565e-03
6.269778960889685684e-04 2.183171562390004167e-03 -6.021718645106863971e-02 1.289138587510856027e-02 -2.288077234397269816e-02 4.313904085252453058e+00 -2.367268556387351008e+00 7.487552748190216334e+03 -1.333265702000198134e-03 7.489867206258180119e-05 3.335887641551266050e-05 5.462628620365397479e-04 1.147232293464338452e-04 1.380641837377380758e-04 -2.669963840212018040e-04 1.517062714517521333e-03 -8.268228772976774898e-04 -1.266169652602070839e-03
-1.764866685400375261e-07 -7.107339783578154529e-07 -7.373193275679680245e-07 -8.059225136510332667e-06 1.564976459259676950e-07 6.664592258991391266e-05 8.681737785340310496e-04 -1.333265702000198134e-03 1.656353438887375826e-03 -4.129552145710041927e-09 -1.807387801089429398e-08 -3.924472542424518009e-08 -1.170887446966620021e-07 -3.272578424973849469e-08 1.756285722569354800e-07 -2.246223544517580062e-07 1.359778821694202186e-07 2.082675004201927778e-08
-4.550599490902440384e-09 -2.927229297687277430e-08 -2.031720413427197891e-06 -7.119494564186324332e-07 -7.110476705913351637e-07 1.474802289056547299e-04 4.535027162197391383e-05 7.489867206258180119e-05 -4.129552145710041927e-09 3.364880495441344229e-06 -1.454159850682212894e-09 1.201966346331056907e-08 -1.266805498778133534e-08 -1.454078123054959680e-10 1.596134940113112845e-08 1.724101697959889461e-08 -7.504648904061531866e-09 -3.764960193234793030e-08
1.857878605094334912e-08 8.553698458729024279e-08 2.048298648152265300e-06 1.342016224763940719e-06 6.836763932946999510e-07 -1.497339231381517879e-04 -1.138782309831863637e-04 3.335887641551266050e-05 -1.807387801089429398e-08 -1.454159850682212894e-09 6.940417440919805815e-04 -8.628147140276782395e-09 2.177346465453623453e-08 2.761227125486134771e-09 -2.968259498515551775e-08 1.094230258257885639e-09 -3.533583800886236432e-09 3.519678076821836137e-08
-2.160557861051597331e-08 -1.580789299503425410e-07 -1.315790127154806071e-05 -4.259821727011808488e-06 -4.623561234158583904e-06 9.545263620714133533e-04 2.553835777649491961e-04 5.462628620365397479e-04 -3.924472542424518009e-08 1.201966346331056907e-08 -8.628147140276782395e-09 5.438902838059899922e-04 -7.698074941775136454e-08 5.281404898732222763e-10 9.572918091971984969e-08 1.220432827139718470e-07 -5.484152982536794326e-08 -2.453792869787705472e-07
1.336146611896694540e-07 6.277039837021049598e-07 1.703668559443898914e-05 1.022904514965384507e-05 5.736053410224741767e-06 -1.243839094124996698e-03 -8.452965557210945138e-04 1.147232293464338452e-04 -1.170887446966620021e-07 -1.266805498778133534e-08 2.177346465453623453e-08 -7.698074941775136454e-08 1.448452584934567825e-04 1.905806162770850650e-08 -2.265683835992718999e-07 -1.851686177979359090e-08 -1.279886158055593175e-08 2.968743002094046681e-07
2.348671996354760349e-08 9.852734687606230544e-08 8.231847032108261865e-07 1.254131079817722395e-06 2.367764374167737993e-07 -6.137874676904584608e-05 -1.238088909050748829e-04 1.380641837377380758e-04 -3.272578424973849469e-08 -1.454078123054959680e-10 2.761227125486134771e-09 5.281404898732222763e-10 1.905806162770850650e-08 1.861683733756874207e-04 -2.749112943127891109e-08 2.159520840162247778e-08 -1.412930105227824351e-08 1.098481861957389298e-08
-1.880078438143756297e-07 -8.726606960851753738e-07 -2.202769178284348056e-05 -1.390613500659432392e-05 -7.380309001984938618e-06 1.609374526201966769e-03 1.167222075765646672e-03 -2.669963840212018040e-04 1.756285722569354800e-07 1.596134940113112845e-08 -2.968259498515551775e-08 9.572918091971984969e-08 -2.265683835992718999e-07 -2.749112943127891109e-08 1.199401813861364916e-04 3.803179441505697513e-09 2.864652223546212448e-08 -3.808371615972027889e-07
8.676347871991913069e-08 2.630978807645786897e-07 -1.550713241391666656e-05 -1.301568608429351578e-08 -5.715151236598317462e-06 1.116524135653427976e-03 -2.457354267067488377e-04 1.517062714517521333e-03 -2.246223544517580062e-07 1.724101697959889461e-08 1.094230258257885639e-09 1.220432827139718470e-07 -1.851686177979359090e-08 2.159520840162247778e-08 3.803179441505697513e-09 2.591056705223120787e-04 -1.536652626204596450e-07 -3.113287217010595658e-07
-6.449217466805466242e-08 -2.256977341457974800e-07 5.985839462098502876e-06 -1.378188135623699204e-06 2.279584484431412721e-06 -4.286573095900319272e-04 2.458776456731132597e-04 -8.268228772976774898e-04 1.359778821694202186e-07 -7.504648904061531866e-09 -3.533583800886236432e-09 -5.484152982536794326e-08 -1.279886158055593175e-08 -1.412930105227824351e-08 2.864652223546212448e-08 -1.536652626204596450e-07 1.352748753674751052e-03 1.262902191436462545e-07
1.391002395892277908e-07 7.922737689944624693e-07 4.325694797550009424e-05 1.704150529231460704e-05 1.503868049930428324e-05 -3.143140698019165468e-03 -1.171192122259015565e-03 -1.266169652602070839e-03 2.082675004201927778e-08 -3.764960193234793030e-08 3.519678076821836137e-08 -2.453792869787705472e-07 2.968743002094046681e-07 1.098481861957389298e-08 -3.808371615972027889e-07 -3.113287217010595658e-07 1.262902191436462545e-07 5.168060689957639994e-03
4.690145066426911445e-04 1.917370254145382979e-07 3.250228277125407256e-06 2.727117500237340817e-06 8.899206773865825398e-07 -2.053633903747013878e-04 -2.519841389493026034e-04 2.014223949482451799e-04 -5.863804979963371586e-08 -1.454769000657360665e-09 6.815963111182653316e-09 -7.574669913695148637e-09 4.331873477959811345e-08 7.577509640721344792e-09 -6.005154832670030551e-08 2.868310225732041259e-08 -1.958467187838605446e-08 4.398353516403094050e-08
1.917370254145382979e-07 3.833400525990974562e-03 -7.630846869376586123e-05 1.412388017771380989e-05 5.805252997065583000e-06 -1.594494942563173681e-03 -1.475805705765061149e-03 5.308149048600497395e-04 2.321613360836100777e-07 -9.669554985392619363e-09 -1.577047899867991777e-07 8.988456658885516202e-08 8.140403992863648660e-08 1.840193696145611121e-08 -3.028361240670988788e-07 -1.110955826560676456e-07 -2.959990580159885685e-07 3.658681182061182502e-07
3.250228277125407256e-06 -7.630846869376586123e-05 9.104595642982648229e+00 2.034314272966027885e-04 2.015191798078461226e-04 -1.944594175805942210e-02 3.716953754535359377e-03 -6.331796541672700396e-03 -3.567169596228699820e-05 -6.268332722131781480e-07 1.492522016668011446e-05 -1.504102266113452874e-05 1.466243090585516974e-05 1.275521774491470015e-06 -5.230435430017665635e-06 1.009471445641011559e-05 1.916901291936743838e-05 5.180553286842420171e-06
2.727117500237340817e-06 1.412388017771380989e-05 2.034314272966027885e-04 2.408606035666857326e-01 1.067118442149541844e-04 -2.364752495696948245e-02 -1.733757421209902727e-02 3.919575197210325990e-03 -2.015636394769550089e-06 -2.281944962414043745e-07 2.026013732331543472e-07 -1.190972580956546861e-06 3.126873781895842107e-06 3.852327358808053528e-07 -4.478870384248960500e-06 -2.435233239479223368e-07 -7.152966181094917867e-07 5.590974666693233497e-06
8.899206773865825398e-07 5.805252997065583000e-06 2.015191798078461226e-04 1.067118442149541844e-04 7.394479244763192682e-02 -1.941958129840386932e-02 -7.580401835951853379e-03 -7.434209807606236876e-03 3.578352238151835185e-07 -2.277377626607587631e-07 9.484496763363052619e-08 -1.385477835645881122e-06 1.755543156752107258e-06 6.697844952398934483e-08 -2.377491728041474715e-06 -1.959616907103746154e-06 5.796217286210474882e-07 4.887603497916691975e-06
-2.053633903747013878e-04 -1.594494942563173681e-03 -1.944594175805942210e-02 -2.364752495696948245e-02 -1.941958129840386932e-02 7.563082889837439325e+03 1.772439437848306154e+00 1.445805703369233086e+00 -1.576813665279358338e-04 4.731146325250682491e-05 2.417061281192095634e-05 2.507368641408637302e-04 -3.514995708456426370e-04 -1.452843804396757138e-05 5.241858503277470544e-04 4.333499919060011568e-04 -5.001194132595493435e-05 -1.049560513363769843e-03
-2.519841389493026034e-04 -1.475805705765061149e-03 3.716953754535359377e-03 -1.733757421209902727e-02 -7.580401835951853379e-03 1.772439437848306154e+00 1.041137640297973121e+03 -7.097648160019974783e-01 1.470001664849165327e-04 1.459816545198097636e-05 1.623755687338350001e-05 4.174064350660019638e-05 -2.364924974511794088e-04 -3.588254362583792828e-05 3.802240072183178730e-04 -2.305058117574111911e-05 1.423744270561561878e-04 -4.067570993047947428e-04
2.014223949482451799e-04 5.308149048600497395e-04 -6.331796541672700396e-03 3.919575197210325990e-03 -7.434209807606236876e-03 1.445805703369233086e+00 -7.097648160019974783e-01 2.396040547928345404e+03 -4.914719413856766033e-04 2.401023214833487304e-05 3.678024934212798273e-05 1.549905808061958947e-04 5.356166707865729100e-05 4.603210080611251041e-05 -8.211217604648950901e-05 5.130056568104176574e-04 -2.330193222275448578e-04 -4.210201310779997227e-04
-5.863804979963371586e-08 2.321613360836100777e-07 -3.567169596228699820e-05 -2.015636394769550089e-06 3.578352238151835185e-07 -1.576813665279358338e-04 1.470001664849165327e-04 -4.914719413856766033e-04 5.302106582869691321e-04 -1.438292423530306176e-09 -7.728511482522441326e-08 4.171001839218363308e-08 -8.362038729140575529e-08 -1.554359127969784829e-08 4.708956080079464835e-08 -1.473252098542689060e-07 -4.293936902415304529e-08 5.006556859111607815e-08
-1.454769000657360665e-09 -9.669554985392619363e-09 -6.268332722131781480e-07 -2.281944962414043745e-07 -2.277377626607587631e-07 4.731146325250682491e-05 1.459816545198097636e-05 2.401023214833487304e-05 -1.438292423530306176e-09 1.076761835420906078e-06 -4.182821047263431100e-10 3.810582928823985650e-09 -4.023408891719454222e-09 -4.319348157063106378e-11 5.113627366861867338e-09 5.566770075747226392e-09 -2.344600738578208398e-09 -1.207643113614802622e-08
6.815963111182653316e-09 -1.577047899867991777e-07 1.492522016668011446e-05 2.026013732331543472e-07 9.484496763363052619e-08 2.417061281192095634e-05 1.623755687338350001e-05 3.678024934212798273e-05 -7.728511482522441326e-08 -4.182821047263431100e-10 2.221221513222694651e-04 -2.461453690373640990e-08 2.555263665905892611e-08 2.925790879763116438e-09 -5.829251077938406757e-09 3.073182615830745116e-08 3.368307015309773808e-08 -6.214354882850092547e-09
-7.574669913695148637e-09 8.988456658885516202e-08 -1.504102266113452874e-05 -1.190972580956546861e-06 -1.385477835645881122e-06 2.507368641408637302e-04 4.174064350660019638e-05 1.549905808061958947e-04 4.171001839218363308e-08 3.810582928823985650e-09 -2.461453690373640990e-08 1.740614772533475316e-04 -3.873961712267747762e-08 -1.380986685569167080e-09 2.784849689448455177e-08 1.599470839974578256e-08 -4.397234943637903324e-08 -6.525639722647022929e-08
4.331873477959811345e-08 8.140403992863648660e-08 1.466243090585516974e-05 3.126873781895842107e-06 1.755543156752107258e-06 -3.514995708456426370e-04 -2.364924974511794088e-04 5.356166707865729100e-05 -8.362038729140575529e-08 -4.023408891719454222e-09 2.555263665905892611e-08 -3.873961712267747762e-08 4.636247884295195118e-05 7.416755469283075761e-09 -7.013354103371038976e-08 1.368503374776076397e-08 1.837560594337393044e-08 8.371870373574869131e-08
7.577509640721344792e-09 1.840193696145611121e-08 1.275521774491470015e-06 3.852327358808053528e-07 6.697844952398934483e-08 -1.452843804396757138e-05 -3.588254362583792828e-05 4.603210080611251041e-05 -1.554359127969784829e-08 -4.319348157063106378e-11 2.925790879763116438e-09 -1.380986685569167080e-09 7.416755469283075761e-09 5.957402432593449169e-05 -8.536919831264186119e-09 9.065328571592696360e-09 -2.052158512999749662e-09 2.275538677499682502e-09
-6.005154832670030551e-08 -3.028361240670988788e-07 -5.230435430017665635e-06 -4.478870384248960500e-06 -2.377491728041474715e-06 5.241858503277470544e-04 3.802240072183178730e-04 -8.211217604648950901e-05 4.708956080079464835e-08 5.113627366861867338e-09 -5.829251077938406757e-09 2.784849689448455177e-08 -7.013354103371038976e-08 -8.536919831264186119e-09 3.838132561475622465e-05 5.088617471930829234e-09 1.360328460629911190e-08 -1.240950637457901074e-07
2.868310225732041259e-08 -1.110955826560676456e-07 1.009471445641011559e-05 -2.435233239479223368e-07 -1.959616907103746154e-06 4.333499919060011568e-04 -2.305058117574111911e-05 5.130056568104176574e-04 -1.473252098542689060e-07 5.566770075747226392e-09 3.073182615830745116e-08 1.599470839974578256e-08 1.368503374776076397e-08 9.065328571592696360e-09 5.088617471930829234e-09 8.294587233115824896e-05 -1.243846364485872839e-08 -1.180667020979419551e-07
-1.958467187838605446e-08 -2.959990580159885685e-07 1.916901291936743838e-05 -7.152966181094917867e-07 5.796217286210474882e-07 -5.001194132595493435e-05 1.423744270561561878e-04 -2.330193222275448578e-04 -4.293936902415304529e-08 -2.344600738578208398e-09 3.368307015309773808e-08 -4.397234943637903324e-08 1.837560594337393044e-08 -2.052158512999749662e-09 1.360328460629911190e-08 -1.243846364485872839e-08 4.329216944934982029e-04 1.928107119506267665e-08
4.398353516403094050e-08 3.658681182061182502e-07 5.180553286842420171e-06 5.590974666693233497e-06 4.887603497916691975e-06 -1.049560513363769843e-03 -4.067570993047947428e-04 -4.210201310779997227e-04 5.006556859111607815e-08 -1.207643113614802622e-08 -6.214354882850092547e-09 -6.525639722647022929e-08 8.371870373574869131e-08 2.275538677499682502e-09 -1.240950637457901074e-07 -1.180667020979419551e-07 1.928107119506267665e-08 1.653790029428190604e-03
1.500977518501522281e-04 7.072085055402819715e-08 -6.996036638728799368e-07 7.976122030287209855e-07 4.012145723804120181e-07 -4.436276938220158449e-05 -5.918209176303665311e-05 7.447556024111033352e-05 -2.487592115115057619e-09 3.666379825824678345e-10 -1.001611323770493861e-09 2.605569642107156354e-09 1.151996064349345665e-08 -7.904052384794806674e-09 -1.964772111982934611e-08 1.119069386590856247e-08 3.001632053580112485e-08 -5.189483393381631553e-09
7.072085055402819715e-08 1.226694858257118765e-03 -2.566145742773213347e-05 4.466018285485796520e-06 1.940860469586752836e-06 -4.949843825867804694e-04 -4.569328790601205484e-04 1.770188919706881792e-04 8.591889301651997367e-08 -2.499796707277093908e-09 -5.273912565621706084e-08 3.235588606275861534e-08 2.437624780607679860e-08 -1.489853804697875044e-09 -9.721560807492559230e-08 -3.411323114210310442e-08 -6.880044491565819666e-08 1.033163021570519857e-07
-6.996036638728799368e-07 -2.566145742773213347e-05 2.913701463013595561e+00 7.505932809881546474e-05 4.903441089582052036e-05 -9.056339379714133456e-03 -1.657392326497358383e-03 -3.355893596170498802e-03 -1.357486558443330132e-05 -3.110158511734615737e-07 5.198421284140244711e-06 -5.480543369162384227e-06 5.002768773238545547e-06 1.778818909486619478e-06 -1.616515157885793738e-06 2.963300306757733775e-06 1.319229855271297233e-06 4.214162247211364561e-06
7.976122030287209855e-07 4.466018285485796520e-06 7.505932809881546474e-05 7.707582296073324513e-02 3.348106282690458795e-05 -7.689476774051286385e-03 -5.670861219060728022e-03 1.196887964623482865e-03 -7.382022660157939289e-07 -7.778715401911389050e-08 8.305647645175050929e-08 -4.099095971792215471e-07 1.014009941499894821e-06 1.824168043243653266e-07 -1.430769353981099233e-06 -8.944861892054742622e-08 -4.366513046939243316e-07 1.899417485360929824e-06
4.012145723804120181e-07 1.940860469586752836e-06 4.903441089582052036e-05 3.348106282690458795e-05 2.366336779744505903e-02 -6.024605095981488967e-03 -2.235185537631410955e-03 -2.289946472032237685e-03 2.590751226822517413e-07 -6.548484203080594276e-08 2.081624740365707421e-09 -3.986814448582788623e-07 5.409719701383534670e-07 -7.030730406833630189e-08 -7.646274789378854847e-07 -6.092060226622207967e-07 5.077465414374381777e-07 1.392929271965466810e-06
-4.436276938220158449e-05 -4.949843825867804694e-04 -9.056339379714133456e-03 -7.689476774051286385e-03 -6.024605095981488967e-03 2.420221305999572451e+03 6.021236425002826076e-01 4.789793454944951678e-01 -2.394624554578912967e-05 1.649512222130806321e-05 2.550486338024486208e-06 8.842793954477348283e-05 -1.162946392374365246e-04 -2.147305218860237687e-05 1.670370787222676438e-04 1.419493685752575192e-04 4.309570279354809556e-05 -3.672374994189316869e-04
-5.918209176303665311e-05 -4.569328790601205484e-04 -1.657392326497358383e-03 -5.670861219060728022e-03 -2.235185537631410955e-03 6.021236425002826076e-01 3.331991504409484151e+02 -2.107273078129835997e-01 7.367515379800989260e-05 6.033171266161943228e-06 -1.220333320096184941e-08 2.158725135180698798e-05 -7.951011862757773442e-05 -2.838461572164979778e-05 1.209660220310817050e-04 -4.083571456437519588e-06 1.049342179929541952e-04 -1.616863495100868573e-04
7.447556024111033352e-05 1.770188919706881792e-04 -3.355893596170498802e-03 1.196887964623482865e-03 -2.289946472032237685e-03 4.789793454944951678e-01 -2.107273078129835997e-01 7.667406344067276223e+02 -1.448300442684599448e-04 8.319337361794973049e-06 9.336973965335999367e-06 5.344124744810834843e-05 1.534960370357816431e-05 6.835430533625767961e-06 -2.660550287317058841e-05 1.656997559960995438e-04 -4.683302102930572838e-05 -1.494510090586139285e-04
-2.487592115115057619e-09 8.591889301651997367e-08 -1.357486558443330132e-05 -7.382022660157939289e-07 2.590751226822517413e-07 -2.394624554578912967e-05 7.367515379800989260e-05 -1.448300442684599448e-04 1.696876190994640941e-04 5.729327534353451422e-10 -2.868279202427163913e-08 1.959161572501138004e-08 -2.966631353997250198e-08 -1.779790153143442333e-08 1.453326448829033210e-08 -4.464591145669917758e-08 3.130764489341500618e-08 -7.896805540444933560e-09
3.666379825824678345e-10 -2.499796707277093908e-09 -3.110158511734615737e-07 -7.778715401911389050e-08 -6.548484203080594276e-08 1.649512222130806321e-05 6.033171266161943228e-06 8.319337361794973049e-06 5.729327534353451422e-10 3.446166104911091299e-07 -3.358792946222426356e-10 1.538641088363707160e-09 -1.436155825638634971e-09 -6.694651610389420681e-10 1.608987909589045752e-09 1.909088274039981563e-09 1.552884821282491721e-09 -5.087289697150628340e-09
-1.001611323770493861e-09 -5.273912565621706084e-08 5.198421284140244711e-06 8.305647645175050929e-08 2.081624740365707421e-09 2.550486338024486208e-06 -1.220333320096184941e-08 9.336973965335999367e-06 -2.868279202427163913e-08 -3.358792946222426356e-10 7.107986110935205198e-05 -9.097682297035081387e-09 8.745432252998186808e-09 3.443845818406329269e-09 -1.760669333984669005e-09 9.345695570692286492e-09 1.969859204158789716e-09 2.688285194175743706e-09
2.605569642107156354e-09 3.235588606275861534e-08 -5.480543369162384227e-06 -4.099095971792215471e-07 -3.986814448582788623e-07 8.842793954477348283e-05 2.158725135180698798e-05 5.344124744810834843e-05 1.959161572501138004e-08 1.538641088363707160e-09 -9.097682297035081387e-09 5.570160224356349822e-05 -1.329518439875292281e-08 -4.404516702637626051e-09 8.746081973835313426e-09 5.890236738925243067e-09 -1.512458071423585953e-10 -2.827264287935844709e-08
1.151996064349345665e-08 2.437624780607679860e-08 5.002768773238545547e-06 1.014009941499894821e-06 5.409719701383534670e-07 -1.162946392374365246e-04 -7.951011862757773442e-05 1.534960370357816431e-05 -2.966631353997250198e-08 -1.436155825638634971e-09 8.745432252998186808e-09 -1.329518439875292281e-08 1.483641163102660732e-05 4.218597760086754951e-09 -2.236569525279042716e-08 4.019751661090641620e-09 -6.017890348553103837e-10 3.023151099383636156e-08
-7.904052384794806674e-09 -1.489853804697875044e-09 1.778818909486619478e-06 1.824168043243653266e-07 -7.030730406833630189e-08 -2.147305218860237687e-05 -2.838461572164979778e-05 6.835430533625767961e-06 -1.779790153143442333e-08 -6.694651610389420681e-10 3.443845818406329269e-09 -4.404516702637626051e-09 4.218597760086754951e-09 1.907182565595219514e-05 -2.392061403724617014e-09 1.315616152533747755e-09 -2.924357333082452320e-08 1.590601146505466544e-08
-1.964772111982934611e-08 -9.721560807492559230e-08 -1.616515157885793738e-06 -1.430769353981099233e-06 -7.646274789378854847e-07 1.670370787222676438e-04 1.209660220310817050e-04 -2.660550287317058841e-05 1.453326448829033210e-08 1.608987909589045752e-09 -1.760669333984669005e-09 8.746081973835313426e-09 -2.236569525279042716e-08 -2.392061403724617014e-09 1.228203838127376242e-05 1.562172398893873337e-09 3.159559963540365306e-09 -3.907675158357768553e-08
1.119069386590856247e-08 -3.411323114210310442e-08 2.963300306757733775e-06 -8.944861892054742622e-08 -6.092060226622207967e-07 1.419493685752575192e-04 -4.083571456437519588e-06 1.656997559960995438e-04 -4.464591145669917758e-08 1.909088274039981563e-09 9.345695570692286492e-09 5.890236738925243067e-09 4.019751661090641620e-09 1.315616152533747755e-09 1.562172398893873337e-09 2.654298796642027360e-05 1.588527343651386810e-09 -4.073804664820180171e-08
3.001632053580112485e-08 -6.880044491565819666e-08 1.319229855271297233e-06 -4.366513046939243316e-07 5.077465414374381777e-07 4.309570279354809556e-05 1.049342179929541952e-04 -4.683302102930572838e-05 3.130764489341500618e-08 1.552884821282491721e-09 1.969859204158789716e-09 -1.512458071423585953e-10 -6.017890348553103837e-10 -2.924357333082452320e-08 3.159559963540365306e-09 1.588527343651386810e-09 1.386353628260040942e-04 -4.714708195472778792e-08
-5.189483393381631553e-09 1.033163021570519857e-07 4.214162247211364561e-06 1.899417485360929824e-06 1.392929271965466810e-06 -3.672374994189316869e-04 -1.616863495100868573e-04 -1.494510090586139285e-04 -7.896805540444933560e-09 -5.087289697150628340e-09 2.688285194175743706e-09 -2.827264287935844709e-08 3.023151099383636156e-08 1.590601146505466544e-08 -3.907675158357768553e-08 -4.073804664820180171e-08 -4.714708195472778792e-08 5.292411174082511547e-04
1.500977518501522281e-04 7.072085055402819715e-08 -6.996036638728799368e-07 7.976122030287209855e-07 4.012145723804120181e-07 -4.436276938220158449e-05 -5.918209176303665311e-05 7.447556024111033352e-05 -2.487592115115057619e-09 3.666379825824678345e-10 -1.001611323770493861e-09 2.605569642107156354e-09 1.151996064349345665e-08 -7.904052384794806674e-09 -1.964772111982934611e-08 1.119069386590856247e-08 3.001632053580112485e-08 -5.189483393381631553e-09
7.072085055402819715e-08 1.226694858257118765e-03 -2.566145742773213347e-05 4.466018285485796520e-06 1.940860469586752836e-06 -4.949843825867804694e-04 -4.569328790601205484e-04 1.770188919706881792e-04 8.591889301651997367e-08 -2.499796707277093908e-09 -5.273912565621706084e-08 3.235588606275861534e-08 2.437624780607679860e-08 -1.489853804697875044e-09 -9.721560807492559230e-08 -3.411323114210310442e-08 -6.880044491565819666e-08 1.033163021570519857e-07
-6.996036638728799368e-07 -2.566145742773213347e-05 2.913701463013595561e+00 7.505932809881546474e-05 4.903441089582052036e-05 -9.056339379714133456e-03 -1.657392326497358383e-03 -3.355893596170498802e-03 -1.357486558443330132e-05 -3.110158511734615737e-07 5.198421284140244711e-06 -5.480543369162384227e-06 5.002768773238545547e-06 1.778818909486619478e-06 -1.616515157885793738e-06 2.963300306757733775e-06 1.319229855271297233e-06 4.214162247211364561e-06
7.976122030287209855e-07 4.466018285485796520e-06 7.505932809881546474e-05 7.707582296073324513e-02 3.348106282690458795e-05 -7.689476774051286385e-03 -5.670861219060728022e-03 1.196887964623482865e-03 -7.382022660157939289e-07 -7.778715401911389050e-08 8.305647645175050929e-08 -4.099095971792215471e-07 1.014009941499894821e-06 1.824168043243653266e-07 -1.430769353981099233e-06 -8.944861892054742622e-08 -4.366513046939243316e-07 1.899417485360929824e-06
4.012145723804120181e-07 1.940860469586752836e-06 4.903441089582052036e-05 3.348106282690458795e-05 2.366336779744505903e-02 -6.024605095981488967e-03 -2.235185537631410955e-03 -2.289946472032237685e-03 2.590751226822517413e-07 -6.548484203080594276e-08 2.081624740365707421e-09 -3.986814448582788623e-07 5.409719701383534670e-07 -7.030730406833630189e-08 -7.646274789378854847e-07 -6.092060226622207967e-07 5.077465414374381777e-07 1.392929271965466810e-06
-4.436276938220158449e-05 -4.949843825867804694e-04 -9.056339379714133456e-03 -7.689476774051286385e-03 -6.024605095981488967e-03 2.420221305999572451e+03 6.021236425002826076e-01 4.789793454944951678e-01 -2.394624554578912967e-05 1.649512222130806321e-05 2.550486338024486208e-06 8.842793954477348283e-05 -1.162946392374365246e-04 -2.147305218860237687e-05 1.670370787222676438e-04 1.419493685752575192e-04 4.309570279354809556e-05 -3.672374994189316869e-04
-5.918209176303665311e-05 -4.569328790601205484e-04 -1.657392326497358383e-03 -5.670861219060728022e-03 -2.235185537631410955e-03 6.021236425002826076e-01 3.331991504409484151e+02 -2.107273078129835997e-01 7.367515379800989260e-05 6.033171266161943228e-06 -1.220333320096184941e-08 2.158725135180698798e-05 -7.951011862757773442e-05 -2.838461572164979778e-05 1.209660220310817050e-04 -4.083571456437519588e-06 1.049342179929541952e-04 -1.616863495100868573e-04
7.447556024111033352e-05 1.770188919706881792e-04 -3.355893596170498802e-03 1.196887964623482865e-03 -2.289946472032237685e-03 4.789793454944951678e-01 -2.107273078129835997e-01 7.667406344067276223e+02 -1.448300442684599448e-04 8.319337361794973049e-06 9.336973965335999367e-06 5.344124744810834843e-05 1.534960370357816431e-05 6.835430533625767961e-06 -2.660550287317058841e-05 1.656997559960995438e-04 -4.683302102930572838e-05 -1.494510090586139285e-04
-2.487592115115057619e-09 8.591889301651997367e-08 -1.357486558443330132e-05 -7.382022660157939289e-07 2.590751226822517413e-07 -2.394624554578912967e-05 7.367515379800989260e-05 -1.448300442684599448e-04 1.696876190994640941e-04 5.729327534353451422e-10 -2.868279202427163913e-08 1.959161572501138004e-08 -2.966631353997250198e-08 -1.779790153143442333e-08 1.453326448829033210e-08 -4.464591145669917758e-08 3.130764489341500618e-08 -7.896805540444933560e-09
3.666379825824678345e-10 -2.499796707277093908e-09 -3.110158511734615737e-07 -7.778715401911389050e-08 -6.548484203080594276e-08 1.649512222130806321e-05 6.033171266161943228e-06 8.319337361794973049e-06 5.729327534353451422e-10 3.446166104911091299e-07 -3.358792946222426356e-10 1.538641088363707160e-09 -1.436155825638634971e-09 -6.694651610389420681e-10 1.608987909589045752e-09 1.909088274039981563e-09 1.552884821282491721e-09 -5.087289697150628340e-09
-1.001611323770493861e-09 -5.273912565621706084e-08 5.198421284140244711e-06 8.305647645175050929e-08 2.081624740365707421e-09 2.550486338024486208e-06 -1.220333320096184941e-08 9.336973965335999367e-06 -2.868279202427163913e-08 -3.358792946222426356e-10 7.107986110935205198e-05 -9.097682297035081387e-09 8.745432252998186808e-09 3.443845818406329269e-09 -1.760669333984669005e-09 9.345695570692286492e-09 1.969859204158789716e-09 2.688285194175743706e-09
2.605569642107156354e-09 3.235588606275861534e-08 -5.480543369162384227e-06 -4.099095971792215471e-07 -3.986814448582788623e-07 8.842793954477348283e-05 2.158725135180698798e-05 5.344124744810834843e-05 1.959161572501138004e-08 1.538641088363707160e-09 -9.097682297035081387e-09 5.570160224356349822e-05 -1.329518439875292281e-08 -4.404516702637626051e-09 8.746081973835313426e-09 5.890236738925243067e-09 -1.512458071423585953e-10 -2.827264287935844709e-08
1.151996064349345665e-08 2.437624780607679860e-08 5.002768773238545547e-06 1.014009941499894821e-06 5.409719701383534670e-07 -1.162946392374365246e-04 -7.951011862757773442e-05 1.534960370357816431e-05 -2.966631353997250198e-08 -1.436155825638634971e-09 8.745432252998186808e-09 -1.329518439875292281e-08 1.483641163102660732e-05 4.218597760086754951e-09 -2.236569525279042716e-08 4.019751661090641620e-09 -6.017890348553103837e-10 3.023151099383636156e-08
-7.904052384794806674e-09 -1.489853804697875044e-09 1.778818909486619478e-06 1.824168043243653266e-07 -7.030730406833630189e-08 -2.147305218860237687e-05 -2.838461572164979778e-05 6.835430533625767961e-06 -1.779790153143442333e-08 -6.694651610389420681e-10 3.443845818406329269e-09 -4.404516702637626051e-09 4.218597760086754951e-09 1.907182565595219514e-05 -2.392061403724617014e-09 1.315616152533747755e-09 -2.924357333082452320e-08 1.590601146505466544e-08
-1.964772111982934611e-08 -9.721560807492559230e-08 -1.616515157885793738e-06 -1.430769353981099233e-06 -7.646274789378854847e-07 1.670370787222676438e-04 1.209660220310817050e-04 -2.660550287317058841e-05 1.453326448829033210e-08 1.608987909589045752e-09 -1.760669333984669005e-09 8.746081973835313426e-09 -2.236569525279042716e-08 -2.392061403724617014e-09 1.228203838127376242e-05 1.562172398893873337e-09 3.159559963540365306e-09 -3.907675158357768553e-08
