1.509414427932402342e-03 4.920549363037299649e-09 2.502804787545678120e-05 2.574897514826707831e-05 1.520632400351304143e-04 1.366816341070700436e-01 -2.439942010714753889e-02 -1.058029603464547864e-02 -5.358361890071337168e-07 6.358032867652636399e-07 2.971910164043499695e-06 -5.400577072065787629e-07 2.354062138910239893e-07 -5.206268562636941159e-07 -2.359804790973793181e-06 -1.743741672330430953e-04 5.738083113582054728e-04 4.063536826455191363e-04
4.920549363037299649e-09 4.685765626281750682e-04 7.550879431693541493e-09 7.768380810270828134e-09 4.587697758976690292e-08 4.123639785272313390e-05 -7.361224508962935321e-06 -3.192040390316507280e-06 -1.616600095406832075e-10 1.918197529639079088e-10 8.966154868403809095e-10 -1.629336276471104305e-10 7.102127770442991564e-11 -1.570714040548019463e-10 -7.119453162165844916e-10 -5.260811068169033484e-08 1.731160735159973836e-07 1.225955647659546638e-07
2.502804787545678120e-05 7.550879431693541493e-09 1.399757366922690059e-02 3.951335358908463326e-05 2.333502027483348653e-04 2.097462018005801510e-01 -3.744238007574552524e-02 -1.623610166567242274e-02 -8.222729130052927343e-07 9.756784469438898810e-07 4.560575186804996812e-06 -8.287510870039441348e-07 3.612450170534157624e-07 -7.989332756377829765e-07 -3.621262616086637788e-06 -2.675876646354647856e-04 8.805434223496950551e-04 6.235742064351515283e-04
2.574897514826707831e-05 7.768380810270828134e-09 3.951335358908463326e-05 1.409043976327117953e+01 2.400718026954908177e-04 2.157878938254180756e-01 -3.852089938695413968e-02 -1.670377891134295842e-02 -8.459582987624457552e-07 1.003782644498378901e-06 4.691941526210707911e-06 -8.526230751016740813e-07 3.716505982739955920e-07 -8.219463684059076961e-07 -3.725572268798518020e-06 -2.752954669484248586e-04 9.059072769828853703e-04 6.415361207753020366e-04
1.520632400351304143e-04 4.587697758976690292e-08 2.333502027483348653e-04 2.400718026954908177e-04 3.853363700766542443e+00 1.274357760124606331e+00 -2.274891616508370462e-01 -9.864589667990100730e-02 -4.995894364870744985e-06 5.927942387397410228e-06 2.770874671409948167e-05 -5.035253891936068411e-06 2.194821106825367801e-06 -4.854089422790987946e-06 -2.200175295973524675e-05 -1.625785897501206200e-03 5.349929265774712797e-03 3.788658016986225230e-03
1.366816341070700436e-01 4.123639785272313390e-05 2.097462018005801510e-01 2.157878938254180756e-01 1.274357760124606331e+00 1.225271654708628077e+06 -2.044780207820143687e+02 -8.866759877700319237e+01 -4.490546206032975177e-03 5.328315062962348143e-03 2.490593242040003638e-02 -4.525924411020103115e-03 1.972809045659383673e-03 -4.363085215438260167e-03 -1.977621644167210785e-02 -1.461333279018368625e+00 4.808769524011139218e+00 3.405425063380833173e+00
-2.439942010714753889e-02 -7.361224508962935321e-06 -3.744238007574552524e-02 -3.852089938695413968e-02 -2.274891616508370462e-01 -2.044780207820143687e+02 2.809884998286257178e+04 1.582830060955640050e+01 8.016199404356442321e-04 -9.511723980605798524e-04 -4.446027531464320434e-03 8.079354025806284156e-04 -3.521716506441315356e-04 7.788665231450856482e-04 3.530307610401012611e-03 2.608666835472102097e-01 -8.584268733784954364e-01 -6.079119357012464642e-01
-1.058029603464547864e-02 -3.192040390316507280e-06 -1.623610166567242274e-02 -1.670377891134295842e-02 -9.864589667990100730e-02 -8.866759877700319237e+01 1.582830060955640050e+01 1.847439879935982754e+04 3.476056496358890450e-04 -4.124559316275121083e-04 -1.927926452944538158e-03 3.503442171426616450e-04 -1.527118391528143834e-04 3.377391081493801169e-04 1.530843743309409947e-03 1.131193579759357526e-01 -3.722387829118539160e-01 -2.636082421003690390e-01
-5.358361890071337168e-07 -1.616600095406832075e-10 -8.222729130052927343e-07 -8.459582987624457552e-07 -4.995894364870744985e-06 -4.490546206032975177e-03 8.016199404356442321e-04 3.476056496358890450e-04 7.067463718408307626e-04 -2.088871746243897602e-08 -9.763930610722812751e-08 1.774308672835748679e-08 -7.734049183497759124e-09 1.710470444275201109e-08 7.752916125355033352e-08 5.728898840096595990e-06 -1.885193100297074073e-05 -1.335036707625209110e-05
6.358032867652636399e-07 1.918197529639079088e-10 9.756784469438898810e-07 1.003782644498378901e-06 5.927942387397410228e-06 5.328315062962348143e-03 -9.511723980605798524e-04 -4.124559316275121083e-04 -2.088871746243897602e-08 5.690039496529644475e-05 1.158551680794162753e-07 -2.105328660267220236e-08 9.176935025578523109e-09 -2.029580593278172476e-08 -9.199321836865554454e-08 -6.797698227192022127e-06 2.236899996577348785e-05 1.584104888908658226e-05
2.971910164043499695e-06 8.966154868403809095e-10 4.560575186804996812e-06 4.691941526210707911e-06 2.770874671409948167e-05 2.490593242040003638e-02 -4.446027531464320434e-03 -1.927926452944538158e-03 -9.763930610722812751e-08 1.158551680794162753e-07 1.468272786582292856e-03 -9.840854513245448116e-08 4.289538453951515217e-08 -9.486788318752007004e-08 -4.300002632635293275e-07 -3.177421204642342720e-05 1.045585320830758660e-04 7.404518847661680067e-05
-5.400577072065787629e-07 -1.629336276471104305e-10 -8.287510870039441348e-07 -8.526230751016740813e-07 -5.035253891936068411e-06 -4.525924411020103115e-03 8.079354025806284156e-04 3.503442171426616450e-04 1.774308672835748679e-08 -2.105328660267220236e-08 -9.840854513245448116e-08 7.699147801070688017e-04 -7.794980919825674854e-09 1.723946171107873731e-08 7.813996502517689200e-08 5.774033250971418279e-06 -1.900045357657888833e-05 -1.345554626858342346e-05
2.354062138910239893e-07 7.102127770442991564e-11 3.612450170534157624e-07 3.716505982739955920e-07 2.194821106825367801e-06 1.972809045659383673e-03 -3.521716506441315356e-04 -1.527118391528143834e-04 -7.734049183497759124e-09 9.176935025578523109e-09 4.289538453951515217e-08 -7.794980919825674854e-09 8.988485222741714447e-04 -7.514523645844348150e-09 -3.406049589644641175e-08 -2.516848270757359434e-06 8.282123889704418455e-06 5.865149521347547289e-06
-5.206268562636941159e-07 -1.570714040548019463e-10 -7.989332756377829765e-07 -8.219463684059076961e-07 -4.854089422790987946e-06 -4.363085215438260167e-03 7.788665231450856482e-04 3.377391081493801169e-04 1.710470444275201109e-08 -2.029580593278172476e-08 -9.486788318752007004e-08 1.723946171107873731e-08 -7.514523645844348150e-09 6.054569095889320452e-04 7.532855062848236108e-08 5.566288082368595003e-06 -1.831683222210670403e-05 -1.297142631175087973e-05
-2.359804790973793181e-06 -7.119453162165844916e-10 -3.621262616086637788e-06 -3.725572268798518020e-06 -2.200175295973524675e-05 -1.977621644167210785e-02 3.530307610401012611e-03 1.530843743309409947e-03 7.752916125355033352e-08 -9.199321836865554454e-08 -4.300002632635293275e-07 7.813996502517689200e-08 -3.406049589644641175e-08 7.532855062848236108e-08 1.026238209222894119e-04 2.522988033882902088e-05 -8.302327840594111758e-05 -5.879457347995406270e-05
-1.743741672330430953e-04 -5.260811068169033484e-08 -2.675876646354647856e-04 -2.752954669484248586e-04 -1.625785897501206200e-03 -1.461333279018368625e+00 2.608666835472102097e-01 1.131193579759357526e-01 5.728898840096595990e-06 -6.797698227192022127e-06 -3.177421204642342720e-05 5.774033250971418279e-06 -2.516848270757359434e-06 5.566288082368595003e-06 2.522988033882902088e-05 3.951844508440337522e-01 -6.134878227371919762e-03 -4.344535119007989291e-03
5.738083113582054728e-04 1.731160735159973836e-07 8.805434223496950551e-04 9.059072769828853703e-04 5.349929265774712797e-03 4.808769524011139218e+00 -8.584268733784954364e-01 -3.722387829118539160e-01 -1.885193100297074073e-05 2.236899996577348785e-05 1.045585320830758660e-04 -1.900045357657888833e-05 8.282123889704418455e-06 -1.831683222210670403e-05 -8.302327840594111758e-05 -6.134878227371919762e-03 7.930565501858563238e+00 1.429644310181970440e-02
4.063536826455191363e-04 1.225955647659546638e-07 6.235742064351515283e-04 6.415361207753020366e-04 3.788658016986225230e-03 3.405425063380833173e+00 -6.079119357012464642e-01 -2.636082421003690390e-01 -1.335036707625209110e-05 1.584104888908658226e-05 7.404518847661680067e-05 -1.345554626858342346e-05 5.865149521347547289e-06 -1.297142631175087973e-05 -5.879457347995406270e-05 -4.344535119007989291e-03 1.429644310181970440e-02 4.361038647799405865e+00
4.832242457489295952e-04 -1.526825200671428697e-07 7.357754468850229325e-06 7.125948615052653614e-05 6.781541800556516620e-05 5.235823252519176962e-02 -8.878928025345064062e-03 -2.831240439031160010e-03 -1.668747172362263149e-07 2.513222794228106421e-07 9.729395545604831296e-07 -4.183245752918441719e-07 9.261024785990417150e-08 -6.712848428254192088e-07 -7.743564999540172444e-07 -4.956377004923882411e-05 1.896166118835533013e-04 1.211785270864903233e-04
-1.526825200671428697e-07 1.500569386620200201e-04 4.770937935220880144e-07 -4.593291147554146633e-05 -1.394760840494929828e-05 -6.270037108574138401e-03 7.783834363566687932e-04 -4.051654286659464631e-04 -3.399487797046068896e-09 -3.482777569009994729e-08 -1.569671110050904737e-08 1.788982569271323206e-07 -1.257292416145244558e-08 3.678161271037988058e-07 1.378096015342913098e-08 -4.562253584084912198e-06 -4.316534506964041768e-06 6.493421766072400910e-06
7.357754468850229325e-06 4.770937935220880144e-07 4.481227500725925086e-03 -1.812793088059345829e-04 1.572804222472641024e-05 4.059311869819631075e-02 -8.685547708388748761e-03 -6.901710570382964954e-03 -2.772604187913261480e-07 1.649269764071512121e-07 1.391906633138871253e-06 4.902671939756283154e-07 6.242386264847518226e-08 1.297347793980531793e-06 -1.099663734298745325e-06 -1.048172614956238973e-04 2.633170907157423722e-04 2.267911401232008614e-04
7.125948615052653614e-05 -4.593291147554146633e-05 -1.812793088059345829e-04 4.527707058372370419e+00 5.780942159774742767e-03 2.635988564353371366e+00 -3.312878879015651590e-01 1.597627754380897547e-01 1.096977579828194854e-06 1.457474114940751143e-05 8.031333336603551940e-06 -7.338079339298158102e-05 5.264724423473714975e-06 -1.505502519593152283e-04 -6.915296696666339190e-06 1.768879731618431747e-03 2.075988519730617449e-03 -2.431487815486756219e-03
6.781541800556516620e-05 -1.394760840494929828e-05 1.572804222472641024e-05 5.780942159774742767e-03 1.234810179212127101e+00 1.188027387609927876e+00 -1.697463509047790753e-01 1.861869377758255256e-02 -1.182971873903436106e-06 6.229372041014349301e-06 1.085159770183694439e-05 -2.383280198010570198e-05 2.266432725193829975e-06 -4.723384807713451963e-05 -8.780129351144384676e-06 4.418494176739749460e-05 2.254870659295602452e-03 4.109085586071951446e-04
5.235823252519176962e-02 -6.270037108574138401e-03 4.059311869819631075e-02 2.635988564353371366e+00 1.188027387609927876e+00 3.924380456402756390e+05 -1.090617926886518205e+02 -5.789481751628921202e+00 -1.249897305770402301e-03 3.654717428196378130e-03 8.863086626611404312e-03 -1.144830272930488779e-02 1.335162087273182368e-03 -2.195309316571918828e-02 -7.111220296255492922e-03 -2.136220623939666663e-01 1.783116111212315724e+00 7.290664824805979105e-01
-8.878928025345064062e-03 7.783834363566687932e-04 -8.685547708388748761e-03 -3.312878879015651590e-01 -1.697463509047790753e-01 -1.090617926886518205e+02 8.997053204992558676e+03 2.258805352996545501e+00 2.332725939802321317e-04 -5.466346959738576988e-04 -1.533714182570891822e-03 1.501115560887225035e-03 -2.001552350855089315e-04 2.803587787569426521e-03 1.226971091808471076e-03 5.191535431834187753e-02 -3.050539414484814693e-01 -1.497159108970079200e-01
-2.831240439031160010e-03 -4.051654286659464631e-04 -6.901710570382964954e-03 1.597627754380897547e-01 1.861869377758255256e-02 -5.789481751628921202e+00 2.258805352996545501e+00 5.913260251479123326e+03 1.232668232978348496e-04 -6.581985275423856019e-06 -5.594856804008132472e-04 -5.311005527443987077e-04 -3.594586005286521404e-06 -1.214164758449404842e-03 4.395175027218878273e-04 5.253603012058675331e-02 -1.034021495143653269e-01 -1.075532720920307772e-01
-1.668747172362263149e-07 -3.399487797046068896e-09 -2.772604187913261480e-07 1.096977579828194854e-06 -1.182971873903436106e-06 -1.249897305770402301e-03 2.332725939802321317e-04 1.232668232978348496e-04 2.261589386654413666e-04 -5.645596976087995512e-09 -3.076868012006713170e-08 3.497042012431450688e-10 -2.099871808196251307e-09 -5.479378219874188399e-09 2.439223297357344800e-08 1.968583301359539201e-06 -5.902447674457763236e-06 -4.464285074663926063e-06
2.513222794228106421e-07 -3.482777569009994729e-08 1.649269764071512121e-07 1.457474114940751143e-05 6.229372041014349301e-06 3.654717428196378130e-03 -5.466346959738576988e-04 -6.581985275423856019e-06 -5.645596976087995512e-09 1.821895232517769834e-05 4.203329594276478432e-08 -6.226449037714123274e-08 6.844988530321596472e-09 -1.206418120651072757e-07 -3.378468709851455464e-08 -7.648419964909548540e-07 8.514669146806473274e-06 3.066431466100448778e-06
9.729395545604831296e-07 -1.569671110050904737e-08 1.391906633138871253e-06 8.031333336603551940e-06 1.085159770183694439e-05 8.863086626611404312e-03 -1.533714182570891822e-03 -5.594856804008132472e-04 -3.076868012006713170e-08 4.203329594276478432e-08 4.698495638470232103e-04 -5.692929407308195720e-08 1.551704839383801873e-08 -8.265149409211670778e-08 -1.395914922629757321e-07 -9.521597218836158204e-06 3.408021893982652673e-05 2.277696959278379136e-05
-4.183245752918441719e-07 1.788982569271323206e-07 4.902671939756283154e-07 -7.338079339298158102e-05 -2.383280198010570198e-05 -1.144830272930488779e-02 1.501115560887225035e-03 -5.311005527443987077e-04 3.497042012431450688e-10 -6.226449037714123274e-08 -5.692929407308195720e-08 2.466575360809343163e-04 -2.254085751119618974e-08 5.909901550337120236e-07 4.730030592455769861e-08 -5.386518738337643436e-06 -1.303824274290851843e-05 5.966319036457241060e-06
9.261024785990417150e-08 -1.257292416145244558e-08 6.242386264847518226e-08 5.264724423473714975e-06 2.266432725193829975e-06 1.335162087273182368e-03 -2.001552350855089315e-04 -3.594586005286521404e-06 -2.099871808196251307e-09 6.844988530321596472e-09 1.551704839383801873e-08 -2.254085751119618974e-08 2.876329381235470119e-04 -4.361394567247363303e-08 -1.246865698722452684e-08 -2.962024279238155655e-07 3.140034184950790166e-06 1.153833470272547188e-06
-6.712848428254192088e-07 3.678161271037988058e-07 1.297347793980531793e-06 -1.505502519593152283e-04 -4.723384807713451963e-05 -2.195309316571918828e-02 2.803587787569426521e-03 -1.214164758449404842e-03 -5.479378219874188399e-09 -1.206418120651072757e-07 -8.265149409211670778e-08 5.909901550337120236e-07 -4.361394567247363303e-08 1.949497626564155391e-04 6.993778922349414586e-08 -1.309007366946325198e-05 -2.016507217119912920e-05 1.696537562061623287e-05
-7.743564999540172444e-07 1.378096015342913098e-08 -1.099663734298745325e-06 -6.915296696666339190e-06 -8.780129351144384676e-06 -7.111220296255492922e-03 1.226971091808471076e-03 4.395175027218878273e-04 2.439223297357344800e-08 -3.378468709851455464e-08 -1.395914922629757321e-07 4.730030592455769861e-08 -1.246865698722452684e-08 6.993778922349414586e-08 3.284136805619905665e-05 7.507245738718288589e-06 -2.711215018749253615e-05 -1.801013268452031807e-05
-4.956377004923882411e-05 -4.562253584084912198e-06 -1.048172614956238973e-04 1.768879731618431747e-03 4.418494176739749460e-05 -2.136220623939666663e-01 5.191535431834187753e-02 5.253603012058675331e-02 1.968583301359539201e-06 -7.648419964909548540e-07 -9.521597218836158204e-06 -5.386518738337643436e-06 -2.962024279238155655e-07 -1.309007366946325198e-05 7.507245738718288589e-06 1.266427763794464867e-01 -1.786422284419362377e-03 -1.651166952882321360e-03
1.896166118835533013e-04 -4.316534506964041768e-06 2.633170907157423722e-04 2.075988519730617449e-03 2.254870659295602452e-03 1.783116111212315724e+00 -3.050539414484814693e-01 -1.034021495143653269e-01 -5.902447674457763236e-06 8.514669146806473274e-06 3.408021893982652673e-05 -1.303824274290851843e-05 3.140034184950790166e-06 -2.016507217119912920e-05 -2.711215018749253615e-05 -1.786422284419362377e-03 2.537950953664611653e+00 4.323904581709721133e-03
1.211785270864903233e-04 6.493421766072400910e-06 2.267911401232008614e-04 -2.431487815486756219e-03 4.109085586071951446e-04 7.290664824805979105e-01 -1.497159108970079200e-01 -1.075532720920307772e-01 -4.464285074663926063e-06 3.066431466100448778e-06 2.277696959278379136e-05 5.966319036457241060e-06 1.153833470272547188e-06 1.696537562061623287e-05 -1.801013268452031807e-05 -1.651166952882321360e-03 4.323904581709721133e-03 1.395902850173357468e+00
1.546349187908925267e-04 -5.239583527237552614e-08 2.385592991118759273e-06 2.310156489714848918e-05 2.216892630358530047e-05 1.686586186784163471e-02 -2.836707316923376375e-03 -8.548478330992034975e-04 -5.492610513532520835e-08 8.034867466508849242e-08 3.081669270316333015e-07 -1.247904788834764947e-07 4.005261203063972623e-08 -2.073460516467035761e-07 -2.468522984205369706e-07 -1.600777491666873371e-05 6.204012032901827002e-05 3.898428506502908198e-05
-5.239583527237552614e-08 4.802218011995476740e-05 1.178441699726268606e-07 -1.503270120477608018e-05 -4.987098959438714155e-06 -2.130918329015290581e-03 2.439898840777023601e-04 -1.869085286696724993e-04 6.205658185834674179e-10 -1.106154462051287033e-08 -1.470318343961981715e-09 4.709082241292010216e-08 -1.568435147303583232e-08 1.093448348903881011e-07 3.355690209916329776e-09 -1.294958919448638458e-06 -2.906795263647526755e-06 1.846007007214933439e-06
2.385592991118759273e-06 1.178441699726268606e-07 1.434299092292788853e-03 -5.507036964905986232e-05 9.640341156529295274e-06 1.408482782601092054e-02 -2.734584134773069847e-03 -1.704986489148884073e-03 -1.037486681576541643e-07 5.204362844602122572e-08 4.141648749151504860e-07 2.462126124618576627e-07 1.225338552691399088e-07 4.886448824995244867e-07 -3.426205935640015604e-07 -3.499236060929323297e-05 9.767822446730922389e-05 7.461261119225660551e-05
2.310156489714848918e-05 -1.503270120477608018e-05 -5.507036964905986232e-05 1.448894459785255107e+00 1.894111242206601535e-03 8.540236411817594409e-01 -1.055823332055546293e-01 5.595597989838604902e-02 2.068580312510615368e-07 4.656883666890157173e-06 2.270214556051247777e-06 -2.262472035105151253e-05 2.668803750992086512e-06 -4.747087680979080674e-05 -2.123927865835177740e-06 5.521200855475809745e-04 7.930560892243154270e-04 -7.585067019948626759e-04
2.216892630358530047e-05 -4.987098959438714155e-06 9.640341156529295274e-06 1.894111242206601535e-03 3.952085632142441907e-01 3.966406407743945928e-01 -5.364506617361261553e-02 1.353274631546577678e-02 -6.045680837202056991e-07 1.982372913801206521e-06 3.002507755452528113e-06 -6.282802521762600224e-06 2.267980213434468016e-06 -1.400931144121683298e-05 -2.670171248208881886e-06 -7.684887862177817747e-06 9.233788109584649666e-04 1.621689062649731103e-04
1.686586186784163471e-02 -2.130918329015290581e-03 1.408482782601092054e-02 8.540236411817594409e-01 3.966406407743945928e-01 1.255840894643012434e+05 -3.473964013928621597e+01 -5.234523067374862587e-02 -4.536844599885493006e-04 1.166889002208988581e-03 2.724482315537688718e-03 -3.344102034497265993e-03 7.939094641767835761e-04 -6.762241662014618904e-03 -2.242442723279601882e-03 -7.354597122091817429e-02 6.185636212286088620e-01 2.405925329890005460e-01
-2.836707316923376375e-03 2.439898840777023601e-04 -2.734584134773069847e-03 -1.055823332055546293e-01 -5.364506617361261553e-02 -3.473964013928621597e+01 2.879063575703732567e+03 7.964567826893775848e-01 7.244997519676620512e-05 -1.750302947785587772e-04 -4.953577394937273013e-04 4.934198789214291675e-04 -4.905190245335298139e-05 9.078955498848977415e-04 3.939866267704230296e-04 1.640074781597104792e-02 -9.565523958495096568e-02 -4.761084963751837512e-02
-8.548478330992034975e-04 -1.869085286696724993e-04 -1.704986489148884073e-03 5.595597989838604902e-02 1.353274631546577678e-02 -5.234523067374862587e-02 7.964567826893775848e-01 1.893071162113240916e+03 1.474291264086413372e-05 -3.311333946723005790e-06 -2.304043132027624975e-04 -2.309352361111527890e-05 1.674610520503728973e-04 -2.677052452124745381e-04 1.558889493094277475e-04 1.442627440283244383e-02 -1.103080836899851362e-02 -3.106408576261995153e-02
-5.492610513532520835e-08 6.205658185834674179e-10 -1.037486681576541643e-07 2.068580312510615368e-07 -6.045680837202056991e-07 -4.536844599885493006e-04 7.244997519676620512e-05 1.474291264086413372e-05 7.237159744939627298e-05 -1.770633097050662371e-09 -8.313223945092182722e-09 -4.270087710217000101e-09 -5.703011728033957730e-09 -5.358671509115368768e-09 7.350680971769597900e-09 7.011183010337130216e-07 -2.546949952247235005e-06 -1.528617444064441451e-06
8.034867466508849242e-08 -1.106154462051287033e-08 5.204362844602122572e-08 4.656883666890157173e-06 1.982372913801206521e-06 1.166889002208988581e-03 -1.750302947785587772e-04 -3.311333946723005790e-06 -1.770633097050662371e-09 5.830066498248171027e-06 1.352542938449483516e-08 -2.013841043312946683e-08 1.944958739061053684e-09 -3.878126132024092486e-08 -1.083328871817823149e-08 -2.412773629831769368e-07 2.692585767901706802e-06 9.763773603909977315e-07
3.081669270316333015e-07 -1.470318343961981715e-09 4.141648749151504860e-07 2.270214556051247777e-06 3.002507755452528113e-06 2.724482315537688718e-03 -4.953577394937273013e-04 -2.304043132027624975e-04 -8.313223945092182722e-09 1.352542938449483516e-08 1.503550477990176664e-04 -2.732974771505314977e-08 -5.496640583329594961e-09 -3.394565374715586817e-08 -4.561510593108384683e-08 -2.898909365602902258e-06 9.537009553574960616e-06 7.080583719803623716e-06
-1.247904788834764947e-07 4.709082241292010216e-08 2.462126124618576627e-07 -2.262472035105151253e-05 -6.282802521762600224e-06 -3.344102034497265993e-03 4.934198789214291675e-04 -2.309352361111527890e-05 -4.270087710217000101e-09 -2.013841043312946683e-08 -2.732974771505314977e-08 7.895646293174860670e-05 2.269703608067826984e-08 2.105505422624593494e-07 1.784012890101570765e-08 -2.146808523365708626e-06 -2.593710099523310340e-07 2.504006851024488198e-06
4.005261203063972623e-08 -1.568435147303583232e-08 1.225338552691399088e-07 2.668803750992086512e-06 2.267980213434468016e-06 7.939094641767835761e-04 -4.905190245335298139e-05 1.674610520503728973e-04 -5.703011728033957730e-09 1.944958739061053684e-09 -5.496640583329594961e-09 2.269703608067826984e-08 9.207688058796366273e-05 1.065198313112526915e-08 -8.854188472092812873e-10 -5.805801049429630630e-07 5.497250420865772713e-06 1.052110836861035438e-06
-2.073460516467035761e-07 1.093448348903881011e-07 4.886448824995244867e-07 -4.747087680979080674e-05 -1.400931144121683298e-05 -6.762241662014618904e-03 9.078955498848977415e-04 -2.677052452124745381e-04 -5.358671509115368768e-09 -3.878126132024092486e-08 -3.394565374715586817e-08 2.105505422624593494e-07 1.065198313112526915e-08 6.240155855070246267e-05 2.460482523252194730e-08 -4.536946251929694771e-06 -3.233524819129924660e-06 5.918277417424708541e-06
-2.468522984205369706e-07 3.355690209916329776e-09 -3.426205935640015604e-07 -2.123927865835177740e-06 -2.670171248208881886e-06 -2.242442723279601882e-03 3.939866267704230296e-04 1.558889493094277475e-04 7.350680971769597900e-09 -1.083328871817823149e-08 -4.561510593108384683e-08 1.784012890101570765e-08 -8.854188472092812873e-10 2.460482523252194730e-08 1.050951844572701835e-05 2.358400188486304050e-06 -8.269747947153439346e-06 -5.701506149124937074e-06
-1.600777491666873371e-05 -1.294958919448638458e-06 -3.499236060929323297e-05 5.521200855475809745e-04 -7.684887862177817747e-06 -7.354597122091817429e-02 1.640074781597104792e-02 1.442627440283244383e-02 7.011183010337130216e-07 -2.412773629831769368e-07 -2.898909365602902258e-06 -2.146808523365708626e-06 -5.805801049429630630e-07 -4.536946251929694771e-06 2.358400188486304050e-06 4.053256073121087183e-02 -6.352072983431211956e-04 -5.380338257897421868e-04
6.204012032901827002e-05 -2.906795263647526755e-06 9.767822446730922389e-05 7.930560892243154270e-04 9.233788109584649666e-04 6.185636212286088620e-01 -9.565523958495096568e-02 -1.103080836899851362e-02 -2.546949952247235005e-06 2.692585767901706802e-06 9.537009553574960616e-06 -2.593710099523310340e-07 5.497250420865772713e-06 -3.233524819129924660e-06 -8.269747947153439346e-06 -6.352072983431211956e-04 8.127320100129549196e-01 1.472984961495720163e-03
3.898428506502908198e-05 1.846007007214933439e-06 7.461261119225660551e-05 -7.585067019948626759e-04 1.621689062649731103e-04 2.405925329890005460e-01 -4.761084963751837512e-02 -3.106408576261995153e-02 -1.528617444064441451e-06 9.763773603909977315e-07 7.080583719803623716e-06 2.504006851024488198e-06 1.052110836861035438e-06 5.918277417424708541e-06 -5.701506149124937074e-06 -5.380338257897421868e-04 1.472984961495720163e-03 4.467024917134629347e-01
4.948422158371613386e-05 -1.711264326522561778e-08 7.523498393376752252e-07 7.983696756841899067e-06 7.208390554508970796e-06 5.402051180174740307e-03 -8.981217187579883373e-04 -2.666083090354815508e-04 -2.010455258248022862e-08 2.541422828986160468e-08 9.680375173971885694e-08 -3.804853604367342550e-08 1.279375897757936666e-08 -6.743310660562092713e-08 -7.896974769571766516e-08 -5.101059101762818324e-06 1.983895312154877296e-05 1.218907764248867692e-05
-1.711264326522561778e-08 1.536721190216298544e-05 4.135623352231179068e-08 -5.005715765078218943e-06 -1.633632237857120117e-06 -6.835370602777493835e-04 7.489808631691454008e-05 -6.210375868492343655e-05 1.033556838517452338e-09 -3.441490754366973180e-09 1.271672217440778901e-10 1.444670601116527648e-08 -5.011370986760977752e-09 3.534781618485573010e-08 1.066228800385098461e-09 -4.214640617976670507e-07 -9.255886272619039778e-07 6.851429023588312124e-07
7.523498393376752252e-07 4.135623352231179068e-08 4.590920547059696550e-04 -2.385289068693102413e-05 1.879988524392644327e-06 4.454711386293299519e-03 -9.764968793474394651e-04 -6.187650841219852725e-04 -6.555920667682565137e-09 1.978758570540931803e-08 1.516040772771530187e-07 5.892893492993970820e-08 3.945403139088780206e-08 1.677730173515127290e-07 -1.098808489374664274e-07 -1.142338549581602665e-05 3.140336420169211057e-05 2.688895090969697268e-05
7.983696756841899067e-06 -5.005715765078218943e-06 -2.385289068693102413e-05 4.639798683084216946e-01 6.706400138379562965e-04 2.760954199188105918e-01 -2.835469538215614968e-02 2.182419095382686844e-02 -1.360593305304954209e-06 1.322394794337250401e-06 -2.948148781491699043e-07 -6.176440557522799229e-06 8.409937783941044807e-07 -1.580151562099536001e-05 -6.666837636587888513e-07 1.887718009090305963e-04 2.459417388085432155e-04 -4.040660503155100764e-04
7.208390554508970796e-06 -1.633632237857120117e-06 1.879988524392644327e-06 6.706400138379562965e-04 1.264792189050172599e-01 1.274680291128750809e-01 -1.611596892257826166e-02 5.088252677123965978e-03 -4.693949185238229581e-07 6.019061682177058281e-07 7.632917169161483795e-07 -1.804827414747418470e-06 7.232350082659608875e-07 -4.601111886021669648e-06 -8.519458610552638933e-07 -1.203704590682704148e-07 2.939657385212060309e-04 2.069100297156485372e-05
5.402051180174740307e-03 -6.835370602777493835e-04 4.454711386293299519e-03 2.760954199188105918e-01 1.274680291128750809e-01 4.018693225889778842e+04 -1.107097319763195031e+01 1.622493356285313604e-02 -1.571865771454057626e-04 3.719922436635277486e-04 8.632394311862687849e-04 -1.061162709129205269e-03 2.539414261268788326e-04 -2.169057992487196003e-03 -7.174724920891448546e-04 -2.343293547477389230e-02 1.978744108820940095e-01 7.563177381008789890e-02
-8.981217187579883373e-04 7.489808631691454008e-05 -9.764968793474394651e-04 -2.835469538215614968e-02 -1.611596892257826166e-02 -1.107097319763195031e+01 9.213887710659256527e+02 3.186554078108183030e-01 -4.399856972427008063e-08 -5.874159458799035357e-05 -1.751408895898406818e-04 1.752075656744515398e-04 -1.590862903536889895e-05 2.805822311337299716e-04 1.262869224494949662e-04 5.445118439224186195e-03 -3.073724952483336895e-02 -1.786213755349690818e-02
-2.666083090354815508e-04 -6.210375868492343655e-05 -6.187650841219852725e-04 2.182419095382686844e-02 5.088252677123965978e-03 1.622493356285313604e-02 3.186554078108183030e-01 6.058287880718636416e+02 -1.203844509960739295e-05 -3.030361456519773059e-06 -8.572331999812273211e-05 5.099448937843848740e-06 5.343458976853018600e-05 -9.283931678156039828e-05 5.003682031385981506e-05 4.758432221025739317e-03 -3.621887017311445963e-03 -1.183532804879232521e-02
-2.010455258248022862e-08 1.033556838517452338e-09 -6.555920667682565137e-09 -1.360593305304954209e-06 -4.693949185238229581e-07 -1.571865771454057626e-04 -4.399856972427008063e-08 -1.203844509960739295e-05 2.316501271976999297e-05 1.510138373641861580e-10 1.707199777019769697e-09 -5.914266107785770190e-09 -1.769270206225446173e-09 8.974087780201190603e-10 2.296739333212917342e-09 1.726415817465703469e-07 -7.815131059185901337e-07 2.008157909342481668e-07
2.541422828986160468e-08 -3.441490754366973180e-09 1.978758570540931803e-08 1.322394794337250401e-06 6.019061682177058281e-07 3.719922436635277486e-04 -5.874159458799035357e-05 -3.030361456519773059e-06 1.510138373641861580e-10 1.865705680046318986e-06 4.841801596752820679e-09 -6.979173589785757811e-09 6.289370494756191822e-10 -1.210277837289228523e-08 -3.473177359769096689e-09 -8.329123251503967631e-08 8.655687413798650807e-07 3.935901955070820296e-07
9.680375173971885694e-08 1.271672217440778901e-10 1.516040772771530187e-07 -2.948148781491699043e-07 7.632917169161483795e-07 8.632394311862687849e-04 -1.751408895898406818e-04 -8.572331999812273211e-05 1.707199777019769697e-09 4.841801596752820679e-09 4.811674146874983391e-05 -1.200082595872643716e-08 -1.719059984066440127e-09 -8.992828685587902997e-09 -1.463654502743257600e-08 -9.646690994696131538e-07 3.075829880547158954e-06 2.759664302484619648e-06
-3.804853604367342550e-08 1.444670601116527648e-08 5.892893492993970820e-08 -6.176440557522799229e-06 -1.804827414747418470e-06 -1.061162709129205269e-03 1.752075656744515398e-04 5.099448937843848740e-06 -5.914266107785770190e-09 -6.979173589785757811e-09 -1.200082595872643716e-08 2.526945791263068703e-05 7.221539829418353199e-09 6.542915751134575356e-08 5.750192735534618261e-09 -6.484315088279739196e-07 -1.079763764018618126e-07 2.870039561975821010e-07
1.279375897757936666e-08 -5.011370986760977752e-09 3.945403139088780206e-08 8.409937783941044807e-07 7.232350082659608875e-07 2.539414261268788326e-04 -1.590862903536889895e-05 5.343458976853018600e-05 -1.769270206225446173e-09 6.289370494756191822e-10 -1.719059984066440127e-09 7.221539829418353199e-09 2.946460229650744536e-05 3.432478069196181455e-09 -2.838404279850871619e-10 -1.862576889418139546e-07 1.759426014984271097e-06 3.429734007317756970e-07
-6.743310660562092713e-08 3.534781618485573010e-08 1.677730173515127290e-07 -1.580151562099536001e-05 -4.601111886021669648e-06 -2.169057992487196003e-03 2.805822311337299716e-04 -9.283931678156039828e-05 8.974087780201190603e-10 -1.210277837289228523e-08 -8.992828685587902997e-09 6.542915751134575356e-08 3.432478069196181455e-09 1.996961706176112193e-05 7.849792639487393087e-09 -1.473963521952027246e-06 -1.020381297179291704e-06 2.189239505089830159e-06
-7.896974769571766516e-08 1.066228800385098461e-09 -1.098808489374664274e-07 -6.666837636587888513e-07 -8.519458610552638933e-07 -7.174724920891448546e-04 1.262869224494949662e-04 5.003682031385981506e-05 2.296739333212917342e-09 -3.473177359769096689e-09 -1.463654502743257600e-08 5.750192735534618261e-09 -2.838404279850871619e-10 7.849792639487393087e-09 3.363046407074905795e-06 7.551582936106345175e-07 -2.646624042742816094e-06 -1.830755591550869212e-06
-5.101059101762818324e-06 -4.214640617976670507e-07 -1.142338549581602665e-05 1.887718009090305963e-04 -1.203704590682704148e-07 -2.343293547477389230e-02 5.445118439224186195e-03 4.758432221025739317e-03 1.726415817465703469e-07 -8.329123251503967631e-08 -9.646690994696131538e-07 -6.484315088279739196e-07 -1.862576889418139546e-07 -1.473963521952027246e-06 7.551582936106345175e-07 1.297085777821309870e-02 -2.035503717878773275e-04 -1.780189996352734855e-04
1.983895312154877296e-05 -9.255886272619039778e-07 3.140336420169211057e-05 2.459417388085432155e-04 2.939657385212060309e-04 1.978744108820940095e-01 -3.073724952483336895e-02 -3.621887017311445963e-03 -7.815131059185901337e-07 8.655687413798650807e-07 3.075829880547158954e-06 -1.079763764018618126e-07 1.759426014984271097e-06 -1.020381297179291704e-06 -2.646624042742816094e-06 -2.035503717878773275e-04 2.600744272527202861e-01 4.751446620370339074e-04
1.218907764248867692e-05 6.851429023588312124e-07 2.688895090969697268e-05 -4.040660503155100764e-04 2.069100297156485372e-05 7.563177381008789890e-02 -1.786213755349690818e-02 -1.183532804879232521e-02 2.008157909342481668e-07 3.935901955070820296e-07 2.759664302484619648e-06 2.870039561975821010e-07 3.429734007317756970e-07 2.189239505089830159e-06 -1.830755591550869212e-06 -1.780189996352734855e-04 4.751446620370339074e-04 1.430228208588421035e-01
4.948422158371613386e-05 -1.711264326522561778e-08 7.523498393376752252e-07 7.983696756841899067e-06 7.208390554508970796e-06 5.402051180174740307e-03 -8.981217187579883373e-04 -2.666083090354815508e-04 -2.010455258248022862e-08 2.541422828986160468e-08 9.680375173971885694e-08 -3.804853604367342550e-08 1.279375897757936666e-08 -6.743310660562092713e-08 -7.896974769571766516e-08 -5.101059101762818324e-06 1.983895312154877296e-05 1.218907764248867692e-05
-1.711264326522561778e-08 1.536721190216298544e-05 4.135623352231179068e-08 -5.005715765078218943e-06 -1.633632237857120117e-06 -6.835370602777493835e-04 7.489808631691454008e-05 -6.210375868492343655e-05 1.033556838517452338e-09 -3.441490754366973180e-09 1.271672217440778901e-10 1.444670601116527648e-08 -5.011370986760977752e-09 3.534781618485573010e-08 1.066228800385098461e-09 -4.214640617976670507e-07 -9.255886272619039778e-07 6.851429023588312124e-07
7.523498393376752252e-07 4.135623352231179068e-08 4.590920547059696550e-04 -2.385289068693102413e-05 1.879988524392644327e-06 4.454711386293299519e-03 -9.764968793474394651e-04 -6.187650841219852725e-04 -6.555920667682565137e-09 1.978758570540931803e-08 1.516040772771530187e-07 5.892893492993970820e-08 3.945403139088780206e-08 1.677730173515127290e-07 -1.098808489374664274e-07 -1.142338549581602665e-05 3.140336420169211057e-05 2.688895090969697268e-05
7.983696756841899067e-06 -5.005715765078218943e-06 -2.385289068693102413e-05 4.639798683084216946e-01 6.706400138379562965e-04 2.760954199188105918e-01 -2.835469538215614968e-02 2.182419095382686844e-02 -1.360593305304954209e-06 1.322394794337250401e-06 -2.948148781491699043e-07 -6.176440557522799229e-06 8.409937783941044807e-07 -1.580151562099536001e-05 -6.666837636587888513e-07 1.887718009090305963e-04 2.459417388085432155e-04 -4.040660503155100764e-04
7.208390554508970796e-06 -1.633632237857120117e-06 1.879988524392644327e-06 6.706400138379562965e-04 1.264792189050172599e-01 1.274680291128750809e-01 -1.611596892257826166e-02 5.088252677123965978e-03 -4.693949185238229581e-07 6.019061682177058281e-07 7.632917169161483795e-07 -1.804827414747418470e-06 7.232350082659608875e-07 -4.601111886021669648e-06 -8.519458610552638933e-07 -1.203704590682704148e-07 2.939657385212060309e-04 2.069100297156485372e-05
5.402051180174740307e-03 -6.835370602777493835e-04 4.454711386293299519e-03 2.760954199188105918e-01 1.274680291128750809e-01 4.018693225889778842e+04 -1.107097319763195031e+01 1.622493356285313604e-02 -1.571865771454057626e-04 3.719922436635277486e-04 8.632394311862687849e-04 -1.061162709129205269e-03 2.539414261268788326e-04 -2.169057992487196003e-03 -7.174724920891448546e-04 -2.343293547477389230e-02 1.978744108820940095e-01 7.563177381008789890e-02
-8.981217187579883373e-04 7.489808631691454008e-05 -9.764968793474394651e-04 -2.835469538215614968e-02 -1.611596892257826166e-02 -1.107097319763195031e+01 9.213887710659256527e+02 3.186554078108183030e-01 -4.399856972427008063e-08 -5.874159458799035357e-05 -1.751408895898406818e-04 1.752075656744515398e-04 -1.590862903536889895e-05 2.805822311337299716e-04 1.262869224494949662e-04 5.445118439224186195e-03 -3.073724952483336895e-02 -1.786213755349690818e-02
-2.666083090354815508e-04 -6.210375868492343655e-05 -6.187650841219852725e-04 2.182419095382686844e-02 5.088252677123965978e-03 1.622493356285313604e-02 3.186554078108183030e-01 6.058287880718636416e+02 -1.203844509960739295e-05 -3.030361456519773059e-06 -8.572331999812273211e-05 5.099448937843848740e-06 5.343458976853018600e-05 -9.283931678156039828e-05 5.003682031385981506e-05 4.758432221025739317e-03 -3.621887017311445963e-03 -1.183532804879232521e-02
-2.010455258248022862e-08 1.033556838517452338e-09 -6.555920667682565137e-09 -1.360593305304954209e-06 -4.693949185238229581e-07 -1.571865771454057626e-04 -4.399856972427008063e-08 -1.203844509960739295e-05 2.316501271976999297e-05 1.510138373641861580e-10 1.707199777019769697e-09 -5.914266107785770190e-09 -1.769270206225446173e-09 8.974087780201190603e-10 2.296739333212917342e-09 1.726415817465703469e-07 -7.815131059185901337e-07 2.008157909342481668e-07
2.541422828986160468e-08 -3.441490754366973180e-09 1.978758570540931803e-08 1.322394794337250401e-06 6.019061682177058281e-07 3.719922436635277486e-04 -5.874159458799035357e-05 -3.030361456519773059e-06 1.510138373641861580e-10 1.865705680046318986e-06 4.841801596752820679e-09 -6.979173589785757811e-09 6.289370494756191822e-10 -1.210277837289228523e-08 -3.473177359769096689e-09 -8.329123251503967631e-08 8.655687413798650807e-07 3.935901955070820296e-07
9.680375173971885694e-08 1.271672217440778901e-10 1.516040772771530187e-07 -2.948148781491699043e-07 7.632917169161483795e-07 8.632394311862687849e-04 -1.751408895898406818e-04 -8.572331999812273211e-05 1.707199777019769697e-09 4.841801596752820679e-09 4.811674146874983391e-05 -1.200082595872643716e-08 -1.719059984066440127e-09 -8.992828685587902997e-09 -1.463654502743257600e-08 -9.646690994696131538e-07 3.075829880547158954e-06 2.759664302484619648e-06
-3.804853604367342550e-08 1.444670601116527648e-08 5.892893492993970820e-08 -6.176440557522799229e-06 -1.804827414747418470e-06 -1.061162709129205269e-03 1.752075656744515398e-04 5.099448937843848740e-06 -5.914266107785770190e-09 -6.979173589785757811e-09 -1.200082595872643716e-08 2.526945791263068703e-05 7.221539829418353199e-09 6.542915751134575356e-08 5.750192735534618261e-09 -6.484315088279739196e-07 -1.079763764018618126e-07 2.870039561975821010e-07
1.279375897757936666e-08 -5.011370986760977752e-09 3.945403139088780206e-08 8.409937783941044807e-07 7.232350082659608875e-07 2.539414261268788326e-04 -1.590862903536889895e-05 5.343458976853018600e-05 -1.769270206225446173e-09 6.289370494756191822e-10 -1.719059984066440127e-09 7.221539829418353199e-09 2.946460229650744536e-05 3.432478069196181455e-09 -2.838404279850871619e-10 -1.862576889418139546e-07 1.759426014984271097e-06 3.429734007317756970e-07
-6.743310660562092713e-08 3.534781618485573010e-08 1.677730173515127290e-07 -1.580151562099536001e-05 -4.601111886021669648e-06 -2.169057992487196003e-03 2.805822311337299716e-04 -9.283931678156039828e-05 8.974087780201190603e-10 -1.210277837289228523e-08 -8.992828685587902997e-09 6.542915751134575356e-08 3.432478069196181455e-09 1.996961706176112193e-05 7.849792639487393087e-09 -1.473963521952027246e-06 -1.020381297179291704e-06 2.189239505089830159e-06
-7.896974769571766516e-08 1.066228800385098461e-09 -1.098808489374664274e-07 -6.666837636587888513e-07 -8.519458610552638933e-07 -7.174724920891448546e-04 1.262869224494949662e-04 5.003682031385981506e-05 2.296739333212917342e-09 -3.473177359769096689e-09 -1.463654502743257600e-08 5.750192735534618261e-09 -2.838404279850871619e-10 7.849792639487393087e-09 3.363046407074905795e-06 7.551582936106345175e-07 -2.646624042742816094e-06 -1.830755591550869212e-06
