{
    "R": [
        [
            2.0854012386624298e-06,
            -3.682411765795924e-08,
            -2.801046222043773e-07,
            -1.1430502850562266e-07,
            -2.0654867373146246e-08,
            -7.670855882915928e-05,
            6.576931429510403e-07,
            4.200726037936771e-05,
            3.299556408136183e-09,
            3.3799061737364376e-09,
            7.856800104177155e-10,
            3.85123508216261e-09,
            -4.623249831913702e-09,
            -6.112381946514763e-10,
            -1.245288068514915e-09,
            8.05045307293824e-09,
            -8.253269424613054e-11,
            -2.1702405159931115e-08
        ],
        [
            0.0,
            6.5742351914410974e-06,
            8.696016672454331e-07,
            7.688436659261067e-08,
            2.3467234235519373e-08,
            5.883159443335447e-05,
            1.6348707092958184e-06,
            -4.548501080483475e-05,
            2.754159178315938e-09,
            -2.688572406255362e-09,
            -1.3368063358231524e-09,
            -5.858178572454744e-09,
            -1.4530398605905606e-10,
            -2.4291601553092087e-09,
            2.361523828325656e-10,
            -8.010972968782762e-09,
            -5.503269809417593e-09,
            6.538197137057717e-09
        ],
        [
            0.0,
            0.0,
            0.00034775017250200766,
            1.4155547527749204e-08,
            -9.881863409630751e-09,
            2.5609720605994602e-05,
            -1.706102606591309e-06,
            -8.096389036493912e-06,
            8.748551212270173e-10,
            -7.183364242848551e-10,
            -1.7846319512167358e-09,
            -2.012900994072347e-09,
            5.425785194287222e-10,
            -3.4511727233416703e-10,
            3.145369131538684e-10,
            -3.734439717072582e-09,
            -9.32508346359066e-10,
            -1.3738581889134566e-08
        ],
        [
            0.0,
            0.0,
            0.0,
            6.288802236940739e-05,
            4.582613957449931e-09,
            -1.0013745210581337e-05,
            1.8342830742115147e-06,
            -1.0104821739340598e-05,
            7.487145471871983e-09,
            -9.844235285535845e-10,
            -7.519061605247768e-10,
            -2.2150446822586055e-09,
            6.453107416200926e-10,
            2.464441153676208e-11,
            -1.512594256889252e-10,
            2.782888045005357e-09,
            -3.2789224849402564e-09,
            1.5393448644243745e-08
        ],
        [
            0.0,
            0.0,
            0.0,
            0.0,
            8.927043535167883e-06,
            7.310147758695886e-06,
            2.1988355835351626e-06,
            -1.315115975034264e-05,
            -6.136580264159577e-09,
            -6.956592952977311e-10,
            1.3449927478170544e-09,
            3.9741277346852584e-10,
            7.623260028437789e-10,
            5.5063457401289944e-11,
            2.8936374207666358e-11,
            -2.203005859414178e-09,
            -1.39552494927338e-09,
            2.440719425166428e-08
        ],
        [
            0.0,
            0.0,
            0.0,
            0.0,
            0.0,
            0.018760300035084963,
            -9.396505705651541e-07,
            -1.7498935829430463e-05,
            7.758789721580693e-10,
            -1.334125930046485e-09,
            -1.5898632917399576e-09,
            -2.1583081092107616e-09,
            2.6804227962022786e-11,
            -1.1766973113689575e-09,
            6.382021830390992e-10,
            -4.884204010428847e-09,
            2.4591584791741696e-09,
            -1.6183311669834376e-08
        ],
        [
            0.0,
            0.0,
            0.0,
            0.0,
            0.0,
            0.0,
            0.0015201572197023284,
            -8.470034132663992e-06,
            5.459221274704157e-10,
            1.7482919049366539e-10,
            7.08533531680013e-10,
            -5.673345027328676e-10,
            2.230187135634231e-11,
            2.0925449876540803e-10,
            -4.2970988105596873e-10,
            -1.3872516477721431e-09,
            -4.194449029609494e-09,
            1.768680514335521e-08
        ],
        [
            0.0,
            0.0,
            0.0,
            0.0,
            0.0,
            0.0,
            0.0,
            0.006606913822341405,
            -2.933834686931916e-09,
            2.4194220790870383e-09,
            5.67485178424261e-10,
            6.007111814289593e-09,
            -1.5373538675447887e-09,
            -3.573553420293835e-10,
            -3.2251476441426083e-10,
            1.3686905611854547e-08,
            3.7171104406196113e-09,
            -3.852066234731296e-09
        ],
        [
            0.0,
            0.0,
            0.0,
            0.0,
            0.0,
            0.0,
            0.0,
            0.0,
            4.0671494724062974e-06,
            3.533610560766546e-10,
            -1.5477901717704662e-09,
            -2.301268349544831e-09,
            5.554218363717211e-10,
            4.872823776249394e-10,
            4.445234643129732e-11,
            2.1097791425515077e-09,
            -6.051778601855446e-09,
            -4.105746708966847e-09
        ],
        [
            0.0,
            0.0,
            0.0,
            0.0,
            0.0,
            0.0,
            0.0,
            0.0,
            0.0,
            5.74426975089685e-07,
            9.294478977889926e-10,
            2.9169384145009894e-09,
            -2.852530373950383e-09,
            -4.3482988009488007e-10,
            -1.1704611720244221e-09,
            3.973767648716098e-09,
            3.170566135991951e-09,
            -2.3757588466481463e-08
        ],
        [
            0.0,
            0.0,
            0.0,
            0.0,
            0.0,
            0.0,
            0.0,
            0.0,
            0.0,
            0.0,
            7.935072803323439e-07,
            2.1955011851249336e-09,
            8.324185381677198e-10,
            -3.685251927353865e-11,
            -6.961396161486062e-10,
            4.5403101310794715e-12,
            2.806564509713977e-09,
            2.4019799212865645e-08
        ],
        [
            0.0,
            0.0,
            0.0,
            0.0,
            0.0,
            0.0,
            0.0,
            0.0,
            0.0,
            0.0,
            0.0,
            1.7944509728685372e-06,
            -7.512277347067795e-10,
            4.3555570209994534e-10,
            -2.1422732555522032e-10,
            2.8607442942823476e-09,
            4.914949879304802e-09,
            3.1104814564039126e-09
        ],
        [
            0.0,
            0.0,
            0.0,
            0.0,
            0.0,
            0.0,
            0.0,
            0.0,
            0.0,
            0.0,
            0.0,
            0.0,
            9.605293907050463e-07,
            -2.5759259486140885e-10,
            2.0603151988866173e-10,
            2.318027525912598e-09,
            2.5018014817373135e-09,
            3.216177319807082e-08
        ],
        [
            0.0,
            0.0,
            0.0,
            0.0,
            0.0,
            0.0,
            0.0,
            0.0,
            0.0,
            0.0,
            0.0,
            0.0,
            0.0,
            6.564330007812524e-07,
            8.575735161599873e-10,
            -4.655473366110741e-09,
            -1.2090119434117436e-09,
            -4.405277586307038e-08
        ],
        [
            0.0,
            0.0,
            0.0,
            0.0,
            0.0,
            0.0,
            0.0,
            0.0,
            0.0,
            0.0,
            0.0,
            0.0,
            0.0,
            0.0,
            1.7332749724160077e-07,
            -3.3580147320595385e-09,
            2.8171517507904886e-09,
            -4.552586587348469e-08
        ],
        [
            0.0,
            0.0,
            0.0,
            0.0,
            0.0,
            0.0,
            0.0,
            0.0,
            0.0,
            0.0,
            0.0,
            0.0,
            0.0,
            0.0,
            0.0,
            3.487150158918397e-06,
            -1.6073346752074804e-09,
            1.596917501734532e-08
        ],
        [
            0.0,
            0.0,
            0.0,
            0.0,
            0.0,
            0.0,
            0.0,
            0.0,
            0.0,
            0.0,
            0.0,
            0.0,
            0.0,
            0.0,
            0.0,
            0.0,
            2.0157291366378046e-06,
            5.8462364751754975e-09
        ],
        [
            0.0,
            0.0,
            0.0,
            0.0,
            0.0,
            0.0,
            0.0,
            0.0,
            0.0,
            0.0,
            0.0,
            0.0,
            0.0,
            0.0,
            0.0,
            0.0,
            0.0,
            9.625438932627073e-06
        ]
    ],
    "RDR": [
        [
            [
                2.0854012386624298e-06,
                -3.682411765795924e-08,
                -2.801046222043773e-07,
                -1.1430502850562266e-07,
                -2.0654867373146246e-08,
                -7.670855882915928e-05,
                6.576931429510403e-07,
                4.200726037936771e-05,
                3.299556408136183e-09,
                3.3799061737364376e-09,
                7.856800104177155e-10,
                3.85123508216261e-09,
                -4.623249831913702e-09,
                -6.112381946514763e-10,
                -1.245288068514915e-09,
                8.05045307293824e-09,
                -8.253269424613054e-11,
                -2.1702405159931115e-08
            ],
            [
                0.0,
                6.5742351914410974e-06,
                8.696016672454331e-07,
                7.688436659261067e-08,
                2.3467234235519373e-08,
                5.883159443335447e-05,
                1.6348707092958184e-06,
                -4.548501080483475e-05,
                2.754159178315938e-09,
                -2.688572406255362e-09,
                -1.3368063358231524e-09,
                -5.858178572454744e-09,
                -1.4530398605905606e-10,
                -2.4291601553092087e-09,
                2.361523828325656e-10,
                -8.010972968782762e-09,
                -5.503269809417593e-09,
                6.538197137057717e-09
            ],
            [
                0.0,
                0.0,
                0.00034775017250200766,
                1.4155547527749204e-08,
                -9.881863409630751e-09,
                2.5609720605994602e-05,
                -1.706102606591309e-06,
                -8.096389036493912e-06,
                8.748551212270173e-10,
                -7.183364242848551e-10,
                -1.7846319512167358e-09,
                -2.012900994072347e-09,
                5.425785194287222e-10,
                -3.4511727233416703e-10,
                3.145369131538684e-10,
                -3.734439717072582e-09,
                -9.32508346359066e-10,
                -1.3738581889134566e-08
            ],
            [
                0.0,
                0.0,
                0.0,
                6.288802236940739e-05,
                4.582613957449931e-09,
                -1.0013745210581337e-05,
                1.8342830742115147e-06,
                -1.0104821739340598e-05,
                7.487145471871983e-09,
                -9.844235285535845e-10,
                -7.519061605247768e-10,
                -2.2150446822586055e-09,
                6.453107416200926e-10,
                2.464441153676208e-11,
                -1.512594256889252e-10,
                2.782888045005357e-09,
                -3.2789224849402564e-09,
                1.5393448644243745e-08
            ],
            [
                0.0,
                0.0,
                0.0,
                0.0,
                8.927043535167883e-06,
                7.310147758695886e-06,
                2.1988355835351626e-06,
                -1.315115975034264e-05,
                -6.136580264159577e-09,
                -6.956592952977311e-10,
                1.3449927478170544e-09,
                3.9741277346852584e-10,
                7.623260028437789e-10,
                5.5063457401289944e-11,
                2.8936374207666358e-11,
                -2.203005859414178e-09,
                -1.39552494927338e-09,
                2.440719425166428e-08
            ],
            [
                0.0,
                0.0,
                0.0,
                0.0,
                0.0,
                0.018760300035084963,
                -9.396505705651541e-07,
                -1.7498935829430463e-05,
                7.758789721580693e-10,
                -1.334125930046485e-09,
                -1.5898632917399576e-09,
                -2.1583081092107616e-09,
                2.6804227962022786e-11,
                -1.1766973113689575e-09,
                6.382021830390992e-10,
                -4.884204010428847e-09,
                2.4591584791741696e-09,
                -1.6183311669834376e-08
            ],
            [
                0.0,
                0.0,
                0.0,
                0.0,
                0.0,
                0.0,
                0.0015201572197023284,
                -8.470034132663992e-06,
                5.459221274704157e-10,
                1.7482919049366539e-10,
                7.08533531680013e-10,
                -5.673345027328676e-10,
                2.230187135634231e-11,
                2.0925449876540803e-10,
                -4.2970988105596873e-10,
                -1.3872516477721431e-09,
                -4.194449029609494e-09,
                1.768680514335521e-08
            ],
            [
                0.0,
                0.0,
                0.0,
                0.0,
                0.0,
                0.0,
                0.0,
                0.006606913822341405,
                -2.933834686931916e-09,
                2.4194220790870383e-09,
                5.67485178424261e-10,
                6.007111814289593e-09,
                -1.5373538675447887e-09,
                -3.573553420293835e-10,
                -3.2251476441426083e-10,
                1.3686905611854547e-08,
                3.7171104406196113e-09,
                -3.852066234731296e-09
            ],
            [
                0.0,
                0.0,
                0.0,
                0.0,
                0.0,
                0.0,
                0.0,
                0.0,
                4.0671494724062974e-06,
                3.533610560766546e-10,
                -1.5477901717704662e-09,
                -2.301268349544831e-09,
                5.554218363717211e-10,
                4.872823776249394e-10,
                4.445234643129732e-11,
                2.1097791425515077e-09,
                -6.051778601855446e-09,
                -4.105746708966847e-09
            ],
            [
                0.0,
                0.0,
                0.0,
                0.0,
                0.0,
                0.0,
                0.0,
                0.0,
                0.0,
                5.74426975089685e-07,
                9.294478977889926e-10,
                2.9169384145009894e-09,
                -2.852530373950383e-09,
                -4.3482988009488007e-10,
                -1.1704611720244221e-09,
                3.973767648716098e-09,
                3.170566135991951e-09,
                -2.3757588466481463e-08
            ],
            [
                0.0,
                0.0,
                0.0,
                0.0,
                0.0,
                0.0,
                0.0,
                0.0,
                0.0,
                0.0,
                7.935072803323439e-07,
                2.1955011851249336e-09,
                8.324185381677198e-10,
                -3.685251927353865e-11,
                -6.961396161486062e-10,
                4.5403101310794715e-12,
                2.806564509713977e-09,
                2.4019799212865645e-08
            ],
            [
                0.0,
                0.0,
                0.0,
                0.0,
                0.0,
                0.0,
                0.0,
                0.0,
                0.0,
                0.0,
                0.0,
                1.7944509728685372e-06,
                -7.512277347067795e-10,
                4.3555570209994534e-10,
                -2.1422732555522032e-10,
                2.8607442942823476e-09,
                4.914949879304802e-09,
                3.1104814564039126e-09
            ],
            [
                0.0,
                0.0,
                0.0,
                0.0,
                0.0,
                0.0,
                0.0,
                0.0,
                0.0,
                0.0,
                0.0,
                0.0,
                9.605293907050463e-07,
                -2.5759259486140885e-10,
                2.0603151988866173e-10,
                2.318027525912598e-09,
                2.5018014817373135e-09,
                3.216177319807082e-08
            ],
            [
                0.0,
                0.0,
                0.0,
                0.0,
                0.0,
                0.0,
                0.0,
                0.0,
                0.0,
                0.0,
                0.0,
                0.0,
                0.0,
                6.564330007812524e-07,
                8.575735161599873e-10,
                -4.655473366110741e-09,
                -1.2090119434117436e-09,
                -4.405277586307038e-08
            ],
            [
                0.0,
                0.0,
                0.0,
                0.0,
                0.0,
                0.0,
                0.0,
                0.0,
                0.0,
                0.0,
                0.0,
                0.0,
                0.0,
                0.0,
                1.7332749724160077e-07,
                -3.3580147320595385e-09,
                2.8171517507904886e-09,
                -4.552586587348469e-08
            ],
            [
                0.0,
                0.0,
                0.0,
                0.0,
                0.0,
                0.0,
                0.0,
                0.0,
                0.0,
                0.0,
                0.0,
                0.0,
                0.0,
                0.0,
                0.0,
                3.487150158918397e-06,
                -1.6073346752074804e-09,
                1.596917501734532e-08
            ],
            [
                0.0,
                0.0,
                0.0,
                0.0,
                0.0,
                0.0,
                0.0,
                0.0,
                0.0,
                0.0,
                0.0,
                0.0,
                0.0,
                0.0,
                0.0,
                0.0,
                2.0157291366378046e-06,
                5.8462364751754975e-09
            ],
            [
                0.0,
                0.0,
                0.0,
                0.0,
                0.0,
                0.0,
                0.0,
                0.0,
                0.0,
                0.0,
                0.0,
                0.0,
                0.0,
                0.0,
                0.0,
                0.0,
                0.0,
                9.625438932627073e-06
            ]
        ],
        [
            [
                4.1708024773248595e-07,
                -7.364823531591848e-09,
                -5.6020924440875466e-08,
                -2.2861005701124534e-08,
                -4.1309734746292495e-09,
                -1.534171176583186e-05,
                1.3153862859020806e-07,
                8.401452075873543e-06,
                6.599112816272367e-10,
                6.759812347472875e-10,
                1.5713600208354311e-10,
                7.702470164325221e-10,
                -9.246499663827405e-10,
                -1.2224763893029528e-10,
                -2.49057613702983e-10,
                1.6100906145876481e-09,
                -1.6506538849226108e-11,
                -4.340481031986223e-09
            ],
            [
                0.0,
                1.3148470382882195e-06,
                1.7392033344908663e-07,
                1.5376873318522136e-08,
                4.693446847103875e-09,
                1.1766318886670895e-05,
                3.269741418591637e-07,
                -9.097002160966951e-06,
                5.508318356631877e-10,
                -5.377144812510724e-10,
                -2.673612671646305e-10,
                -1.1716357144909489e-09,
                -2.9060797211811214e-11,
                -4.858320310618417e-10,
                4.723047656651312e-11,
                -1.6021945937565525e-09,
                -1.1006539618835188e-09,
                1.3076394274115434e-09
            ],
            [
                0.0,
                0.0,
                6.955003450040153e-05,
                2.831109505549841e-09,
                -1.9763726819261503e-09,
                5.121944121198921e-06,
                -3.4122052131826185e-07,
                -1.6192778072987826e-06,
                1.7497102424540346e-10,
                -1.4366728485697105e-10,
                -3.569263902433472e-10,
                -4.025801988144694e-10,
                1.0851570388574444e-10,
                -6.90234544668334e-11,
                6.290738263077369e-11,
                -7.468879434145164e-10,
                -1.8650166927181318e-10,
                -2.7477163778269135e-09
            ],
            [
                0.0,
                0.0,
                0.0,
                1.2577604473881478e-05,
                9.165227914899862e-10,
                -2.0027490421162677e-06,
                3.6685661484230295e-07,
                -2.0209643478681196e-06,
                1.4974290943743965e-09,
                -1.968847057107169e-10,
                -1.5038123210495538e-10,
                -4.430089364517211e-10,
                1.2906214832401853e-10,
                4.928882307352416e-12,
                -3.025188513778504e-11,
                5.565776090010714e-10,
                -6.557844969880513e-10,
                3.078689728848749e-09
            ],
            [
                0.0,
                0.0,
                0.0,
                0.0,
                1.7854087070335766e-06,
                1.4620295517391774e-06,
                4.3976711670703253e-07,
                -2.6302319500685282e-06,
                -1.2273160528319155e-09,
                -1.391318590595462e-10,
                2.6899854956341087e-10,
                7.948255469370518e-11,
                1.5246520056875578e-10,
                1.101269148025799e-11,
                5.787274841533272e-12,
                -4.406011718828356e-10,
                -2.79104989854676e-10,
                4.881438850332856e-09
            ],
            [
                0.0,
                0.0,
                0.0,
                0.0,
                0.0,
                0.0037520600070169927,
                -1.8793011411303084e-07,
                -3.499787165886093e-06,
                1.5517579443161386e-10,
                -2.66825186009297e-10,
                -3.1797265834799153e-10,
                -4.3166162184215233e-10,
                5.360845592404558e-12,
                -2.353394622737915e-10,
                1.2764043660781984e-10,
                -9.768408020857696e-10,
                4.918316958348339e-10,
                -3.2366623339668754e-09
            ],
            [
                0.0,
                0.0,
                0.0,
                0.0,
                0.0,
                0.0,
                0.00030403144394046573,
                -1.6940068265327985e-06,
                1.0918442549408314e-10,
                3.496583809873308e-11,
                1.417067063360026e-10,
                -1.1346690054657351e-10,
                4.4603742712684626e-12,
                4.185089975308161e-11,
                -8.594197621119376e-11,
                -2.7745032955442865e-10,
                -8.388898059218989e-10,
                3.5373610286710422e-09
            ],
            [
                0.0,
                0.0,
                0.0,
                0.0,
                0.0,
                0.0,
                0.0,
                0.001321382764468281,
                -5.867669373863832e-10,
                4.838844158174077e-10,
                1.1349703568485219e-10,
                1.2014223628579187e-09,
                -3.0747077350895774e-10,
                -7.14710684058767e-11,
                -6.450295288285216e-11,
                2.7373811223709097e-09,
                7.434220881239223e-10,
                -7.704132469462593e-10
            ],
            [
                0.0,
                0.0,
                0.0,
                0.0,
                0.0,
                0.0,
                0.0,
                0.0,
                8.134298944812595e-07,
                7.067221121533092e-11,
                -3.095580343540933e-10,
                -4.6025366990896624e-10,
                1.1108436727434422e-10,
                9.745647552498789e-11,
                8.890469286259464e-12,
                4.219558285103016e-10,
                -1.2103557203710893e-09,
                -8.211493417933695e-10
            ],
            [
                0.0,
                0.0,
                0.0,
                0.0,
                0.0,
                0.0,
                0.0,
                0.0,
                0.0,
                1.14885395017937e-07,
                1.8588957955779853e-10,
                5.833876829001979e-10,
                -5.705060747900767e-10,
                -8.696597601897602e-11,
                -2.3409223440488444e-10,
                7.947535297432197e-10,
                6.341132271983903e-10,
                -4.751517693296293e-09
            ],
            [
                0.0,
                0.0,
                0.0,
                0.0,
                0.0,
                0.0,
                0.0,
                0.0,
                0.0,
                0.0,
                1.587014560664688e-07,
                4.391002370249867e-10,
                1.6648370763354397e-10,
                -7.37050385470773e-12,
                -1.3922792322972126e-10,
                9.080620262158943e-13,
                5.613129019427955e-10,
                4.803959842573129e-09
            ],
            [
                0.0,
                0.0,
                0.0,
                0.0,
                0.0,
                0.0,
                0.0,
                0.0,
                0.0,
                0.0,
                0.0,
                3.5889019457370745e-07,
                -1.502455469413559e-10,
                8.711114041998907e-11,
                -4.2845465111044065e-11,
                5.721488588564696e-10,
                9.829899758609603e-10,
                6.220962912807825e-10
            ],
            [
                0.0,
                0.0,
                0.0,
                0.0,
                0.0,
                0.0,
                0.0,
                0.0,
                0.0,
                0.0,
                0.0,
                0.0,
                1.9210587814100927e-07,
                -5.151851897228177e-11,
                4.120630397773235e-11,
                4.636055051825196e-10,
                5.003602963474627e-10,
                6.432354639614164e-09
            ],
            [
                0.0,
                0.0,
                0.0,
                0.0,
                0.0,
                0.0,
                0.0,
                0.0,
                0.0,
                0.0,
                0.0,
                0.0,
                0.0,
                1.3128660015625048e-07,
                1.7151470323199748e-10,
                -9.310946732221482e-10,
                -2.418023886823487e-10,
                -8.810555172614076e-09
            ],
            [
                0.0,
                0.0,
                0.0,
                0.0,
                0.0,
                0.0,
                0.0,
                0.0,
                0.0,
                0.0,
                0.0,
                0.0,
                0.0,
                0.0,
                3.4665499448320156e-08,
                -6.716029464119078e-10,
                5.634303501580978e-10,
                -9.105173174696939e-09
            ],
            [
                0.0,
                0.0,
                0.0,
                0.0,
                0.0,
                0.0,
                0.0,
                0.0,
                0.0,
                0.0,
                0.0,
                0.0,
                0.0,
                0.0,
                0.0,
                6.974300317836794e-07,
                -3.214669350414961e-10,
                3.1938350034690642e-09
            ],
            [
                0.0,
                0.0,
                0.0,
                0.0,
                0.0,
                0.0,
                0.0,
                0.0,
                0.0,
                0.0,
                0.0,
                0.0,
                0.0,
                0.0,
                0.0,
                0.0,
                4.0314582732756094e-07,
                1.1692472950350997e-09
            ],
            [
                0.0,
                0.0,
                0.0,
                0.0,
                0.0,
                0.0,
                0.0,
                0.0,
                0.0,
                0.0,
                0.0,
                0.0,
                0.0,
                0.0,
                0.0,
                0.0,
                0.0,
                1.925087786525415e-06
            ]
        ]
    ],
    "allnames": [
        "m1_flow_nominal",
        "m2_flow_nominal",
        "tau1",
        "tau2",
        "tau_m",
        "nominalUa.hasValue",
        "workingPressure.hasValue",
        "flowCoefficient.hasValue",
        "waterFlowRateMax",
        "c1",
        "c2",
        "c3",
        "c4",
        "eps_motor",
        "f_motorToAir",
        "kp",
        "Ti",
        "Td"
    ],
    "alpha_count": 3399,
    "cov": [
        [
            0.0038808574328536693,
            0.004999797000143214,
            0.20046677564434334,
            -0.005809400831633249,
            -0.0005281269780142749,
            3.364353655939081,
            -2.3360875107720367,
            7.956738857230085,
            0.005121926831108292,
            -0.0017622129317573132,
            0.0011682963975194007,
            0.001710763871495426,
            -0.0024998217085736713,
            0.0004229695813093079,
            -0.0004765459894597344,
            -2.3527746584938335e-05,
            9.494200811990717e-05,
            -0.0021170131503909983
        ],
        [
            0.004999797000143214,
            0.06563675530878445,
            1.7798355521765827,
            -0.14986167344211257,
            -0.008946157523784687,
            -70.0949251120113,
            -14.829880785061492,
            55.20144837550487,
            0.01580628317767733,
            -0.011489692240952103,
            0.0023869903167315506,
            -0.003232548426103216,
            -0.014109689564346252,
            -0.000723276045492495,
            -0.0023417436471695036,
            0.023554911161853435,
            -0.0009194573861844265,
            0.006379845848742961
        ],
        [
            0.20046677564434334,
            1.7798355521765827,
            100.85320275015596,
            -5.667470936331946,
            -0.375439810093261,
            -4290.966500842147,
            -677.6250871037047,
            1337.0865883188114,
            0.59953737176985,
            -0.3736575499458223,
            0.03526191961681102,
            -0.20819014524307722,
            -0.5267385032199385,
            -0.029013299889661934,
            -0.08059345597774982,
            0.8831222433120649,
            -0.1511875982682772,
            -0.24713590963998944
        ],
        [
            -0.005809400831633249,
            -0.14986167344211257,
            -5.667470936331946,
            0.8524022764813899,
            0.020786081807911545,
            338.2285865941958,
            46.95825474976602,
            -107.17329534595427,
            -0.03701516031437703,
            0.027775569644845715,
            -0.0012190320410804167,
            0.01790755850501346,
            0.035237756148492026,
            0.0005657112132272212,
            0.005918540773748237,
            -0.08760604065944291,
            0.004494341836234852,
            0.006187012845878348
        ],
        [
            -0.0005281269780142749,
            -0.008946157523784687,
            -0.375439810093261,
            0.020786081807911545,
            0.009827248397785598,
            16.79966039045983,
            2.265080704012671,
            -7.348701882869827,
            -0.0020186360849554228,
            0.0013639677689974714,
            -0.00013795189276004442,
            0.0011775148973640775,
            0.0016855487520094485,
            0.0005020543956623325,
            0.00025526445437538893,
            -0.0034757031023127847,
            0.0008066475713992362,
            0.00012255068610702297
        ],
        [
            3.364353655939081,
            -70.0949251120113,
            -4290.966500842147,
            338.2285865941958,
            16.79966039045983,
            282539.9022052647,
            31712.220832028645,
            -38691.00084205933,
            -14.156836334167572,
            13.102194318358062,
            3.1307618478103674,
            18.338053254740547,
            19.89506576020179,
            2.2574332581287533,
            2.8947086002934244,
            -50.466907248636424,
            10.906002363596928,
            17.36024082317264
        ],
        [
            -2.3360875107720367,
            -14.829880785061492,
            -677.6250871037047,
            46.95825474976602,
            2.265080704012671,
            31712.220832028645,
            6279.857309735796,
            -13081.535406597483,
            -6.431686957005478,
            3.392368690887612,
            -0.6242479019571302,
            0.9485504351093632,
            4.902665527326511,
            -0.02977131534759623,
            0.8169152879199036,
            -6.641714840445483,
            1.116691001857436,
            3.493828206892543
        ],
        [
            7.956738857230085,
            55.20144837550487,
            1337.0865883188114,
            -107.17329534595427,
            -7.348701882869827,
            -38691.00084205933,
            -13081.535406597483,
            55011.22298344944,
            18.21221027157568,
            -10.585976939794962,
            3.327415986378275,
            0.1507131898684778,
            -13.457376922002798,
            -0.039123470859917894,
            -2.2842140349736724,
            15.784050748193675,
            -0.2911798422678138,
            4.405156923657263
        ],
        [
            0.005121926831108292,
            0.01580628317767733,
            0.59953737176985,
            -0.03701516031437703,
            -0.0020186360849554228,
            -14.156836334167572,
            -6.431686957005478,
            18.21221027157568,
            0.010729552125868043,
            -0.004222428512274926,
            0.0017107702370013401,
            0.001277712619893773,
            -0.005952219809525753,
            0.00045579126381181786,
            -0.0010371260046279512,
            0.004018051812251981,
            -0.00041537680096046686,
            -0.004033117558781818
        ],
        [
            -0.0017622129317573132,
            -0.011489692240952103,
            -0.3736575499458223,
            0.027775569644845715,
            0.0013639677689974714,
            13.102194318358062,
            3.392368690887612,
            -10.585976939794962,
            -0.004222428512274926,
            0.002374963611166376,
            -0.0006510733153552293,
            0.00017005129452488726,
            0.0031162305420847245,
            -1.99701237588226e-05,
            0.0005285048900904557,
            -0.003966977470585731,
            0.00024614435499226806,
            0.000356651701258987
        ],
        [
            0.0011682963975194007,
            0.0023869903167315506,
            0.03526191961681102,
            -0.0012190320410804167,
            -0.00013795189276004442,
            3.1307618478103674,
            -0.6242479019571302,
            3.327415986378275,
            0.0017107702370013401,
            -0.0006510733153552293,
            0.0004799290122623963,
            0.0006485228069619579,
            -0.0008243294883215776,
            0.00012993386656672223,
            -0.00015912397549441303,
            -0.00013832990052396605,
            0.00017570736708325677,
            -0.00010814396824599622
        ],
        [
            0.001710763871495426,
            -0.003232548426103216,
            -0.20819014524307722,
            0.01790755850501346,
            0.0011775148973640775,
            18.338053254740547,
            0.9485504351093632,
            0.1507131898684778,
            0.001277712619893773,
            0.00017005129452488726,
            0.0006485228069619579,
            0.0021116460469686395,
            0.00019284464435432701,
            0.0003991155916279863,
            -2.2279259934804785e-05,
            -0.003238302700000794,
            0.000652686652169231,
            -0.0008655645897260899
        ],
        [
            -0.0024998217085736713,
            -0.014109689564346252,
            -0.5267385032199385,
            0.035237756148492026,
            0.0016855487520094485,
            19.89506576020179,
            4.902665527326511,
            -13.457376922002798,
            -0.005952219809525753,
            0.0031162305420847245,
            -0.0008243294883215776,
            0.00019284464435432701,
            0.0043285634603402465,
            -7.732093345080142e-05,
            0.0007257272546964356,
            -0.005082843467340781,
            0.0005663353925591183,
            0.0017481311860683918
        ],
        [
            0.0004229695813093079,
            -0.000723276045492495,
            -0.029013299889661934,
            0.0005657112132272212,
            0.0005020543956623325,
            2.2574332581287533,
            -0.02977131534759623,
            -0.039123470859917894,
            0.00045579126381181786,
            -1.99701237588226e-05,
            0.00012993386656672223,
            0.0003991155916279863,
            -7.732093345080142e-05,
            0.00013267377250725045,
            -2.679752416427726e-05,
            -0.00047718399910959736,
            8.676448913831713e-05,
            -0.0005621973681044789
        ],
        [
            -0.0004765459894597344,
            -0.0023417436471695036,
            -0.08059345597774982,
            0.005918540773748237,
            0.00025526445437538893,
            2.8947086002934244,
            0.8169152879199036,
            -2.2842140349736724,
            -0.0010371260046279512,
            0.0005285048900904557,
            -0.00015912397549441303,
            -2.2279259934804785e-05,
            0.0007257272546964356,
            -2.679752416427726e-05,
            0.00012712545109654173,
