1.266086257142797758e-03 -9.092199167787161910e-07 3.146517575158944060e-04 -7.609298137593494612e-05 4.882150822678004283e-06 -2.493806384428073203e-02 4.608949347767836435e-03 4.851767110312056250e-03 -7.797991673296329072e-07 -4.154951648949860915e-08 8.082233488707884517e-07 -3.286411778127299466e-06 6.542459337336141662e-07 -2.764213572456120149e-08 5.745098684278159450e-08 -5.841671799781060084e-07 3.652634234210978825e-06 -7.731192018830843011e-06
-9.092199167787161910e-07 5.234662995135708381e-04 -9.646599463186757454e-04 2.332860045303559104e-04 -1.496770711756262485e-05 7.645516274639065080e-02 -1.413012552513274143e-02 -1.487455667539985989e-02 2.390709744748693292e-06 1.273825853151384227e-07 -2.477852653646185883e-06 1.007548737212821778e-05 -2.005788406514142227e-06 8.474531137122849323e-08 -1.761333428462197719e-07 1.790940832263890331e-06 -1.119825286250857754e-05 2.370230294196911202e-05
3.146517575158944060e-04 -9.646599463186757454e-04 8.306829656241063731e+01 -8.073277979809397042e-02 5.179841822218306593e-03 -2.645867175297528817e+01 4.889981783675874993e+00 5.147605451458040271e+00 -8.273477175474481951e-04 -4.408301402847680339e-05 8.575050743470978652e-04 -3.486801983728340416e-03 6.941388278764264435e-04 -2.932762544254569756e-05 6.095408257230333735e-05 -6.197869955107469624e-04 3.875354993079492896e-03 -8.202604386722690821e-03
-7.609298137593494612e-05 2.332860045303559104e-04 -8.073277979809397042e-02 2.631878497865491440e+01 -1.252653442714161611e-03 6.398563392195334210e+00 -1.182555901583081104e+00 -1.244857644657114681e+00 2.000794623229782201e-04 1.066069991773212771e-05 -2.073724874991914253e-04 8.432215999810876083e-04 -1.678652403498687845e-04 7.092369272678528851e-06 -1.474067046877112882e-05 1.498845602477322974e-04 -9.371862964999915597e-04 1.983655288502632775e-03
4.882150822678004283e-06 -1.496770711756262485e-05 5.179841822218306593e-03 -1.252653442714161611e-03 6.739570983389909564e+00 -4.105339410323503024e-01 7.587317730728920795e-02 7.987047772453059746e-02 -1.283716439963315779e-05 -6.839940285233664902e-07 1.330508730421685525e-05 -5.410137641616290401e-05 1.077028927575099740e-05 -4.550487555254925422e-07 9.457662869114002566e-07 -9.616642900413707563e-06 6.013018238640102788e-05 -1.272719786181950063e-04
-2.493806384428073203e-02 7.645516274639065080e-02 -2.645867175297528817e+01 6.398563392195334210e+00 -4.105339410323503024e-01 2.414164017774781096e+05 -3.875607715698797051e+02 -4.079790127571225753e+02 6.557233420371400001e-02 3.493846743363399586e-03 -6.796248798890754117e-02 2.763502456463782786e-01 -5.501472021970855997e-02 2.324392533070188463e-03 -4.830981446785258780e-03 4.912188568697627156e-02 -3.071454327782886518e-01 6.501062428520982817e-01
4.608949347767836435e-03 -1.413012552513274143e-02 4.889981783675874993e+00 -1.182555901583081104e+00 7.587317730728920795e-02 -3.875607715698797051e+02 5.567271119790459488e+04 7.540098607860228697e+01 -1.211880636953028591e-02 -6.457182389770228358e-04 1.256054466156930616e-02 -5.107390422851379452e-02 1.016759201746959482e-02 -4.295845706444923243e-04 8.928419193756232785e-04 -9.078502822505123485e-03 5.676534276729825607e-02 -1.201499347616814956e-01
4.851767110312056250e-03 -1.487455667539985989e-02 5.147605451458040271e+00 -1.244857644657114681e+00 7.987047772453059746e-02 -4.079790127571225753e+02 7.540098607860228697e+01 1.116494665178777723e+04 -1.275727323590649179e-02 -6.797372411815774500e-04 1.322228405615304657e-02 -5.376468041488514926e-02 1.070326115979595635e-02 -4.522167925234187665e-04 9.398803788617256629e-04 -9.556794419196178170e-03 5.975596654741999886e-02 -1.264799106688359320e-01
-7.797991673296329072e-07 2.390709744748693292e-06 -8.273477175474481951e-04 2.000794623229782201e-04 -1.283716439963315779e-05 6.557233420371400001e-02 -1.211880636953028591e-02 -1.275727323590649179e-02 4.203020317453733459e-03 1.092506137711633880e-07 -2.125148603128409357e-06 8.641316053724326949e-06 -1.720279219994065130e-06 7.268244131354404226e-08 -1.510620605156568622e-07 1.536013613388449870e-06 -9.604264157200745108e-06 2.032845492807279172e-05
-4.154951648949860915e-08 1.273825853151384227e-07 -4.408301402847680339e-05 1.066069991773212771e-05 -6.839940285233664902e-07 3.493846743363399586e-03 -6.457182389770228358e-04 -6.797372411815774500e-04 1.092506137711633880e-07 8.537021712977950941e-06 -1.132328689586731899e-07 4.604294527457673774e-07 -9.166048492004981804e-08 3.872689816014572896e-09 -8.048938543787551902e-09 8.184238407964316214e-08 -5.117375712718954900e-07 1.083147441837352727e-06
8.082233488707884517e-07 -2.477852653646185883e-06 8.575050743470978652e-04 -2.073724874991914253e-04 1.330508730421685525e-05 -6.796248798890754117e-02 1.256054466156930616e-02 1.322228405615304657e-02 -2.125148603128409357e-06 -1.132328689586731899e-07 4.877569913178605326e-04 -8.956297585580382889e-06 1.782984504763777895e-06 -7.533176307907662995e-08 1.565683698475607990e-07 -1.592002298200912866e-06 9.954345767198269482e-06 -2.106944019393995482e-05
-3.286411778127299466e-06 1.007548737212821778e-05 -3.486801983728340416e-03 8.432215999810876083e-04 -5.410137641616290401e-05 2.763502456463782786e-01 -5.107390422851379452e-02 -5.376468041488514926e-02 8.641316053724326949e-06 4.604294527457673774e-07 -8.956297585580382889e-06 2.347899230567865227e-03 -7.250002471298232048e-06 3.063153196403783679e-07 -6.366410169517092737e-07 6.473427315510097448e-06 -4.047653314962824283e-05 8.567292260073383625e-05
6.542459337336141662e-07 -2.005788406514142227e-06 6.941388278764264435e-04 -1.678652403498687845e-04 1.077028927575099740e-05 -5.501472021970855997e-02 1.016759201746959482e-02 1.070326115979595635e-02 -1.720279219994065130e-06 -9.166048492004981804e-08 1.782984504763777895e-06 -7.250002471298232048e-06 1.071152392961742593e-04 -6.098004931969515543e-08 1.267399902108537897e-07 -1.288704454712593045e-06 8.057909054801450278e-06 -1.705542854235523608e-05
-2.764213572456120149e-08 8.474531137122849323e-08 -2.932762544254569756e-05 7.092369272678528851e-06 -4.550487555254925422e-07 2.324392533070188463e-03 -4.295845706444923243e-04 -4.522167925234187665e-04 7.268244131354404226e-08 3.872689816014572896e-09 -7.533176307907662995e-08 3.063153196403783679e-07 -6.098004931969515543e-08 4.220751669116992516e-04 -5.354812052319801839e-09 5.444824584957433818e-08 -3.404496753657828074e-07 7.205982434126914055e-07
5.745098684278159450e-08 -1.761333428462197719e-07 6.095408257230333735e-05 -1.474067046877112882e-05 9.457662869114002566e-07 -4.830981446785258780e-03 8.928419193756232785e-04 9.398803788617256629e-04 -1.510620605156568622e-07 -8.048938543787551902e-09 1.565683698475607990e-07 -6.366410169517092737e-07 1.267399902108537897e-07 -5.354812052319801839e-09 3.082456906277514127e-05 -1.131643910255812642e-07 7.075853333101796104e-07 -1.497680230418998759e-06
-5.841671799781060084e-07 1.790940832263890331e-06 -6.197869955107469624e-04 1.498845602477322974e-04 -9.616642900413707563e-06 4.912188568697627156e-02 -9.078502822505123485e-03 -9.556794419196178170e-03 1.536013613388449870e-06 8.184238407964316214e-08 -1.592002298200912866e-06 6.473427315510097448e-06 -1.288704454712593045e-06 5.444824584957433818e-08 -1.131643910255812642e-07 2.193956021148498912e-04 -7.194795972518799552e-06 1.522855715441470350e-05
3.652634234210978825e-06 -1.119825286250857754e-05 3.875354993079492896e-03 -9.371862964999915597e-04 6.013018238640102788e-05 -3.071454327782886518e-01 5.676534276729825607e-02 5.975596654741999886e-02 -9.604264157200745108e-06 -5.117375712718954900e-07 9.954345767198269482e-06 -4.047653314962824283e-05 8.057909054801450278e-06 -3.404496753657828074e-07 7.075853333101796104e-07 -7.194795972518799552e-06 3.832934685328677482e-02 -9.521991495985517896e-05
-7.731192018830843011e-06 2.370230294196911202e-05 -8.202604386722690821e-03 1.983655288502632775e-03 -1.272719786181950063e-04 6.501062428520982817e-01 -1.201499347616814956e-01 -1.264799106688359320e-01 2.032845492807279172e-05 1.083147441837352727e-06 -2.106944019393995482e-05 8.567292260073383625e-05 -1.705542854235523608e-05 7.205982434126914055e-07 -1.497680230418998759e-06 1.522855715441470350e-05 -9.521991495985517896e-05 2.868027912567783222e-02
4.054944384906025018e-04 -2.712052453413955318e-07 2.296581938412098976e-06 -1.064374862292132179e-05 2.868777471856377072e-05 -1.398606537684234791e-02 -3.086665169317361936e-03 1.553681173026436664e-04 1.447030013907583735e-06 -1.860263299968737869e-08 1.899408454463694889e-07 -2.357477447698945239e-06 5.327454763108229783e-07 6.931327140508576168e-07 -2.947977078127678967e-08 -6.852559124263369646e-07 3.138427184582907985e-06 -4.495091787192476719e-06
-2.712052453413955318e-07 1.675103399198438463e-04 -3.142925653297291887e-04 7.543179417755141631e-05 -3.245432442460002453e-06 2.412374150113017271e-02 -4.781324630204356572e-03 -4.839399545944528605e-03 8.616113486192769218e-07 4.046031580981371487e-08 -7.968233555939813827e-07 3.149816271231041521e-06 -6.234421205745151746e-07 6.708159802906699668e-08 -5.908753667653851315e-08 5.447319406657324049e-07 -3.471313945907224157e-06 7.469676628002607332e-06
2.296581938412098976e-06 -3.142925653297291887e-04 2.660976715850491203e+01 -2.972266786920487597e-02 -6.037524821077090709e-03 -6.762999789856025679e+00 2.858828248071921152e+00 2.043596676626231456e+00 -7.460403090004707246e-04 -1.260111221337164807e-05 2.938880749023755506e-04 -7.453344120564648527e-04 1.303846784742805458e-04 -2.085250225029933787e-04 3.308359555303249619e-05 -5.696560109262681186e-05 6.813735057538113180e-04 -2.051476163660772428e-03
-1.064374862292132179e-05 7.543179417755141631e-05 -2.972266786920487597e-02 8.422552816511782225e+00 6.710749334964454188e-04 1.810204360213901076e+00 -5.586768688580682207e-01 -4.535678129657050306e-01 1.310690035462815290e-04 3.201714432825088472e-06 -6.907365914226806401e-05 2.182283008098679527e-04 -4.093752786525351990e-05 3.000979070772460077e-05 -6.608470576101329188e-06 2.827073875254662951e-05 -2.220671056453091784e-04 5.549010139844536829e-04
2.868777471856377072e-05 -3.245432442460002453e-06 -6.037524821077090709e-03 6.710749334964454188e-04 2.158784154156852875e+00 -6.010811983677237791e-01 -3.324702255587587696e-01 -8.371394369431214844e-02 1.285777110054637054e-04 -6.339131877303836561e-07 -1.114552429125865504e-06 -1.194389089687536497e-04 2.873803805635955188e-05 5.475493923746002845e-05 -3.440725905755901302e-06 -4.205029833793785582e-05 1.732795863182970332e-04 -1.987947331508556662e-04
-1.398606537684234791e-02 2.412374150113017271e-02 -6.762999789856025679e+00 1.810204360213901076e+00 -6.010811983677237791e-01 7.735724767120019533e+04 -4.503110101838464630e+01 -1.063591357748064752e+02 -8.394924142847211279e-03 1.209924353231498981e-03 -2.055853556384559105e-02 1.110440166793675854e-01 -2.320454045217462680e-02 -1.141178895971811484e-02 -7.170899870657538580e-04 2.434805381160954837e-02 -1.323922521043175704e-01 2.430319477589304722e-01
-3.086665169317361936e-03 -4.781324630204356572e-03 2.858828248071921152e+00 -5.586768688580682207e-01 -3.324702255587587696e-01 -4.503110101838464630e+01 1.787526001250504487e+04 4.250401024486680512e+01 -2.619095331167288487e-02 -1.368358947100463126e-04 4.922781364737945781e-03 8.303410394719677517e-04 -9.994967570513490183e-04 -9.369761247078722821e-03 9.152094893860884556e-04 3.648728132218616218e-03 -7.738716800726274866e-03 -1.186669025202913112e-02
1.553681173026436664e-04 -4.839399545944528605e-03 2.043596676626231456e+00 -4.535678129657050306e-01 -8.371394369431214844e-02 -1.063591357748064752e+02 4.250401024486680512e+01 3.578411408037537967e+03 -1.091678458405722849e-02 -1.961380169439636998e-04 4.507844689889018742e-03 -1.194430056987143447e-02 2.122310048036792941e-03 -2.972563181882474041e-03 4.935777374235545464e-04 -1.050728764143673156e-03 1.118762261153431053e-02 -3.233171658761368333e-02
1.447030013907583735e-06 8.616113486192769218e-07 -7.460403090004707246e-04 1.310690035462815290e-04 1.285777110054637054e-04 -8.394924142847211279e-03 -2.619095331167288487e-02 -1.091678458405722849e-02 1.353265333410439211e-03 9.001792547705626986e-09 -1.016051009157309850e-06 -3.622287108138956030e-06 1.031372410716954373e-06 3.457018030466399286e-06 -2.824693091182597711e-07 -1.946043372322707566e-06 6.560950150359216679e-06 -3.381251522223769417e-06
-1.860263299968737869e-08 4.046031580981371487e-08 -1.260111221337164807e-05 3.201714432825088472e-06 -6.339131877303836561e-07 1.209924353231498981e-03 -1.368358947100463126e-04 -1.961380169439636998e-04 9.001792547705626986e-09 2.731928144970170861e-06 -3.518351310648531560e-08 1.673172873673674247e-07 -3.427935355646886487e-08 -9.501397896992827524e-09 -1.843313066351020468e-09 3.381417428036984126e-08 -1.938917619872168801e-07 3.775312988638009338e-07
1.899408454463694889e-07 -7.968233555939813827e-07 2.938880749023755506e-04 -6.907365914226806401e-05 -1.114552429125865504e-06 -2.055853556384559105e-02 4.922781364737945781e-03 4.507844689889018742e-03 -1.016051009157309850e-06 -3.518351310648531560e-08 1.560958413439492642e-04 -2.607397521682999110e-06 5.065085552130221687e-07 -1.631323710120049222e-07 5.958132147787037507e-08 -4.107483894804470152e-07 2.795316102656067160e-06 -6.341941615043959400e-06
-2.357477447698945239e-06 3.149816271231041521e-06 -7.453344120564648527e-04 2.182283008098679527e-04 -1.194389089687536497e-04 1.110440166793675854e-01 8.303410394719677517e-04 -1.194430056987143447e-02 -3.622287108138956030e-06 1.673172873673674247e-07 -2.607397521682999110e-06 7.562441399000686265e-04 -3.537540229481930554e-06 -2.544901443161823763e-06 -2.351858283328599903e-08 3.947662482467544800e-06 -2.036790349450570199e-05 3.502474205204453522e-05
5.327454763108229783e-07 -6.234421205745151746e-07 1.303846784742805458e-04 -4.093752786525351990e-05 2.873803805635955188e-05 -2.320454045217462680e-02 -9.994967570513490183e-04 2.122310048036792941e-03 1.031372410716954373e-06 -3.427935355646886487e-08 5.065085552130221687e-07 -3.537540229481930554e-06 3.457839932929962138e-05 6.350041766471373700e-07 -4.071222053088977124e-09 -8.770165038583758513e-07 4.414952493830465421e-06 -7.342201185999189861e-06
6.931327140508576168e-07 6.708159802906699668e-08 -2.085250225029933787e-04 3.000979070772460077e-05 5.475493923746002845e-05 -1.141178895971811484e-02 -9.369761247078722821e-03 -2.972563181882474041e-03 3.457018030466399286e-06 -9.501397896992827524e-09 -1.631323710120049222e-07 -2.544901443161823763e-06 6.350041766471373700e-07 1.364848202831634187e-04 -9.858792822756684878e-08 -9.911548630758719072e-07 3.877390770645109300e-06 -3.860029362740263482e-06
-2.947977078127678967e-08 -5.908753667653851315e-08 3.308359555303249619e-05 -6.608470576101329188e-06 -3.440725905755901302e-06 -7.170899870657538580e-04 9.152094893860884556e-04 4.935777374235545464e-04 -2.824693091182597711e-07 -1.843313066351020468e-09 5.958132147787037507e-08 -2.351858283328599903e-08 -4.071222053088977124e-09 -9.858792822756684878e-08 9.870467439296752834e-06 3.255687990933315634e-08 -4.537923701256084184e-08 -2.003404241206627373e-07
-6.852559124263369646e-07 5.447319406657324049e-07 -5.696560109262681186e-05 2.827073875254662951e-05 -4.205029833793785582e-05 2.434805381160954837e-02 3.648728132218616218e-03 -1.050728764143673156e-03 -1.946043372322707566e-06 3.381417428036984126e-08 -4.107483894804470152e-07 3.947662482467544800e-06 -8.770165038583758513e-07 -9.911548630758719072e-07 3.255687990933315634e-08 7.092256530478762333e-05 -5.132166071493662685e-06 7.777000607143431916e-06
3.138427184582907985e-06 -3.471313945907224157e-06 6.813735057538113180e-04 -2.220671056453091784e-04 1.732795863182970332e-04 -1.323922521043175704e-01 -7.738716800726274866e-03 1.118762261153431053e-02 6.560950150359216679e-06 -1.938917619872168801e-07 2.795316102656067160e-06 -2.036790349450570199e-05 4.414952493830465421e-06 3.877390770645109300e-06 -4.537923701256084184e-08 -5.132166071493662685e-06 1.227657570209523229e-02 -4.194768397322123070e-05
-4.495091787192476719e-06 7.469676628002607332e-06 -2.051476163660772428e-03 5.549010139844536829e-04 -1.987947331508556662e-04 2.430319477589304722e-01 -1.186669025202913112e-02 -3.233171658761368333e-02 -3.381251522223769417e-06 3.775312988638009338e-07 -6.341941615043959400e-06 3.502474205204453522e-05 -7.342201185999189861e-06 -3.860029362740263482e-06 -2.003404241206627373e-07 7.777000607143431916e-06 -4.194768397322123070e-05 9.189466888283263218e-03
1.297586633388490460e-04 -1.065279602445258783e-07 3.839738154593580755e-07 -4.325114504018087953e-06 8.525052826186327445e-06 -4.395468433904208168e-03 -1.030096091870313316e-03 2.244250387409323306e-05 5.081465825763539833e-07 -5.872109514144498700e-09 5.834447418787910922e-08 -7.527259331304690755e-07 1.747552999289907483e-07 2.251750576425685356e-07 -8.269168834594713527e-09 -2.222902234124713250e-07 9.060738621316593536e-07 -1.458272916340666789e-06
-1.065279602445258783e-07 5.448307956362547692e-05 -8.493510034736946460e-05 6.509648337185696017e-05 2.815164036090495289e-05 4.151345355128194942e-03 3.577993982091331559e-04 -3.331451764182547567e-04 -1.733930698677606036e-06 9.349612791022421870e-09 -1.464019872581801377e-07 9.336617452328722149e-07 -3.900852004879401845e-07 -1.288258080208867571e-07 -7.079502297466942383e-08 3.083738073049593304e-07 3.266261372822411420e-06 3.274579856963982089e-06
3.839738154593580755e-07 -8.493510034736946460e-05 8.515403475997088023e+00 -8.783192081174744439e-03 -1.413132781253677740e-03 -2.227588023081133795e+00 9.483823744665925704e-01 6.755566073538790128e-01 -2.744557210437205538e-04 -4.096307249501669237e-06 9.597429329957948808e-05 -2.398273795047681527e-04 3.833534260869135416e-05 -6.939954767463287605e-05 9.664423873423961007e-06 -1.584599257083555262e-05 2.958451106420452600e-04 -6.407536382444613873e-04
-4.325114504018087953e-06 6.509648337185696017e-05 -8.783192081174744439e-03 2.697123742379022193e+00 1.573711998725225124e-03 4.131430739049441470e-01 -9.088774036758794084e-02 -8.855503365853437114e-02 -5.161832897456618177e-05 8.570558687865600021e-07 -1.704848821899907933e-05 6.637492694466231528e-05 -2.197275976524881464e-05 2.606193613445085052e-06 -4.530344607988873045e-06 1.528786884249250735e-05 1.327164573903929297e-04 2.187367182986466106e-04
8.525052826186327445e-06 2.815164036090495289e-05 -1.413132781253677740e-03 1.573711998725225124e-03 6.917794390209049959e-01 -3.107380837445910537e-01 -4.375381767114595172e-02 1.353973857464657593e-02 -2.553379049221839647e-05 -3.222209975852135276e-07 3.246000913328642172e-06 -4.068499139157169292e-05 2.872737738512942752e-06 1.253499991017511489e-05 -2.822606989660517276e-06 -9.008092268092266134e-06 2.006779779414085069e-04 -3.427441272519670849e-05
-4.395468433904208168e-03 4.151345355128194942e-03 -2.227588023081133795e+00 4.131430739049441470e-01 -3.107380837445910537e-01 2.476879168550936083e+04 -2.206675240952819905e+01 -3.896470413025434709e+01 5.464525025162719589e-03 4.017676142738758828e-04 -7.019125745741611883e-03 3.583535452586301268e-02 -6.652466684078485806e-03 -3.042205251138998569e-03 -1.902088146993629570e-05 7.247646531320500567e-03 -6.011847505293711064e-02 7.418366897279282668e-02
-1.030096091870313316e-03 3.577993982091331559e-04 9.483823744665925704e-01 -9.088774036758794084e-02 -4.375381767114595172e-02 -2.206675240952819905e+01 5.724134119057534008e+03 1.620943845679072126e+01 -1.269342955695803785e-02 -5.150745126749500412e-05 1.808285562979418046e-03 1.063193251255989657e-04 -7.287959216844571266e-04 -3.320821899373033355e-03 1.815272320401202575e-04 1.455259757079880320e-03 6.916008152448968778e-03 -1.899834520968203891e-03
2.244250387409323306e-05 -3.331451764182547567e-04 6.755566073538790128e-01 -8.855503365853437114e-02 1.353973857464657593e-02 -3.896470413025434709e+01 1.620943845679072126e+01 1.146770894234464549e+03 -6.269833005312578332e-03 -6.773461439730534255e-05 1.592522947286660650e-03 -3.924798268010116879e-03 4.158349503442208155e-04 -1.158858640724789871e-03 8.625947062166588032e-05 -1.510208449087366441e-04 9.627272987611767627e-03 -9.124452242115985157e-03
5.081465825763539833e-07 -1.733930698677606036e-06 -2.744557210437205538e-04 -5.161832897456618177e-05 -2.553379049221839647e-05 5.464525025162719589e-03 -1.269342955695803785e-02 -6.269833005312578332e-03 4.376355096323135841e-04 1.109871533296250475e-08 -5.731672744013187588e-07 -9.894564896544693669e-07 7.653865164380835488e-07 1.449555195281920998e-06 2.813449022647060654e-08 -9.289640460329523751e-07 -7.898993918752283264e-06 -3.101954755598884054e-06
-5.872109514144498700e-09 9.349612791022421870e-09 -4.096307249501669237e-06 8.570558687865600021e-07 -3.222209975852135276e-07 4.017676142738758828e-04 -5.150745126749500412e-05 -6.773461439730534255e-05 1.109871533296250475e-08 8.742317185871225803e-07 -1.170275159870454834e-08 5.384528647029881328e-08 -1.019003011676160769e-08 -2.425851478011717366e-09 -3.776761739035180246e-10 1.027231956760005032e-08 -7.994477145455211351e-08 1.171938739976937840e-07
5.834447418787910922e-08 -1.464019872581801377e-07 9.597429329957948808e-05 -1.704848821899907933e-05 3.246000913328642172e-06 -7.019125745741611883e-03 1.808285562979418046e-03 1.592522947286660650e-03 -5.731672744013187588e-07 -1.170275159870454834e-08 4.996407037881887316e-05 -8.435347929205072875e-07 1.385608566448491998e-07 -7.075141743327866066e-08 1.266211758233906254e-08 -1.148938237174309799e-07 1.434721467237892856e-06 -1.920282890863736055e-06
-7.527259331304690755e-07 9.336617452328722149e-07 -2.398273795047681527e-04 6.637492694466231528e-05 -4.068499139157169292e-05 3.583535452586301268e-02 1.063193251255989657e-04 -3.924798268010116879e-03 -9.894564896544693669e-07 5.384528647029881328e-08 -8.435347929205072875e-07 2.420043962179007832e-04 -1.115921800147961271e-06 -8.016792443640488049e-07 -3.145101741438726119e-09 1.251933280460656170e-06 -6.887288196485769226e-06 1.113325699865037970e-05
1.747552999289907483e-07 -3.900852004879401845e-07 3.833534260869135416e-05 -2.197275976524881464e-05 2.872737738512942752e-06 -6.652466684078485806e-03 -7.287959216844571266e-04 4.158349503442208155e-04 7.653865164380835488e-07 -1.019003011676160769e-08 1.385608566448491998e-07 -1.115921800147961271e-06 1.110637371518576928e-05 2.357589000636976402e-07 9.937431783776071792e-09 -3.096864533489306301e-07 4.645826555360673440e-07 -2.541065649168218965e-06
2.251750576425685356e-07 -1.288258080208867571e-07 -6.939954767463287605e-05 2.606193613445085052e-06 1.253499991017511489e-05 -3.042205251138998569e-03 -3.320821899373033355e-03 -1.158858640724789871e-03 1.449555195281920998e-06 -2.425851478011717366e-09 -7.075141743327866066e-08 -8.016792443640488049e-07 2.357589000636976402e-07 4.370081697459075979e-05 -2.268423906591094227e-08 -3.400710582369456882e-07 4.930247960703751340e-07 -1.386272197289144875e-06
-8.269168834594713527e-09 -7.079502297466942383e-08 9.664423873423961007e-06 -4.530344607988873045e-06 -2.822606989660517276e-06 -1.902088146993629570e-05 1.815272320401202575e-04 8.625947062166588032e-05 2.813449022647060654e-08 -3.776761739035180246e-10 1.266211758233906254e-08 -3.145101741438726119e-09 9.937431783776071792e-09 -2.268423906591094227e-08 3.161609766214276887e-06 2.511652109116952640e-09 -2.726723392117573702e-07 -1.162620873715731810e-07
-2.222902234124713250e-07 3.083738073049593304e-07 -1.584599257083555262e-05 1.528786884249250735e-05 -9.008092268092266134e-06 7.247646531320500567e-03 1.455259757079880320e-03 -1.510208449087366441e-04 -9.289640460329523751e-07 1.027231956760005032e-08 -1.148938237174309799e-07 1.251933280460656170e-06 -3.096864533489306301e-07 -3.400710582369456882e-07 2.511652109116952640e-09 2.271564891457447471e-05 -9.753128484787989501e-07 2.623387403029957322e-06
9.060738621316593536e-07 3.266261372822411420e-06 2.958451106420452600e-04 1.327164573903929297e-04 2.006779779414085069e-04 -6.011847505293711064e-02 6.916008152448968778e-03 9.627272987611767627e-03 -7.898993918752283264e-06 -7.994477145455211351e-08 1.434721467237892856e-06 -6.887288196485769226e-06 4.645826555360673440e-07 4.930247960703751340e-07 -2.726723392117573702e-07 -9.753128484787989501e-07 3.950281312098613377e-03 -9.023725976443867174e-06
-1.458272916340666789e-06 3.274579856963982089e-06 -6.407536382444613873e-04 2.187367182986466106e-04 -3.427441272519670849e-05 7.418366897279282668e-02 -1.899834520968203891e-03 -9.124452242115985157e-03 -3.101954755598884054e-06 1.171938739976937840e-07 -1.920282890863736055e-06 1.113325699865037970e-05 -2.541065649168218965e-06 -1.386272197289144875e-06 -1.162620873715731810e-07 2.623387403029957322e-06 -9.023725976443867174e-06 2.941518223279265039e-03
4.171865658829835519e-05 -4.913587101811756421e-08 -5.751902746110188342e-06 -5.539131145150593823e-07 7.572650608689191658e-06 -1.513588962012526453e-03 -1.132033483983494945e-03 3.526366214729220370e-04 -1.741054481669815277e-07 3.280898623346028055e-09 3.638242381066251748e-08 -6.056215887979143100e-08 8.222139897245535907e-08 2.384503985440597793e-07 -3.949902204877489235e-08 -3.089970216164509062e-08 1.192380370373087473e-06 -5.350280332896237577e-07
-4.913587101811756421e-08 1.743574129516197829e-05 -2.672795922749805045e-05 2.076710844486945423e-05 8.636382653434298868e-06 1.336652757369870617e-03 1.761326590349562057e-04 -1.331427067700589211e-04 -5.289931442331418454e-07 2.595510879550856288e-09 -4.820920425975022093e-08 2.849211709248464184e-07 -1.268474852009850729e-07 -5.400590208867724494e-08 -1.982353964367770210e-08 9.558909311770722186e-08 9.758826403932839308e-07 1.053118242038254997e-06
-5.751902746110188342e-06 -2.672795922749805045e-05 2.725105302908938487e+00 -2.835517733425415091e-03 -5.974980906047896393e-04 -7.096179546186885956e-01 3.275472519064545063e-01 2.058175592091715800e-01 -7.772747722018481993e-05 -1.465571293735218608e-06 3.018056680452395574e-05 -8.215244995727851753e-05 1.147855420442085424e-05 -2.719819567562615343e-05 4.197872058433611561e-06 -6.277352191724549580e-06 6.760541968961441531e-05 -2.029903559642885964e-04
-5.539131145150593823e-07 2.076710844486945423e-05 -2.835517733425415091e-03 8.630831154797717897e-01 5.241185508775439515e-04 1.317521707995299718e-01 -3.248451952772336143e-02 -2.687363274568116758e-02 -1.794479340725732948e-05 2.961249449731262109e-07 -5.380455054389657388e-06 2.200409949440539846e-05 -6.919829578121823398e-06 1.539132270202777750e-06 -1.605886375824197543e-06 5.062619172519108496e-06 4.629363559076765135e-05 6.970596439476025522e-05
7.572650608689191658e-06 8.636382653434298868e-06 -5.974980906047896393e-04 5.241185508775439515e-04 2.214892385290163079e-01 -1.020834893155456863e-01 -3.384633909472529317e-02 1.287654994671865935e-02 -1.649842194030779383e-05 2.450634763003838847e-08 1.476780279611532720e-06 -8.559745969568809481e-06 1.569723379255235569e-06 8.126485066976048632e-06 -1.814684134940561910e-06 -1.887538118399441179e-06 8.653612286203662474e-05 -1.265901147211390852e-05
-1.513588962012526453e-03 1.336652757369870617e-03 -7.096179546186885956e-01 1.317521707995299718e-01 -1.020834893155456863e-01 7.926071829808024631e+03 -6.622895675690659623e+00 -1.265747582539474259e+01 1.932641167971474970e-03 1.257460196236621366e-04 -2.255798892074647923e-03 1.136878474292702182e-02 -2.143160553364699406e-03 -1.064430255509019214e-03 1.405121672307999975e-05 2.297261869699663075e-03 -1.973103970929266857e-02 2.377614003339781693e-02
-1.132033483983494945e-03 1.761326590349562057e-04 3.275472519064545063e-01 -3.248451952772336143e-02 -3.384633909472529317e-02 -6.622895675690659623e+00 1.835009807773438297e+03 3.771929740986866619e+00 -2.682619554428083107e-03 -3.761923182812456170e-05 5.060967654575052564e-04 -7.045838936937223783e-04 -3.409464093328444870e-04 -1.744265831861217331e-03 2.090495371818856677e-04 3.008756220344912255e-04 -1.483537256785682395e-03 -3.278385583999147957e-04
3.526366214729220370e-04 -1.331427067700589211e-04 2.058175592091715800e-01 -2.687363274568116758e-02 1.287654994671865935e-02 -1.265747582539474259e+01 3.771929740986866619e+00 3.675759190486342618e+02 -2.600161183244610597e-03 -1.257512001515073498e-05 5.408439713328446136e-04 -9.379465275675513258e-04 1.794484587140109696e-04 -7.738721403488619198e-05 -3.738948736194926332e-05 2.262719839481338696e-05 4.672234530193201778e-03 -3.040418627898720458e-03
-1.741054481669815277e-07 -5.289931442331418454e-07 -7.772747722018481993e-05 -1.794479340725732948e-05 -1.649842194030779383e-05 1.932641167971474970e-03 -2.682619554428083107e-03 -2.600161183244610597e-03 1.406221496325433314e-04 -5.318068881893129385e-09 -2.138596293703360012e-07 -6.265674326070954929e-07 1.997162131838687422e-07 1.778365886653324361e-07 7.235074488568762165e-08 -3.664266855807166549e-07 -4.078907871410573275e-06 -8.750835636518163961e-07
3.280898623346028055e-09 2.595510879550856288e-09 -1.465571293735218608e-06 2.961249449731262109e-07 2.450634763003838847e-08 1.257460196236621366e-04 -3.761923182812456170e-05 -1.257512001515073498e-05 -5.318068881893129385e-09 2.798900736822101299e-07 -3.278306950483202398e-09 2.198021116641505772e-08 -2.568024349494092750e-09 3.606878870514079091e-09 -1.091633066230930766e-09 4.346962131139326137e-09 -1.810389478823044153e-09 3.570075914826508629e-08
3.638242381066251748e-08 -4.820920425975022093e-08 3.018056680452395574e-05 -5.380455054389657388e-06 1.476780279611532720e-06 -2.255798892074647923e-03 5.060967654575052564e-04 5.408439713328446136e-04 -2.138596293703360012e-07 -3.278306950483202398e-09 1.599010408763713788e-05 -2.536271854185605712e-07 4.671753782826436126e-08 -7.594791823955917488e-09 7.195770550784283262e-10 -3.312807225549097838e-08 5.407107279616353595e-07 -6.206736238268006904e-07
-6.056215887979143100e-08 2.849211709248464184e-07 -8.215244995727851753e-05 2.200409949440539846e-05 -8.559745969568809481e-06 1.136878474292702182e-02 -7.045838936937223783e-04 -9.379465275675513258e-04 -6.265674326070954929e-07 2.198021116641505772e-08 -2.536271854185605712e-07 7.760738100608553162e-05 -3.328862842800116537e-07 -1.033725007698351136e-07 -3.492925697155718337e-08 4.376529993489980928e-07 -1.373245551287634812e-06 3.499698285755963515e-06
8.222139897245535907e-08 -1.268474852009850729e-07 1.147855420442085424e-05 -6.919829578121823398e-06 1.569723379255235569e-06 -2.143160553364699406e-03 -3.409464093328444870e-04 1.794484587140109696e-04 1.997162131838687422e-07 -2.568024349494092750e-09 4.671753782826436126e-08 -3.328862842800116537e-07 3.557570623799380875e-06 9.778319042060286279e-08 -1.767942163729221269e-09 -9.369790343671436050e-08 2.698288690259483795e-07 -8.223218962471137789e-07
2.384503985440597793e-07 -5.400590208867724494e-08 -2.719819567562615343e-05 1.539132270202777750e-06 8.126485066976048632e-06 -1.064430255509019214e-03 -1.744265831861217331e-03 -7.738721403488619198e-05 1.778365886653324361e-07 3.606878870514079091e-09 -7.594791823955917488e-09 -1.033725007698351136e-07 9.778319042060286279e-08 1.412560551569968533e-05 -3.856372587406789845e-08 -7.464658163318551238e-08 9.243448670660626442e-07 -5.016932439988634435e-07
-3.949902204877489235e-08 -1.982353964367770210e-08 4.197872058433611561e-06 -1.605886375824197543e-06 -1.814684134940561910e-06 1.405121672307999975e-05 2.090495371818856677e-04 -3.738948736194926332e-05 7.235074488568762165e-08 -1.091633066230930766e-09 7.195770550784283262e-10 -3.492925697155718337e-08 -1.767942163729221269e-09 -3.856372587406789845e-08 1.018648479305246819e-06 -6.765577970446885952e-09 -2.570359658459697141e-07 -2.433899810155794984e-08
-3.089970216164509062e-08 9.558909311770722186e-08 -6.277352191724549580e-06 5.062619172519108496e-06 -1.887538118399441179e-06 2.297261869699663075e-03 3.008756220344912255e-04 2.262719839481338696e-05 -3.664266855807166549e-07 4.346962131139326137e-09 -3.312807225549097838e-08 4.376529993489980928e-07 -9.369790343671436050e-08 -7.464658163318551238e-08 -6.765577970446885952e-09 7.277271243723420933e-06 -1.267463783843427982e-07 8.254390863248773477e-07
1.192380370373087473e-06 9.758826403932839308e-07 6.760541968961441531e-05 4.629363559076765135e-05 8.653612286203662474e-05 -1.973103970929266857e-02 -1.483537256785682395e-03 4.672234530193201778e-03 -4.078907871410573275e-06 -1.810389478823044153e-09 5.407107279616353595e-07 -1.373245551287634812e-06 2.698288690259483795e-07 9.243448670660626442e-07 -2.570359658459697141e-07 -1.267463783843427982e-07 1.268247535186273894e-03 -3.202621385268391298e-06
-5.350280332896237577e-07 1.053118242038254997e-06 -2.029903559642885964e-04 6.970596439476025522e-05 -1.265901147211390852e-05 2.377614003339781693e-02 -3.278385583999147957e-04 -3.040418627898720458e-03 -8.750835636518163961e-07 3.570075914826508629e-08 -6.206736238268006904e-07 3.499698285755963515e-06 -8.223218962471137789e-07 -5.016932439988634435e-07 -2.433899810155794984e-08 8.254390863248773477e-07 -3.202621385268391298e-06 9.413097022734509631e-04
4.171865658829835519e-05 -4.913587101811756421e-08 -5.751902746110188342e-06 -5.539131145150593823e-07 7.572650608689191658e-06 -1.513588962012526453e-03 -1.132033483983494945e-03 3.526366214729220370e-04 -1.741054481669815277e-07 3.280898623346028055e-09 3.638242381066251748e-08 -6.056215887979143100e-08 8.222139897245535907e-08 2.384503985440597793e-07 -3.949902204877489235e-08 -3.089970216164509062e-08 1.192380370373087473e-06 -5.350280332896237577e-07
-4.913587101811756421e-08 1.743574129516197829e-05 -2.672795922749805045e-05 2.076710844486945423e-05 8.636382653434298868e-06 1.336652757369870617e-03 1.761326590349562057e-04 -1.331427067700589211e-04 -5.289931442331418454e-07 2.595510879550856288e-09 -4.820920425975022093e-08 2.849211709248464184e-07 -1.268474852009850729e-07 -5.400590208867724494e-08 -1.982353964367770210e-08 9.558909311770722186e-08 9.758826403932839308e-07 1.053118242038254997e-06
-5.751902746110188342e-06 -2.672795922749805045e-05 2.725105302908938487e+00 -2.835517733425415091e-03 -5.974980906047896393e-04 -7.096179546186885956e-01 3.275472519064545063e-01 2.058175592091715800e-01 -7.772747722018481993e-05 -1.465571293735218608e-06 3.018056680452395574e-05 -8.215244995727851753e-05 1.147855420442085424e-05 -2.719819567562615343e-05 4.197872058433611561e-06 -6.277352191724549580e-06 6.760541968961441531e-05 -2.029903559642885964e-04
-5.539131145150593823e-07 2.076710844486945423e-05 -2.835517733425415091e-03 8.630831154797717897e-01 5.241185508775439515e-04 1.317521707995299718e-01 -3.248451952772336143e-02 -2.687363274568116758e-02 -1.794479340725732948e-05 2.961249449731262109e-07 -5.380455054389657388e-06 2.200409949440539846e-05 -6.919829578121823398e-06 1.539132270202777750e-06 -1.605886375824197543e-06 5.062619172519108496e-06 4.629363559076765135e-05 6.970596439476025522e-05
7.572650608689191658e-06 8.636382653434298868e-06 -5.974980906047896393e-04 5.241185508775439515e-04 2.214892385290163079e-01 -1.020834893155456863e-01 -3.384633909472529317e-02 1.287654994671865935e-02 -1.649842194030779383e-05 2.450634763003838847e-08 1.476780279611532720e-06 -8.559745969568809481e-06 1.569723379255235569e-06 8.126485066976048632e-06 -1.814684134940561910e-06 -1.887538118399441179e-06 8.653612286203662474e-05 -1.265901147211390852e-05
-1.513588962012526453e-03 1.336652757369870617e-03 -7.096179546186885956e-01 1.317521707995299718e-01 -1.020834893155456863e-01 7.926071829808024631e+03 -6.622895675690659623e+00 -1.265747582539474259e+01 1.932641167971474970e-03 1.257460196236621366e-04 -2.255798892074647923e-03 1.136878474292702182e-02 -2.143160553364699406e-03 -1.064430255509019214e-03 1.405121672307999975e-05 2.297261869699663075e-03 -1.973103970929266857e-02 2.377614003339781693e-02
-1.132033483983494945e-03 1.761326590349562057e-04 3.275472519064545063e-01 -3.248451952772336143e-02 -3.384633909472529317e-02 -6.622895675690659623e+00 1.835009807773438297e+03 3.771929740986866619e+00 -2.682619554428083107e-03 -3.761923182812456170e-05 5.060967654575052564e-04 -7.045838936937223783e-04 -3.409464093328444870e-04 -1.744265831861217331e-03 2.090495371818856677e-04 3.008756220344912255e-04 -1.483537256785682395e-03 -3.278385583999147957e-04
3.526366214729220370e-04 -1.331427067700589211e-04 2.058175592091715800e-01 -2.687363274568116758e-02 1.287654994671865935e-02 -1.265747582539474259e+01 3.771929740986866619e+00 3.675759190486342618e+02 -2.600161183244610597e-03 -1.257512001515073498e-05 5.408439713328446136e-04 -9.379465275675513258e-04 1.794484587140109696e-04 -7.738721403488619198e-05 -3.738948736194926332e-05 2.262719839481338696e-05 4.672234530193201778e-03 -3.040418627898720458e-03
-1.741054481669815277e-07 -5.289931442331418454e-07 -7.772747722018481993e-05 -1.794479340725732948e-05 -1.649842194030779383e-05 1.932641167971474970e-03 -2.682619554428083107e-03 -2.600161183244610597e-03 1.406221496325433314e-04 -5.318068881893129385e-09 -2.138596293703360012e-07 -6.265674326070954929e-07 1.997162131838687422e-07 1.778365886653324361e-07 7.235074488568762165e-08 -3.664266855807166549e-07 -4.078907871410573275e-06 -8.750835636518163961e-07
3.280898623346028055e-09 2.595510879550856288e-09 -1.465571293735218608e-06 2.961249449731262109e-07 2.450634763003838847e-08 1.257460196236621366e-04 -3.761923182812456170e-05 -1.257512001515073498e-05 -5.318068881893129385e-09 2.798900736822101299e-07 -3.278306950483202398e-09 2.198021116641505772e-08 -2.568024349494092750e-09 3.606878870514079091e-09 -1.091633066230930766e-09 4.346962131139326137e-09 -1.810389478823044153e-09 3.570075914826508629e-08
3.638242381066251748e-08 -4.820920425975022093e-08 3.018056680452395574e-05 -5.380455054389657388e-06 1.476780279611532720e-06 -2.255798892074647923e-03 5.060967654575052564e-04 5.408439713328446136e-04 -2.138596293703360012e-07 -3.278306950483202398e-09 1.599010408763713788e-05 -2.536271854185605712e-07 4.671753782826436126e-08 -7.594791823955917488e-09 7.195770550784283262e-10 -3.312807225549097838e-08 5.407107279616353595e-07 -6.206736238268006904e-07
-6.056215887979143100e-08 2.849211709248464184e-07 -8.215244995727851753e-05 2.200409949440539846e-05 -8.559745969568809481e-06 1.136878474292702182e-02 -7.045838936937223783e-04 -9.379465275675513258e-04 -6.265674326070954929e-07 2.198021116641505772e-08 -2.536271854185605712e-07 7.760738100608553162e-05 -3.328862842800116537e-07 -1.033725007698351136e-07 -3.492925697155718337e-08 4.376529993489980928e-07 -1.373245551287634812e-06 3.499698285755963515e-06
8.222139897245535907e-08 -1.268474852009850729e-07 1.147855420442085424e-05 -6.919829578121823398e-06 1.569723379255235569e-06 -2.143160553364699406e-03 -3.409464093328444870e-04 1.794484587140109696e-04 1.997162131838687422e-07 -2.568024349494092750e-09 4.671753782826436126e-08 -3.328862842800116537e-07 3.557570623799380875e-06 9.778319042060286279e-08 -1.767942163729221269e-09 -9.369790343671436050e-08 2.698288690259483795e-07 -8.223218962471137789e-07
2.384503985440597793e-07 -5.400590208867724494e-08 -2.719819567562615343e-05 1.539132270202777750e-06 8.126485066976048632e-06 -1.064430255509019214e-03 -1.744265831861217331e-03 -7.738721403488619198e-05 1.778365886653324361e-07 3.606878870514079091e-09 -7.594791823955917488e-09 -1.033725007698351136e-07 9.778319042060286279e-08 1.412560551569968533e-05 -3.856372587406789845e-08 -7.464658163318551238e-08 9.243448670660626442e-07 -5.016932439988634435e-07
-3.949902204877489235e-08 -1.982353964367770210e-08 4.197872058433611561e-06 -1.605886375824197543e-06 -1.814684134940561910e-06 1.405121672307999975e-05 2.090495371818856677e-04 -3.738948736194926332e-05 7.235074488568762165e-08 -1.091633066230930766e-09 7.195770550784283262e-10 -3.492925697155718337e-08 -1.767942163729221269e-09 -3.856372587406789845e-08 1.018648479305246819e-06 -6.765577970446885952e-09 -2.570359658459697141e-07 -2.433899810155794984e-08
