{
    "R": [
        [
            0.05265242251517971,
            0.05759535504192177,
            1.4450702313278305,
            -1.8851616738420993,
            -1.983516107861988,
            -300.01862190569483,
            -61.95426557756156,
            91.22392173115253,
            0.029472846567662875,
            -0.011828946687430461,
            -0.1283688897394714,
            -0.02654729877028151,
            0.008410420991739874,
            0.0146766658919327,
            -0.0015799000328324047,
            0.16209860730068543,
            0.12661470912707518,
            0.02909530066552453
        ],
        [
            0.0,
            0.024574490717465765,
            0.21537737467934248,
            0.54164772691515,
            1.9049399639474087,
            126.24404309609393,
            -26.732647160287186,
            -8.947003742002419,
            -0.004689833687448684,
            0.003598939784317307,
            0.04160551184901996,
            -0.006246610275877501,
            0.001300882079885239,
            -9.867459393981196e-05,
            -0.004556960578683905,
            -0.07583225741477663,
            -0.0496839880850433,
            -0.0996983830985904
        ],
        [
            0.0,
            0.0,
            1.9499217052090692,
            0.5704116239490844,
            1.0144582899014514,
            60.569528766195035,
            15.988406689726531,
            -4.774555169778079,
            -0.02138425015270289,
            0.023801533713813387,
            0.0455199480954389,
            0.024107225688594726,
            0.0034948622734504923,
            -0.0005476673146011961,
            0.021314377306641423,
            0.0420957635384233,
            -0.10591451215643392,
            -0.1465647000330441
        ],
        [
            0.0,
            0.0,
            0.0,
            1.9452124133499,
            -1.3831881649197482,
            -86.54910539620734,
            65.16690532187657,
            31.0610488290597,
            0.021004629934117513,
            -0.009032794701687878,
            -0.029270073249884135,
            0.0055745907953423405,
            -0.00045851699470915154,
            0.002879820078925682,
            0.0009498885176644979,
            0.041485647005274344,
            0.032883009879552144,
            0.07127337230590026
        ],
        [
            0.0,
            0.0,
            0.0,
            0.0,
            2.8955285276483416,
            168.38311842886154,
            -17.872397254484348,
            -41.44192748095502,
            -0.038238078382059545,
            0.023865860593490607,
            0.06742423516767183,
            0.01665943339267888,
            0.004422454138238148,
            -0.003410603885742275,
            0.012235145873823792,
            -0.08324751908685717,
            -0.1183824743708043,
            -0.2006659056419259
        ],
        [
            0.0,
            0.0,
            0.0,
            0.0,
            0.0,
            104.55452985587331,
            -25.737174802275817,
            -7.231488630054117,
            -0.016603606189062352,
            0.007253602820455122,
            0.00556163853066455,
            -0.0017928857774805395,
            0.000251648332882971,
            -0.0016831140784819604,
            0.0018090888933325715,
            0.01023892208534844,
            -0.030157813826200388,
            -0.018878959046605793
        ],
        [
            0.0,
            0.0,
            0.0,
            0.0,
            0.0,
            0.0,
            46.14324894414108,
            -19.47298718086147,
            -0.004075184482359058,
            0.0017774312953205734,
            -0.002302410661184963,
            0.008611534940652853,
            0.000711235167154237,
            0.0005097006230964708,
            0.010130425830356777,
            0.03776433514366474,
            -0.02241433267760675,
            -0.006696602441765973
        ],
        [
            0.0,
            0.0,
            0.0,
            0.0,
            0.0,
            0.0,
            0.0,
            19.49389031262656,
            -0.004367837426357108,
            0.004098313707568959,
            0.002757653554215642,
            0.002131427164005868,
            0.0006489858555229225,
            -0.0014067687948323706,
            0.0016460767006437104,
            0.0036574834110751236,
            -0.013992076208461369,
            -0.024324685619592626
        ],
        [
            0.0,
            0.0,
            0.0,
            0.0,
            0.0,
            0.0,
            0.0,
            0.0,
            0.014398748724982868,
            -0.009510921500914414,
            -0.009717630884487597,
            -0.009337107272800666,
            -0.0018236969031801616,
            0.0010845819216400905,
            -0.008522079816887136,
            -0.033204964279925676,
            0.03412308719731031,
            0.05100114018367423
        ],
        [
            0.0,
            0.0,
            0.0,
            0.0,
            0.0,
            0.0,
            0.0,
            0.0,
            0.0,
            0.005335980152837077,
            0.008697037560646114,
            0.0018490011332509162,
            -0.000379779286521306,
            -0.0011476794695923984,
            0.003413138430976745,
            0.018121750364280896,
            -0.020228488955642818,
            -0.0199823029579166
        ],
        [
            0.0,
            0.0,
            0.0,
            0.0,
            0.0,
            0.0,
            0.0,
            0.0,
            0.0,
            0.0,
            0.01619394083005452,
            -0.00044530910089733174,
            -0.0001786369091468029,
            -0.0017329639045023854,
            -0.0021589118023523477,
            -0.011408057142286447,
            0.0015725385369188686,
            -0.020744622272154914
        ],
        [
            0.0,
            0.0,
            0.0,
            0.0,
            0.0,
            0.0,
            0.0,
            0.0,
            0.0,
            0.0,
            0.0,
            0.006566462242767884,
            5.8346143495398486e-05,
            -0.0004516648130513526,
            0.0005491009972257686,
            0.024205678597789024,
            -0.005831189781683415,
            0.00641307617089651
        ],
        [
            0.0,
            0.0,
            0.0,
            0.0,
            0.0,
            0.0,
            0.0,
            0.0,
            0.0,
            0.0,
            0.0,
            0.0,
            0.0020495166444136747,
            0.0006271180099553213,
            0.0010740943825792244,
            -0.016158259914304626,
            -0.0028698950093151783,
            -0.005816465897735089
        ],
        [
            0.0,
            0.0,
            0.0,
            0.0,
            0.0,
            0.0,
            0.0,
            0.0,
            0.0,
            0.0,
            0.0,
            0.0,
            0.0,
            0.0014099952772156602,
            0.0003683423843553995,
            -0.0005125978378059702,
            -0.003655904134875061,
            -0.010665566441981338
        ],
        [
            0.0,
            0.0,
            0.0,
            0.0,
            0.0,
            0.0,
            0.0,
            0.0,
            0.0,
            0.0,
            0.0,
            0.0,
            0.0,
            0.0,
            0.003531739443842842,
            0.00380733221217384,
            -0.006943231074762709,
            -0.005406643775265688
        ],
        [
            0.0,
            0.0,
            0.0,
            0.0,
            0.0,
            0.0,
            0.0,
            0.0,
            0.0,
            0.0,
            0.0,
            0.0,
            0.0,
            0.0,
            0.0,
            0.02565251241376696,
            -0.005932663212655436,
            0.006890746737163484
        ],
        [
            0.0,
            0.0,
            0.0,
            0.0,
            0.0,
            0.0,
            0.0,
            0.0,
            0.0,
            0.0,
            0.0,
            0.0,
            0.0,
            0.0,
            0.0,
            0.0,
            0.01207505838489026,
            -3.9841371581448465e-05
        ],
        [
            0.0,
            0.0,
            0.0,
            0.0,
            0.0,
            0.0,
            0.0,
            0.0,
            0.0,
            0.0,
            0.0,
            0.0,
            0.0,
            0.0,
            0.0,
            0.0,
            0.0,
            0.018031622267225354
        ]
    ],
    "RDR": [
        [
            [
                0.05265242251517971,
                0.05759535504192177,
                1.4450702313278305,
                -1.8851616738420993,
                -1.983516107861988,
                -300.01862190569483,
                -61.95426557756156,
                91.22392173115253,
                0.029472846567662875,
                -0.011828946687430461,
                -0.1283688897394714,
                -0.02654729877028151,
                0.008410420991739874,
                0.0146766658919327,
                -0.0015799000328324047,
                0.16209860730068543,
                0.12661470912707518,
                0.02909530066552453
            ],
            [
                0.0,
                0.024574490717465765,
                0.21537737467934248,
                0.54164772691515,
                1.9049399639474087,
                126.24404309609393,
                -26.732647160287186,
                -8.947003742002419,
                -0.004689833687448684,
                0.003598939784317307,
                0.04160551184901996,
                -0.006246610275877501,
                0.001300882079885239,
                -9.867459393981196e-05,
                -0.004556960578683905,
                -0.07583225741477663,
                -0.0496839880850433,
                -0.0996983830985904
            ],
            [
                0.0,
                0.0,
                1.9499217052090692,
                0.5704116239490844,
                1.0144582899014514,
                60.569528766195035,
                15.988406689726531,
                -4.774555169778079,
                -0.02138425015270289,
                0.023801533713813387,
                0.0455199480954389,
                0.024107225688594726,
                0.0034948622734504923,
                -0.0005476673146011961,
                0.021314377306641423,
                0.0420957635384233,
                -0.10591451215643392,
                -0.1465647000330441
            ],
            [
                0.0,
                0.0,
                0.0,
                1.9452124133499,
                -1.3831881649197482,
                -86.54910539620734,
                65.16690532187657,
                31.0610488290597,
                0.021004629934117513,
                -0.009032794701687878,
                -0.029270073249884135,
                0.0055745907953423405,
                -0.00045851699470915154,
                0.002879820078925682,
                0.0009498885176644979,
                0.041485647005274344,
                0.032883009879552144,
                0.07127337230590026
            ],
            [
                0.0,
                0.0,
                0.0,
                0.0,
                2.8955285276483416,
                168.38311842886154,
                -17.872397254484348,
                -41.44192748095502,
                -0.038238078382059545,
                0.023865860593490607,
                0.06742423516767183,
                0.01665943339267888,
                0.004422454138238148,
                -0.003410603885742275,
                0.012235145873823792,
                -0.08324751908685717,
                -0.1183824743708043,
                -0.2006659056419259
            ],
            [
                0.0,
                0.0,
                0.0,
                0.0,
                0.0,
                104.55452985587331,
                -25.737174802275817,
                -7.231488630054117,
                -0.016603606189062352,
                0.007253602820455122,
                0.00556163853066455,
                -0.0017928857774805395,
                0.000251648332882971,
                -0.0016831140784819604,
                0.0018090888933325715,
                0.01023892208534844,
                -0.030157813826200388,
                -0.018878959046605793
            ],
            [
                0.0,
                0.0,
                0.0,
                0.0,
                0.0,
                0.0,
                46.14324894414108,
                -19.47298718086147,
                -0.004075184482359058,
                0.0017774312953205734,
                -0.002302410661184963,
                0.008611534940652853,
                0.000711235167154237,
                0.0005097006230964708,
                0.010130425830356777,
                0.03776433514366474,
                -0.02241433267760675,
                -0.006696602441765973
            ],
            [
                0.0,
                0.0,
                0.0,
                0.0,
                0.0,
                0.0,
                0.0,
                19.49389031262656,
                -0.004367837426357108,
                0.004098313707568959,
                0.002757653554215642,
                0.002131427164005868,
                0.0006489858555229225,
                -0.0014067687948323706,
                0.0016460767006437104,
                0.0036574834110751236,
                -0.013992076208461369,
                -0.024324685619592626
            ],
            [
                0.0,
                0.0,
                0.0,
                0.0,
                0.0,
                0.0,
                0.0,
                0.0,
                0.014398748724982868,
                -0.009510921500914414,
                -0.009717630884487597,
                -0.009337107272800666,
                -0.0018236969031801616,
                0.0010845819216400905,
                -0.008522079816887136,
                -0.033204964279925676,
                0.03412308719731031,
                0.05100114018367423
            ],
            [
                0.0,
                0.0,
                0.0,
                0.0,
                0.0,
                0.0,
                0.0,
                0.0,
                0.0,
                0.005335980152837077,
                0.008697037560646114,
                0.0018490011332509162,
                -0.000379779286521306,
                -0.0011476794695923984,
                0.003413138430976745,
                0.018121750364280896,
                -0.020228488955642818,
                -0.0199823029579166
            ],
            [
                0.0,
                0.0,
                0.0,
                0.0,
                0.0,
                0.0,
                0.0,
                0.0,
                0.0,
                0.0,
                0.01619394083005452,
                -0.00044530910089733174,
                -0.0001786369091468029,
                -0.0017329639045023854,
                -0.0021589118023523477,
                -0.011408057142286447,
                0.0015725385369188686,
                -0.020744622272154914
            ],
            [
                0.0,
                0.0,
                0.0,
                0.0,
                0.0,
                0.0,
                0.0,
                0.0,
                0.0,
                0.0,
                0.0,
                0.006566462242767884,
                5.8346143495398486e-05,
                -0.0004516648130513526,
                0.0005491009972257686,
                0.024205678597789024,
                -0.005831189781683415,
                0.00641307617089651
            ],
            [
                0.0,
                0.0,
                0.0,
                0.0,
                0.0,
                0.0,
                0.0,
                0.0,
                0.0,
                0.0,
                0.0,
                0.0,
                0.0020495166444136747,
                0.0006271180099553213,
                0.0010740943825792244,
                -0.016158259914304626,
                -0.0028698950093151783,
                -0.005816465897735089
            ],
            [
                0.0,
                0.0,
                0.0,
                0.0,
                0.0,
                0.0,
                0.0,
                0.0,
                0.0,
                0.0,
                0.0,
                0.0,
                0.0,
                0.0014099952772156602,
                0.0003683423843553995,
                -0.0005125978378059702,
                -0.003655904134875061,
                -0.010665566441981338
            ],
            [
                0.0,
                0.0,
                0.0,
                0.0,
                0.0,
                0.0,
                0.0,
                0.0,
                0.0,
                0.0,
                0.0,
                0.0,
                0.0,
                0.0,
                0.003531739443842842,
                0.00380733221217384,
                -0.006943231074762709,
                -0.005406643775265688
            ],
            [
                0.0,
                0.0,
                0.0,
                0.0,
                0.0,
                0.0,
                0.0,
                0.0,
                0.0,
                0.0,
                0.0,
                0.0,
                0.0,
                0.0,
                0.0,
                0.02565251241376696,
                -0.005932663212655436,
                0.006890746737163484
            ],
            [
                0.0,
                0.0,
                0.0,
                0.0,
                0.0,
                0.0,
                0.0,
                0.0,
                0.0,
                0.0,
                0.0,
                0.0,
                0.0,
                0.0,
                0.0,
                0.0,
                0.01207505838489026,
                -3.9841371581448465e-05
            ],
            [
                0.0,
                0.0,
                0.0,
                0.0,
                0.0,
                0.0,
                0.0,
                0.0,
                0.0,
                0.0,
                0.0,
                0.0,
                0.0,
                0.0,
                0.0,
                0.0,
                0.0,
                0.018031622267225354
            ]
        ],
        [
            [
                0.010530484503035942,
                0.011519071008384354,
                0.2890140462655661,
                -0.3770323347684199,
                -0.3967032215723976,
                -60.003724381138966,
                -12.390853115512312,
                18.244784346230507,
                0.0058945693135325754,
                -0.0023657893374860925,
                -0.02567377794789428,
                -0.0053094597540563025,
                0.001682084198347975,
                0.00293533317838654,
                -0.00031598000656648097,
                0.03241972146013709,
                0.025322941825415037,
                0.0058190601331049065
            ],
            [
                0.0,
                0.004914898143493153,
                0.043075474935868496,
                0.10832954538303,
                0.38098799278948176,
                25.24880861921879,
                -5.346529432057437,
                -1.789400748400484,
                -0.0009379667374897369,
                0.0007197879568634615,
                0.008321102369803993,
                -0.0012493220551755002,
                0.0002601764159770478,
                -1.9734918787962393e-05,
                -0.0009113921157367811,
                -0.015166451482955326,
                -0.00993679761700866,
                -0.019939676619718082
            ],
            [
                0.0,
                0.0,
                0.38998434104181384,
                0.11408232478981689,
                0.2028916579802903,
                12.113905753239008,
                3.1976813379453066,
                -0.9549110339556158,
                -0.004276850030540578,
                0.0047603067427626775,
                0.00910398961908778,
                0.004821445137718945,
                0.0006989724546900985,
                -0.00010953346292023922,
                0.004262875461328285,
                0.00841915270768466,
                -0.021182902431286788,
                -0.02931294000660882
            ],
            [
                0.0,
                0.0,
                0.0,
                0.38904248266998004,
                -0.27663763298394967,
                -17.30982107924147,
                13.033381064375314,
                6.212209765811941,
                0.004200925986823503,
                -0.0018065589403375758,
                -0.005854014649976827,
                0.0011149181590684681,
                -9.170339894183031e-05,
                0.0005759640157851364,
                0.0001899777035328996,
                0.008297129401054868,
                0.006576601975910429,
                0.014254674461180054
            ],
            [
                0.0,
                0.0,
                0.0,
                0.0,
                0.5791057055296683,
                33.676623685772306,
                -3.57447945089687,
                -8.288385496191005,
                -0.007647615676411909,
                0.004773172118698122,
                0.013484847033534367,
                0.0033318866785357762,
                0.0008844908276476296,
                -0.000682120777148455,
                0.0024470291747647585,
                -0.016649503817371434,
                -0.02367649487416086,
                -0.04013318112838518
            ],
            [
                0.0,
                0.0,
                0.0,
                0.0,
                0.0,
                20.910905971174664,
                -5.147434960455164,
                -1.4462977260108234,
                -0.0033207212378124707,
                0.0014507205640910245,
                0.0011123277061329102,
                -0.0003585771554961079,
                5.0329666576594206e-05,
                -0.0003366228156963921,
                0.0003618177786665143,
                0.002047784417069688,
                -0.006031562765240078,
                -0.003775791809321159
            ],
            [
                0.0,
                0.0,
                0.0,
                0.0,
                0.0,
                0.0,
                9.228649788828216,
                -3.894597436172294,
                -0.0008150368964718116,
                0.0003554862590641147,
                -0.00046048213223699264,
                0.0017223069881305707,
                0.00014224703343084741,
                0.00010194012461929416,
                0.0020260851660713554,
                0.007552867028732949,
                -0.004482866535521351,
                -0.0013393204883531947
            ],
            [
                0.0,
                0.0,
                0.0,
                0.0,
                0.0,
                0.0,
                0.0,
                3.8987780625253126,
                -0.0008735674852714216,
                0.0008196627415137919,
                0.0005515307108431283,
                0.0004262854328011736,
                0.0001297971711045845,
                -0.0002813537589664741,
                0.0003292153401287421,
                0.0007314966822150248,
                -0.002798415241692274,
                -0.004864937123918525
            ],
            [
                0.0,
                0.0,
                0.0,
                0.0,
                0.0,
                0.0,
                0.0,
                0.0,
                0.002879749744996574,
                -0.001902184300182883,
                -0.0019435261768975195,
                -0.0018674214545601334,
                -0.00036473938063603234,
                0.0002169163843280181,
                -0.0017044159633774272,
                -0.006640992855985135,
                0.006824617439462062,
                0.010200228036734846
            ],
            [
                0.0,
                0.0,
                0.0,
                0.0,
                0.0,
                0.0,
                0.0,
                0.0,
                0.0,
                0.0010671960305674154,
                0.0017394075121292228,
                0.00036980022665018326,
                -7.59558573042612e-05,
                -0.0002295358939184797,
                0.0006826276861953491,
                0.0036243500728561796,
                -0.004045697791128564,
                -0.00399646059158332
            ],
            [
                0.0,
                0.0,
                0.0,
                0.0,
                0.0,
                0.0,
                0.0,
                0.0,
                0.0,
                0.0,
                0.003238788166010904,
                -8.906182017946636e-05,
                -3.572738182936058e-05,
                -0.0003465927809004771,
                -0.0004317823604704696,
                -0.0022816114284572894,
                0.00031450770738377374,
                -0.004148924454430983
            ],
            [
                0.0,
                0.0,
                0.0,
                0.0,
                0.0,
                0.0,
                0.0,
                0.0,
                0.0,
                0.0,
                0.0,
                0.0013132924485535769,
                1.1669228699079698e-05,
                -9.033296261027052e-05,
                0.00010982019944515373,
                0.004841135719557806,
                -0.001166237956336683,
                0.001282615234179302
            ],
            [
                0.0,
                0.0,
                0.0,
                0.0,
                0.0,
                0.0,
                0.0,
                0.0,
                0.0,
                0.0,
                0.0,
                0.0,
                0.00040990332888273494,
                0.00012542360199106425,
                0.0002148188765158449,
                -0.0032316519828609253,
                -0.0005739790018630357,
                -0.0011632931795470178
            ],
            [
                0.0,
                0.0,
                0.0,
                0.0,
                0.0,
                0.0,
                0.0,
                0.0,
                0.0,
                0.0,
                0.0,
                0.0,
                0.0,
                0.00028199905544313203,
                7.366847687107991e-05,
                -0.00010251956756119403,
                -0.0007311808269750122,
                -0.0021331132883962677
            ],
            [
                0.0,
                0.0,
                0.0,
                0.0,
                0.0,
                0.0,
                0.0,
                0.0,
                0.0,
                0.0,
                0.0,
                0.0,
                0.0,
                0.0,
                0.0007063478887685685,
                0.0007614664424347681,
                -0.001388646214952542,
                -0.0010813287550531375
            ],
            [
                0.0,
                0.0,
                0.0,
                0.0,
                0.0,
                0.0,
                0.0,
                0.0,
                0.0,
                0.0,
                0.0,
                0.0,
                0.0,
                0.0,
                0.0,
                0.005130502482753392,
                -0.0011865326425310873,
                0.0013781493474326967
            ],
            [
                0.0,
                0.0,
                0.0,
                0.0,
                0.0,
                0.0,
                0.0,
                0.0,
                0.0,
                0.0,
                0.0,
                0.0,
                0.0,
                0.0,
                0.0,
                0.0,
                0.002415011676978052,
                -7.968274316289694e-06
            ],
            [
                0.0,
                0.0,
                0.0,
                0.0,
                0.0,
                0.0,
                0.0,
                0.0,
                0.0,
                0.0,
                0.0,
                0.0,
                0.0,
                0.0,
                0.0,
                0.0,
                0.0,
                0.0036063244534450707
            ]
        ]
    ],
    "allnames": [
        "m1_flow_nominal",
        "m2_flow_nominal",
        "tau1",
        "tau2",
        "tau_m",
        "nominalUa.hasValue",
        "workingPressure.hasValue",
        "flowCoefficient.hasValue",
        "waterFlowRateMax",
        "c1",
        "c2",
        "c3",
        "c4",
        "eps_motor",
        "f_motorToAir",
        "kp",
        "Ti",
        "Td"
    ],
    "alpha_count": 3774,
    "cov": [
        [
            0.008663367489740633,
            0.009476671776809534,
            0.2377701511999419,
            -0.31018227800174253,
            -0.32636540055254426,
            -49.364710134376864,
            -10.193881774398204,
            15.009876470251022,
            0.004849427406892656,
            -0.0019463209340503877,
            -0.02112166568864739,
            -0.004368061223404915,
            0.001383840748711327,
            0.002414881292675523,
            -0.00025995488768886893,
            0.026671513627243387,
            0.020833034879985446,
            0.0047873064495230835
        ],
        [
            0.009476671776809534,
            0.012253532863836984,
            0.27663163227702525,
            -0.29770574649733267,
            -0.21071370313227136,
            -44.30404994576961,
            -13.203809724359173,
            15.731894062547637,
            0.0049445274616936345,
            -0.001852657099725306,
            -0.01990942973797816,
            -0.005257838638495358,
            0.0016136553052123353,
            0.0026340090780771993,
            -0.0006343121523826601,
            0.0233518366667504,
            0.01897331381781554,
            -0.0024196338066259605
        ],
        [
            0.2377701511999419,
            0.27663163227702525,
            18.552531385747123,
            -4.672732325760847,
            -1.4935152311429158,
            -900.7875936671504,
            -200.3429094297404,
            376.8374460725042,
            -0.0003667636944965625,
            0.09403937088198672,
            -0.27431512645498746,
            0.02280972789250395,
            0.06015167930921406,
            0.06287391348941164,
            0.1196776069730049,
            0.9374836326651191,
            -0.10705833143765055,
            -0.8288053530004889
        ],
        [
            -0.31018227800174253,
            -0.29770574649733267,
            -4.672732325760847,
            24.863867344944588,
            8.309746748570465,
            1562.9892984982557,
            744.3674238281778,
            -372.2534038711575,
            -0.09200211404898073,
            0.06329625502423764,
            0.7298757489391833,
            0.22267904030406482,
            -0.04390245743097946,
            -0.07009959045416828,
            0.045361884875361885,
            -0.7560816979692223,
            -0.8189088939821404,
            -0.16815971342106115
        ],
        [
            -0.32636540055254426,
            -0.21071370313227136,
            -1.4935152311429158,
            8.309746748570465,
            59.02985310106605,
            4700.925543557576,
            -167.82925243332272,
            -1143.096151958037,
            -0.7151873428088283,
            0.42519583943045974,
            1.9242833336813332,
            0.33043908985701775,
            0.008690144239646102,
            -0.13660559977852477,
            0.1568403342445176,
            -2.2553272574407925,
            -2.629676269380814,
            -3.3622892067314605
        ],
        [
            -49.364710134376864,
            -44.30404994576961,
            -900.7875936671504,
            1562.9892984982557,
            4700.925543557576,
            488727.09891404427,
            15126.62695835893,
            -122531.51759669892,
            -64.75706681709941,
            34.386506368693254,
            190.59538551056184,
            33.66089726689164,
            -4.177219729647238,
            -17.026291489478893,
            10.490126707097081,
            -225.60546188528042,
            -239.3969109527381,
            -225.38778765669957
        ],
        [
            -10.193881774398204,
            -13.203809724359173,
            -200.3429094297404,
            744.3674238281778,
            -167.82925243332272,
            15126.62695835893,
            38019.825995949795,
            -10739.00405826953,
            0.778136054794514,
            -0.32080340447751604,
            13.145974631814262,
            8.456830592053034,
            -1.8204318892651639,
            -1.8748064911728937,
            2.5768872803232594,
            -5.225271393214589,
            -13.153036537842064,
            21.64756763893358
        ],
        [
            15.009876470251022,
            15.731894062547637,
            376.8374460725042,
            -372.2534038711575,
            -1143.096151958037,
            -122531.51759669892,
            -10739.00405826953,
            37244.92085566057,
            16.20016580737002,
            -7.817855865260065,
            -49.82772462294237,
            -9.723078754392688,
            1.682408524967535,
            4.8374237231229,
            -2.6903978680833798,
            60.203595264065754,
            58.78027006109053,
            45.52662865099349
        ],
        [
            0.004849427406892656,
            0.0049445274616936345,
            -0.0003667636944965625,
            -0.09200211404898073,
            -0.7151873428088283,
            -64.75706681709941,
            0.778136054794514,
            16.20016580737002,
            0.011781135412834582,
            -0.007060405408518485,
            -0.026186990440026064,
            -0.0060551686277387955,
            -0.00014957597662782575,
            0.002135223866282557,
            -0.003531559329230405,
            0.02334247702981338,
            0.03934855507569116,
            0.04628363556591516
        ],
        [
            -0.0019463209340503877,
            -0.001852657099725306,
            0.09403937088198672,
            0.06329625502423764,
            0.42519583943045974,
            34.386506368693254,
            -0.32080340447751604,
            -7.817855865260065,
            -0.007060405408518485,
            0.0048814391860811,
            0.015036122305317295,
            0.004132123276566449,
            0.0003722926264838996,
            -0.0010247412381236458,
            0.002906766538709911,
            -0.009315761206426652,
            -0.025213121067544267,
            -0.03270165182224943
        ],
        [
            -0.02112166568864739,
            -0.01990942973797816,
            -0.27431512645498746,
            0.7298757489391833,
            1.9242833336813332,
            190.59538551056184,
            13.145974631814262,
            -49.82772462294237,
            -0.026186990440026064,
            0.015036122305317295,
            0.08175179038388558,
            0.016503367303597704,
            -0.001692960169187646,
            -0.007157220905775447,
            0.005779376459892501,
            -0.08937134192438474,
            -0.10225887326115546,
            -0.09791395698050907
        ],
        [
            -0.004368061223404915,
            -0.005257838638495358,
            0.02280972789250395,
            0.22267904030406482,
            0.33043908985701775,
            33.66089726689164,
            8.456830592053034,
            -9.723078754392688,
            -0.0060551686277387955,
            0.004132123276566449,
            0.016503367303597704,
            0.005779323078234304,
            -0.00016307393618375627,
            -0.0014156613903210278,
            0.0030353656243551617,
            -0.009837956097212323,
            -0.02486525635884504,
            -0.022393816660819115
        ],
        [
            0.001383840748711327,
            0.0016136553052123353,
            0.06015167930921406,
            -0.04390245743097946,
            0.008690144239646102,
            -4.177219729647238,
            -1.8204318892651639,
            1.682408524967535,
            -0.00014957597662782575,
            0.0003722926264838996,
            -0.001692960169187646,
            -0.00016307393618375627,
            0.00035345680554830226,
            0.00032513525581959337,
            0.00042044414537763583,
            0.0033763252738645334,
            -6.836400330243348e-06,
            -0.004487169475073984
        ],
        [
            0.002414881292675523,
            0.0026340090780771993,
            0.06287391348941164,
            -0.07009959045416828,
            -0.13660559977852477,
            -17.026291489478893,
            -1.8748064911728937,
            4.8374237231229,
            0.002135223866282557,
            -0.0010247412381236458,
            -0.007157220905775447,
            -0.0014156613903210278,
            0.00032513525581959337,
            0.0007774795667962796,
            -0.00025648694842730484,
            0.00845290746925257,
            0.007912000965656318,
            0.004881160936352422
        ],
        [
            -0.00025995488768886893,
            -0.0006343121523826601,
            0.1196776069730049,
            0.045361884875361885,
            0.1568403342445176,
            10.490126707097081,
            2.5768872803232594,
            -2.6903978680833798,
            -0.003531559329230405,
            0.002906766538709911,
            0.005779376459892501,
            0.0030353656243551617,
            0.00042044414537763583,
            -0.00025648694842730484,
            0.002624293574892705,
            0.002479167381402177,
            -0.013588659683061598,
            -0.017902785894543187
        ],
        [
            0.026671513627243387,
            0.0233518366667504,
            0.9374836326651191,
            -0.7560816979692223,
            -2.2553272574407925,
            -225.60546188528042,
            -5.225271393214589,
            60.203595264065754,
            0.02334247702981338,
            -0.009315761206426652,
            -0.08937134192438474,
            -0.009837956097212323,
            0.0033763252738645334,
            0.00845290746925257,
            0.002479167381402177,
            0.14710948295954723,
            0.08767771212338382,
            0.07445444833424238
        ],
        [
            0.020833034879985446,
            0.01897331381781554,
            -0.10705833143765055,
            -0.8189088939821404,
            -2.629676269380814,
            -239.3969109527381,
            -13.153036537842064,
