8.999730742035113749e-04 -5.187682432817861679e-07 7.731230477208294487e-05 2.845444757224207019e-07 -2.817308079612552509e-06 -4.408329481548929965e-03 -2.185270704065087109e-04 -1.256197207372023545e-03 7.971592310148636173e-07 1.872573511279053333e-07 1.862254772152392823e-08 3.905589539050152493e-07 -6.366002499044673127e-07 1.334361710573576726e-07 -1.893073410911913109e-07 6.950364682918586372e-05 -2.454643097344047975e-05 6.904993440904269383e-06
-5.187682432817861679e-07 2.714925824294949115e-03 -1.915885854833157694e-04 -7.051332096677514448e-07 6.981606245408318046e-06 1.092433619983521065e-02 5.415346552197730602e-04 3.112997947196152835e-03 -1.975450220056746788e-06 -4.640447743695093068e-07 -4.614876747731692306e-08 -9.678490086034131186e-07 1.577567008991346090e-06 -3.306698376222804045e-07 4.691248800328806297e-07 -1.722378529677986850e-04 6.082881635373873277e-05 -1.711135025678501081e-05
7.731230477208294487e-05 -1.915885854833157694e-04 6.319683284631057774e+01 1.050863739574327992e-04 -1.040472459202740688e-03 -1.628059582775180925e+00 -8.070519514482758783e-02 -4.639317251302291778e-01 2.944023876807488633e-04 6.915683735185872247e-05 6.877575145100600367e-06 1.442390479670530446e-04 -2.351056429860774873e-04 4.927990021799102602e-05 -6.991392817691837391e-05 2.566869802533879030e-02 -9.065350567942958085e-03 2.550113549251771788e-03
2.845444757224207019e-07 -7.051332096677514448e-07 1.050863739574327992e-04 7.381457915750246068e-02 -3.829412294462698570e-06 -5.992000391028386684e-03 -2.970318568080366388e-04 -1.707479939801860276e-03 1.083534804724857257e-06 2.545286430784437123e-07 2.531260734851169312e-08 5.308653571185008430e-07 -8.652957911431007944e-07 1.813724660326625044e-07 -2.573150819580752353e-07 9.447249365581655508e-05 -3.336461682522133331e-05 9.385578725710224619e-06
-2.817308079612552509e-06 6.981606245408318046e-06 -1.040472459202740688e-03 -3.829412294462698570e-06 7.616715352970495623e-01 5.932749554116781981e-02 2.940947097858775949e-03 1.690595826176881714e-02 -1.072820462299425498e-05 -2.520117815737359285e-06 -2.506230810419592160e-07 -5.256159888534813150e-06 8.567394666344973908e-06 -1.795789964559169267e-06 2.547706672449483790e-06 -9.353831909824904820e-04 3.303469670821177536e-04 -9.292771089176902154e-05
-4.408329481548929965e-03 1.092433619983521065e-02 -1.628059582775180925e+00 -5.992000391028386684e-03 5.932749554116781981e-02 3.394482402275474305e+04 4.601791294670748655e+00 2.645327813401238970e+01 -1.678675508222696178e-02 -3.943306642424253272e-03 -3.921577213755893286e-04 -8.224476678301192653e-03 1.340566861005403586e-02 -2.809928349946234482e-03 3.986475783664573946e-03 -1.463623139830878106e+00 5.169041627597386057e-01 -1.454068763517614715e-01
-2.185270704065087109e-04 5.415346552197730602e-04 -8.070519514482758783e-02 -2.970318568080366388e-04 2.940947097858775949e-03 4.601791294670748655e+00 1.037433292907910754e+03 1.311326069766257429e+00 -8.321429750440743596e-04 -1.954752365698221301e-04 -1.943980783382564254e-05 -4.076988350481272291e-04 6.645377802310452288e-04 -1.392920862508198888e-04 1.976151914000352230e-04 -7.255385022038705889e-02 2.562366375780187125e-02 -7.208022639666026438e-03
-1.256197207372023545e-03 3.112997947196152835e-03 -4.639317251302291778e-01 -1.707479939801860276e-03 1.690595826176881714e-02 2.645327813401238970e+01 1.311326069766257429e+00 7.378976366660122585e+04 -4.783552350928688829e-03 -1.123684337288779382e-03 -1.117492321078277396e-04 -2.343646199455162032e-03 3.820078227226255362e-03 -8.007169520545192416e-04 1.135985812234723003e-03 -4.170739298403356998e-01 1.472969678095850943e-01 -4.143513155500159334e-02
7.971592310148636173e-07 -1.975450220056746788e-06 2.944023876807488633e-04 1.083534804724857257e-06 -1.072820462299425498e-05 -1.678675508222696178e-02 -8.321429750440743596e-04 -4.783552350928688829e-03 1.933415620154430026e-02 7.130690443823697753e-07 7.091397068135322927e-08 1.487234003677656136e-06 -2.424150128786638174e-06 5.081199878605632718e-07 -7.208753300918973911e-07 2.646673079964958260e-04 -9.347189828223861831e-05 2.629395879368709118e-05
1.872573511279053333e-07 -4.640447743695093068e-07 6.915683735185872247e-05 2.545286430784437123e-07 -2.520117815737359285e-06 -3.943306642424253272e-03 -1.954752365698221301e-04 -1.123684337288779382e-03 7.130690443823697753e-07 9.910613319618321855e-05 1.665810517033897724e-08 3.493599386429666031e-07 -5.694469990331106502e-07 1.193603476946230197e-07 -1.693378180349341589e-07 6.217189376642011118e-05 -2.195709388567895193e-05 6.176604225110365693e-06
1.862254772152392823e-08 -4.614876747731692306e-08 6.877575145100600367e-06 2.531260734851169312e-08 -2.506230810419592160e-07 -3.921577213755893286e-04 -1.943980783382564254e-05 -1.117492321078277396e-04 7.091397068135322927e-08 1.665810517033897724e-08 1.353912175605082223e-05 3.474348051053782254e-08 -5.663090848235536895e-08 1.187026174199450597e-08 -1.684046889705447221e-08 6.182929810920187851e-06 -2.183610022512506050e-06 6.142568302192708744e-07
3.905589539050152493e-07 -9.678490086034131186e-07 1.442390479670530446e-04 5.308653571185008430e-07 -5.256159888534813150e-06 -8.224476678301192653e-03 -4.076988350481272291e-04 -2.343646199455162032e-03 1.487234003677656136e-06 3.493599386429666031e-07 3.474348051053782254e-08 1.710576405719083006e-04 -1.187684344070480381e-06 2.489475166265123711e-07 -3.531845381231925123e-07 1.296706892704106012e-04 -4.579547647732928981e-05 1.288242127913403905e-05
-6.366002499044673127e-07 1.577567008991346090e-06 -2.351056429860774873e-04 -8.652957911431007944e-07 8.567394666344973908e-06 1.340566861005403586e-02 6.645377802310452288e-04 3.820078227226255362e-03 -2.424150128786638174e-06 -5.694469990331106502e-07 -5.663090848235536895e-08 -1.187684344070480381e-06 2.926850350799915855e-04 -4.057775393777732973e-07 5.756809899851870036e-07 -2.113596228417383561e-04 7.464535501867447997e-05 -2.099798896856387763e-05
1.334361710573576726e-07 -3.306698376222804045e-07 4.927990021799102602e-05 1.813724660326625044e-07 -1.795789964559169267e-06 -2.809928349946234482e-03 -1.392920862508198888e-04 -8.007169520545192416e-04 5.081199878605632718e-07 1.193603476946230197e-07 1.187026174199450597e-08 2.489475166265123711e-07 -4.057775393777732973e-07 6.036645697984060078e-04 -1.206670387981470330e-07 4.430255689086072025e-05 -1.564622439655618914e-05 4.401335450764071320e-06
-1.893073410911913109e-07 4.691248800328806297e-07 -6.991392817691837391e-05 -2.573150819580752353e-07 2.547706672449483790e-06 3.986475783664573946e-03 1.976151914000352230e-04 1.135985812234723003e-03 -7.208753300918973911e-07 -1.693378180349341589e-07 -1.684046889705447221e-08 -3.531845381231925123e-07 5.756809899851870036e-07 -1.206670387981470330e-07 2.138439067417657023e-04 -6.285251729042046025e-05 2.219746801154077440e-05 -6.244222273707120130e-06
6.950364682918586372e-05 -1.722378529677986850e-04 2.566869802533879030e-02 9.447249365581655508e-05 -9.353831909824904820e-04 -1.463623139830878106e+00 -7.255385022038705889e-02 -4.170739298403356998e-01 2.646673079964958260e-04 6.217189376642011118e-05 6.182929810920187851e-06 1.296706892704106012e-04 -2.113596228417383561e-04 4.430255689086072025e-05 -6.285251729042046025e-05 3.316458288388842046e+00 -8.149736657244027738e-03 2.292548282243397646e-03
-2.454643097344047975e-05 6.082881635373873277e-05 -9.065350567942958085e-03 -3.336461682522133331e-05 3.303469670821177536e-04 5.169041627597386057e-01 2.562366375780187125e-02 1.472969678095850943e-01 -9.347189828223861831e-05 -2.195709388567895193e-05 -2.183610022512506050e-06 -4.579547647732928981e-05 7.464535501867447997e-05 -1.564622439655618914e-05 2.219746801154077440e-05 -8.149736657244027738e-03 7.823059210953268172e-01 -8.096536042442118710e-04
6.904993440904269383e-06 -1.711135025678501081e-05 2.550113549251771788e-03 9.385578725710224619e-06 -9.292771089176902154e-05 -1.454068763517614715e-01 -7.208022639666026438e-03 -4.143513155500159334e-02 2.629395879368709118e-05 6.176604225110365693e-06 6.142568302192708744e-07 1.288242127913403905e-05 -2.099798896856387763e-05 4.401335450764071320e-06 -6.244222273707120130e-06 2.292548282243397646e-03 -8.096536042442118710e-04 1.368619005139360134e-01
2.891760343227178830e-04 -1.001956351592755832e-06 3.181700498156685153e-04 -7.483994653242634520e-07 1.397673198194695003e-05 -4.004225294315588539e-03 -2.130428610101990080e-05 -4.042235497628460066e-03 1.113247333439798412e-06 -3.194790203151476521e-07 4.793186162962400875e-08 -5.492103625293245293e-08 -2.794710131480033597e-07 -1.245946088505235890e-07 -1.307011612431659292e-07 5.686457113466170961e-05 7.689539591665039414e-06 -7.421386808042398452e-06
-1.001956351592755832e-06 8.693661535483333336e-04 -2.683677602773553816e-04 3.667191739359878795e-07 -8.264760656724920074e-06 5.325937113757005757e-03 1.389792231798446260e-04 3.564909077572191512e-03 -1.237703447921595917e-06 1.192308380876186088e-07 -4.438566846320778035e-08 -1.827650387994925229e-07 5.582808513382704527e-07 1.223705155691675165e-08 1.996022325043426445e-07 -7.954817167955321457e-05 8.496293074668161130e-06 1.320487185161852002e-06
3.181700498156685153e-04 -2.683677602773553816e-04 2.029566720876202268e+01 -1.742994887152158852e-04 3.352298021412261804e-03 -1.163386688959320292e+00 -1.378172602712018913e-02 -1.050124591185440659e+00 3.067684230533549491e-04 -7.184502253763244630e-05 1.259717092460158169e-05 1.596479681548222560e-06 -9.399879240215331007e-05 -2.566809465050438251e-05 -3.974141375026560036e-05 1.678997156201176427e-02 9.493322625527875593e-04 -1.569494873272630261e-03
-7.483994653242634520e-07 3.667191739359878795e-07 -1.742994887152158852e-04 2.362126017458832106e-02 -1.176828379642453347e-05 -7.962106213223243956e-05 -1.295058500122059949e-04 2.033120908752567794e-03 -2.613659330416305918e-07 3.502962766330235061e-07 -2.164214773019995911e-08 2.973555483683562661e-07 -2.232112145363553522e-07 1.765853019246495633e-07 -3.265119199298557525e-08 5.696752805340276890e-06 -2.169157258363511393e-05 9.827984680119024308e-06
1.397673198194695003e-05 -8.264760656724920074e-06 3.352298021412261804e-03 -1.176828379642453347e-05 2.439217505590989266e-01 -1.358825382133208720e-02 1.551786628446869291e-03 -4.030877280093693449e-02 7.344737217143666071e-06 -5.571417673265060093e-06 4.469437234078964543e-07 -3.941371075352151695e-06 1.790094249871310412e-06 -2.675734892418245391e-06 -6.542070278787828870e-08 1.355198418378126093e-04 3.009363188755281621e-04 -1.506943878236978701e-04
-4.004225294315588539e-03 5.325937113757005757e-03 -1.163386688959320292e+00 -7.962106213223243956e-05 -1.358825382133208720e-02 1.086802177740848674e+04 1.366119688402861465e+00 1.643466693211224694e+01 -7.250526539610242099e-03 -4.312333070041336454e-04 -2.173813396601651177e-04 -2.237977022004838425e-03 4.455673265853886920e-03 -5.329193014548019554e-04 1.429192380819812452e-03 -5.441605506063009745e-01 1.313779255418014158e-01 -2.544505023855356610e-02
-2.130428610101990080e-05 1.389792231798446260e-04 -1.378172602712018913e-02 -1.295058500122059949e-04 1.551786628446869291e-03 1.366119688402861465e+00 3.319806495342120911e+02 2.702089738463951396e-01 -2.310624383874993479e-04 -7.812473105880126344e-05 -4.497957296169100026e-06 -1.378476784248085425e-04 2.095425390989286726e-04 -5.144011293102109054e-05 6.035864713491257230e-05 -2.179610294734301082e-02 8.837597360954681930e-03 -2.701874210929849918e-03
-4.042235497628460066e-03 3.564909077572191512e-03 -1.050124591185440659e+00 2.033120908752567794e-03 -4.030877280093693449e-02 1.643466693211224694e+01 2.702089738463951396e-01 2.362391031938186279e+04 -4.167721760109862304e-03 8.062641562457565714e-04 -1.647353603857815748e-04 -1.971615440192934859e-04 1.455220797876645954e-03 2.578403469469275791e-04 5.789922758096696610e-04 -2.398561517849789604e-01 -6.305572613116433448e-04 1.633532002964927302e-02
1.113247333439798412e-06 -1.237703447921595917e-06 3.067684230533549491e-04 -2.613659330416305918e-07 7.344737217143666071e-06 -7.250526539610242099e-03 -2.310624383874993479e-04 -4.167721760109862304e-03 6.187551629716514512e-03 -4.665481932865285500e-08 5.309729624266919940e-08 3.455960757261814368e-07 -8.306075246999877257e-07 4.141112484919826707e-08 -2.814768044080381676e-07 1.097746010369020342e-04 -1.865070493128260343e-05 1.437418065842541964e-06
-3.194790203151476521e-07 1.192308380876186088e-07 -7.184502253763244630e-05 3.502962766330235061e-07 -5.571417673265060093e-06 -4.312333070041336454e-04 -7.812473105880126344e-05 8.062641562457565714e-04 -4.665481932865285500e-08 3.183547136494360767e-05 -8.111749551612893518e-09 1.694107092527237253e-07 -1.579601525709216355e-07 9.177367782437475441e-08 -3.173026342833874605e-08 8.806363236305896761e-06 -1.200458674005893230e-05 5.060974616796843436e-06
4.793186162962400875e-08 -4.438566846320778035e-08 1.259717092460158169e-05 -2.164214773019995911e-08 4.469437234078964543e-07 -2.173813396601651177e-04 -4.497957296169100026e-06 -1.647353603857815748e-04 5.309729624266919940e-08 -8.111749551612893518e-09 4.334006069675604725e-06 4.743987908314130089e-09 -2.080606018251605263e-08 -2.128816442684023201e-09 -7.873429478686897444e-09 3.205258671936958352e-06 -1.480109526534738475e-07 -1.446674755719610989e-07
-5.492103625293245293e-08 -1.827650387994925229e-07 1.596479681548222560e-06 2.973555483683562661e-07 -3.941371075352151695e-06 -2.237977022004838425e-03 -1.378476784248085425e-04 -1.971615440192934859e-04 3.455960757261814368e-07 1.694107092527237253e-07 4.743987908314130089e-09 5.476576440966078141e-05 -3.685543111073009914e-07 1.050683397278839431e-07 -1.023702691511688113e-07 3.623674359086264101e-05 -1.701510978190121315e-05 5.584926918201906515e-06
-2.794710131480033597e-07 5.582808513382704527e-07 -9.399879240215331007e-05 -2.232112145363553522e-07 1.790094249871310412e-06 4.455673265853886920e-03 2.095425390989286726e-04 1.455220797876645954e-03 -8.306075246999877257e-07 -1.579601525709216355e-07 -2.080606018251605263e-08 -3.685543111073009914e-07 9.366405604318734659e-05 -1.191502748924843575e-07 1.887023019263675862e-07 -6.984926145806208441e-05 2.289244244776560673e-05 -6.103450699223913243e-06
-1.245946088505235890e-07 1.223705155691675165e-08 -2.566809465050438251e-05 1.765853019246495633e-07 -2.675734892418245391e-06 -5.329193014548019554e-04 -5.144011293102109054e-05 2.578403469469275791e-04 4.141112484919826707e-08 9.177367782437475441e-08 -2.128816442684023201e-09 1.050683397278839431e-07 -1.191502748924843575e-07 1.931962873135146933e-04 -2.871083739786959228e-08 9.287364521617710376e-06 -7.201943135785258740e-06 2.768497355220332416e-06
-1.307011612431659292e-07 1.996022325043426445e-07 -3.974141375026560036e-05 -3.265119199298557525e-08 -6.542070278787828870e-08 1.429192380819812452e-03 6.035864713491257230e-05 5.789922758096696610e-04 -2.814768044080381676e-07 -3.173026342833874605e-08 -7.873429478686897444e-09 -1.023702691511688113e-07 1.887023019263675862e-07 -2.871083739786959228e-08 6.843420092457771868e-05 -2.216226257042441342e-05 6.183072991840994556e-06 -1.428065953264280618e-06
5.686457113466170961e-05 -7.954817167955321457e-05 1.678997156201176427e-02 5.696752805340276890e-06 1.355198418378126093e-04 -5.441605506063009745e-01 -2.179610294734301082e-02 -2.398561517849789604e-01 1.097746010369020342e-04 8.806363236305896761e-06 3.205258671936958352e-06 3.623674359086264101e-05 -6.984926145806208441e-05 9.287364521617710376e-06 -2.216226257042441342e-05 1.062278579461573891e+00 -2.153604588122236176e-03 4.521337355852783060e-04
7.689539591665039414e-06 8.496293074668161130e-06 9.493322625527875593e-04 -2.169157258363511393e-05 3.009363188755281621e-04 1.313779255418014158e-01 8.837597360954681930e-03 -6.305572613116433448e-04 -1.865070493128260343e-05 -1.200458674005893230e-05 -1.480109526534738475e-07 -1.701510978190121315e-05 2.289244244776560673e-05 -7.201943135785258740e-06 6.183072991840994556e-06 -2.153604588122236176e-03 2.505418606272841187e-01 -3.854621594555885343e-04
-7.421386808042398452e-06 1.320487185161852002e-06 -1.569494873272630261e-03 9.827984680119024308e-06 -1.506943878236978701e-04 -2.544505023855356610e-02 -2.701874210929849918e-03 1.633532002964927302e-02 1.437418065842541964e-06 5.060974616796843436e-06 -1.446674755719610989e-07 5.584926918201906515e-06 -6.103450699223913243e-06 2.768497355220332416e-06 -1.428065953264280618e-06 4.521337355852783060e-04 -3.854621594555885343e-04 4.387410624511034474e-02
9.257024687671402117e-05 -2.750868700804922027e-07 1.051573185492336317e-04 5.111743683731425310e-07 3.965773879908206524e-06 -8.262015262282706345e-04 2.189735350657716093e-05 -2.041602302000051269e-03 4.163110798202156162e-07 -9.647883701661140552e-08 1.535228097652954520e-08 5.575699316031825548e-09 -6.890082677430801542e-08 -5.020068558753228352e-08 -4.858002001207950245e-10 1.823334832656344097e-05 5.319642299165218100e-06 -2.065463331148032594e-06
-2.750868700804922027e-07 2.782583149613361779e-04 -8.138913914614447933e-05 1.125270737468455056e-06 -3.325181759538543074e-06 2.315434466673018266e-03 8.302886022982098853e-05 1.363081194500671573e-04 -3.154060010099833312e-07 4.588041710480802057e-08 -1.418450151487833973e-08 -2.740052930338799496e-08 2.062155426469714195e-07 -9.954875054876785091e-09 1.193783704904146502e-07 -2.540615691521184934e-05 6.557603799855153055e-06 8.379636923819891676e-07
1.051573185492336317e-04 -8.138913914614447933e-05 6.494942998281533875e+00 1.821279732622429535e-05 1.022784821659393191e-03 -3.274220586350841122e-01 -1.579900209523043631e-03 -4.097746742562747291e-01 1.040868545944927120e-04 -2.242322285579582080e-05 4.032483001798192599e-06 2.792683824598968488e-06 -2.805609477835589285e-05 -9.232001915545635901e-06 -8.642737353843982502e-06 5.376406793554922535e-03 5.855811676686353264e-04 -4.717444346349659997e-04
5.111743683731425310e-07 1.125270737468455056e-06 1.821279732622429535e-05 7.575417700519302376e-03 -1.498244621228304139e-05 1.004839196597260252e-02 5.941026004521116413e-04 -1.590684772081119372e-02 1.245938057222755998e-06 2.394583320886577599e-07 -6.613737606142895947e-09 6.075434422454904154e-07 3.829616770265396909e-07 -1.721362108634400493e-07 9.045003250930593746e-07 2.634924342789423656e-06 5.633685988717055938e-05 9.992488300338946963e-06
3.965773879908206524e-06 -3.325181759538543074e-06 1.022784821659393191e-03 -1.498244621228304139e-05 7.806253262655900305e-02 -1.114922278837536529e-02 6.750861641694444308e-05 -1.720692040910116885e-03 1.452705012085259638e-06 -1.868838179287568860e-06 1.428115258409483847e-07 -1.607158676958269828e-06 2.660669395747643839e-07 -7.018754040825945398e-07 -6.386266191840993414e-07 4.281818388318811791e-05 5.357983404551548267e-05 -5.284504952624570056e-05
-8.262015262282706345e-04 2.315434466673018266e-03 -3.274220586350841122e-01 1.004839196597260252e-02 -1.114922278837536529e-02 3.483875079702484527e+03 8.225092992427903704e-01 -4.780217426775116074e+00 -1.514004429143548389e-03 -6.077006867513029596e-05 -6.937300486835885059e-05 -4.054743570085745188e-04 1.701326231543217292e-03 -3.091680688680454540e-04 1.012104309921021137e-03 -1.736390567132619911e-01 8.040851613782670770e-02 -3.990537058597419182e-03
2.189735350657716093e-05 8.302886022982098853e-05 -1.579900209523043631e-03 5.941026004521116413e-04 6.750861641694444308e-05 8.225092992427903704e-01 1.062581190322694908e+02 -5.468972742015631994e-01 -2.308037235072611814e-05 -2.012793746924019175e-05 -1.427421122578071875e-06 -2.451105815475258229e-05 8.443514961449431029e-05 -2.520702780388375561e-05 5.431386607381998065e-05 -6.943693290528454506e-03 5.248580721795691878e-03 -6.026643070816860770e-04
-2.041602302000051269e-03 1.363081194500671573e-04 -4.097746742562747291e-01 -1.590684772081119372e-02 -1.720692040910116885e-03 -4.780217426775116074e+00 -5.468972742015631994e-01 7.576151945915025863e+03 -2.658684820434666519e-03 1.310779452988981646e-04 -5.302599548894664140e-05 -5.737235344851685220e-04 1.284023730192172177e-05 3.103680240999423588e-04 -7.265323152801577778e-04 -7.756314645901786486e-02 -6.326285660760110063e-02 -1.596739346752719217e-03
4.163110798202156162e-07 -3.154060010099833312e-07 1.040868545944927120e-04 1.245938057222755998e-06 1.452705012085259638e-06 -1.514004429143548389e-03 -2.308037235072611814e-05 -2.658684820434666519e-03 1.980122921099041616e-03 -4.737243842081842184e-09 1.701608264402936304e-08 1.515948575403813572e-07 -2.294317914341009135e-07 -5.045694844524022646e-09 -1.685357463428187179e-08 3.519284991286346050e-05 -9.043744925379931686e-07 1.007949365930893175e-06
-9.647883701661140552e-08 4.588041710480802057e-08 -2.242322285579582080e-05 2.394583320886577599e-07 -1.868838179287568860e-06 -6.077006867513029596e-05 -2.012793746924019175e-05 1.310779452988981646e-04 -4.737243842081842184e-09 1.018832718401930459e-05 -2.593370036274763865e-09 5.813931951274738556e-08 -4.706397753900788707e-08 2.761483443393641434e-08 -3.139842210044652768e-09 2.824260610103123140e-06 -3.356388057301173516e-06 1.672003909143087723e-06
1.535228097652954520e-08 -1.418450151487833973e-08 4.032483001798192599e-06 -6.613737606142895947e-09 1.428115258409483847e-07 -6.937300486835885059e-05 -1.427421122578071875e-06 -5.302599548894664140e-05 1.701608264402936304e-08 -2.593370036274763865e-09 1.386881948145793813e-06 1.527690494041968883e-09 -6.649413201382134309e-09 -6.855114765252067935e-10 -2.502329543367616469e-09 1.025698010517573726e-06 -4.617616776223058242e-08 -4.616510662458020232e-08
5.575699316031825548e-09 -2.740052930338799496e-08 2.792683824598968488e-06 6.075434422454904154e-07 -1.607158676958269828e-06 -4.054743570085745188e-04 -2.451105815475258229e-05 -5.737235344851685220e-04 1.515948575403813572e-07 5.813931951274738556e-08 1.527690494041968883e-09 1.754084671438918251e-05 -1.039240093025038850e-07 2.657050027620728592e-08 -4.541457350382425588e-09 1.162079891119007054e-05 -3.493335841931969567e-06 1.998354617640232199e-06
-6.890082677430801542e-08 2.062155426469714195e-07 -2.805609477835589285e-05 3.829616770265396909e-07 2.660669395747643839e-07 1.701326231543217292e-03 8.443514961449431029e-05 1.284023730192172177e-05 -2.294317914341009135e-07 -4.706397753900788707e-08 -6.649413201382134309e-09 -1.039240093025038850e-07 2.998492504824356778e-05 -4.438127052135986875e-08 8.540771388866745950e-08 -2.232955723829912264e-05 9.056179185233827669e-06 -1.765830700679840583e-06
-5.020068558753228352e-08 -9.954875054876785091e-09 -9.232001915545635901e-06 -1.721362108634400493e-07 -7.018754040825945398e-07 -3.091680688680454540e-04 -2.520702780388375561e-05 3.103680240999423588e-04 -5.045694844524022646e-09 2.761483443393641434e-08 -6.855114765252067935e-10 2.657050027620728592e-08 -4.438127052135986875e-08 6.182595847062469794e-05 -2.177874536591408485e-08 2.960782624918889461e-06 -3.175438822322383413e-06 7.916852480582270940e-07
-4.858002001207950245e-10 1.193783704904146502e-07 -8.642737353843982502e-06 9.045003250930593746e-07 -6.386266191840993414e-07 1.012104309921021137e-03 5.431386607381998065e-05 -7.265323152801577778e-04 -1.685357463428187179e-08 -3.139842210044652768e-09 -2.502329543367616469e-09 -4.541457350382425588e-09 8.540771388866745950e-08 -2.177874536591408485e-08 2.194933003870280777e-05 -7.047209623744266589e-06 5.463278435001022027e-06 -7.989106211344902249e-08
1.823334832656344097e-05 -2.540615691521184934e-05 5.376406793554922535e-03 2.634924342789423656e-06 4.281818388318811791e-05 -1.736390567132619911e-01 -6.943693290528454506e-03 -7.756314645901786486e-02 3.519284991286346050e-05 2.824260610103123140e-06 1.025698010517573726e-06 1.162079891119007054e-05 -2.232955723829912264e-05 2.960782624918889461e-06 -7.047209623744266589e-06 3.399291851091164052e-01 -6.860610052008329993e-04 1.450174407375457678e-04
5.319642299165218100e-06 6.557603799855153055e-06 5.855811676686353264e-04 5.633685988717055938e-05 5.357983404551548267e-05 8.040851613782670770e-02 5.248580721795691878e-03 -6.326285660760110063e-02 -9.043744925379931686e-07 -3.356388057301173516e-06 -4.617616776223058242e-08 -3.493335841931969567e-06 9.056179185233827669e-06 -3.175438822322383413e-06 5.463278435001022027e-06 -6.860610052008329993e-04 8.041439809514373815e-02 -9.726821565719745378e-05
-2.065463331148032594e-06 8.379636923819891676e-07 -4.717444346349659997e-04 9.992488300338946963e-06 -5.284504952624570056e-05 -3.990537058597419182e-03 -6.026643070816860770e-04 -1.596739346752719217e-03 1.007949365930893175e-06 1.672003909143087723e-06 -4.616510662458020232e-08 1.998354617640232199e-06 -1.765830700679840583e-06 7.916852480582270940e-07 -7.989106211344902249e-08 1.450174407375457678e-04 -9.726821565719745378e-05 1.404253616384299429e-02
2.963308431008040389e-05 -9.112497291724288097e-08 3.369431142240720303e-05 1.257767205414725269e-07 1.264586147489118298e-06 -2.304859788582989683e-04 9.331826719959257401e-06 -6.335721914982548600e-04 1.995682573662774975e-08 -3.385210496898425549e-08 4.915890058398944287e-09 6.374021656593143561e-11 -1.706514171014940829e-08 -1.637475240358620502e-08 -4.446656212970059300e-09 5.587215333359969610e-06 1.884144622210661508e-06 -6.223345077289585451e-07
-9.112497291724288097e-08 8.904356528643564298e-05 -2.605736537521613743e-05 3.711254781642377527e-07 -1.062755228364611919e-06 7.310393089439465482e-04 2.589033761886898633e-05 3.785356961480464285e-05 -6.785267674408851491e-08 1.555168471946239809e-08 -4.539963373741423136e-09 -8.265719373795383985e-09 6.453370249665617216e-08 -3.094871958743288617e-09 3.945428060625854503e-08 -8.057703126761232387e-06 2.045323090125737210e-06 2.568716199857342150e-07
3.369431142240720303e-05 -2.605736537521613743e-05 2.078381941747056594e+00 5.671380621210390631e-06 3.272726456298307189e-04 -1.046345159475702141e-01 -4.959299980759251719e-04 -1.310460516976257039e-01 3.283820758670113777e-05 -7.187781702830511502e-06 1.290407662502618354e-06 8.865257195619645581e-07 -8.957290361223187953e-06 -2.955528079148260639e-06 -2.783467217794641093e-06 1.719424223773415158e-03 1.881399592544257926e-04 -1.507981269027246587e-04
1.257767205414725269e-07 3.711254781642377527e-07 5.671380621210390631e-06 2.424268386329947456e-03 -4.778481285072767595e-06 3.094665534162495402e-03 1.818273109303878202e-04 -5.160549838720329685e-03 8.023872458657675548e-07 8.724387705688364974e-08 -2.127659316689585906e-09 2.005459895184322736e-07 1.047870625528287954e-07 -5.397679644522222430e-08 3.047346511444965548e-07 1.725150371440804292e-06 1.737961929937176131e-05 3.059970434856390156e-06
1.264586147489118298e-06 -1.062755228364611919e-06 3.272726456298307189e-04 -4.778481285072767595e-06 2.498001231738227954e-02 -3.582011884977209099e-03 2.062480206342461237e-05 -5.589260032838254226e-04 5.125135251795879289e-07 -5.967750486062453666e-07 4.569835884328810039e-08 -5.135669950889611877e-07 8.304509588718528746e-08 -2.244694927411385900e-07 -2.025552748304150253e-07 1.380591991210744068e-05 1.706904151435445618e-05 -1.692666007524810885e-05
-2.304859788582989683e-04 7.310393089439465482e-04 -1.046345159475702141e-01 3.094665534162495402e-03 -3.582011884977209099e-03 1.114948377735837539e+03 2.706334962799764043e-01 -1.466571459941128364e+00 -8.465111511791784289e-04 -2.896802002800405359e-05 -2.218926055743522359e-05 -1.352510989393449132e-04 5.603523061640856926e-04 -9.992636093023177918e-05 3.101571091567386393e-04 -5.635545988261379813e-02 2.631201437196756948e-02 -1.153547940959957297e-03
9.331826719959257401e-06 2.589033761886898633e-05 -4.959299980759251719e-04 1.818273109303878202e-04 2.062480206342461237e-05 2.706334962799764043e-01 3.400310765653176048e+01 -1.706800193314720049e-01 -3.221279784913691214e-05 -7.093906976156388396e-06 -4.560820582963535275e-07 -8.220666943781124427e-06 2.811154359013314432e-05 -8.134317434082685363e-06 1.643981021903220889e-05 -2.276223997713503790e-03 1.719409166937867477e-03 -1.843884797859717049e-04
-6.335721914982548600e-04 3.785356961480464285e-05 -1.310460516976257039e-01 -5.160549838720329685e-03 -5.589260032838254226e-04 -1.466571459941128364e+00 -1.706800193314720049e-01 2.424405367412169653e+03 -1.061604467955367878e-03 3.640011062114266845e-05 -1.696243631391326702e-05 -1.867940102622617443e-04 1.338437717700422651e-05 9.873974676940216598e-05 -2.404779088146983916e-04 -2.528081755558668139e-02 -1.990560466355291783e-02 -4.390815895472212284e-04
1.995682573662774975e-08 -6.785267674408851491e-08 3.283820758670113777e-05 8.023872458657675548e-07 5.125135251795879289e-07 -8.465111511791784289e-04 -3.221279784913691214e-05 -1.061604467955367878e-03 6.348489593891654733e-04 3.029793181422089487e-08 5.411396679558292009e-09 6.688479669745985349e-08 -1.266369922177891595e-07 1.701812104380441213e-09 4.043607011937923678e-08 1.390449711301629991e-05 -2.231620825495450319e-06 -8.984390991313287834e-08
-3.385210496898425549e-08 1.555168471946239809e-08 -7.187781702830511502e-06 8.724387705688364974e-08 -5.967750486062453666e-07 -2.896802002800405359e-05 -7.093906976156388396e-06 3.640011062114266845e-05 3.029793181422089487e-08 3.261101422122892485e-06 -8.307660506088330536e-10 1.908784104163768547e-08 -1.646015951095683377e-08 8.923971224193706240e-09 2.005861709447543084e-10 9.732702215964631714e-07 -1.125125749393758461e-06 5.241952081272123611e-07
4.915890058398944287e-09 -4.539963373741423136e-09 1.290407662502618354e-06 -2.127659316689585906e-09 4.569835884328810039e-08 -2.218926055743522359e-05 -4.560820582963535275e-07 -1.696243631391326702e-05 5.411396679558292009e-09 -8.307660506088330536e-10 4.438022243483071587e-07 4.883482923308191974e-10 -2.126327364875701415e-09 -2.194562044067226297e-10 -8.020241358959831201e-10 3.281496269529099515e-07 -1.472218372873076869e-08 -1.476132808038799203e-08
6.374021656593143561e-11 -8.265719373795383985e-09 8.865257195619645581e-07 2.005459895184322736e-07 -5.135669950889611877e-07 -1.352510989393449132e-04 -8.220666943781124427e-06 -1.867940102622617443e-04 6.688479669745985349e-08 1.908784104163768547e-08 4.883482923308191974e-10 5.613350060089878680e-06 -3.406408757366443670e-08 8.552937396841606496e-09 -7.571113453990280802e-10 3.758800091052058567e-06 -1.147370198066572885e-06 6.332092251763034871e-07
-1.706514171014940829e-08 6.453370249665617216e-08 -8.957290361223187953e-06 1.047870625528287954e-07 8.304509588718528746e-08 5.603523061640856926e-04 2.811154359013314432e-05 1.338437717700422651e-05 -1.266369922177891595e-07 -1.646015951095683377e-08 -2.126327364875701415e-09 -3.406408757366443670e-08 9.597517438226170456e-06 -1.434791689253646727e-08 2.531415977516831152e-08 -7.261730670177615131e-06 2.983427572289529157e-06 -5.469223555410542555e-07
-1.637475240358620502e-08 -3.094871958743288617e-09 -2.955528079148260639e-06 -5.397679644522222430e-08 -2.244694927411385900e-07 -9.992636093023177918e-05 -8.134317434082685363e-06 9.873974676940216598e-05 1.701812104380441213e-09 8.923971224193706240e-09 -2.194562044067226297e-10 8.552937396841606496e-09 -1.434791689253646727e-08 1.978431580328629489e-05 -6.843548311534864778e-09 9.546961783840843884e-07 -1.021465421000498598e-06 2.522086337569834163e-07
-4.446656212970059300e-09 3.945428060625854503e-08 -2.783467217794641093e-06 3.047346511444965548e-07 -2.025552748304150253e-07 3.101571091567386393e-04 1.643981021903220889e-05 -2.404779088146983916e-04 4.043607011937923678e-08 2.005861709447543084e-10 -8.020241358959831201e-10 -7.571113453990280802e-10 2.531415977516831152e-08 -6.843548311534864778e-09 7.025521950080913788e-06 -2.154979517681372188e-06 1.674663907119917287e-06 -4.118932930753697181e-08
5.587215333359969610e-06 -8.057703126761232387e-06 1.719424223773415158e-03 1.725150371440804292e-06 1.380591991210744068e-05 -5.635545988261379813e-02 -2.276223997713503790e-03 -2.528081755558668139e-02 1.390449711301629991e-05 9.732702215964631714e-07 3.281496269529099515e-07 3.758800091052058567e-06 -7.261730670177615131e-06 9.546961783840843884e-07 -2.154979517681372188e-06 1.087831131858476713e-01 -2.237828816357120333e-04 4.550459731708477443e-05
1.884144622210661508e-06 2.045323090125737210e-06 1.881399592544257926e-04 1.737961929937176131e-05 1.706904151435445618e-05 2.631201437196756948e-02 1.719409166937867477e-03 -1.990560466355291783e-02 -2.231620825495450319e-06 -1.125125749393758461e-06 -1.472218372873076869e-08 -1.147370198066572885e-06 2.983427572289529157e-06 -1.021465421000498598e-06 1.674663907119917287e-06 -2.237828816357120333e-04 2.573572589700490881e-02 -3.046368305618644780e-05
-6.223345077289585451e-07 2.568716199857342150e-07 -1.507981269027246587e-04 3.059970434856390156e-06 -1.692666007524810885e-05 -1.153547940959957297e-03 -1.843884797859717049e-04 -4.390815895472212284e-04 -8.984390991313287834e-08 5.241952081272123611e-07 -1.476132808038799203e-08 6.332092251763034871e-07 -5.469223555410542555e-07 2.522086337569834163e-07 -4.118932930753697181e-08 4.550459731708477443e-05 -3.046368305618644780e-05 4.493752164490820433e-03
2.963308431008040389e-05 -9.112497291724288097e-08 3.369431142240720303e-05 1.257767205414725269e-07 1.264586147489118298e-06 -2.304859788582989683e-04 9.331826719959257401e-06 -6.335721914982548600e-04 1.995682573662774975e-08 -3.385210496898425549e-08 4.915890058398944287e-09 6.374021656593143561e-11 -1.706514171014940829e-08 -1.637475240358620502e-08 -4.446656212970059300e-09 5.587215333359969610e-06 1.884144622210661508e-06 -6.223345077289585451e-07
-9.112497291724288097e-08 8.904356528643564298e-05 -2.605736537521613743e-05 3.711254781642377527e-07 -1.062755228364611919e-06 7.310393089439465482e-04 2.589033761886898633e-05 3.785356961480464285e-05 -6.785267674408851491e-08 1.555168471946239809e-08 -4.539963373741423136e-09 -8.265719373795383985e-09 6.453370249665617216e-08 -3.094871958743288617e-09 3.945428060625854503e-08 -8.057703126761232387e-06 2.045323090125737210e-06 2.568716199857342150e-07
3.369431142240720303e-05 -2.605736537521613743e-05 2.078381941747056594e+00 5.671380621210390631e-06 3.272726456298307189e-04 -1.046345159475702141e-01 -4.959299980759251719e-04 -1.310460516976257039e-01 3.283820758670113777e-05 -7.187781702830511502e-06 1.290407662502618354e-06 8.865257195619645581e-07 -8.957290361223187953e-06 -2.955528079148260639e-06 -2.783467217794641093e-06 1.719424223773415158e-03 1.881399592544257926e-04 -1.507981269027246587e-04
1.257767205414725269e-07 3.711254781642377527e-07 5.671380621210390631e-06 2.424268386329947456e-03 -4.778481285072767595e-06 3.094665534162495402e-03 1.818273109303878202e-04 -5.160549838720329685e-03 8.023872458657675548e-07 8.724387705688364974e-08 -2.127659316689585906e-09 2.005459895184322736e-07 1.047870625528287954e-07 -5.397679644522222430e-08 3.047346511444965548e-07 1.725150371440804292e-06 1.737961929937176131e-05 3.059970434856390156e-06
1.264586147489118298e-06 -1.062755228364611919e-06 3.272726456298307189e-04 -4.778481285072767595e-06 2.498001231738227954e-02 -3.582011884977209099e-03 2.062480206342461237e-05 -5.589260032838254226e-04 5.125135251795879289e-07 -5.967750486062453666e-07 4.569835884328810039e-08 -5.135669950889611877e-07 8.304509588718528746e-08 -2.244694927411385900e-07 -2.025552748304150253e-07 1.380591991210744068e-05 1.706904151435445618e-05 -1.692666007524810885e-05
-2.304859788582989683e-04 7.310393089439465482e-04 -1.046345159475702141e-01 3.094665534162495402e-03 -3.582011884977209099e-03 1.114948377735837539e+03 2.706334962799764043e-01 -1.466571459941128364e+00 -8.465111511791784289e-04 -2.896802002800405359e-05 -2.218926055743522359e-05 -1.352510989393449132e-04 5.603523061640856926e-04 -9.992636093023177918e-05 3.101571091567386393e-04 -5.635545988261379813e-02 2.631201437196756948e-02 -1.153547940959957297e-03
9.331826719959257401e-06 2.589033761886898633e-05 -4.959299980759251719e-04 1.818273109303878202e-04 2.062480206342461237e-05 2.706334962799764043e-01 3.400310765653176048e+01 -1.706800193314720049e-01 -3.221279784913691214e-05 -7.093906976156388396e-06 -4.560820582963535275e-07 -8.220666943781124427e-06 2.811154359013314432e-05 -8.134317434082685363e-06 1.643981021903220889e-05 -2.276223997713503790e-03 1.719409166937867477e-03 -1.843884797859717049e-04
-6.335721914982548600e-04 3.785356961480464285e-05 -1.310460516976257039e-01 -5.160549838720329685e-03 -5.589260032838254226e-04 -1.466571459941128364e+00 -1.706800193314720049e-01 2.424405367412169653e+03 -1.061604467955367878e-03 3.640011062114266845e-05 -1.696243631391326702e-05 -1.867940102622617443e-04 1.338437717700422651e-05 9.873974676940216598e-05 -2.404779088146983916e-04 -2.528081755558668139e-02 -1.990560466355291783e-02 -4.390815895472212284e-04
1.995682573662774975e-08 -6.785267674408851491e-08 3.283820758670113777e-05 8.023872458657675548e-07 5.125135251795879289e-07 -8.465111511791784289e-04 -3.221279784913691214e-05 -1.061604467955367878e-03 6.348489593891654733e-04 3.029793181422089487e-08 5.411396679558292009e-09 6.688479669745985349e-08 -1.266369922177891595e-07 1.701812104380441213e-09 4.043607011937923678e-08 1.390449711301629991e-05 -2.231620825495450319e-06 -8.984390991313287834e-08
-3.385210496898425549e-08 1.555168471946239809e-08 -7.187781702830511502e-06 8.724387705688364974e-08 -5.967750486062453666e-07 -2.896802002800405359e-05 -7.093906976156388396e-06 3.640011062114266845e-05 3.029793181422089487e-08 3.261101422122892485e-06 -8.307660506088330536e-10 1.908784104163768547e-08 -1.646015951095683377e-08 8.923971224193706240e-09 2.005861709447543084e-10 9.732702215964631714e-07 -1.125125749393758461e-06 5.241952081272123611e-07
4.915890058398944287e-09 -4.539963373741423136e-09 1.290407662502618354e-06 -2.127659316689585906e-09 4.569835884328810039e-08 -2.218926055743522359e-05 -4.560820582963535275e-07 -1.696243631391326702e-05 5.411396679558292009e-09 -8.307660506088330536e-10 4.438022243483071587e-07 4.883482923308191974e-10 -2.126327364875701415e-09 -2.194562044067226297e-10 -8.020241358959831201e-10 3.281496269529099515e-07 -1.472218372873076869e-08 -1.476132808038799203e-08
6.374021656593143561e-11 -8.265719373795383985e-09 8.865257195619645581e-07 2.005459895184322736e-07 -5.135669950889611877e-07 -1.352510989393449132e-04 -8.220666943781124427e-06 -1.867940102622617443e-04 6.688479669745985349e-08 1.908784104163768547e-08 4.883482923308191974e-10 5.613350060089878680e-06 -3.406408757366443670e-08 8.552937396841606496e-09 -7.571113453990280802e-10 3.758800091052058567e-06 -1.147370198066572885e-06 6.332092251763034871e-07
-1.706514171014940829e-08 6.453370249665617216e-08 -8.957290361223187953e-06 1.047870625528287954e-07 8.304509588718528746e-08 5.603523061640856926e-04 2.811154359013314432e-05 1.338437717700422651e-05 -1.266369922177891595e-07 -1.646015951095683377e-08 -2.126327364875701415e-09 -3.406408757366443670e-08 9.597517438226170456e-06 -1.434791689253646727e-08 2.531415977516831152e-08 -7.261730670177615131e-06 2.983427572289529157e-06 -5.469223555410542555e-07
-1.637475240358620502e-08 -3.094871958743288617e-09 -2.955528079148260639e-06 -5.397679644522222430e-08 -2.244694927411385900e-07 -9.992636093023177918e-05 -8.134317434082685363e-06 9.873974676940216598e-05 1.701812104380441213e-09 8.923971224193706240e-09 -2.194562044067226297e-10 8.552937396841606496e-09 -1.434791689253646727e-08 1.978431580328629489e-05 -6.843548311534864778e-09 9.546961783840843884e-07 -1.021465421000498598e-06 2.522086337569834163e-07
-4.446656212970059300e-09 3.945428060625854503e-08 -2.783467217794641093e-06 3.047346511444965548e-07 -2.025552748304150253e-07 3.101571091567386393e-04 1.643981021903220889e-05 -2.404779088146983916e-04 4.043607011937923678e-08 2.005861709447543084e-10 -8.020241358959831201e-10 -7.571113453990280802e-10 2.531415977516831152e-08 -6.843548311534864778e-09 7.025521950080913788e-06 -2.154979517681372188e-06 1.674663907119917287e-06 -4.118932930753697181e-08
