{
    "R": [
        [
            0.012535605745886394,
            0.0001827729069608846,
            0.00010629486868064732,
            -0.000389343716065098,
            -0.0010399545302597808,
            -0.5397648719746014,
            0.025838517486704654,
            -0.00886471522096391,
            -4.157055322608391e-05,
            -1.8678778100351728e-05,
            1.7629563529541045e-05,
            -2.1422363662857817e-06,
            -2.9141574607649705e-07,
            -1.2361077661017493e-05,
            9.419431353676013e-06,
            -0.00010063989264921808,
            -0.00024695323324690476,
            -0.0004947214336856327
        ],
        [
            0.0,
            0.07229149970062707,
            -0.00011625781258351765,
            -0.00013856157621081278,
            -0.00011403210526325511,
            -0.4082437254381332,
            0.0016541736639080916,
            -0.024175279053807112,
            -2.0999823123008074e-05,
            1.8645049935267952e-05,
            1.616528277158397e-05,
            -1.2081669810961104e-06,
            2.646049592983716e-06,
            -9.150835640603879e-06,
            2.8183888673430623e-06,
            -4.019986819194672e-05,
            0.0006316965839792942,
            0.00036580309206207475
        ],
        [
            0.0,
            0.0,
            0.1387220700860665,
            0.0003598849646008425,
            -0.00030310642876562954,
            -0.021355758759552375,
            0.026841488585089668,
            -0.0009734430121639206,
            -1.8932005642234067e-06,
            -6.069842448405684e-05,
            7.169415827656768e-06,
            -1.2864178716920664e-06,
            2.8592719798152052e-06,
            -1.5105087267744734e-05,
            3.828240642051961e-06,
            0.00012408664498733115,
            0.000943921344441609,
            -0.0008707981350610972
        ],
        [
            0.0,
            0.0,
            0.0,
            0.26133632115794636,
            0.000765185814166202,
            0.541266937275839,
            0.021642314176417102,
            -0.025244168466512052,
            -1.0181869456300193e-05,
            -1.9789071983594676e-05,
            -2.368581035551011e-06,
            2.860126250559918e-06,
            -2.722803096302663e-06,
            6.328618579090413e-06,
            -4.2728875461396034e-06,
            0.0003756090175084827,
            0.0007161926379029405,
            0.0006623162909310022
        ],
        [
            0.0,
            0.0,
            0.0,
            0.0,
            0.40911951634477695,
            0.2174986264468042,
            -0.010541590194897114,
            -0.013979325504417318,
            1.1335236388626492e-05,
            1.8621569607708162e-05,
            -2.1846144081013987e-06,
            1.2716439093493892e-06,
            1.0660252212762013e-06,
            3.938757624483716e-06,
            -5.17429930177597e-06,
            0.00012011022122815461,
            0.0006614582090282271,
            0.0006717966429074251
        ],
        [
            0.0,
            0.0,
            0.0,
            0.0,
            0.0,
            167.93336138363316,
            0.005193095264465233,
            0.011535821642008512,
            1.3746089009574776e-05,
            -1.6272014786077825e-05,
            -1.8925294375125163e-05,
            3.0059594960731435e-06,
            -5.0975366166054335e-06,
            1.6156029363653167e-05,
            -5.534784294921355e-06,
            0.00020630250077513973,
            -0.000555923348219411,
            0.000158189835838704
        ],
        [
            0.0,
            0.0,
            0.0,
            0.0,
            0.0,
            0.0,
            32.929666199139334,
            -0.0013993203167388898,
            -7.881369920649557e-06,
            -1.3424361180024522e-05,
            1.14974551028584e-06,
            9.024041553400733e-08,
            -8.957487875964668e-07,
            -8.792096728425971e-07,
            1.2822942449380965e-06,
            4.430715351241301e-05,
            -4.088436234037459e-05,
            -0.00012409521419037595
        ],
        [
            0.0,
            0.0,
            0.0,
            0.0,
            0.0,
            0.0,
            0.0,
            43.63907026724716,
            4.51593413631937e-06,
            -4.6149819681663154e-06,
            -4.270835988719537e-06,
            4.2589235569148087e-10,
            -8.846395618117742e-07,
            2.1338468648302998e-06,
            2.083945351888763e-07,
            -3.7349775483175977e-05,
            -0.00037403691110816543,
            -0.0002198265743693532
        ],
        [
            0.0,
            0.0,
            0.0,
            0.0,
            0.0,
            0.0,
            0.0,
            0.0,
            0.019604209230877342,
            6.7384955711442515e-06,
            -6.819154708102429e-06,
            2.1232142485679147e-07,
            7.653176735594132e-07,
            2.9993798346495992e-06,
            -2.718826541622998e-06,
            -3.0248418363253606e-05,
            -2.2322939856917753e-05,
            -2.072405795734847e-05
        ],
        [
            0.0,
            0.0,
            0.0,
            0.0,
            0.0,
            0.0,
            0.0,
            0.0,
            0.0,
            0.009725755376268474,
            5.0729377552159375e-06,
            -7.329776018086385e-08,
            4.0713947727566035e-06,
            3.5338709737289517e-06,
            -5.673740869846394e-06,
            -0.00015540964216224462,
            0.0005457559663484437,
            0.001322475502097553
        ],
        [
            0.0,
            0.0,
            0.0,
            0.0,
            0.0,
            0.0,
            0.0,
            0.0,
            0.0,
            0.0,
            0.004276701887453628,
            -2.8257770179996616e-06,
            7.075478741870132e-06,
            -2.362731615784442e-05,
            5.701727545290882e-06,
            -2.7231576591429e-05,
            0.0017325116514680524,
            0.00031835787987544905
        ],
        [
            0.0,
            0.0,
            0.0,
            0.0,
            0.0,
            0.0,
            0.0,
            0.0,
            0.0,
            0.0,
            0.0,
            0.0005102105240057888,
            -8.080982265171755e-06,
            2.6349964960641375e-05,
            -9.148261788275061e-06,
            0.00034436521711172916,
            -0.0006761928788713887,
            0.0008521433298663526
        ],
        [
            0.0,
            0.0,
            0.0,
            0.0,
            0.0,
            0.0,
            0.0,
            0.0,
            0.0,
            0.0,
            0.0,
            0.0,
            0.0028374635447503257,
            -1.0596460648450745e-05,
            1.4823315703183575e-07,
            -5.103944316174527e-05,
            0.0010112430314891056,
            0.00014503174064058792
        ],
        [
            0.0,
            0.0,
            0.0,
            0.0,
            0.0,
            0.0,
            0.0,
            0.0,
            0.0,
            0.0,
            0.0,
            0.0,
            0.0,
            0.00469993560247952,
            -5.085862267663028e-06,
            6.663260130144997e-05,
            -0.0012773862453963644,
            0.0002520021885325987
        ],
        [
            0.0,
            0.0,
            0.0,
            0.0,
            0.0,
            0.0,
            0.0,
            0.0,
            0.0,
            0.0,
            0.0,
            0.0,
            0.0,
            0.0,
            0.0017428104589681435,
            -0.00015068968347093221,
            -0.00040440720273113924,
            -0.0009343811533701653
        ],
        [
            0.0,
            0.0,
            0.0,
            0.0,
            0.0,
            0.0,
            0.0,
            0.0,
            0.0,
            0.0,
            0.0,
            0.0,
            0.0,
            0.0,
            0.0,
            0.13928741918125895,
            0.00038172640304920456,
            0.0002770073071972811
        ],
        [
            0.0,
            0.0,
            0.0,
            0.0,
            0.0,
            0.0,
            0.0,
            0.0,
            0.0,
            0.0,
            0.0,
            0.0,
            0.0,
            0.0,
            0.0,
            0.0,
            0.47117905897806867,
            0.0005720550556698353
        ],
        [
            0.0,
            0.0,
            0.0,
            0.0,
            0.0,
            0.0,
            0.0,
            0.0,
            0.0,
            0.0,
            0.0,
            0.0,
            0.0,
            0.0,
            0.0,
            0.0,
            0.0,
            0.4243415284557123
        ]
    ],
    "RDR": [
        [
            [
                0.012535605745886394,
                0.0001827729069608846,
                0.00010629486868064732,
                -0.000389343716065098,
                -0.0010399545302597808,
                -0.5397648719746014,
                0.025838517486704654,
                -0.00886471522096391,
                -4.157055322608391e-05,
                -1.8678778100351728e-05,
                1.7629563529541045e-05,
                -2.1422363662857817e-06,
                -2.9141574607649705e-07,
                -1.2361077661017493e-05,
                9.419431353676013e-06,
                -0.00010063989264921808,
                -0.00024695323324690476,
                -0.0004947214336856327
            ],
            [
                0.0,
                0.07229149970062707,
                -0.00011625781258351765,
                -0.00013856157621081278,
                -0.00011403210526325511,
                -0.4082437254381332,
                0.0016541736639080916,
                -0.024175279053807112,
                -2.0999823123008074e-05,
                1.8645049935267952e-05,
                1.616528277158397e-05,
                -1.2081669810961104e-06,
                2.646049592983716e-06,
                -9.150835640603879e-06,
                2.8183888673430623e-06,
                -4.019986819194672e-05,
                0.0006316965839792942,
                0.00036580309206207475
            ],
            [
                0.0,
                0.0,
                0.1387220700860665,
                0.0003598849646008425,
                -0.00030310642876562954,
                -0.021355758759552375,
                0.026841488585089668,
                -0.0009734430121639206,
                -1.8932005642234067e-06,
                -6.069842448405684e-05,
                7.169415827656768e-06,
                -1.2864178716920664e-06,
                2.8592719798152052e-06,
                -1.5105087267744734e-05,
                3.828240642051961e-06,
                0.00012408664498733115,
                0.000943921344441609,
                -0.0008707981350610972
            ],
            [
                0.0,
                0.0,
                0.0,
                0.26133632115794636,
                0.000765185814166202,
                0.541266937275839,
                0.021642314176417102,
                -0.025244168466512052,
                -1.0181869456300193e-05,
                -1.9789071983594676e-05,
                -2.368581035551011e-06,
                2.860126250559918e-06,
                -2.722803096302663e-06,
                6.328618579090413e-06,
                -4.2728875461396034e-06,
                0.0003756090175084827,
                0.0007161926379029405,
                0.0006623162909310022
            ],
            [
                0.0,
                0.0,
                0.0,
                0.0,
                0.40911951634477695,
                0.2174986264468042,
                -0.010541590194897114,
                -0.013979325504417318,
                1.1335236388626492e-05,
                1.8621569607708162e-05,
                -2.1846144081013987e-06,
                1.2716439093493892e-06,
                1.0660252212762013e-06,
                3.938757624483716e-06,
                -5.17429930177597e-06,
                0.00012011022122815461,
                0.0006614582090282271,
                0.0006717966429074251
            ],
            [
                0.0,
                0.0,
                0.0,
                0.0,
                0.0,
                167.93336138363316,
                0.005193095264465233,
                0.011535821642008512,
                1.3746089009574776e-05,
                -1.6272014786077825e-05,
                -1.8925294375125163e-05,
                3.0059594960731435e-06,
                -5.0975366166054335e-06,
                1.6156029363653167e-05,
                -5.534784294921355e-06,
                0.00020630250077513973,
                -0.000555923348219411,
                0.000158189835838704
            ],
            [
                0.0,
                0.0,
                0.0,
                0.0,
                0.0,
                0.0,
                32.929666199139334,
                -0.0013993203167388898,
                -7.881369920649557e-06,
                -1.3424361180024522e-05,
                1.14974551028584e-06,
                9.024041553400733e-08,
                -8.957487875964668e-07,
                -8.792096728425971e-07,
                1.2822942449380965e-06,
                4.430715351241301e-05,
                -4.088436234037459e-05,
                -0.00012409521419037595
            ],
            [
                0.0,
                0.0,
                0.0,
                0.0,
                0.0,
                0.0,
                0.0,
                43.63907026724716,
                4.51593413631937e-06,
                -4.6149819681663154e-06,
                -4.270835988719537e-06,
                4.2589235569148087e-10,
                -8.846395618117742e-07,
                2.1338468648302998e-06,
                2.083945351888763e-07,
                -3.7349775483175977e-05,
                -0.00037403691110816543,
                -0.0002198265743693532
            ],
            [
                0.0,
                0.0,
                0.0,
                0.0,
                0.0,
                0.0,
                0.0,
                0.0,
                0.019604209230877342,
                6.7384955711442515e-06,
                -6.819154708102429e-06,
                2.1232142485679147e-07,
                7.653176735594132e-07,
                2.9993798346495992e-06,
                -2.718826541622998e-06,
                -3.0248418363253606e-05,
                -2.2322939856917753e-05,
                -2.072405795734847e-05
            ],
            [
                0.0,
                0.0,
                0.0,
                0.0,
                0.0,
                0.0,
                0.0,
                0.0,
                0.0,
                0.009725755376268474,
                5.0729377552159375e-06,
                -7.329776018086385e-08,
                4.0713947727566035e-06,
                3.5338709737289517e-06,
                -5.673740869846394e-06,
                -0.00015540964216224462,
                0.0005457559663484437,
                0.001322475502097553
            ],
            [
                0.0,
                0.0,
                0.0,
                0.0,
                0.0,
                0.0,
                0.0,
                0.0,
                0.0,
                0.0,
                0.004276701887453628,
                -2.8257770179996616e-06,
                7.075478741870132e-06,
                -2.362731615784442e-05,
                5.701727545290882e-06,
                -2.7231576591429e-05,
                0.0017325116514680524,
                0.00031835787987544905
            ],
            [
                0.0,
                0.0,
                0.0,
                0.0,
                0.0,
                0.0,
                0.0,
                0.0,
                0.0,
                0.0,
                0.0,
                0.0005102105240057888,
                -8.080982265171755e-06,
                2.6349964960641375e-05,
                -9.148261788275061e-06,
                0.00034436521711172916,
                -0.0006761928788713887,
                0.0008521433298663526
            ],
            [
                0.0,
                0.0,
                0.0,
                0.0,
                0.0,
                0.0,
                0.0,
                0.0,
                0.0,
                0.0,
                0.0,
                0.0,
                0.0028374635447503257,
                -1.0596460648450745e-05,
                1.4823315703183575e-07,
                -5.103944316174527e-05,
                0.0010112430314891056,
                0.00014503174064058792
            ],
            [
                0.0,
                0.0,
                0.0,
                0.0,
                0.0,
                0.0,
                0.0,
                0.0,
                0.0,
                0.0,
                0.0,
                0.0,
                0.0,
                0.00469993560247952,
                -5.085862267663028e-06,
                6.663260130144997e-05,
                -0.0012773862453963644,
                0.0002520021885325987
            ],
            [
                0.0,
                0.0,
                0.0,
                0.0,
                0.0,
                0.0,
                0.0,
                0.0,
                0.0,
                0.0,
                0.0,
                0.0,
                0.0,
                0.0,
                0.0017428104589681435,
                -0.00015068968347093221,
                -0.00040440720273113924,
                -0.0009343811533701653
            ],
            [
                0.0,
                0.0,
                0.0,
                0.0,
                0.0,
                0.0,
                0.0,
                0.0,
                0.0,
                0.0,
                0.0,
                0.0,
                0.0,
                0.0,
                0.0,
                0.13928741918125895,
                0.00038172640304920456,
                0.0002770073071972811
            ],
            [
                0.0,
                0.0,
                0.0,
                0.0,
                0.0,
                0.0,
                0.0,
                0.0,
                0.0,
                0.0,
                0.0,
                0.0,
                0.0,
                0.0,
                0.0,
                0.0,
                0.47117905897806867,
                0.0005720550556698353
            ],
            [
                0.0,
                0.0,
                0.0,
                0.0,
                0.0,
                0.0,
                0.0,
                0.0,
                0.0,
                0.0,
                0.0,
                0.0,
                0.0,
                0.0,
                0.0,
                0.0,
                0.0,
                0.4243415284557123
            ]
        ],
        [
            [
                0.002507121149177279,
                3.655458139217692e-05,
                2.1258973736129467e-05,
                -7.78687432130196e-05,
                -0.00020799090605195616,
                -0.1079529743949203,
                0.0051677034973409315,
                -0.0017729430441927822,
                -8.314110645216783e-06,
                -3.735755620070346e-06,
                3.5259127059082093e-06,
                -4.2844727325715635e-07,
                -5.8283149215299415e-08,
                -2.4722155322034986e-06,
                1.8838862707352028e-06,
                -2.0127978529843616e-05,
                -4.9390646649380953e-05,
                -9.894428673712655e-05
            ],
            [
                0.0,
                0.014458299940125414,
                -2.325156251670353e-05,
                -2.7712315242162556e-05,
                -2.2806421052651022e-05,
                -0.08164874508762665,
                0.00033083473278161833,
                -0.004835055810761423,
                -4.199964624601615e-06,
                3.7290099870535906e-06,
                3.233056554316794e-06,
                -2.416333962192221e-07,
                5.292099185967432e-07,
                -1.830167128120776e-06,
                5.636777734686125e-07,
                -8.039973638389344e-06,
                0.00012633931679585886,
                7.316061841241496e-05
            ],
            [
                0.0,
                0.0,
                0.0277444140172133,
                7.19769929201685e-05,
                -6.062128575312591e-05,
                -0.004271151751910475,
                0.005368297717017934,
                -0.00019468860243278415,
                -3.7864011284468136e-07,
                -1.2139684896811369e-05,
                1.4338831655313537e-06,
                -2.572835743384133e-07,
                5.71854395963041e-07,
                -3.021017453548947e-06,
                7.656481284103922e-07,
                2.4817328997466233e-05,
                0.00018878426888832182,
                -0.00017415962701221945
            ],
            [
                0.0,
                0.0,
                0.0,
                0.052267264231589276,
                0.00015303716283324043,
                0.1082533874551678,
                0.0043284628352834205,
                -0.005048833693302411,
                -2.0363738912600386e-06,
                -3.957814396718935e-06,
                -4.737162071102022e-07,
                5.720252501119837e-07,
                -5.445606192605326e-07,
                1.2657237158180826e-06,
                -8.545775092279208e-07,
                7.512180350169654e-05,
                0.0001432385275805881,
                0.00013246325818620046
            ],
            [
                0.0,
                0.0,
                0.0,
                0.0,
                0.08182390326895539,
                0.043499725289360844,
                -0.002108318038979423,
                -0.0027958651008834637,
                2.2670472777252986e-06,
                3.7243139215416327e-06,
                -4.369228816202798e-07,
                2.5432878186987785e-07,
                2.1320504425524026e-07,
                7.877515248967432e-07,
                -1.034859860355194e-06,
                2.4022044245630924e-05,
                0.00013229164180564542,
                0.00013435932858148504
            ],
            [
                0.0,
                0.0,
                0.0,
                0.0,
                0.0,
                33.58667227672663,
                0.0010386190528930467,
                0.0023071643284017025,
                2.749217801914955e-06,
                -3.254402957215565e-06,
                -3.7850588750250328e-06,
                6.011918992146287e-07,
                -1.0195073233210868e-06,
                3.2312058727306335e-06,
                -1.106956858984271e-06,
                4.126050015502795e-05,
                -0.00011118466964388221,
                3.16379671677408e-05
            ],
            [
                0.0,
                0.0,
                0.0,
                0.0,
                0.0,
                0.0,
                6.585933239827867,
                -0.000279864063347778,
                -1.5762739841299115e-06,
                -2.6848722360049043e-06,
                2.2994910205716802e-07,
                1.8048083106801468e-08,
                -1.7914975751929338e-07,
                -1.7584193456851943e-07,
                2.564588489876193e-07,
                8.861430702482602e-06,
                -8.17687246807492e-06,
                -2.481904283807519e-05
            ],
            [
                0.0,
                0.0,
                0.0,
                0.0,
                0.0,
                0.0,
                0.0,
                8.727814053449434,
                9.03186827263874e-07,
                -9.229963936332632e-07,
                -8.541671977439075e-07,
                8.517847113829618e-11,
                -1.7692791236235485e-07,
                4.2676937296606e-07,
                4.167890703777526e-08,
                -7.469955096635195e-06,
                -7.480738222163309e-05,
                -4.396531487387064e-05
            ],
            [
                0.0,
                0.0,
                0.0,
                0.0,
                0.0,
                0.0,
                0.0,
                0.0,
                0.003920841846175469,
                1.3476991142288503e-06,
                -1.3638309416204858e-06,
                4.24642849713583e-08,
                1.5306353471188265e-07,
                5.998759669299199e-07,
                -5.437653083245996e-07,
                -6.049683672650721e-06,
                -4.464587971383551e-06,
                -4.144811591469694e-06
            ],
            [
                0.0,
                0.0,
                0.0,
                0.0,
                0.0,
                0.0,
                0.0,
                0.0,
                0.0,
                0.0019451510752536948,
                1.0145875510431875e-06,
                -1.465955203617277e-08,
                8.142789545513207e-07,
                7.067741947457904e-07,
                -1.1347481739692787e-06,
                -3.1081928432448925e-05,
                0.00010915119326968876,
                0.0002644951004195106
            ],
            [
                0.0,
                0.0,
                0.0,
                0.0,
                0.0,
                0.0,
                0.0,
                0.0,
                0.0,
                0.0,
                0.0008553403774907256,
                -5.651554035999324e-07,
                1.4150957483740265e-06,
                -4.725463231568884e-06,
                1.1403455090581765e-06,
                -5.4463153182858005e-06,
                0.0003465023302936105,
                6.367157597508981e-05
            ],
            [
                0.0,
                0.0,
                0.0,
                0.0,
                0.0,
                0.0,
                0.0,
                0.0,
                0.0,
                0.0,
                0.0,
                0.00010204210480115777,
                -1.616196453034351e-06,
                5.269992992128275e-06,
                -1.8296523576550124e-06,
                6.887304342234584e-05,
                -0.00013523857577427774,
                0.00017042866597327054
            ],
            [
                0.0,
                0.0,
                0.0,
                0.0,
                0.0,
                0.0,
                0.0,
                0.0,
                0.0,
                0.0,
                0.0,
                0.0,
                0.0005674927089500652,
                -2.1192921296901492e-06,
                2.9646631406367152e-08,
                -1.0207888632349053e-05,
                0.00020224860629782112,
                2.9006348128117587e-05
            ],
            [
                0.0,
                0.0,
                0.0,
                0.0,
                0.0,
                0.0,
                0.0,
                0.0,
                0.0,
                0.0,
                0.0,
                0.0,
                0.0,
                0.000939987120495904,
                -1.0171724535326057e-06,
                1.3326520260289994e-05,
                -0.0002554772490792729,
                5.040043770651974e-05
            ],
            [
                0.0,
                0.0,
                0.0,
                0.0,
                0.0,
                0.0,
                0.0,
                0.0,
                0.0,
                0.0,
                0.0,
                0.0,
                0.0,
                0.0,
                0.0003485620917936287,
                -3.0137936694186445e-05,
                -8.088144054622785e-05,
                -0.00018687623067403306
            ],
            [
                0.0,
                0.0,
                0.0,
                0.0,
                0.0,
                0.0,
                0.0,
                0.0,
                0.0,
                0.0,
                0.0,
                0.0,
                0.0,
                0.0,
                0.0,
                0.027857483836251792,
                7.634528060984092e-05,
                5.540146143945622e-05
            ],
            [
                0.0,
                0.0,
                0.0,
                0.0,
                0.0,
                0.0,
                0.0,
                0.0,
                0.0,
                0.0,
                0.0,
                0.0,
                0.0,
                0.0,
                0.0,
                0.0,
                0.09423581179561374,
                0.00011441101113396707
            ],
            [
                0.0,
                0.0,
                0.0,
                0.0,
                0.0,
                0.0,
                0.0,
                0.0,
                0.0,
                0.0,
                0.0,
                0.0,
                0.0,
                0.0,
                0.0,
                0.0,
                0.0,
                0.08486830569114247
            ]
        ]
    ],
    "allnames": [
        "m1_flow_nominal",
        "m2_flow_nominal",
        "tau1",
        "tau2",
        "tau_m",
        "nominalUa.hasValue",
        "workingPressure.hasValue",
        "flowCoefficient.hasValue",
        "waterFlowRateMax",
        "c1",
        "c2",
        "c3",
        "c4",
        "eps_motor",
        "f_motorToAir",
        "kp",
        "Ti",
        "Td"
    ],
    "alpha_count": 1407,
    "cov": [
        [
            0.014254674551685699,
            -0.00598241099756953,
            0.003841058318556731,
            -0.09563073525971941,
            -0.36995320342088023,
            148.29578044808744,
            28.65059741330504,
            -10.944084367205061,
            0.007026477051866965,
            -0.027936061815235905,
            0.011197996812067838,
            0.00042299777285520446,
            0.002773576450381555,
            -0.004427085159601664,
            0.002008516435571686,
            0.10912333910206479,
            0.010603403817055771,
            -0.40251085498864814
        ],
        [
            -0.00598241099756953,
            0.016388396826197794,
            0.025319309114869307,
            -0.045989837093374675,
            0.32475984614113834,
            -46.32570790775165,
            -0.3235244810843693,
            2.6129486537414097,
            -0.0013993438836047865,
            0.005939076446329225,
            -0.0026640923644122845,
            -0.00012021520299683694,
            0.00015271612551896987,
            0.0017739210243080173,
            -0.000606031671935353,
            -0.06106091320520936,
            0.1371372813850648,
            0.1237158281606943
        ],
        [
            0.003841058318556731,
            0.025319309114869307,
            0.7848984251185576,
            -0.4771368572506668,
            1.3657113896083801,
            452.8542218236377,
            163.37849291642272,
            -52.3256218344042,
            -0.07166995072320538,
            -0.1344635039695184,
            0.026450728821138976,
            0.0014861774053155428,
            0.01858307256762064,
            -0.008688097872133,
            0.001654647917948205,
            0.19500443303067289,
            0.7013299740880891,
            -1.1094597227386314
        ],
        [
            -0.09563073525971941,
            -0.045989837093374675,
            -0.4771368572506668,
            1.98819155838435,
            0.2828992987098925,
            -1429.935051865592,
            -341.6000220262923,
            7.616600808083384,
            -0.0344159179576485,
            0.2802450298613902,
            -0.11319615053453534,
            -0.0037803272823289055,
            -0.0331410131390093,
            0.030456716236880465,
            -0.016460773120173803,
            -0.6927655131343485,
            -1.9876704621918595,
            2.7156056624719196
        ],
        [
            -0.36995320342088023,
            0.32475984614113834,
            1.3657113896083801,
            0.2828992987098925,
            16.3572360074739,
            -3231.6706280030917,
            -490.36198737423683,
            320.5271834716389,
            -0.3043794379060773,
            0.4931343091783189,
            -0.22696127139052383,
            -0.006918081339783029,
            -0.026040024070889598,
            0.11488972844500595,
            -0.05232133624111928,
            -3.0404064917917104,
            3.9827432766369766,
            10.672187527220855
        ],
        [
            148.29578044808744,
            -46.32570790775165,
            452.8542218236377,
            -1429.935051865592,
            -3231.6706280030917,
            1951615.475329446,
            409848.2393334287,
            -142429.38080150814,
            34.00572691141062,
            -374.37128085064137,
            136.05441814350468,
            5.082362567601711,
            38.69786801225185,
            -52.55837065353692,
            23.61223577352374,
            1343.4139983929394,
            485.92339271476857,
            -4857.19260249829
        ],
        [
            28.65059741330504,
            -0.3235244810843693,
            163.37849291642272,
            -341.6000220262923,
            -490.36198737423683,
            409848.2393334287,
            116165.30576950792,
            -33967.203329257674,
            2.0422114271664022,
            -84.71348419298826,
            28.05975631391888,
            0.8438734692024943,
            8.515890181019294,
            -11.755748296749227,
            4.6750581126605315,
            264.9066920960432,
            148.59827332569958,
            -1041.2125622948724
        ],
        [
            -10.944084367205061,
            2.6129486537414097,
            -52.3256218344042,
            7.616600808083384,
            320.5271834716389,
            -142429.38080150814,
            -33967.203329257674,
            44339.19201398633,
            1.9057730019090235,
            33.58067314253665,
            -8.347116561911205,
            -0.4174544399998212,
            -3.812495777712266,
            5.379128224762277,
            -1.832496954473853,
            -127.21138242224353,
            137.70489393069553,
            569.7766138370348
        ],
        [
            0.007026477051866965,
            -0.0013993438836047865,
            -0.07166995072320538,
            -0.0344159179576485,
            -0.3043794379060773,
            34.00572691141062,
            2.0422114271664022,
            1.9057730019090235,
            0.01689542026426125,
            -0.002177433024636769,
            0.004762487478085778,
            7.781874596015971e-05,
            -7.15156915969989e-05,
            -0.0009860892649178026,
            0.0011297152042334224,
            0.021713292904015975,
            0.02885498555392634,
            -0.15958958566144238
        ],
        [
            -0.027936061815235905,
            0.005939076446329225,
            -0.1344635039695184,
            0.2802450298613902,
            0.4931343091783189,
            -374.37128085064137,
            -84.71348419298826,
            33.58067314253665,
            -0.002177433024636769,
            0.0780674803497753,
            -0.0265965070045769,
            -0.0010505938035553202,
            -0.00855163785680542,
            0.010271979634091776,
            -0.004297096990156611,
            -0.25332793995457975,
            -0.12978068940071147,
            0.9827316547425903
        ],
        [
            0.011197996812067838,
            -0.0026640923644122845,
            0.026450728821138976,
            -0.11319615053453534,
            -0.22696127139052383,
            136.05441814350468,
            28.05975631391888,
            -8.347116561911205,
            0.004762487478085778,
            -0.0265965070045769,
            0.010412717118402014,
            0.00038305838941387726,
            0.0028541467684895004,
            -0.003582190522207593,
            0.0017283080865337526,
            0.08917759547470039,
            0.06890768498229859,
            -0.3487187399542036
        ],
        [
            0.00042299777285520446,
            -0.00012021520299683694,
            0.0014861774053155428,
            -0.0037803272823289055,
            -0.006918081339783029,
            5.082362567601711,
            0.8438734692024943,
            -0.4174544399998212,
            7.781874596015971e-05,
            -0.0010505938035553202,
            0.00038305838941387726,
            2.0683784210895073e-05,
            0.00013344756296070564,
            -0.00012441640302679994,
            6.237101749200321e-05,
            0.0032908065313902255,
            0.0030983632034461005,
            -0.013634571033681143
        ],
        [
            0.002773576450381555,
            0.00015271612551896987,
            0.01858307256762064,
            -0.0331410131390093,
            -0.026040024070889598,
            38.69786801225185,
            8.515890181019294,
            -3.812495777712266,
            -7.15156915969989e-05,
            -0.00855163785680542,
            0.0028541467684895004,
            0.00013344756296070564,
            0.0010805042860111036,
            -0.0009698043171892538,
            0.0004387158756925971,
            0.02363695386951762,
            0.028994848089922327,
            -0.10467399302845934
        ],
        [
            -0.004427085159601664,
            0.0017739210243080173,
            -0.008688097872133,
            0.030456716236880465,
            0.11488972844500595,
            -52.55837065353692,
            -11.755748296749227,
            5.379128224762277,
            -0.0009860892649178026,
            0.010271979634091776,
            -0.003582190522207593,
            -0.00012441640302679994,
            -0.0009698043171892538,
            0.0016637972449091993,
            -0.0006436270321245298,
            -0.040200777212235354,
            0.008646513533792019,
            0.1416065295194986
        ],
        [
            0.002008516435571686,
            -0.000606031671935353,
            0.001654647917948205,
            -0.016460773120173803,
            -0.05232133624111928,
            23.61223577352374,
            4.6750581126605315,
            -1.832496954473853,
            0.0011297152042334224,
            -0.004297096990156611,
            0.0017283080865337526,
            6.237101749200321e-05,
            0.0004387158756925971,
            -0.0006436270321245298,
            0.000334181899187769,
            0.01629584516772243,
            0.004483566080679816,
            -0.06382367759763764
        ],
        [
            0.10912333910206479,
            -0.06106091320520936,
            0.19500443303067289,
            -0.6927655131343485,
            -3.0404064917917104,
            1343.4139983929394,
