4.779232837200899330e-03 5.779511809863815313e-05 6.268628557859826089e-05 -8.244922877351863917e-05 -8.429285737232902883e-05 -1.790585998632203968e-01 1.686202114195567208e-03 -8.176875146118174967e-03 -6.338483891986710027e-06 1.779195615313824991e-06 6.944882450451430300e-06 -7.425857767048789657e-07 1.654275209939058788e-06 -5.584771176611840622e-06 1.484269184433436653e-06 -1.829111955600429561e-05 3.547535123721372004e-04 1.940277571865922391e-05
5.779511809863815313e-05 1.593823223775061859e-01 3.040708035466339432e-04 -3.999344196830728095e-04 -4.088772629909431322e-04 -8.685550888810871228e-01 8.179218581432884730e-03 -3.966336453390882644e-02 -3.074592588337713361e-05 8.630299840254471180e-06 3.368736826172153689e-05 -3.602042324582138421e-06 8.024351542455745621e-06 -2.708991039463046508e-05 7.199707550454519084e-06 -8.872427788352853814e-05 1.720794023323253367e-03 9.411656073337493916e-05
6.268628557859826089e-05 3.040708035466339432e-04 5.835304492535458021e-01 -4.337806387414376011e-04 -4.434803097158104552e-04 -9.420604046421626743e-01 8.871421128172428394e-03 -4.302005217702359330e-02 -3.334793584147395344e-05 9.360677133521949289e-06 3.653831079022300601e-05 -3.906881087077049850e-06 8.703447781090336880e-06 -2.938251387250746064e-05 7.809014644107404918e-06 -9.623296230089083733e-05 1.866423828114442554e-03 1.020815909353916037e-04
-8.244922877351863917e-05 -3.999344196830728095e-04 -4.337806387414376011e-04 2.072865228969290818e+00 5.832952004543925104e-04 1.239061352956176698e+00 -1.166829113244886688e-02 5.658287280947300879e-02 4.386145336161085878e-05 -1.231179361375798864e-05 -4.805764957254923000e-05 5.138593387152670981e-06 -1.144736126248456654e-05 3.864586306007804207e-05 -1.027094250273435767e-05 1.265720795396498303e-04 -2.454846443240083637e-03 -1.342645902036082226e-04
-8.429285737232902883e-05 -4.088772629909431322e-04 -4.434803097158104552e-04 5.832952004543925104e-04 5.099255568811472017e+00 1.266767724258516248e+00 -1.192920315735233362e-02 5.784810965966777352e-02 4.484222942229398998e-05 -1.258709485243089043e-05 -4.913225582977616282e-05 5.253496314289029395e-06 -1.170333312442160358e-05 3.951001448299775414e-05 -1.050060873025957833e-05 1.294023292475178727e-04 -2.509738710587755810e-03 -1.372668504065129599e-04
-1.790585998632203968e-01 -8.685550888810871228e-01 -9.420604046421626743e-01 1.239061352956176698e+00 1.266767724258516248e+00 8.597988605023091659e+05 -2.534053870548485321e+01 1.228835021529885552e+02 9.525583857757671802e-02 -2.673806121752960591e-02 -1.043689016038654438e-01 1.115970823326227143e-02 -2.486073563428284686e-02 8.392891277432878994e-02 -2.230585550857140317e-02 2.748821266285163545e-01 -5.331297497193278723e+00 -2.915882888256778882e-01
1.686202114195567208e-03 8.179218581432884730e-03 8.871421128172428394e-03 -1.166829113244886688e-02 -1.192920315735233362e-02 -2.534053870548485321e+01 3.308196903221710818e+04 -1.157198935367561132e+00 -8.970281043282848530e-04 2.517934094700232566e-04 9.828461893209275348e-04 -1.050914261091446194e-04 2.341145581335210915e-04 -7.903619835646760522e-04 2.100551481259498000e-04 -2.588576161265877806e-03 5.020504526473382884e-02 2.745898769833499554e-03
-8.176875146118174967e-03 -3.966336453390882644e-02 -4.302005217702359330e-02 5.658287280947300879e-02 5.784810965966777352e-02 1.228835021529885552e+02 -1.157198935367561132e+00 5.810811452508192451e+04 4.349945211135437285e-03 -1.221018082303863090e-03 -4.766101590229154632e-03 5.096183090909794672e-04 -1.135288288177536227e-03 3.832690758385039372e-03 -1.018617344602643169e-03 1.255274435887348758e-02 -2.434585886110018083e-01 -1.331564657391001022e-02
-6.338483891986710027e-06 -3.074592588337713361e-05 -3.334793584147395344e-05 4.386145336161085878e-05 4.484222942229398998e-05 9.525583857757671802e-02 -8.970281043282848530e-04 4.349945211135437285e-03 1.172028556056036244e-02 -9.464989140969920914e-07 -3.694548053797951289e-06 3.950417959809695776e-07 -8.800435861847117031e-07 2.970994200213851406e-06 -7.896035484811370371e-07 9.730534769962687324e-06 -1.887222581610825721e-04 -1.032191513406982629e-05
1.779195615313824991e-06 8.630299840254471180e-06 9.360677133521949289e-06 -1.231179361375798864e-05 -1.258709485243089043e-05 -2.673806121752960591e-02 2.517934094700232566e-04 -1.221018082303863090e-03 -9.464989140969920914e-07 2.860914749183171221e-03 1.037049838715172714e-06 -1.108871842624086743e-07 2.470259002794632867e-07 -8.339501912793329681e-07 2.216396215930971479e-07 -2.731335299165674395e-06 5.297383726995290917e-05 2.897334198702566766e-06
6.944882450451430300e-06 3.368736826172153689e-05 3.653831079022300601e-05 -4.805764957254923000e-05 -4.913225582977616282e-05 -1.043689016038654438e-01 9.828461893209275348e-04 -4.766101590229154632e-03 -3.694548053797951289e-06 1.037049838715172714e-06 5.580945648065425459e-04 -4.328351831218636357e-07 9.642367735687166655e-07 -3.255227248828894937e-06 8.651443973208606252e-07 -1.066144859070393899e-05 2.067771916829247436e-04 1.130940592280689097e-05
-7.425857767048789657e-07 -3.602042324582138421e-06 -3.906881087077049850e-06 5.138593387152670981e-06 5.253496314289029395e-06 1.115970823326227143e-02 -1.050914261091446194e-04 5.096183090909794672e-04 3.950417959809695776e-07 -1.108871842624086743e-07 -4.328351831218636357e-07 7.911608340633030030e-06 -1.031016030201329754e-07 3.480671519163529137e-07 -9.250609046732323446e-08 1.139981869961297558e-06 -2.210977688769047856e-05 -1.209265101486694059e-06
1.654275209939058788e-06 8.024351542455745621e-06 8.703447781090336880e-06 -1.144736126248456654e-05 -1.170333312442160358e-05 -2.486073563428284686e-02 2.341145581335210915e-04 -1.135288288177536227e-03 -8.800435861847117031e-07 2.470259002794632867e-07 9.642367735687166655e-07 -1.031016030201329754e-07 2.454860648924577816e-04 -7.753971041087564876e-07 2.060779199239775506e-07 -2.539563517665414588e-06 4.925445241476250619e-05 2.693907346987750869e-06
-5.584771176611840622e-06 -2.708991039463046508e-05 -2.938251387250746064e-05 3.864586306007804207e-05 3.951001448299775414e-05 8.392891277432878994e-02 -7.903619835646760522e-04 3.832690758385039372e-03 2.970994200213851406e-06 -8.339501912793329681e-07 -3.255227248828894937e-06 3.480671519163529137e-07 -7.753971041087564876e-07 6.737343833581717562e-04 -6.957113425945312859e-07 8.573471360400339566e-06 -1.662811873822969103e-04 -9.094530349925445962e-06
1.484269184433436653e-06 7.199707550454519084e-06 7.809014644107404918e-06 -1.027094250273435767e-05 -1.050060873025957833e-05 -2.230585550857140317e-02 2.100551481259498000e-04 -1.018617344602643169e-03 -7.896035484811370371e-07 2.216396215930971479e-07 8.651443973208606252e-07 -9.250609046732323446e-08 2.060779199239775506e-07 -6.957113425945312859e-07 9.235300168165965526e-05 -2.278578466590823804e-06 4.419268660748910542e-05 2.417060738642181625e-06
-1.829111955600429561e-05 -8.872427788352853814e-05 -9.623296230089083733e-05 1.265720795396498303e-04 1.294023292475178727e-04 2.748821266285163545e-01 -2.588576161265877806e-03 1.255274435887348758e-02 9.730534769962687324e-06 -2.731335299165674395e-06 -1.066144859070393899e-05 1.139981869961297558e-06 -2.539563517665414588e-06 8.573471360400339566e-06 -2.278578466590823804e-06 5.913540933036314229e-01 -5.446004826591908368e-04 -2.978620549984939203e-05
3.547535123721372004e-04 1.720794023323253367e-03 1.866423828114442554e-03 -2.454846443240083637e-03 -2.509738710587755810e-03 -5.331297497193278723e+00 5.020504526473382884e-02 -2.434585886110018083e-01 -1.887222581610825721e-04 5.297383726995290917e-05 2.067771916829247436e-04 -2.210977688769047856e-05 4.925445241476250619e-05 -1.662811873822969103e-04 4.419268660748910542e-05 -5.446004826591908368e-04 6.759453403763017398e+00 5.776989751204793418e-04
1.940277571865922391e-05 9.411656073337493916e-05 1.020815909353916037e-04 -1.342645902036082226e-04 -1.372668504065129599e-04 -2.915882888256778882e-01 2.745898769833499554e-03 -1.331564657391001022e-02 -1.032191513406982629e-05 2.897334198702566766e-06 1.130940592280689097e-05 -1.209265101486694059e-06 2.693907346987750869e-06 -9.094530349925445962e-06 2.417060738642181625e-06 -2.978620549984939203e-05 5.776989751204793418e-04 5.483937476345875695e+00
1.529709099405691334e-03 1.581490019703905728e-05 3.939488979441760629e-05 -1.893875838311340603e-05 -4.103729678515168473e-05 -5.381998778919395293e-02 1.318772505118120464e-03 -2.243224246665696375e-03 -2.151998017959743181e-06 -1.104982640014887378e-06 2.180278650870765923e-06 -2.499821889367729796e-07 4.983313082600385022e-07 -1.950146051190012834e-06 5.832681597983307761e-07 -3.384537472159317089e-06 1.113006285365249459e-04 -2.073155907814213791e-05
1.581490019703905728e-05 5.102259159228455382e-02 -4.880802288187326680e-05 -1.842385226175912729e-04 -2.456660964777542344e-05 -3.042255663399709431e-01 -3.270729919366266707e-03 -1.551376134315969949e-02 -8.904061049528035746e-06 1.541405055980550319e-05 1.109797151576079440e-05 -1.059292616664643955e-06 2.802327619245708766e-06 -7.436885414202981842e-06 1.485501758691864590e-06 -4.704636773825148784e-05 5.674336801487359430e-04 2.336978733900390518e-04
3.939488979441760629e-05 -4.880802288187326680e-05 1.877840639850658910e-01 2.671532463690489225e-04 -9.087772041908783339e-04 -1.117681681812777161e-01 4.532665703204781515e-02 6.593137938727006500e-03 -1.741557492282138822e-05 -8.830272350191657640e-05 9.397504231362984129e-06 -1.923885169805357870e-06 1.092721007031377495e-06 -1.829157140859390812e-05 8.404411794835291123e-06 1.038151931056993806e-04 4.761757428456270388e-04 -1.436351188582082449e-03
-1.893875838311340603e-05 -1.842385226175912729e-04 2.671532463690489225e-04 6.634731882064199837e-01 -1.086241817327373882e-04 4.695396835857378881e-01 1.262595616195011025e-02 2.594590881695352930e-02 1.143881609410296004e-05 -3.909386725497223649e-05 -1.626203693733201569e-05 1.384950045185810469e-06 -4.314802664386508856e-06 8.943927321947432968e-06 -1.012794919563134987e-06 9.233416941511198527e-05 -8.321723315086903454e-04 -6.086056669781822297e-04
-4.103729678515168473e-05 -2.456660964777542344e-05 -9.087772041908783339e-04 -1.086241817327373882e-04 1.632319562874176455e+00 2.673931416538120054e-01 -3.472099670290718088e-02 3.702801766978328427e-03 1.925495667763897260e-05 6.237815146134264536e-05 -1.405322362333675765e-05 2.171124669996418508e-06 -2.514106422860993316e-06 1.910877134254422325e-05 -7.655600606030200003e-06 -5.650012093258168188e-05 -7.150485113162481600e-04 1.024569481016961419e-03
-5.381998778919395293e-02 -3.042255663399709431e-01 -1.117681681812777161e-01 4.695396835857378881e-01 2.673931416538120054e-01 2.751697642106464482e+05 -4.646529739503764689e-01 4.298577056200195301e+01 2.926845914878098073e-02 -2.498235623256960664e-02 -3.381091622932205082e-02 3.449898912530242629e-03 -8.259925398828010107e-03 2.525793115361626290e-02 -6.075363274999576353e-03 1.121809927506068616e-01 -1.727799646496929631e+00 -3.576108721104116484e-01
1.318772505118120464e-03 -3.270729919366266707e-03 4.532665703204781515e-02 1.262595616195011025e-02 -3.472099670290718088e-02 -4.646529739503764689e-01 1.058794229624164291e+04 4.501612355400612109e-01 -5.588333487597930797e-04 -3.598628347369505973e-03 2.220349806323533375e-04 -6.077785777357378654e-05 6.715743765407231598e-06 -6.111382798546097575e-04 3.052030928145796828e-04 4.596261864080367944e-03 1.118624484438925440e-02 -5.832089432321726358e-02
-2.243224246665696375e-03 -1.551376134315969949e-02 6.593137938727006500e-03 2.594590881695352930e-02 3.702801766978328427e-03 4.298577056200195301e+01 4.501612355400612109e-01 1.859498980321335694e+04 1.261747243886809965e-03 -2.153747523951692923e-03 -1.569465605830631895e-03 1.500686326297442181e-04 -3.959731671522402218e-04 1.054805907489585453e-03 -2.119182867819377014e-04 6.616272871135327367e-03 -8.024487335771972318e-02 -3.262861026891222815e-02
-2.151998017959743181e-06 -8.904061049528035746e-06 -1.741557492282138822e-05 1.143881609410296004e-05 1.925495667763897260e-05 2.926845914878098073e-02 -5.588333487597930797e-04 1.261747243886809965e-03 3.750534520647803328e-03 2.811328134364774179e-07 -1.167576374412563814e-06 1.307227658900870693e-07 -2.707881810478986253e-07 1.007580028784970495e-06 -2.904493864048237862e-07 2.252704661644142208e-06 -5.961660343285750142e-05 6.093941057838524894e-06
-1.104982640014887378e-06 1.541405055980550319e-05 -8.830272350191657640e-05 -3.909386725497223649e-05 6.237815146134264536e-05 -2.498235623256960664e-02 -3.598628347369505973e-03 -2.153747523951692923e-03 2.811328134364774179e-07 9.233986198740545088e-04 5.305687105528258449e-07 2.285323983001597227e-08 2.255989767745835455e-07 5.028872853692887064e-07 -4.404604103620745761e-07 -1.253046594588552144e-05 2.743645768042601821e-05 1.281356971858393120e-04
2.180278650870765923e-06 1.109797151576079440e-05 9.397504231362984129e-06 -1.626203693733201569e-05 -1.405322362333675765e-05 -3.381091622932205082e-02 2.220349806323533375e-04 -1.569465605830631895e-03 -1.167576374412563814e-06 5.305687105528258449e-07 1.785952553321525635e-04 -1.370409696517667954e-07 3.122392813287518911e-07 -1.022325217931869687e-06 2.639926747329809491e-07 -3.704645130057824914e-06 6.643223483194611513e-05 6.816364017721217948e-06
-2.499821889367729796e-07 -1.059292616664643955e-06 -1.923885169805357870e-06 1.384950045185810469e-06 2.171124669996418508e-06 3.449898912530242629e-03 -6.077785777357378654e-05 1.500686326297442181e-04 1.307227658900870693e-07 2.285323983001597227e-08 -1.370409696517667954e-07 2.532145135072766278e-06 -3.191112467166051301e-08 1.170614352825467868e-07 -3.337542729090236154e-08 2.787820722883620016e-07 -6.997761706160111194e-06 5.516990418626543116e-07
4.983313082600385022e-07 2.802327619245708766e-06 1.092721007031377495e-06 -4.314802664386508856e-06 -2.514106422860993316e-06 -8.259925398828010107e-03 6.715743765407231598e-06 -3.959731671522402218e-04 -2.707881810478986253e-07 2.255989767745835455e-07 3.122392813287518911e-07 -3.191112467166051301e-08 7.855825735749710488e-05 -2.338582882270990238e-07 5.646545250362612491e-08 -1.028734280867535422e-06 1.595578075937673226e-05 3.220099444152515466e-06
-1.950146051190012834e-06 -7.436885414202981842e-06 -1.829157140859390812e-05 8.943927321947432968e-06 1.910877134254422325e-05 2.525793115361626290e-02 -6.111382798546097575e-04 1.054805907489585453e-03 1.007580028784970495e-06 5.028872853692887064e-07 -1.022325217931869687e-06 1.170614352825467868e-07 -2.338582882270990238e-07 2.156699488699132905e-04 -2.724182106322428804e-07 1.608591446826670736e-06 -5.218913329294149476e-05 9.475304262625275638e-06
5.832681597983307761e-07 1.485501758691864590e-06 8.404411794835291123e-06 -1.012794919563134987e-06 -7.655600606030200003e-06 -6.075363274999576353e-03 3.052030928145796828e-04 -2.119182867819377014e-04 -2.904493864048237862e-07 -4.404604103620745761e-07 2.639926747329809491e-07 -3.337542729090236154e-08 5.646545250362612491e-08 -2.724182106322428804e-07 2.958603896121377960e-05 2.483973967471017451e-08 1.346345919226552886e-05 -7.454895932072546299e-06
-3.384537472159317089e-06 -4.704636773825148784e-05 1.038151931056993806e-04 9.233416941511198527e-05 -5.650012093258168188e-05 1.121809927506068616e-01 4.596261864080367944e-03 6.616272871135327367e-03 2.252704661644142208e-06 -1.253046594588552144e-05 -3.704645130057824914e-06 2.787820722883620016e-07 -1.028734280867535422e-06 1.608591446826670736e-06 2.483973967471017451e-08 1.892504960800686920e-01 -1.897309602404828187e-04 -1.970875422318485654e-04
1.113006285365249459e-04 5.674336801487359430e-04 4.761757428456270388e-04 -8.321723315086903454e-04 -7.150485113162481600e-04 -1.727799646496929631e+00 1.118624484438925440e-02 -8.024487335771972318e-02 -5.961660343285750142e-05 2.743645768042601821e-05 6.643223483194611513e-05 -6.997761706160111194e-06 1.595578075937673226e-05 -5.218913329294149476e-05 1.346345919226552886e-05 -1.897309602404828187e-04 2.163038994218533517e+00 3.535680535383393572e-04
-2.073155907814213791e-05 2.336978733900390518e-04 -1.436351188582082449e-03 -6.086056669781822297e-04 1.024569481016961419e-03 -3.576108721104116484e-01 -5.832089432321726358e-02 -3.262861026891222815e-02 6.093941057838524894e-06 1.281356971858393120e-04 6.816364017721217948e-06 5.516990418626543116e-07 3.220099444152515466e-06 9.475304262625275638e-06 -7.454895932072546299e-06 -1.970875422318485654e-04 3.535680535383393572e-04 1.756906820113488088e+00
4.895071358364862929e-04 5.042795187747128623e-06 1.259564729467039945e-05 -6.549560497894277164e-06 -1.336455061095317814e-05 -1.734669609540495649e-02 4.142358095743486879e-04 -7.055119518680310394e-04 -6.807593831134702817e-07 -3.509246675019207123e-07 6.962154369708721132e-07 -8.085402525379424723e-08 1.602896984786687519e-07 -6.254648322318096197e-07 1.876359670830959037e-07 -1.203135435272247900e-06 3.534089408583248042e-05 -6.938980377182404567e-06
5.042795187747128623e-06 1.632867121041585434e-02 -1.475874465623588600e-05 -1.971290765687356075e-05 1.080062358461862245e-05 -8.738002702071333283e-02 -4.231619870434196232e-04 -5.952778634125227737e-03 -3.481482964407535578e-06 4.718309289741275296e-06 3.669583190143196629e-06 -2.700009259482764424e-07 8.306638876512081609e-07 -2.266034465430293551e-06 3.959238164226474573e-07 -5.420963214198172705e-06 2.036656984248187750e-04 9.924289298206685457e-05
1.259564729467039945e-05 -1.475874465623588600e-05 6.009141319771450079e-02 1.088903571959194585e-04 -2.796803691078738013e-04 -2.981929952772597800e-02 1.487631378119912834e-02 1.520424356980176143e-03 -5.949962481006110022e-06 -2.838459371303144065e-05 3.077704685330332829e-06 -5.745140052979502418e-07 3.102658646527169354e-07 -5.785461120671444201e-06 2.642042696659618171e-06 3.896565584373160810e-05 1.655469315536340670e-04 -4.450468454356814717e-04
-6.549560497894277164e-06 -1.971290765687356075e-05 1.088903571959194585e-04 2.133794866907012533e-01 4.731519340111686972e-04 4.216593091733365495e-01 2.100898762630579175e-02 -1.859736549071043868e-02 -1.354536587768160120e-05 -1.833944372969822348e-05 -1.985988507727263807e-06 2.320376185591726796e-06 -3.179225565946399097e-06 5.958441130117203426e-06 -2.486080402818304197e-06 2.917467717257438099e-04 3.348323713834073937e-04 4.709488819761510799e-04
-1.336455061095317814e-05 1.080062358461862245e-05 -2.796803691078738013e-04 4.731519340111686972e-04 5.225837940272798354e-01 2.146313549940616072e-01 -3.041378918957204133e-03 -1.160724047387042338e-02 -2.020507721052911101e-06 1.718887437963402385e-05 -2.966798760472393946e-06 1.587445739498678623e-06 -1.659773011570623024e-06 7.587271160040005966e-06 -3.477909802066340006e-06 1.066072933364541845e-04 5.704653898179547650e-05 6.444325789200602318e-04
-1.734669609540495649e-02 -8.738002702071333283e-02 -2.981929952772597800e-02 4.216593091733365495e-01 2.146313549940616072e-01 8.812329174244673050e+04 4.163226573894346139e+00 6.919867198217950488e+00 4.993740502117171610e-03 -9.475665721835408589e-03 -1.000180122074726188e-02 1.580981378354420893e-03 -3.100190500545083310e-03 8.869360904708075560e-03 -2.493499005741563190e-03 1.025255775769314120e-01 -4.001432377232548299e-01 5.472638312406748196e-02
4.142358095743486879e-04 -4.231619870434196232e-04 1.487631378119912834e-02 2.100898762630579175e-02 -3.041378918957204133e-03 4.163226573894346139e+00 3.388411121163550888e+03 -2.833174000568707829e-01 -4.521799996528023035e-04 -1.244174538067097839e-03 1.221743213979140466e-04 1.037458190578367960e-05 -2.642407373112808883e-05 -1.463710928692802304e-04 6.331689070649841383e-05 5.636448650905782030e-03 1.312988554230870401e-02 -8.086474413065848632e-03
-7.055119518680310394e-04 -5.952778634125227737e-03 1.520424356980176143e-03 -1.859736549071043868e-02 -1.160724047387042338e-02 6.919867198217950488e+00 -2.833174000568707829e-01 5.951074235155540009e+03 8.370997904291101882e-04 -5.423812328896812640e-04 -5.832732988492632994e-04 7.434673444411376970e-07 -8.141512410315305279e-05 2.595531234052350731e-04 -1.336260941846880038e-05 -4.486492570327568936e-03 -4.081820760738730236e-02 -2.720737778847664989e-02
-6.807593831134702817e-07 -3.481482964407535578e-06 -5.949962481006110022e-06 -1.354536587768160120e-05 -2.020507721052911101e-06 4.993740502117171610e-03 -4.521799996528023035e-04 8.370997904291101882e-04 1.200448219533369358e-03 1.838700660131592847e-07 -4.254619168485269163e-07 1.159106148842024313e-08 -5.767985076724230085e-08 2.725450707953123731e-07 -5.811575465098446845e-08 -3.502986405413182127e-06 -2.876104757049783512e-05 -8.773933275852611162e-06
-3.509246675019207123e-07 4.718309289741275296e-06 -2.838459371303144065e-05 -1.833944372969822348e-05 1.718887437963402385e-05 -9.475665721835408589e-03 -1.244174538067097839e-03 -5.423812328896812640e-04 1.838700660131592847e-07 2.955193747099564235e-04 1.522191923730447479e-07 -2.932501391224990530e-09 8.200765464182614410e-08 1.440241568506909152e-07 -1.291474151178726367e-07 -5.440811130333315931e-06 5.498769062142039362e-06 3.737008046226199866e-05
6.962154369708721132e-07 3.669583190143196629e-06 3.077704685330332829e-06 -1.985988507727263807e-06 -2.966798760472393946e-06 -1.000180122074726188e-02 1.221743213979140466e-04 -5.832732988492632994e-04 -4.254619168485269163e-07 1.522191923730447479e-07 5.716017646278466664e-05 -3.819751860264108617e-08 9.449809557659122632e-08 -3.178153041139990227e-07 7.796403925013831051e-08 -3.955325712088152782e-07 2.306938800399600014e-05 4.186860996230400649e-06
-8.085402525379424723e-08 -2.700009259482764424e-07 -5.745140052979502418e-07 2.320376185591726796e-06 1.587445739498678623e-06 1.580981378354420893e-03 1.037458190578367960e-05 7.434673444411376970e-07 1.159106148842024313e-08 -2.932501391224990530e-09 -3.819751860264108617e-08 8.135857233373981223e-07 -1.337251386578093162e-08 4.290174433162166445e-08 -1.447995947937126857e-08 5.500425226809647369e-07 -1.182765348482907256e-06 1.346556917748095736e-06
1.602896984786687519e-07 8.306638876512081609e-07 3.102658646527169354e-07 -3.179225565946399097e-06 -1.659773011570623024e-06 -3.100190500545083310e-03 -2.642407373112808883e-05 -8.141512410315305279e-05 -5.767985076724230085e-08 8.200765464182614410e-08 9.449809557659122632e-08 -1.337251386578093162e-08 2.514167078171055390e-05 -8.004857155013714909e-08 2.170945557410375337e-08 -7.707063027544312586e-07 4.093627204028229145e-06 -9.052724152936631776e-08
-6.254648322318096197e-07 -2.266034465430293551e-06 -5.785461120671444201e-06 5.958441130117203426e-06 7.587271160040005966e-06 8.869360904708075560e-03 -1.463710928692802304e-04 2.595531234052350731e-04 2.725450707953123731e-07 1.440241568506909152e-07 -3.178153041139990227e-07 4.290174433162166445e-08 -8.004857155013714909e-08 6.902336022980169652e-05 -9.344154575648982467e-08 1.274881249191971887e-06 -1.495782037692150533e-05 4.962006691539595471e-06
1.876359670830959037e-07 3.959238164226474573e-07 2.642042696659618171e-06 -2.486080402818304197e-06 -3.477909802066340006e-06 -2.493499005741563190e-03 6.331689070649841383e-05 -1.336260941846880038e-05 -5.811575465098446845e-08 -1.291474151178726367e-07 7.796403925013831051e-08 -1.447995947937126857e-08 2.170945557410375337e-08 -9.344154575648982467e-08 9.471908771631649886e-06 -5.227976405362239597e-07 3.091501305207718245e-06 -3.733085765930958899e-06
-1.203135435272247900e-06 -5.420963214198172705e-06 3.896565584373160810e-05 2.917467717257438099e-04 1.066072933364541845e-04 1.025255775769314120e-01 5.636448650905782030e-03 -4.486492570327568936e-03 -3.502986405413182127e-06 -5.440811130333315931e-06 -3.955325712088152782e-07 5.500425226809647369e-07 -7.707063027544312586e-07 1.274881249191971887e-06 -5.227976405362239597e-07 6.062452623310275041e-02 8.685700017241329758e-05 1.003554665272903749e-04
3.534089408583248042e-05 2.036656984248187750e-04 1.655469315536340670e-04 3.348323713834073937e-04 5.704653898179547650e-05 -4.001432377232548299e-01 1.312988554230870401e-02 -4.081820760738730236e-02 -2.876104757049783512e-05 5.498769062142039362e-06 2.306938800399600014e-05 -1.182765348482907256e-06 4.093627204028229145e-06 -1.495782037692150533e-05 3.091501305207718245e-06 8.685700017241329758e-05 6.925108038105668440e-01 4.878115396495126804e-04
-6.938980377182404567e-06 9.924289298206685457e-05 -4.450468454356814717e-04 4.709488819761510799e-04 6.444325789200602318e-04 5.472638312406748196e-02 -8.086474413065848632e-03 -2.720737778847664989e-02 -8.773933275852611162e-06 3.737008046226199866e-05 4.186860996230400649e-06 1.346556917748095736e-06 -9.052724152936631776e-08 4.962006691539595471e-06 -3.733085765930958899e-06 1.003554665272903749e-04 4.878115396495126804e-04 5.626251005086869705e-01
1.571414114162999727e-04 2.291169102691224327e-06 1.332470566591362307e-06 -4.880659324230403086e-06 -1.303645998498509438e-05 -6.766279630552447973e-03 3.239014682715209256e-04 -1.111245750595617795e-04 -5.211120658805736641e-07 -2.341497980809060699e-07 2.209972578783839489e-07 -2.685423050225883419e-08 -3.653072900958307118e-09 -1.549535961527988303e-07 1.180782778001234876e-07 -1.261582016558927931e-06 -3.095708369655122424e-06 -6.201632846722772347e-06
2.291169102691224327e-06 5.226094334901281759e-03 -8.385023801433136672e-06 -1.008798562795455814e-05 -8.433627416103202869e-06 -2.961120555001985066e-02 1.243052758818016259e-04 -1.749287408251188692e-03 -1.525706677867263096e-06 1.344464647241721159e-06 1.171834741217260216e-06 -8.773174572028033883e-08 1.912336304559821197e-07 -6.637869020704762400e-07 2.054671748102115171e-07 -2.924503005099092595e-06 4.562115705130236504e-05 2.635403244572335287e-05
1.332470566591362307e-06 -8.385023801433136672e-06 1.924383754344163866e-02 4.989871090886725146e-05 -4.214483596186859119e-05 -2.972427777048335974e-03 3.726061051926515301e-03 -1.331697384371070196e-04 -2.646060443524068215e-07 -8.424364186377423133e-06 9.945507966458077745e-07 -1.785418000396146993e-07 3.963055280429225049e-07 -2.095659037604076860e-06 5.317350441471186022e-07 1.720753230724636333e-05 1.308430333747948515e-04 -1.208940337399080553e-04
-4.880659324230403086e-06 -1.008798562795455814e-05 4.989871090886725146e-05 6.829697306139667634e-02 2.002824624596506297e-04 1.417117454907423357e-01 5.655293347052510466e-03 -6.590767259296648369e-03 -2.642478638373992063e-06 -5.188758744299601945e-06 -6.255199360719565986e-07 7.479933817071500076e-07 -7.107915153428020330e-07 1.654542465795791252e-06 -1.119340902592074713e-06 9.824968941414480501e-05 1.875154731447534618e-04 1.729158461872625874e-04
-1.303645998498509438e-05 -8.433627416103202869e-06 -4.214483596186859119e-05 2.002824624596506297e-04 1.673805505457676146e-01 9.001145952277900264e-02 -4.331405230216269636e-03 -5.726260653240054441e-03 4.675875387354635927e-06 7.639002262614184429e-06 -9.179311963639072832e-07 5.251983889548152893e-07 4.331829334367256517e-07 1.634742080311472610e-06 -2.131453912175723279e-06 4.949847983686419785e-05 2.710621608212135250e-04 2.760886316710146654e-04
-6.766279630552447973e-03 -2.961120555001985066e-02 -2.972427777048335974e-03 1.417117454907423357e-01 9.001145952277900264e-02 2.820241260628063537e+04 8.663201810116788470e-01 1.935220043293645498e+00 2.336433023404933113e-03 -2.735508459548569981e-03 -3.196213787503199635e-03 5.083025578951241678e-04 -8.582723621573487994e-04 2.728148891353371006e-03 -9.392297296391222084e-04 3.494258422594666291e-02 -9.297130653357976726e-02 2.720624861563957983e-02
3.239014682715209256e-04 1.243052758818016259e-04 3.726061051926515301e-03 5.655293347052510466e-03 -4.331405230216269636e-03 8.663201810116788470e-01 1.084364913300650642e+03 -4.671339208822995054e-02 -2.609590217057891908e-04 -4.448498428384722826e-04 3.840892250964534276e-05 2.943811496732018017e-06 -2.951975153726327871e-05 -2.951270808343532849e-05 4.250965088472854309e-05 1.467617806647272252e-03 -1.320667838421333206e-03 -4.113891517740175981e-03
-1.111245750595617795e-04 -1.749287408251188692e-03 -1.331697384371070196e-04 -6.590767259296648369e-03 -5.726260653240054441e-03 1.935220043293645498e+00 -4.671339208822995054e-02 1.904370085487481447e+03 1.982173725808235234e-04 -2.015492875653365377e-04 -1.870589674995896772e-04 1.260759448275651941e-08 -3.867273525436562272e-05 9.343738013465319983e-05 9.053337358879711043e-06 -1.637009409275343033e-03 -1.637030642062959826e-02 -9.620749869642989185e-03
-5.211120658805736641e-07 -1.525706677867263096e-06 -2.646060443524068215e-07 -2.642478638373992063e-06 4.675875387354635927e-06 2.336433023404933113e-03 -2.609590217057891908e-04 1.982173725808235234e-04 3.843276958783571162e-04 1.328765902372055427e-07 -1.350591913080057931e-07 4.305158172124971537e-09 1.492738280063263255e-08 5.975394705458460296e-08 -5.385884135133477928e-08 -5.883483391540647655e-07 -4.512132179119416096e-07 -3.887149640677037657e-07
-2.341497980809060699e-07 1.344464647241721159e-06 -8.424364186377423133e-06 -5.188758744299601945e-06 7.639002262614184429e-06 -2.735508459548569981e-03 -4.448498428384722826e-04 -2.015492875653365377e-04 1.328765902372055427e-07 9.459594853993242918e-05 4.914755132990665748e-08 -6.989194375583886408e-10 3.965655985371157446e-08 3.505407534296598773e-08 -5.549540993312009162e-08 -1.527057250868043488e-06 5.276300476770793441e-06 1.293036046967305362e-05
2.209972578783839489e-07 1.171834741217260216e-06 9.945507966458077745e-07 -6.255199360719565986e-07 -9.179311963639072832e-07 -3.196213787503199635e-03 3.840892250964534276e-05 -1.870589674995896772e-04 -1.350591913080057931e-07 4.914755132990665748e-08 1.829126289955666231e-05 -1.221968473782027916e-08 3.043662529402081214e-08 -1.018631309383367582e-07 2.474016952921536538e-08 -1.234238344217264951e-07 7.433911965584836632e-06 1.354086385444198199e-06
-2.685423050225883419e-08 -8.773174572028033883e-08 -1.785418000396146993e-07 7.479933817071500076e-07 5.251983889548152893e-07 5.083025578951241678e-04 2.943811496732018017e-06 1.260759448275651941e-08 4.305158172124971537e-09 -6.989194375583886408e-10 -1.221968473782027916e-08 2.603493593264173574e-07 -4.171218813142412689e-09 1.363973559034769574e-08 -4.747643491889600216e-09 1.777363583326364550e-07 -3.501749881612408809e-07 4.387224356697846251e-07
-3.653072900958307118e-09 1.912336304559821197e-07 3.963055280429225049e-07 -7.107915153428020330e-07 4.331829334367256517e-07 -8.582723621573487994e-04 -2.951975153726327871e-05 -3.867273525436562272e-05 1.492738280063263255e-08 3.965655985371157446e-08 3.043662529402081214e-08 -4.171218813142412689e-09 8.051383276264333156e-06 -3.059078546183243256e-08 5.583524708098665661e-10 -1.501291243641319006e-07 2.895691616196617255e-06 4.092914118228537208e-07
-1.549535961527988303e-07 -6.637869020704762400e-07 -2.095659037604076860e-06 1.654542465795791252e-06 1.634742080311472610e-06 2.728148891353371006e-03 -2.951270808343532849e-05 9.343738013465319983e-05 5.975394705458460296e-08 3.505407534296598773e-08 -1.018631309383367582e-07 1.363973559034769574e-08 -3.059078546183243256e-08 2.209156761419536731e-05 -2.464634933868478712e-08 3.285893557996192150e-07 -6.090831102558033505e-06 1.227355246072829335e-06
1.180782778001234876e-07 2.054671748102115171e-07 5.317350441471186022e-07 -1.119340902592074713e-06 -2.131453912175723279e-06 -9.392297296391222084e-04 4.250965088472854309e-05 9.053337358879711043e-06 -5.385884135133477928e-08 -5.549540993312009162e-08 2.474016952921536538e-08 -4.747643491889600216e-09 5.583524708098665661e-10 -2.464634933868478712e-08 3.037758644515292774e-06 -2.692170880617207460e-07 -6.855985641177177045e-07 -1.657486083041474154e-06
-1.261582016558927931e-06 -2.924503005099092595e-06 1.720753230724636333e-05 9.824968941414480501e-05 4.949847983686419785e-05 3.494258422594666291e-02 1.467617806647272252e-03 -1.637009409275343033e-03 -5.883483391540647655e-07 -1.527057250868043488e-06 -1.234238344217264951e-07 1.777363583326364550e-07 -1.501291243641319006e-07 3.285893557996192150e-07 -2.692170880617207460e-07 1.940138785993351586e-02 5.309223373380689200e-05 3.910554209520201920e-05
-3.095708369655122424e-06 4.562115705130236504e-05 1.308430333747948515e-04 1.875154731447534618e-04 2.710621608212135250e-04 -9.297130653357976726e-02 -1.320667838421333206e-03 -1.637030642062959826e-02 -4.512132179119416096e-07 5.276300476770793441e-06 7.433911965584836632e-06 -3.501749881612408809e-07 2.895691616196617255e-06 -6.090831102558033505e-06 -6.855985641177177045e-07 5.309223373380689200e-05 2.220191784878457752e-01 2.709956410096330177e-04
-6.201632846722772347e-06 2.635403244572335287e-05 -1.208940337399080553e-04 1.729158461872625874e-04 2.760886316710146654e-04 2.720624861563957983e-02 -4.113891517740175981e-03 -9.620749869642989185e-03 -3.887149640677037657e-07 1.293036046967305362e-05 1.354086385444198199e-06 4.387224356697846251e-07 4.092914118228537208e-07 1.227355246072829335e-06 -1.657486083041474154e-06 3.910554209520201920e-05 2.709956410096330177e-04 1.800717868021071422e-01
1.571414114162999727e-04 2.291169102691224327e-06 1.332470566591362307e-06 -4.880659324230403086e-06 -1.303645998498509438e-05 -6.766279630552447973e-03 3.239014682715209256e-04 -1.111245750595617795e-04 -5.211120658805736641e-07 -2.341497980809060699e-07 2.209972578783839489e-07 -2.685423050225883419e-08 -3.653072900958307118e-09 -1.549535961527988303e-07 1.180782778001234876e-07 -1.261582016558927931e-06 -3.095708369655122424e-06 -6.201632846722772347e-06
2.291169102691224327e-06 5.226094334901281759e-03 -8.385023801433136672e-06 -1.008798562795455814e-05 -8.433627416103202869e-06 -2.961120555001985066e-02 1.243052758818016259e-04 -1.749287408251188692e-03 -1.525706677867263096e-06 1.344464647241721159e-06 1.171834741217260216e-06 -8.773174572028033883e-08 1.912336304559821197e-07 -6.637869020704762400e-07 2.054671748102115171e-07 -2.924503005099092595e-06 4.562115705130236504e-05 2.635403244572335287e-05
1.332470566591362307e-06 -8.385023801433136672e-06 1.924383754344163866e-02 4.989871090886725146e-05 -4.214483596186859119e-05 -2.972427777048335974e-03 3.726061051926515301e-03 -1.331697384371070196e-04 -2.646060443524068215e-07 -8.424364186377423133e-06 9.945507966458077745e-07 -1.785418000396146993e-07 3.963055280429225049e-07 -2.095659037604076860e-06 5.317350441471186022e-07 1.720753230724636333e-05 1.308430333747948515e-04 -1.208940337399080553e-04
-4.880659324230403086e-06 -1.008798562795455814e-05 4.989871090886725146e-05 6.829697306139667634e-02 2.002824624596506297e-04 1.417117454907423357e-01 5.655293347052510466e-03 -6.590767259296648369e-03 -2.642478638373992063e-06 -5.188758744299601945e-06 -6.255199360719565986e-07 7.479933817071500076e-07 -7.107915153428020330e-07 1.654542465795791252e-06 -1.119340902592074713e-06 9.824968941414480501e-05 1.875154731447534618e-04 1.729158461872625874e-04
-1.303645998498509438e-05 -8.433627416103202869e-06 -4.214483596186859119e-05 2.002824624596506297e-04 1.673805505457676146e-01 9.001145952277900264e-02 -4.331405230216269636e-03 -5.726260653240054441e-03 4.675875387354635927e-06 7.639002262614184429e-06 -9.179311963639072832e-07 5.251983889548152893e-07 4.331829334367256517e-07 1.634742080311472610e-06 -2.131453912175723279e-06 4.949847983686419785e-05 2.710621608212135250e-04 2.760886316710146654e-04
-6.766279630552447973e-03 -2.961120555001985066e-02 -2.972427777048335974e-03 1.417117454907423357e-01 9.001145952277900264e-02 2.820241260628063537e+04 8.663201810116788470e-01 1.935220043293645498e+00 2.336433023404933113e-03 -2.735508459548569981e-03 -3.196213787503199635e-03 5.083025578951241678e-04 -8.582723621573487994e-04 2.728148891353371006e-03 -9.392297296391222084e-04 3.494258422594666291e-02 -9.297130653357976726e-02 2.720624861563957983e-02
3.239014682715209256e-04 1.243052758818016259e-04 3.726061051926515301e-03 5.655293347052510466e-03 -4.331405230216269636e-03 8.663201810116788470e-01 1.084364913300650642e+03 -4.671339208822995054e-02 -2.609590217057891908e-04 -4.448498428384722826e-04 3.840892250964534276e-05 2.943811496732018017e-06 -2.951975153726327871e-05 -2.951270808343532849e-05 4.250965088472854309e-05 1.467617806647272252e-03 -1.320667838421333206e-03 -4.113891517740175981e-03
-1.111245750595617795e-04 -1.749287408251188692e-03 -1.331697384371070196e-04 -6.590767259296648369e-03 -5.726260653240054441e-03 1.935220043293645498e+00 -4.671339208822995054e-02 1.904370085487481447e+03 1.982173725808235234e-04 -2.015492875653365377e-04 -1.870589674995896772e-04 1.260759448275651941e-08 -3.867273525436562272e-05 9.343738013465319983e-05 9.053337358879711043e-06 -1.637009409275343033e-03 -1.637030642062959826e-02 -9.620749869642989185e-03
-5.211120658805736641e-07 -1.525706677867263096e-06 -2.646060443524068215e-07 -2.642478638373992063e-06 4.675875387354635927e-06 2.336433023404933113e-03 -2.609590217057891908e-04 1.982173725808235234e-04 3.843276958783571162e-04 1.328765902372055427e-07 -1.350591913080057931e-07 4.305158172124971537e-09 1.492738280063263255e-08 5.975394705458460296e-08 -5.385884135133477928e-08 -5.883483391540647655e-07 -4.512132179119416096e-07 -3.887149640677037657e-07
-2.341497980809060699e-07 1.344464647241721159e-06 -8.424364186377423133e-06 -5.188758744299601945e-06 7.639002262614184429e-06 -2.735508459548569981e-03 -4.448498428384722826e-04 -2.015492875653365377e-04 1.328765902372055427e-07 9.459594853993242918e-05 4.914755132990665748e-08 -6.989194375583886408e-10 3.965655985371157446e-08 3.505407534296598773e-08 -5.549540993312009162e-08 -1.527057250868043488e-06 5.276300476770793441e-06 1.293036046967305362e-05
2.209972578783839489e-07 1.171834741217260216e-06 9.945507966458077745e-07 -6.255199360719565986e-07 -9.179311963639072832e-07 -3.196213787503199635e-03 3.840892250964534276e-05 -1.870589674995896772e-04 -1.350591913080057931e-07 4.914755132990665748e-08 1.829126289955666231e-05 -1.221968473782027916e-08 3.043662529402081214e-08 -1.018631309383367582e-07 2.474016952921536538e-08 -1.234238344217264951e-07 7.433911965584836632e-06 1.354086385444198199e-06
-2.685423050225883419e-08 -8.773174572028033883e-08 -1.785418000396146993e-07 7.479933817071500076e-07 5.251983889548152893e-07 5.083025578951241678e-04 2.943811496732018017e-06 1.260759448275651941e-08 4.305158172124971537e-09 -6.989194375583886408e-10 -1.221968473782027916e-08 2.603493593264173574e-07 -4.171218813142412689e-09 1.363973559034769574e-08 -4.747643491889600216e-09 1.777363583326364550e-07 -3.501749881612408809e-07 4.387224356697846251e-07
-3.653072900958307118e-09 1.912336304559821197e-07 3.963055280429225049e-07 -7.107915153428020330e-07 4.331829334367256517e-07 -8.582723621573487994e-04 -2.951975153726327871e-05 -3.867273525436562272e-05 1.492738280063263255e-08 3.965655985371157446e-08 3.043662529402081214e-08 -4.171218813142412689e-09 8.051383276264333156e-06 -3.059078546183243256e-08 5.583524708098665661e-10 -1.501291243641319006e-07 2.895691616196617255e-06 4.092914118228537208e-07
-1.549535961527988303e-07 -6.637869020704762400e-07 -2.095659037604076860e-06 1.654542465795791252e-06 1.634742080311472610e-06 2.728148891353371006e-03 -2.951270808343532849e-05 9.343738013465319983e-05 5.975394705458460296e-08 3.505407534296598773e-08 -1.018631309383367582e-07 1.363973559034769574e-08 -3.059078546183243256e-08 2.209156761419536731e-05 -2.464634933868478712e-08 3.285893557996192150e-07 -6.090831102558033505e-06 1.227355246072829335e-06
1.180782778001234876e-07 2.054671748102115171e-07 5.317350441471186022e-07 -1.119340902592074713e-06 -2.131453912175723279e-06 -9.392297296391222084e-04 4.250965088472854309e-05 9.053337358879711043e-06 -5.385884135133477928e-08 -5.549540993312009162e-08 2.474016952921536538e-08 -4.747643491889600216e-09 5.583524708098665661e-10 -2.464634933868478712e-08 3.037758644515292774e-06 -2.692170880617207460e-07 -6.855985641177177045e-07 -1.657486083041474154e-06
