{
    "R": [
        [
            0.0026821463808668995,
            1.2931715983997136e-05,
            0.000809034031626899,
            0.0003197384409602691,
            -0.0010427166063572786,
            -0.22076770384741842,
            0.0009315570634112388,
            -0.014513312018235778,
            -7.083895831573535e-07,
            -3.2624520408819565e-05,
            -5.012823193411214e-08,
            1.6095903064047232e-05,
            -1.457813393871813e-06,
            -1.7975484392729246e-06,
            -9.732626935209e-08,
            0.0009479708508960697,
            0.00017291531167030688,
            -0.0017864536136194238
        ],
        [
            0.0,
            0.008981455263106312,
            0.0017668122842873892,
            0.00024018249052554328,
            -0.002168363310476499,
            0.19267618465880496,
            -0.004331579364762661,
            0.008426767638362278,
            -8.12532388721313e-06,
            -2.2513025634029282e-05,
            1.279666615040541e-06,
            -3.6299022302952994e-06,
            7.468888629763239e-06,
            4.902565920618309e-06,
            9.484242824905522e-08,
            -0.00013315428320877606,
            -0.00048306398897459524,
            0.00033704041631305335
        ],
        [
            0.0,
            0.0,
            0.6515796089262808,
            0.00015143667788874402,
            -0.0009820657609698553,
            0.05380184576990773,
            -0.0018659934914305302,
            0.0022300791918080163,
            -1.2823146973764003e-06,
            -1.0466513159714804e-05,
            4.4922811292098775e-07,
            7.091521807676581e-07,
            2.7990743418443944e-06,
            3.1836509401192957e-06,
            3.4778488056880134e-08,
            1.1506916685441113e-05,
            -0.00020129007839844552,
            -0.00012303520479906274
        ],
        [
            0.0,
            0.0,
            0.0,
            0.13274260824723252,
            -0.0004908608183902468,
            -0.05397183412317473,
            0.00010084741373982248,
            -0.015692558771182644,
            -1.0651519756641824e-06,
            -4.319158220504256e-06,
            1.0796589805984302e-08,
            5.481110735202198e-06,
            -8.776232920284416e-07,
            7.772971899844986e-06,
            -1.0358972993747514e-07,
            0.0007354078444989957,
            -0.00021579268823747216,
            -0.00015284169291532933
        ],
        [
            0.0,
            0.0,
            0.0,
            0.0,
            0.6485730150465953,
            -0.07916532167970476,
            0.002307974988436406,
            -0.005490591351827448,
            5.2349025950118075e-06,
            1.9678264519047935e-05,
            -7.546250966493916e-07,
            1.4457502072535357e-07,
            -4.297831814801555e-06,
            -2.6407799170884803e-07,
            -5.772053702923151e-08,
            4.193688286349852e-05,
            0.00018866344687618796,
            0.00012589910039110305
        ],
        [
            0.0,
            0.0,
            0.0,
            0.0,
            0.0,
            71.4124969962419,
            -0.0032729079624227086,
            0.015956305138285828,
            -5.5763920958118534e-06,
            4.564343527383908e-06,
            8.815122417979264e-07,
            -1.2842096818550574e-05,
            5.831785749642074e-06,
            2.636960749728483e-06,
            1.2968365553324748e-07,
            -0.000730564031818276,
            -0.00037662715966588553,
            0.0013316614104995652
        ],
        [
            0.0,
            0.0,
            0.0,
            0.0,
            0.0,
            0.0,
            1.142639654478347,
            -0.014723517335462486,
            4.411548068353151e-06,
            8.833730528360203e-06,
            -9.448047149448813e-07,
            7.166921062397161e-06,
            -6.236406481645111e-06,
            -2.1752414790001696e-06,
            -1.302279354675251e-07,
            0.0005466119173636463,
            0.00033790800320938506,
            -0.0005720212984639213
        ],
        [
            0.0,
            0.0,
            0.0,
            0.0,
            0.0,
            0.0,
            0.0,
            4.98664034802647,
            -2.3253465271773957e-06,
            -3.8980395126289075e-06,
            8.082766540294397e-07,
            -1.1120101645880639e-05,
            6.321020608933546e-06,
            -5.2598378194505e-06,
            2.1507186587552454e-07,
            -0.001181935998236174,
            -9.285405008321769e-05,
            0.0005904111409685652
        ],
        [
            0.0,
            0.0,
            0.0,
            0.0,
            0.0,
            0.0,
            0.0,
            0.0,
            0.005686211888231851,
            8.881604695212845e-06,
            -5.037091698329062e-07,
            2.829718821334476e-06,
            -2.3664523940809984e-06,
            9.797295221160732e-07,
            -1.6024579816348157e-08,
            -9.209363224026738e-07,
            0.0001107906439494391,
            -0.0003489547485004788
        ],
        [
            0.0,
            0.0,
            0.0,
            0.0,
            0.0,
            0.0,
            0.0,
            0.0,
            0.0,
            0.009121349280950816,
            -5.82690963663551e-07,
            -5.902093373578358e-06,
            -2.8253986493066807e-06,
            4.795357417172614e-06,
            -2.572596518851178e-08,
            -0.00021670701727180718,
            -5.104596837756104e-05,
            0.000919112971181676
        ],
        [
            0.0,
            0.0,
            0.0,
            0.0,
            0.0,
            0.0,
            0.0,
            0.0,
            0.0,
            0.0,
            0.0005662243507774052,
            -3.830088472719505e-06,
            3.701047599281574e-06,
            -2.4771016012152368e-08,
            6.150408599063287e-08,
            -0.00021265961383823732,
            -0.0001756346053932924,
            0.0003299650517521993
        ],
        [
            0.0,
            0.0,
            0.0,
            0.0,
            0.0,
            0.0,
            0.0,
            0.0,
            0.0,
            0.0,
            0.0,
            0.004484805244999121,
            -3.3787503967533263e-06,
            -1.2884620288267958e-06,
            -9.140052764397553e-08,
            0.0006472725313677882,
            0.00023342205010195977,
            -0.0012835907955172417
        ],
        [
            0.0,
            0.0,
            0.0,
            0.0,
            0.0,
            0.0,
            0.0,
            0.0,
            0.0,
            0.0,
            0.0,
            0.0,
            0.001474384057521883,
            -4.0809364501431675e-08,
            1.8039339358259515e-07,
            -0.0007445593970317505,
            -0.0004017199933714298,
            0.0007877271680220432
        ],
        [
            0.0,
            0.0,
            0.0,
            0.0,
            0.0,
            0.0,
            0.0,
            0.0,
            0.0,
            0.0,
            0.0,
            0.0,
            0.0,
            0.004970309416868091,
            -2.9608308955336018e-08,
            0.00015144390416844418,
            -0.00022770102920481808,
            0.0004119032751257773
        ],
        [
            0.0,
            0.0,
            0.0,
            0.0,
            0.0,
            0.0,
            0.0,
            0.0,
            0.0,
            0.0,
            0.0,
            0.0,
            0.0,
            0.0,
            4.383531260310234e-05,
            -0.001002210011950741,
            -0.00013635803924461225,
            0.00047940537593163047
        ],
        [
            0.0,
            0.0,
            0.0,
            0.0,
            0.0,
            0.0,
            0.0,
            0.0,
            0.0,
            0.0,
            0.0,
            0.0,
            0.0,
            0.0,
            0.0,
            0.47107966598973255,
            4.659785217348449e-05,
            -0.00043153403187124774
        ],
        [
            0.0,
            0.0,
            0.0,
            0.0,
            0.0,
            0.0,
            0.0,
            0.0,
            0.0,
            0.0,
            0.0,
            0.0,
            0.0,
            0.0,
            0.0,
            0.0,
            0.10826467730806576,
            -0.001360402553210386
        ],
        [
            0.0,
            0.0,
            0.0,
            0.0,
            0.0,
            0.0,
            0.0,
            0.0,
            0.0,
            0.0,
            0.0,
            0.0,
            0.0,
            0.0,
            0.0,
            0.0,
            0.0,
            0.4138566163277974
        ]
    ],
    "RDR": [
        [
            [
                0.0026821463808668995,
                1.2931715983997136e-05,
                0.000809034031626899,
                0.0003197384409602691,
                -0.0010427166063572786,
                -0.22076770384741842,
                0.0009315570634112388,
                -0.014513312018235778,
                -7.083895831573535e-07,
                -3.2624520408819565e-05,
                -5.012823193411214e-08,
                1.6095903064047232e-05,
                -1.457813393871813e-06,
                -1.7975484392729246e-06,
                -9.732626935209e-08,
                0.0009479708508960697,
                0.00017291531167030688,
                -0.0017864536136194238
            ],
            [
                0.0,
                0.008981455263106312,
                0.0017668122842873892,
                0.00024018249052554328,
                -0.002168363310476499,
                0.19267618465880496,
                -0.004331579364762661,
                0.008426767638362278,
                -8.12532388721313e-06,
                -2.2513025634029282e-05,
                1.279666615040541e-06,
                -3.6299022302952994e-06,
                7.468888629763239e-06,
                4.902565920618309e-06,
                9.484242824905522e-08,
                -0.00013315428320877606,
                -0.00048306398897459524,
                0.00033704041631305335
            ],
            [
                0.0,
                0.0,
                0.6515796089262808,
                0.00015143667788874402,
                -0.0009820657609698553,
                0.05380184576990773,
                -0.0018659934914305302,
                0.0022300791918080163,
                -1.2823146973764003e-06,
                -1.0466513159714804e-05,
                4.4922811292098775e-07,
                7.091521807676581e-07,
                2.7990743418443944e-06,
                3.1836509401192957e-06,
                3.4778488056880134e-08,
                1.1506916685441113e-05,
                -0.00020129007839844552,
                -0.00012303520479906274
            ],
            [
                0.0,
                0.0,
                0.0,
                0.13274260824723252,
                -0.0004908608183902468,
                -0.05397183412317473,
                0.00010084741373982248,
                -0.015692558771182644,
                -1.0651519756641824e-06,
                -4.319158220504256e-06,
                1.0796589805984302e-08,
                5.481110735202198e-06,
                -8.776232920284416e-07,
                7.772971899844986e-06,
                -1.0358972993747514e-07,
                0.0007354078444989957,
                -0.00021579268823747216,
                -0.00015284169291532933
            ],
            [
                0.0,
                0.0,
                0.0,
                0.0,
                0.6485730150465953,
                -0.07916532167970476,
                0.002307974988436406,
                -0.005490591351827448,
                5.2349025950118075e-06,
                1.9678264519047935e-05,
                -7.546250966493916e-07,
                1.4457502072535357e-07,
                -4.297831814801555e-06,
                -2.6407799170884803e-07,
                -5.772053702923151e-08,
                4.193688286349852e-05,
                0.00018866344687618796,
                0.00012589910039110305
            ],
            [
                0.0,
                0.0,
                0.0,
                0.0,
                0.0,
                71.4124969962419,
                -0.0032729079624227086,
                0.015956305138285828,
                -5.5763920958118534e-06,
                4.564343527383908e-06,
                8.815122417979264e-07,
                -1.2842096818550574e-05,
                5.831785749642074e-06,
                2.636960749728483e-06,
                1.2968365553324748e-07,
                -0.000730564031818276,
                -0.00037662715966588553,
                0.0013316614104995652
            ],
            [
                0.0,
                0.0,
                0.0,
                0.0,
                0.0,
                0.0,
                1.142639654478347,
                -0.014723517335462486,
                4.411548068353151e-06,
                8.833730528360203e-06,
                -9.448047149448813e-07,
                7.166921062397161e-06,
                -6.236406481645111e-06,
                -2.1752414790001696e-06,
                -1.302279354675251e-07,
                0.0005466119173636463,
                0.00033790800320938506,
                -0.0005720212984639213
            ],
            [
                0.0,
                0.0,
                0.0,
                0.0,
                0.0,
                0.0,
                0.0,
                4.98664034802647,
                -2.3253465271773957e-06,
                -3.8980395126289075e-06,
                8.082766540294397e-07,
                -1.1120101645880639e-05,
                6.321020608933546e-06,
                -5.2598378194505e-06,
                2.1507186587552454e-07,
                -0.001181935998236174,
                -9.285405008321769e-05,
                0.0005904111409685652
            ],
            [
                0.0,
                0.0,
                0.0,
                0.0,
                0.0,
                0.0,
                0.0,
                0.0,
                0.005686211888231851,
                8.881604695212845e-06,
                -5.037091698329062e-07,
                2.829718821334476e-06,
                -2.3664523940809984e-06,
                9.797295221160732e-07,
                -1.6024579816348157e-08,
                -9.209363224026738e-07,
                0.0001107906439494391,
                -0.0003489547485004788
            ],
            [
                0.0,
                0.0,
                0.0,
                0.0,
                0.0,
                0.0,
                0.0,
                0.0,
                0.0,
                0.009121349280950816,
                -5.82690963663551e-07,
                -5.902093373578358e-06,
                -2.8253986493066807e-06,
                4.795357417172614e-06,
                -2.572596518851178e-08,
                -0.00021670701727180718,
                -5.104596837756104e-05,
                0.000919112971181676
            ],
            [
                0.0,
                0.0,
                0.0,
                0.0,
                0.0,
                0.0,
                0.0,
                0.0,
                0.0,
                0.0,
                0.0005662243507774052,
                -3.830088472719505e-06,
                3.701047599281574e-06,
                -2.4771016012152368e-08,
                6.150408599063287e-08,
                -0.00021265961383823732,
                -0.0001756346053932924,
                0.0003299650517521993
            ],
            [
                0.0,
                0.0,
                0.0,
                0.0,
                0.0,
                0.0,
                0.0,
                0.0,
                0.0,
                0.0,
                0.0,
                0.004484805244999121,
                -3.3787503967533263e-06,
                -1.2884620288267958e-06,
                -9.140052764397553e-08,
                0.0006472725313677882,
                0.00023342205010195977,
                -0.0012835907955172417
            ],
            [
                0.0,
                0.0,
                0.0,
                0.0,
                0.0,
                0.0,
                0.0,
                0.0,
                0.0,
                0.0,
                0.0,
                0.0,
                0.001474384057521883,
                -4.0809364501431675e-08,
                1.8039339358259515e-07,
                -0.0007445593970317505,
                -0.0004017199933714298,
                0.0007877271680220432
            ],
            [
                0.0,
                0.0,
                0.0,
                0.0,
                0.0,
                0.0,
                0.0,
                0.0,
                0.0,
                0.0,
                0.0,
                0.0,
                0.0,
                0.004970309416868091,
                -2.9608308955336018e-08,
                0.00015144390416844418,
                -0.00022770102920481808,
                0.0004119032751257773
            ],
            [
                0.0,
                0.0,
                0.0,
                0.0,
                0.0,
                0.0,
                0.0,
                0.0,
                0.0,
                0.0,
                0.0,
                0.0,
                0.0,
                0.0,
                4.383531260310234e-05,
                -0.001002210011950741,
                -0.00013635803924461225,
                0.00047940537593163047
            ],
            [
                0.0,
                0.0,
                0.0,
                0.0,
                0.0,
                0.0,
                0.0,
                0.0,
                0.0,
                0.0,
                0.0,
                0.0,
                0.0,
                0.0,
                0.0,
                0.47107966598973255,
                4.659785217348449e-05,
                -0.00043153403187124774
            ],
            [
                0.0,
                0.0,
                0.0,
                0.0,
                0.0,
                0.0,
                0.0,
                0.0,
                0.0,
                0.0,
                0.0,
                0.0,
                0.0,
                0.0,
                0.0,
                0.0,
                0.10826467730806576,
                -0.001360402553210386
            ],
            [
                0.0,
                0.0,
                0.0,
                0.0,
                0.0,
                0.0,
                0.0,
                0.0,
                0.0,
                0.0,
                0.0,
                0.0,
                0.0,
                0.0,
                0.0,
                0.0,
                0.0,
                0.4138566163277974
            ]
        ],
        [
            [
                0.0005364292761733799,
                2.5863431967994273e-06,
                0.00016180680632537983,
                6.394768819205382e-05,
                -0.00020854332127145573,
                -0.04415354076948369,
                0.00018631141268224776,
                -0.002902662403647156,
                -1.416779166314707e-07,
                -6.5249040817639135e-06,
                -1.0025646386822429e-08,
                3.2191806128094467e-06,
                -2.9156267877436263e-07,
                -3.5950968785458493e-07,
                -1.9465253870418002e-08,
                0.00018959417017921394,
                3.458306233406138e-05,
                -0.00035729072272388477
            ],
            [
                0.0,
                0.0017962910526212626,
                0.00035336245685747787,
                4.803649810510866e-05,
                -0.00043367266209529983,
                0.038535236931760995,
                -0.0008663158729525323,
                0.0016853535276724558,
                -1.625064777442626e-06,
                -4.502605126805856e-06,
                2.559333230081082e-07,
                -7.259804460590599e-07,
                1.493777725952648e-06,
                9.805131841236619e-07,
                1.8968485649811044e-08,
                -2.6630856641755213e-05,
                -9.661279779491905e-05,
                6.740808326261068e-05
            ],
            [
                0.0,
                0.0,
                0.13031592178525617,
                3.0287335577748806e-05,
                -0.00019641315219397107,
                0.010760369153981547,
                -0.00037319869828610606,
                0.0004460158383616033,
                -2.5646293947528006e-07,
                -2.093302631942961e-06,
                8.984562258419755e-08,
                1.4183043615353162e-07,
                5.598148683688789e-07,
                6.367301880238592e-07,
                6.955697611376027e-09,
                2.301383337088223e-06,
                -4.025801567968911e-05,
                -2.4607040959812548e-05
            ],
            [
                0.0,
                0.0,
                0.0,
                0.026548521649446506,
                -9.817216367804937e-05,
                -0.010794366824634947,
                2.0169482747964497e-05,
                -0.003138511754236529,
                -2.130303951328365e-07,
                -8.638316441008512e-07,
                2.1593179611968604e-09,
                1.0962221470404396e-06,
                -1.7552465840568834e-07,
                1.5545943799689974e-06,
                -2.071794598749503e-08,
                0.00014708156889979915,
                -4.315853764749443e-05,
                -3.056833858306587e-05
            ],
            [
                0.0,
                0.0,
                0.0,
                0.0,
                0.12971460300931906,
                -0.015833064335940953,
                0.0004615949976872812,
                -0.0010981182703654897,
                1.0469805190023616e-06,
                3.9356529038095875e-06,
                -1.5092501932987833e-07,
                2.8915004145070717e-08,
                -8.595663629603111e-07,
                -5.281559834176961e-08,
                -1.1544107405846303e-08,
                8.387376572699704e-06,
                3.77326893752376e-05,
                2.517982007822061e-05
            ],
            [
                0.0,
                0.0,
                0.0,
                0.0,
                0.0,
                14.28249939924838,
                -0.0006545815924845418,
                0.0031912610276571655,
                -1.1152784191623708e-06,
                9.128687054767817e-07,
                1.7630244835958528e-07,
                -2.568419363710115e-06,
                1.1663571499284149e-06,
                5.273921499456966e-07,
                2.5936731106649498e-08,
                -0.0001461128063636552,
                -7.53254319331771e-05,
                0.000266332282099913
            ],
            [
                0.0,
                0.0,
                0.0,
                0.0,
                0.0,
                0.0,
                0.22852793089566942,
                -0.0029447034670924974,
                8.823096136706303e-07,
                1.7667461056720406e-06,
                -1.889609429889763e-07,
                1.4333842124794323e-06,
                -1.2472812963290221e-06,
                -4.350482958000339e-07,
                -2.604558709350502e-08,
                0.00010932238347272927,
                6.758160064187702e-05,
                -0.00011440425969278426
            ],
            [
                0.0,
                0.0,
                0.0,
                0.0,
                0.0,
                0.0,
                0.0,
                0.9973280696052941,
                -4.6506930543547916e-07,
                -7.796079025257815e-07,
                1.6165533080588793e-07,
                -2.224020329176128e-06,
                1.2642041217867093e-06,
                -1.0519675638901e-06,
                4.301437317510491e-08,
                -0.0002363871996472348,
                -1.857081001664354e-05,
                0.00011808222819371304
            ],
            [
                0.0,
                0.0,
                0.0,
                0.0,
                0.0,
                0.0,
                0.0,
                0.0,
                0.0011372423776463702,
                1.776320939042569e-06,
                -1.0074183396658124e-07,
                5.659437642668952e-07,
                -4.732904788161997e-07,
                1.9594590442321466e-07,
                -3.2049159632696315e-09,
                -1.8418726448053477e-07,
                2.2158128789887822e-05,
                -6.979094970009575e-05
            ],
            [
                0.0,
                0.0,
                0.0,
                0.0,
                0.0,
                0.0,
                0.0,
                0.0,
                0.0,
                0.0018242698561901631,
                -1.165381927327102e-07,
                -1.1804186747156716e-06,
                -5.650797298613362e-07,
                9.590714834345229e-07,
                -5.145193037702356e-09,
                -4.3341403454361436e-05,
                -1.0209193675512209e-05,
                0.0001838225942363352
            ],
            [
                0.0,
                0.0,
                0.0,
                0.0,
                0.0,
                0.0,
                0.0,
                0.0,
                0.0,
                0.0,
                0.00011324487015548105,
                -7.66017694543901e-07,
                7.402095198563148e-07,
                -4.954203202430474e-09,
                1.2300817198126575e-08,
                -4.2531922767647466e-05,
                -3.5126921078658476e-05,
                6.599301035043987e-05
            ],
            [
                0.0,
                0.0,
                0.0,
                0.0,
                0.0,
                0.0,
                0.0,
                0.0,
                0.0,
                0.0,
                0.0,
                0.0008969610489998243,
                -6.757500793506653e-07,
                -2.576924057653592e-07,
                -1.8280105528795108e-08,
                0.00012945450627355765,
                4.6684410020391956e-05,
                -0.00025671815910344837
            ],
            [
                0.0,
                0.0,
                0.0,
                0.0,
                0.0,
                0.0,
                0.0,
                0.0,
                0.0,
                0.0,
                0.0,
                0.0,
                0.0002948768115043766,
                -8.161872900286335e-09,
                3.607867871651903e-08,
                -0.0001489118794063501,
                -8.034399867428597e-05,
                0.00015754543360440865
            ],
            [
                0.0,
                0.0,
                0.0,
                0.0,
                0.0,
                0.0,
                0.0,
                0.0,
                0.0,
                0.0,
                0.0,
                0.0,
                0.0,
                0.0009940618833736183,
                -5.9216617910672035e-09,
                3.0288780833688837e-05,
                -4.554020584096362e-05,
                8.238065502515546e-05
            ],
            [
                0.0,
                0.0,
                0.0,
                0.0,
                0.0,
                0.0,
                0.0,
                0.0,
                0.0,
                0.0,
                0.0,
                0.0,
                0.0,
                0.0,
                8.767062520620468e-06,
                -0.00020044200239014822,
                -2.727160784892245e-05,
                9.58810751863261e-05
            ],
            [
                0.0,
                0.0,
                0.0,
                0.0,
                0.0,
                0.0,
                0.0,
                0.0,
                0.0,
                0.0,
                0.0,
                0.0,
                0.0,
                0.0,
                0.0,
                0.09421593319794652,
                9.319570434696898e-06,
                -8.630680637424956e-05
            ],
            [
                0.0,
                0.0,
                0.0,
                0.0,
                0.0,
                0.0,
                0.0,
                0.0,
                0.0,
                0.0,
                0.0,
                0.0,
                0.0,
                0.0,
                0.0,
                0.0,
                0.021652935461613152,
                -0.00027208051064207724
            ],
            [
                0.0,
                0.0,
                0.0,
                0.0,
                0.0,
                0.0,
                0.0,
                0.0,
                0.0,
                0.0,
                0.0,
                0.0,
                0.0,
                0.0,
                0.0,
                0.0,
                0.0,
                0.08277132326555948
            ]
        ]
    ],
    "allnames": [
        "m1_flow_nominal",
        "m2_flow_nominal",
        "tau1",
        "tau2",
        "tau_m",
        "nominalUa.hasValue",
        "workingPressure.hasValue",
        "flowCoefficient.hasValue",
        "waterFlowRateMax",
        "c1",
        "c2",
        "c3",
        "c4",
        "eps_motor",
        "f_motorToAir",
        "kp",
        "Ti",
        "Td"
    ],
    "alpha_count": 1371,
    "cov": [
        [
            0.00011247206248839746,
            0.00011047747804123104,
            0.019411102459816098,
            0.0010920477842884554,
            0.0013392983192205045,
            -0.42655992462032044,
            0.04191319207534291,
            -0.08865367458080287,
            -5.9721294326207415e-05,
            0.0006897788958465906,
            -2.2351024071269344e-05,
            -0.0002590420419525031,
            0.00012733653430192456,
            4.148309518032154e-05,
            -2.795627748448109e-06,
            0.005190890021331873,
            0.0008745794556258862,
            -0.0030502193463461825
        ],
        [
            0.00011047747804123104,
            0.04255194747707353,
            -2.434029168037776,
            0.5653844196670735,
            0.42772217603682594,
            -285.5475760627658,
            2.896896525872126,
            -14.800264376558436,
            -0.011831901313687408,
            0.07221170950405895,
            0.001900923821271182,
            0.002886924357167495,
            0.004303938711904431,
            -0.010704620787922047,
            -8.413123970219024e-05,
            2.296509548021014,
            0.8209439960518786,
            0.5079729559054988
        ],
        [
            0.019411102459816098,
            -2.434029168037776,
            177.8357209468882,
            -34.0350892209849,
            -26.260169148152958,
            17769.735505183042,
            -149.83481374744423,
            933.5237048745071,
            0.8337839765635339,
            -3.9893914381336577,
            -0.15226290310790183,
            -0.4400284196088084,
            -0.17245837579804532,
            0.7464000990290195,
            0.0030621261129425677,
            -140.27808556739106,
            -51.5012512039817,
            -30.527647961192482
        ],
        [
            0.0010920477842884554,
            0.5653844196670735,
            -34.0350892209849,
            8.335213566993707,
            6.779772109956679,
            -4077.8837661407924,
            40.53761518054171,
            -202.2929774398989,
            -0.18102082697387784,
            1.008821225043478,
            0.02750486252206623,
            0.03754614447463897,
            0.05966746730809762,
            -0.15825763049545333,
            -0.0011761676398227908,
            31.63883976216799,
            11.685065939624424,
            7.578741550330383
        ],
        [
            0.0013392983192205045,
            0.42772217603682594,
            -26.260169148152958,
            6.779772109956679,
            39.1476321806232,
            -4554.346103393617,
            34.55424913175739,
            -206.82924201105695,
            -0.22334261896483434,
            1.0590067544052515,
            0.047040488086498224,
            0.24000323142717334,
            0.04890064991554351,
            -0.026552108367411502,
            -0.0013275188519639605,
            22.95952631204682,
            8.432219420808016,
            -5.133155260352536
        ],
        [
            -0.42655992462032044,
            -285.5475760627658,
            17769.735505183042,
            -4077.8837661407924,
            -4554.346103393617,
            2174080.245598171,
            -19955.539587052626,
            104719.69287522738,
            92.23130095865588,
            -510.4415717921916,
            -15.578447134563772,
            -40.96506188109795,
            -27.498416862823152,
            69.72712407121256,
            0.5390746828622577,
            -15878.102121995851,
            -5674.242408584582,
            -3123.714753832346
        ],
        [
            0.04191319207534291,
            2.896896525872126,
            -149.83481374744423,
            40.53761518054171,
            34.55424913175739,
            -19955.539587052626,
            246.04744351774588,
            -1027.348215059465,
            -0.8313394377447626,
            5.432441300377968,
            0.10193849886659374,
            -0.03198361497310526,
            0.387994174798046,
            -0.6960599533341355,
            -0.007408843226053911,
            160.22936387814352,
            56.857755507582134,
            34.796548858135836
        ],
        [
            -0.08865367458080287,
            -14.800264376558436,
            933.5237048745071,
            -202.2929774398989,
            -206.82924201105695,
            104719.69287522738,
            -1027.348215059465,
            6032.1940042682445,
            5.016602938891276,
            -26.167486362423837,
            -0.7823603316242231,
            -1.658060786130872,
            -1.5245510363421912,
            3.9735077854391156,
            0.02989385352654612,
            -820.3757546570596,
            -302.4750832480226,
            -158.35260182646624
        ],
        [
            -5.9721294326207415e-05,
            -0.011831901313687408,
            0.8337839765635339,
            -0.18102082697387784,
            -0.22334261896483434,
            92.23130095865588,
            -0.8313394377447626,
            5.016602938891276,
            0.0056610611257764225,
            -0.02215110685808026,
            -0.0007538152003223665,
            -0.0017976677182569773,
            -0.0013546048368110863,
            0.0039531087124984885,
            2.3931124470889272e-05,
            -0.6879195158914533,
            -0.27234166252306874,
            -0.15984202890051707
        ],
        [
            0.0006897788958465906,
            0.07221170950405895,
            -3.9893914381336577,
            1.008821225043478,
            1.0590067544052515,
            -510.4415717921916,
            5.432441300377968,
            -26.167486362423837,
            -0.02215110685808026,
            0.1329206454963529,
            0.003186119691258342,
            0.004031257088222991,
            0.008579788282036066,
            -0.017203797028956132,
            -0.00017132509017102606,
            3.9465093597584184,
            1.420196365617621,
            0.7939073477002172
        ],
        [
            -2.2351024071269344e-05,
            0.001900923821271182,
            -0.15226290310790183,
            0.02750486252206623,
            0.047040488086498224,
            -15.578447134563772,
            0.10193849886659374,
            -0.7823603316242231,
            -0.0007538152003223665,
            0.003186119691258342,
            0.00016691366069372654,
            0.0006700106777012957,
            8.617425566010869e-05,
            -0.0005445674260550963,
            -1.908704179562055e-06,
            0.10968931215468557,
            0.040818292749017854,
            0.016214053724139615
        ],
        [
            -0.0002590420419525031,
            0.002886924357167495,
            -0.4400284196088084,
            0.03754614447463897,
            0.24000323142717334,
            -40.96506188109795,
            -0.03198361497310526,
            -1.658060786130872,
            -0.0017976677182569773,
            0.004031257088222991,
            0.0006700106777012957,
            0.005058835348491478,
            -0.0005711431458668311,
            -9.493851000313474e-05,
            1.2444516559601496e-05,
            0.17548522941800618,
            0.050888805426236194,
            -0.051958196256629945
        ],
        [
            0.00012733653430192456,
            0.004303938711904431,
            -0.17245837579804532,
            0.05966746730809762,
            0.04890064991554351,
            -27.498416862823152,
            0.387994174798046,
            -1.5245510363421912,
            -0.0013546048368110863,
            0.008579788282036066,
            8.617425566010869e-05,
            -0.0005711431458668311,
            0.0007936327647671204,
            -0.0010221244755893185,
            -1.4894159004928903e-05,
            0.22774227583442833,
            0.08384871401095124,
            0.05734851890579836
        ],
        [
            4.148309518032154e-05,
            -0.010704620787922047,
            0.7464000990290195,
            -0.15825763049545333,
            -0.026552108367411502,
            69.72712407121256,
            -0.6960599533341355,
            3.9735077854391156,
            0.0039531087124984885,
            -0.017203797028956132,
            -0.0005445674260550963,
            -9.493851000313474e-05,
            -0.0010221244755893185,
            0.004806908738298623,
            1.7519821783121725e-05,
            -0.6432043377234697,
            -0.25620923812268276,
            -0.2140238615905924
        ],
        [
            -2.795627748448109e-06,
            -8.413123970219024e-05,
            0.0030621261129425677,
            -0.0011761676398227908,
            -0.0013275188519639605,
            0.5390746828622577,
            -0.007408843226053911,
            0.02989385352654612,
            2.3931124470889272e-05,
            -0.00017132509017102606,
            -1.908704179562055e-06,
            1.2444516559601496e-05,
            -1.4894159004928903e-05,
            1.7519821783121725e-05,
            3.466218524612962e-07,
            -0.00430539366310664,
            -0.0016218458581078725,
            -0.0008817361506367684
        ],
        [
            0.005190890021331873,
            2.296509548021014,
            -140.27808556739106,
            31.63883976216799,
