{
    "R": [
        [
            0.008235052672079331,
            1.386515314934342e-05,
            0.005629752990509736,
            5.7283758349615546e-05,
            0.001043029278591635,
            -0.044208914290189166,
            -0.13085327542709752,
            -0.06143961532698862,
            6.574166483875712e-06,
            4.04402913855333e-06,
            -4.605930252947718e-06,
            -2.6593401701740622e-06,
            -4.394678245368937e-06,
            8.515223193368571e-06,
            2.615546689877759e-06,
            0.00013711522540998854,
            1.982042194675952e-06,
            -6.014023062437648e-05
        ],
        [
            0.0,
            0.049026228469830464,
            0.00015524238242798293,
            1.1038472634904072e-05,
            -0.0001229549154051718,
            -0.020247562411806464,
            -0.009504215953487341,
            -0.03844362327487166,
            7.54047062514923e-06,
            -1.6525940422525931e-06,
            -3.287350151013887e-06,
            1.0327358708432613e-06,
            -1.9121787031349205e-06,
            1.7105784591318272e-07,
            3.174571714356574e-07,
            -6.95077667728779e-05,
            -3.810141206784681e-05,
            3.4044401351730016e-05
        ],
        [
            0.0,
            0.0,
            1.7541311675760316,
            6.670815421521116e-05,
            0.00043762064937993085,
            -0.048638162682884095,
            -0.0705197485686467,
            -0.024569662990019496,
            3.3355338271761176e-05,
            4.543399745685021e-06,
            -1.096043705194324e-06,
            3.1956402812457372e-06,
            -2.6633148679546385e-06,
            2.2137576241466532e-05,
            1.4205559986566975e-06,
            -3.457557220614405e-05,
            -6.710067368806289e-05,
            0.00011831667238630294
        ],
        [
            0.0,
            0.0,
            0.0,
            0.09690827121494053,
            5.535867225522549e-05,
            0.24846500493876586,
            -0.014002524247341068,
            -0.25279376971822104,
            -2.900738163939377e-05,
            -1.4576799677608737e-06,
            -3.438951207559633e-06,
            -6.2623369106426655e-06,
            -7.165504285600951e-06,
            -2.672209735502495e-06,
            1.8208561078570654e-07,
            0.0009600952641566616,
            0.00012802256621430837,
            -0.0004770472053849669
        ],
        [
            0.0,
            0.0,
            0.0,
            0.0,
            0.41924230819347186,
            0.033212441128146156,
            -0.08095713113065257,
            0.01461353719536302,
            -2.938311274010423e-05,
            4.9370916946946715e-06,
            2.158649164014253e-06,
            -7.16101436717774e-06,
            3.800832752461842e-07,
            -4.493809050946216e-06,
            1.3495594564633563e-06,
            0.00035249432445488057,
            0.00012504540526165828,
            -0.0002260503470612441
        ],
        [
            0.0,
            0.0,
            0.0,
            0.0,
            0.0,
            75.09725331230683,
            0.012509108033050142,
            -0.25183078486331545,
            -6.181562545637895e-05,
            -9.308055245283918e-07,
            5.476775710976806e-07,
            -1.112516032774535e-05,
            -5.3445872434116496e-06,
            -1.2787411470513565e-05,
            -5.658892514056084e-07,
            0.0013244569196629646,
            0.0002466230393496989,
            -0.0007036191557561736
        ],
        [
            0.0,
            0.0,
            0.0,
            0.0,
            0.0,
            0.0,
            39.010236581327014,
            0.053100224985192776,
            5.610232742584046e-06,
            -2.3600186640448485e-06,
            4.116649287963141e-06,
            3.785349765966989e-06,
            3.400456559397083e-06,
            -5.137374065027774e-07,
            -2.0569263933212424e-06,
            -0.0001545415723545769,
            -2.692413728189944e-05,
            0.00010457112804644423
        ],
        [
            0.0,
            0.0,
            0.0,
            0.0,
            0.0,
            0.0,
            0.0,
            51.15985554718184,
            4.2522524574730195e-05,
            6.566986477022025e-06,
            1.259037272743094e-05,
            9.670161320181914e-06,
            1.519606326087005e-05,
            1.0506982791495726e-05,
            -9.019032949083168e-07,
            -0.0014411708729252385,
            -0.00015429330504945828,
            0.0007529103427375318
        ],
        [
            0.0,
            0.0,
            0.0,
            0.0,
            0.0,
            0.0,
            0.0,
            0.0,
            0.02212240906544717,
            -3.5574021641904485e-07,
            -2.0282923805538986e-06,
            1.1058017685865262e-05,
            1.0180976663596803e-06,
            1.9327985365687292e-05,
            1.1771033581125411e-07,
            -0.0008468357487388787,
            -0.00022249685565103324,
            0.0005215934640648945
        ],
        [
            0.0,
            0.0,
            0.0,
            0.0,
            0.0,
            0.0,
            0.0,
            0.0,
            0.0,
            0.0023684775172090025,
            8.384808204601862e-06,
            -1.6746510865091818e-06,
            4.823548094952526e-06,
            9.769445740687608e-06,
            4.2822568091301297e-07,
            2.5858108855623607e-05,
            6.381250034180131e-05,
            2.103191969125334e-05
        ],
        [
            0.0,
            0.0,
            0.0,
            0.0,
            0.0,
            0.0,
            0.0,
            0.0,
            0.0,
            0.0,
            0.005385673398126039,
            -5.397807155959797e-07,
            5.152887910122312e-06,
            1.7510258655262067e-06,
            -8.436275205850906e-07,
            -6.409310688630357e-06,
            5.2946320728104466e-05,
            1.6287177878755845e-05
        ],
        [
            0.0,
            0.0,
            0.0,
            0.0,
            0.0,
            0.0,
            0.0,
            0.0,
            0.0,
            0.0,
            0.0,
            0.005157714512907913,
            1.8071357790631816e-06,
            1.3455022826760909e-05,
            -3.3220235845466124e-07,
            -0.0006985611837336075,
            -0.00017260894552070853,
            0.00042238166268484086
        ],
        [
            0.0,
            0.0,
            0.0,
            0.0,
            0.0,
            0.0,
            0.0,
            0.0,
            0.0,
            0.0,
            0.0,
            0.0,
            0.0017649226776687247,
            3.085135059974718e-06,
            -1.7806004171462446e-06,
            -0.0009560094763294508,
            -3.906024159492233e-05,
            0.0004874664509923896
        ],
        [
            0.0,
            0.0,
            0.0,
            0.0,
            0.0,
            0.0,
            0.0,
            0.0,
            0.0,
            0.0,
            0.0,
            0.0,
            0.0,
            0.004120452883007768,
            3.1209960379130425e-07,
            -0.0009020396785293091,
            -0.0002916569383380295,
            0.0007048600511665147
        ],
        [
            0.0,
            0.0,
            0.0,
            0.0,
            0.0,
            0.0,
            0.0,
            0.0,
            0.0,
            0.0,
            0.0,
            0.0,
            0.0,
            0.0,
            0.0006224390486951397,
            3.0976418108523006e-05,
            -1.6154125458391734e-05,
            -4.2670311934572834e-05
        ],
        [
            0.0,
            0.0,
            0.0,
            0.0,
            0.0,
            0.0,
            0.0,
            0.0,
            0.0,
            0.0,
            0.0,
            0.0,
            0.0,
            0.0,
            0.0,
            0.33943739018409086,
            0.00021964331523716626,
            -0.0006171737641629815
        ],
        [
            0.0,
            0.0,
            0.0,
            0.0,
            0.0,
            0.0,
            0.0,
            0.0,
            0.0,
            0.0,
            0.0,
            0.0,
            0.0,
            0.0,
            0.0,
            0.0,
            0.07010855862992393,
            -0.0006136239086004142
        ],
        [
            0.0,
            0.0,
            0.0,
            0.0,
            0.0,
            0.0,
            0.0,
            0.0,
            0.0,
            0.0,
            0.0,
            0.0,
            0.0,
            0.0,
            0.0,
            0.0,
            0.0,
            0.2957903478390646
        ]
    ],
    "RDR": [
        [
            [
                0.008235052672079331,
                1.386515314934342e-05,
                0.005629752990509736,
                5.7283758349615546e-05,
                0.001043029278591635,
                -0.044208914290189166,
                -0.13085327542709752,
                -0.06143961532698862,
                6.574166483875712e-06,
                4.04402913855333e-06,
                -4.605930252947718e-06,
                -2.6593401701740622e-06,
                -4.394678245368937e-06,
                8.515223193368571e-06,
                2.615546689877759e-06,
                0.00013711522540998854,
                1.982042194675952e-06,
                -6.014023062437648e-05
            ],
            [
                0.0,
                0.049026228469830464,
                0.00015524238242798293,
                1.1038472634904072e-05,
                -0.0001229549154051718,
                -0.020247562411806464,
                -0.009504215953487341,
                -0.03844362327487166,
                7.54047062514923e-06,
                -1.6525940422525931e-06,
                -3.287350151013887e-06,
                1.0327358708432613e-06,
                -1.9121787031349205e-06,
                1.7105784591318272e-07,
                3.174571714356574e-07,
                -6.95077667728779e-05,
                -3.810141206784681e-05,
                3.4044401351730016e-05
            ],
            [
                0.0,
                0.0,
                1.7541311675760316,
                6.670815421521116e-05,
                0.00043762064937993085,
                -0.048638162682884095,
                -0.0705197485686467,
                -0.024569662990019496,
                3.3355338271761176e-05,
                4.543399745685021e-06,
                -1.096043705194324e-06,
                3.1956402812457372e-06,
                -2.6633148679546385e-06,
                2.2137576241466532e-05,
                1.4205559986566975e-06,
                -3.457557220614405e-05,
                -6.710067368806289e-05,
                0.00011831667238630294
            ],
            [
                0.0,
                0.0,
                0.0,
                0.09690827121494053,
                5.535867225522549e-05,
                0.24846500493876586,
                -0.014002524247341068,
                -0.25279376971822104,
                -2.900738163939377e-05,
                -1.4576799677608737e-06,
                -3.438951207559633e-06,
                -6.2623369106426655e-06,
                -7.165504285600951e-06,
                -2.672209735502495e-06,
                1.8208561078570654e-07,
                0.0009600952641566616,
                0.00012802256621430837,
                -0.0004770472053849669
            ],
            [
                0.0,
                0.0,
                0.0,
                0.0,
                0.41924230819347186,
                0.033212441128146156,
                -0.08095713113065257,
                0.01461353719536302,
                -2.938311274010423e-05,
                4.9370916946946715e-06,
                2.158649164014253e-06,
                -7.16101436717774e-06,
                3.800832752461842e-07,
                -4.493809050946216e-06,
                1.3495594564633563e-06,
                0.00035249432445488057,
                0.00012504540526165828,
                -0.0002260503470612441
            ],
            [
                0.0,
                0.0,
                0.0,
                0.0,
                0.0,
                75.09725331230683,
                0.012509108033050142,
                -0.25183078486331545,
                -6.181562545637895e-05,
                -9.308055245283918e-07,
                5.476775710976806e-07,
                -1.112516032774535e-05,
                -5.3445872434116496e-06,
                -1.2787411470513565e-05,
                -5.658892514056084e-07,
                0.0013244569196629646,
                0.0002466230393496989,
                -0.0007036191557561736
            ],
            [
                0.0,
                0.0,
                0.0,
                0.0,
                0.0,
                0.0,
                39.010236581327014,
                0.053100224985192776,
                5.610232742584046e-06,
                -2.3600186640448485e-06,
                4.116649287963141e-06,
                3.785349765966989e-06,
                3.400456559397083e-06,
                -5.137374065027774e-07,
                -2.0569263933212424e-06,
                -0.0001545415723545769,
                -2.692413728189944e-05,
                0.00010457112804644423
            ],
            [
                0.0,
                0.0,
                0.0,
                0.0,
                0.0,
                0.0,
                0.0,
                51.15985554718184,
                4.2522524574730195e-05,
                6.566986477022025e-06,
                1.259037272743094e-05,
                9.670161320181914e-06,
                1.519606326087005e-05,
                1.0506982791495726e-05,
                -9.019032949083168e-07,
                -0.0014411708729252385,
                -0.00015429330504945828,
                0.0007529103427375318
            ],
            [
                0.0,
                0.0,
                0.0,
                0.0,
                0.0,
                0.0,
                0.0,
                0.0,
                0.02212240906544717,
                -3.5574021641904485e-07,
                -2.0282923805538986e-06,
                1.1058017685865262e-05,
                1.0180976663596803e-06,
                1.9327985365687292e-05,
                1.1771033581125411e-07,
                -0.0008468357487388787,
                -0.00022249685565103324,
                0.0005215934640648945
            ],
            [
                0.0,
                0.0,
                0.0,
                0.0,
                0.0,
                0.0,
                0.0,
                0.0,
                0.0,
                0.0023684775172090025,
                8.384808204601862e-06,
                -1.6746510865091818e-06,
                4.823548094952526e-06,
                9.769445740687608e-06,
                4.2822568091301297e-07,
                2.5858108855623607e-05,
                6.381250034180131e-05,
                2.103191969125334e-05
            ],
            [
                0.0,
                0.0,
                0.0,
                0.0,
                0.0,
                0.0,
                0.0,
                0.0,
                0.0,
                0.0,
                0.005385673398126039,
                -5.397807155959797e-07,
                5.152887910122312e-06,
                1.7510258655262067e-06,
                -8.436275205850906e-07,
                -6.409310688630357e-06,
                5.2946320728104466e-05,
                1.6287177878755845e-05
            ],
            [
                0.0,
                0.0,
                0.0,
                0.0,
                0.0,
                0.0,
                0.0,
                0.0,
                0.0,
                0.0,
                0.0,
                0.005157714512907913,
                1.8071357790631816e-06,
                1.3455022826760909e-05,
                -3.3220235845466124e-07,
                -0.0006985611837336075,
                -0.00017260894552070853,
                0.00042238166268484086
            ],
            [
                0.0,
                0.0,
                0.0,
                0.0,
                0.0,
                0.0,
                0.0,
                0.0,
                0.0,
                0.0,
                0.0,
                0.0,
                0.0017649226776687247,
                3.085135059974718e-06,
                -1.7806004171462446e-06,
                -0.0009560094763294508,
                -3.906024159492233e-05,
                0.0004874664509923896
            ],
            [
                0.0,
                0.0,
                0.0,
                0.0,
                0.0,
                0.0,
                0.0,
                0.0,
                0.0,
                0.0,
                0.0,
                0.0,
                0.0,
                0.004120452883007768,
                3.1209960379130425e-07,
                -0.0009020396785293091,
                -0.0002916569383380295,
                0.0007048600511665147
            ],
            [
                0.0,
                0.0,
                0.0,
                0.0,
                0.0,
                0.0,
                0.0,
                0.0,
                0.0,
                0.0,
                0.0,
                0.0,
                0.0,
                0.0,
                0.0006224390486951397,
                3.0976418108523006e-05,
                -1.6154125458391734e-05,
                -4.2670311934572834e-05
            ],
            [
                0.0,
                0.0,
                0.0,
                0.0,
                0.0,
                0.0,
                0.0,
                0.0,
                0.0,
                0.0,
                0.0,
                0.0,
                0.0,
                0.0,
                0.0,
                0.33943739018409086,
                0.00021964331523716626,
                -0.0006171737641629815
            ],
            [
                0.0,
                0.0,
                0.0,
                0.0,
                0.0,
                0.0,
                0.0,
                0.0,
                0.0,
                0.0,
                0.0,
                0.0,
                0.0,
                0.0,
                0.0,
                0.0,
                0.07010855862992393,
                -0.0006136239086004142
            ],
            [
                0.0,
                0.0,
                0.0,
                0.0,
                0.0,
                0.0,
                0.0,
                0.0,
                0.0,
                0.0,
                0.0,
                0.0,
                0.0,
                0.0,
                0.0,
                0.0,
                0.0,
                0.2957903478390646
            ]
        ],
        [
            [
                0.0016470105344158663,
                2.7730306298686844e-06,
                0.0011259505981019472,
                1.145675166992311e-05,
                0.000208605855718327,
                -0.008841782858037833,
                -0.026170655085419506,
                -0.012287923065397725,
                1.3148332967751425e-06,
                8.088058277106661e-07,
                -9.211860505895437e-07,
                -5.318680340348124e-07,
                -8.789356490737875e-07,
                1.7030446386737143e-06,
                5.231093379755519e-07,
                2.742304508199771e-05,
                3.9640843893519043e-07,
                -1.2028046124875296e-05
            ],
            [
                0.0,
                0.009805245693966094,
                3.104847648559659e-05,
                2.2076945269808145e-06,
                -2.459098308103436e-05,
                -0.004049512482361293,
                -0.0019008431906974684,
                -0.007688724654974333,
                1.508094125029846e-06,
                -3.3051880845051865e-07,
                -6.574700302027774e-07,
                2.0654717416865228e-07,
                -3.8243574062698414e-07,
                3.421156918263654e-08,
                6.349143428713149e-08,
                -1.390155335457558e-05,
                -7.620282413569362e-06,
                6.808880270346004e-06
            ],
            [
                0.0,
                0.0,
                0.35082623351520636,
                1.3341630843042233e-05,
                8.752412987598617e-05,
                -0.00972763253657682,
                -0.014103949713729342,
                -0.004913932598003899,
                6.671067654352235e-06,
                9.086799491370042e-07,
                -2.192087410388648e-07,
                6.391280562491475e-07,
                -5.326629735909277e-07,
                4.427515248293307e-06,
                2.841111997313395e-07,
                -6.915114441228811e-06,
                -1.3420134737612577e-05,
                2.366333447726059e-05
            ],
            [
                0.0,
                0.0,
                0.0,
                0.019381654242988107,
                1.1071734451045098e-05,
                0.04969300098775317,
                -0.0028005048494682138,
                -0.05055875394364421,
                -5.801476327878755e-06,
                -2.9153599355217474e-07,
                -6.877902415119267e-07,
                -1.2524673821285331e-06,
                -1.4331008571201903e-06,
                -5.34441947100499e-07,
                3.641712215714131e-08,
                0.00019201905283133233,
                2.5604513242861674e-05,
                -9.540944107699338e-05
            ],
            [
                0.0,
                0.0,
                0.0,
                0.0,
                0.08384846163869437,
                0.006642488225629232,
                -0.016191426226130515,
                0.0029227074390726043,
                -5.876622548020846e-06,
                9.874183389389344e-07,
                4.3172983280285064e-07,
                -1.4322028734355481e-06,
                7.601665504923685e-08,
                -8.987618101892432e-07,
                2.6991189129267126e-07,
                7.049886489097611e-05,
                2.5009081052331656e-05,
                -4.5210069412248826e-05
            ],
            [
                0.0,
                0.0,
                0.0,
                0.0,
                0.0,
                15.019450662461367,
                0.0025018216066100287,
                -0.05036615697266309,
                -1.2363125091275791e-05,
                -1.861611049056784e-07,
                1.0953551421953612e-07,
                -2.22503206554907e-06,
                -1.06891744868233e-06,
                -2.5574822941027133e-06,
                -1.1317785028112169e-07,
                0.0002648913839325929,
                4.9324607869939786e-05,
                -0.00014072383115123474
            ],
            [
                0.0,
                0.0,
                0.0,
                0.0,
                0.0,
                0.0,
                7.802047316265403,
                0.010620044997038556,
                1.1220465485168092e-06,
                -4.720037328089697e-07,
                8.233298575926283e-07,
                7.570699531933978e-07,
                6.800913118794167e-07,
                -1.0274748130055548e-07,
                -4.113852786642485e-07,
                -3.090831447091538e-05,
                -5.3848274563798885e-06,
                2.0914225609288846e-05
            ],
            [
                0.0,
                0.0,
                0.0,
                0.0,
                0.0,
                0.0,
                0.0,
                10.231971109436369,
                8.504504914946039e-06,
                1.3133972954044051e-06,
                2.5180745454861884e-06,
                1.9340322640363828e-06,
                3.03921265217401e-06,
                2.1013965582991453e-06,
                -1.8038065898166336e-07,
                -0.0002882341745850477,
                -3.0858661009891654e-05,
                0.00015058206854750636
            ],
            [
                0.0,
                0.0,
                0.0,
                0.0,
                0.0,
                0.0,
                0.0,
                0.0,
                0.004424481813089434,
                -7.114804328380897e-08,
                -4.0565847611077976e-07,
                2.2116035371730524e-06,
                2.0361953327193608e-07,
                3.865597073137459e-06,
                2.3542067162250824e-08,
                -0.00016936714974777575,
                -4.4499371130206654e-05,
                0.0001043186928129789
            ],
            [
                0.0,
                0.0,
                0.0,
                0.0,
                0.0,
                0.0,
                0.0,
                0.0,
                0.0,
                0.0004736955034418005,
                1.6769616409203724e-06,
                -3.3493021730183637e-07,
                9.64709618990505e-07,
                1.953889148137522e-06,
                8.56451361826026e-08,
                5.171621771124721e-06,
                1.2762500068360262e-05,
                4.206383938250668e-06
            ],
            [
                0.0,
                0.0,
                0.0,
                0.0,
                0.0,
                0.0,
                0.0,
                0.0,
                0.0,
                0.0,
                0.0010771346796252079,
                -1.0795614311919595e-07,
                1.0305775820244624e-06,
                3.502051731052414e-07,
                -1.6872550411701813e-07,
                -1.2818621377260715e-06,
                1.0589264145620893e-05,
                3.257435575751169e-06
            ],
            [
                0.0,
                0.0,
                0.0,
                0.0,
                0.0,
                0.0,
                0.0,
                0.0,
                0.0,
                0.0,
                0.0,
                0.0010315429025815827,
                3.6142715581263635e-07,
                2.691004565352182e-06,
                -6.644047169093225e-08,
                -0.00013971223674672152,
                -3.452178910414171e-05,
                8.447633253696817e-05
            ],
            [
                0.0,
                0.0,
                0.0,
                0.0,
                0.0,
                0.0,
                0.0,
                0.0,
                0.0,
                0.0,
                0.0,
                0.0,
                0.00035298453553374493,
                6.170270119949436e-07,
                -3.5612008342924895e-07,
                -0.00019120189526589018,
                -7.812048318984467e-06,
                9.749329019847792e-05
            ],
            [
                0.0,
                0.0,
                0.0,
                0.0,
                0.0,
                0.0,
                0.0,
                0.0,
                0.0,
                0.0,
                0.0,
                0.0,
                0.0,
                0.0008240905766015536,
                6.241992075826085e-08,
                -0.00018040793570586183,
                -5.8331387667605904e-05,
                0.00014097201023330295
            ],
            [
                0.0,
                0.0,
                0.0,
                0.0,
                0.0,
                0.0,
                0.0,
                0.0,
                0.0,
                0.0,
                0.0,
                0.0,
                0.0,
                0.0,
                0.00012448780973902795,
                6.195283621704601e-06,
                -3.230825091678347e-06,
                -8.534062386914567e-06
            ],
            [
                0.0,
                0.0,
                0.0,
                0.0,
                0.0,
                0.0,
                0.0,
                0.0,
                0.0,
                0.0,
                0.0,
                0.0,
                0.0,
                0.0,
                0.0,
                0.06788747803681817,
                4.392866304743325e-05,
                -0.00012343475283259632
            ],
            [
                0.0,
                0.0,
                0.0,
                0.0,
                0.0,
                0.0,
                0.0,
                0.0,
                0.0,
                0.0,
                0.0,
                0.0,
                0.0,
                0.0,
                0.0,
                0.0,
                0.014021711725984787,
                -0.00012272478172008284
            ],
            [
                0.0,
                0.0,
                0.0,
                0.0,
                0.0,
                0.0,
                0.0,
                0.0,
                0.0,
                0.0,
                0.0,
                0.0,
                0.0,
                0.0,
                0.0,
                0.0,
                0.0,
                0.05915806956781292
            ]
        ]
    ],
    "allnames": [
        "m1_flow_nominal",
        "m2_flow_nominal",
        "tau1",
        "tau2",
        "tau_m",
        "nominalUa.hasValue",
        "workingPressure.hasValue",
        "flowCoefficient.hasValue",
        "waterFlowRateMax",
        "c1",
        "c2",
        "c3",
        "c4",
        "eps_motor",
        "f_motorToAir",
        "kp",
        "Ti",
        "Td"
    ],
    "alpha_count": 1314,
    "cov": [
        [
            0.025557852925831466,
            -0.16842434269977385,
            2.2201054767304162,
            -0.0012723748341653181,
            -0.5154512325417921,
            -358.50712607122,
            -7.914634401018068,
            -2.258422002244813,
            0.011695843846605132,
            -0.013888599329350375,
            -0.020146244633801946,
            -0.027442908952080635,
            -0.0030212240293406114,
            0.00514096072206094,
            -0.00220974224471642,
            -0.7078027978580905,
            -0.011848971726202993,
            -1.2778819230501541
        ],
        [
            -0.16842434269977385,
            1.378498137711435,
            -12.497985418967453,
            0.428004928208417,
            3.2805336114824675,
            2921.790761266804,
            28.95756706727007,
            31.7624740764253,
            -0.10855494295080712,
            0.10846442067985065,
            0.1706474526282611,
            0.21869773131186088,
            0.026346216236320576,
            -0.03641832667271051,
            0.01753578428145866,
            5.284768404735274,
            0.08081651091067626,
            9.658034821499282
        ],
        [
            2.2201054767304162,
            -12.497985418967453,
            645.2058151608401,
            23.96338992166872,
            -74.05306546522237,
            -23962.538732677207,
            -4274.00486595208,
            -1609.4769474093923,
            -0.6509252342060146,
            -1.1189055423696015,
            -1.217807457514749,
            -1.1214481267931502,
            -0.230938987839982,
            0.6676158913079799,
            -0.1988481120362325,
            -86.1928083350227,
            -5.088934887216844,
            -94.29424382672569
        ],
        [
            -0.0012723748341653181,
            0.428004928208417,
            23.96338992166872,
            5.061464167027258,
            -0.48939071032112924,
            47.115769400269485,
            -737.49479996011,
            -165.45292989865933,
            -0.38727956887758985,
            0.09088525553445671,
            0.21058206231584103,
            0.24760992799174714,
            0.01698881963173492,
            -0.03228151763212765,
            0.002496060149955855,
            -0.23893587202575217,
            -0.49033435341504117,
            2.0782004150810023
        ],
        [
            -0.5154512325417921,
            3.2805336114824675,
            -74.05306546522237,
            -0.48939071032112924,
            21.48834751480713,
            6322.694662457976,
            333.0098418053424,
            261.8019956587745,
            -0.21293331258027418,
            0.34285476523630853,
            0.4806954545161716,
            0.5701130057451866,
            0.06387276592524554,
            -0.16483263886776559,
            0.04461655626281244,
            19.922709569125598,
            -0.6128200522574712,
            25.673724690701313
        ],
        [
            -358.50712607122,
            2921.790761266804,
            -23962.538732677207,
            47.115769400269485,
            6322.694662457976,
            6964371.945043118,
            209418.45623666403,
            83637.32264775259,
            -139.5513860879273,
            215.77334222755988,
            340.0760054388935,
            432.6779816536933,
            55.66499135782944,
            -55.04203288683852,
            39.42483773155307,
            11027.275487062536,
            286.9551301065357,
            21411.19799898603
        ],
        [
            -7.914634401018068,
            28.95756706727007,
            -4274.00486595208,
            -737.49479996011,
            333.0098418053424,
            209418.45623666403,
            186426.17488097795,
            32465.24366862906,
            51.37268024600654,
            -1.0791422760092426,
            -10.928246976969579,
            -23.151187864272824,
            0.7055468647672103,
            4.332838135247652,
            1.1459413937398402,
            706.8446030463346,
            77.7795025010846,
            -92.72039894044931
        ],
        [
            -2.258422002244813,
            31.7624740764253,
            -1609.4769474093923,
            -165.45292989865933,
            261.8019956587745,
            83637.32264775259,
            32465.24366862906,
            46294.63528957065,
            11.66560351939948,
            3.3446833987214175,
            2.97586504215696,
            -2.259202340413206,
            1.3946815604142204,
            -0.2874007553685731,
            0.8548775706549113,
            266.51716698498035,
            7.605802833055198,
            212.96493829461468
        ],
        [
            0.011695843846605132,
            -0.10855494295080712,
            -0.6509252342060146,
            -0.38727956887758985,
            -0.21293331258027418,
            -139.5513860879273,
            51.37268024600654,
            11.66560351939948,
            0.045981278831046614,
            -0.014201969027220053,
            -0.02491571491425386,
            -0.03191358157236253,
            -0.0023998486470034196,
            0.005737655547226928,
            -0.0011959879118612078,
            -0.29404024188056044,
            0.01896410463382035,
            -0.7125167740720588
        ],
        [
            -0.013888599329350375,
            0.10846442067985065,
            -1.1189055423696015,
            0.09088525553445671,
            0.34285476523630853,
            215.77334222755988,
            -1.0791422760092426,
            3.3446833987214175,
            -0.014201969027220053,
            0.011690473205968407,
            0.01861954443309255,
            0.02090879115742381,
            0.002506685643400566,
            -0.0036496533628977766,
            0.001522077428108485,
            0.4815942496271836,
            0.00013227345958341895,
            0.7541161983547984
        ],
        [
            -0.020146244633801946,
            0.1706474526282611,
            -1.217807457514749,
            0.21058206231584103,
            0.4806954545161716,
            340.0760054388935,
            -10.928246976969579,
            2.97586504215696,
            -0.02491571491425386,
            0.01861954443309255,
            0.032039390728378504,
            0.03473346101433411,
            0.004203685422890923,
            -0.0055637204883925056,
            0.002328672938242156,
            0.724894450552863,
            -0.0065486727059420515,
            1.1741061480816943
        ],
        [
            -0.027442908952080635,
            0.21869773131186088,
            -1.1214481267931502,
            0.24760992799174714,
            0.5701130057451866,
            432.6779816536933,
            -23.151187864272824,
            -2.259202340413206,
            -0.03191358157236253,
            0.02090879115742381,
            0.03473346101433411,
            0.04393713660071088,
            0.004556847910592995,
            -0.007004520416503295,
            0.0027698831680919214,
            0.812670291095044,
            -0.014437766680477526,
            1.56993012569653
        ],
        [
            -0.0030212240293406114,
            0.026346216236320576,
            -0.230938987839982,
            0.01698881963173492,
            0.06387276592524554,
            55.66499135782944,
            0.7055468647672103,
            1.3946815604142204,
            -0.0023998486470034196,
            0.002506685643400566,
            0.004203685422890923,
            0.004556847910592995,
            0.0006926074644502013,
            -0.0006122433732638667,
            0.00038227308616196664,
            0.11189772080834334,
            0.0015894974291007404,
            0.17321694180595773
        ],
        [
            0.00514096072206094,
            -0.03641832667271051,
            0.6676158913079799,
            -0.03228151763212765,
            -0.16483263886776559,
            -55.04203288683852,
            4.332838135247652,
            -0.2874007553685731,
            0.005737655547226928,
            -0.0036496533628977766,
            -0.0055637204883925056,
            -0.007004520416503295,
            -0.0006122433732638667,
            0.0023600445619396363,
            -0.0003882247980026782,
            -0.17984986610355042,
            0.0036209105011890843,
            -0.2686016212828939
        ],
        [
            -0.00220974224471642,
            0.01753578428145866,
            -0.1988481120362325,
            0.002496060149955855,
            0.04461655626281244,
            39.42483773155307,
            1.1459413937398402,
            0.8548775706549113,
            -0.0011959879118612078,
            0.001522077428108485,
            0.002328672938242156,
            0.0027698831680919214,
            0.00038227308616196664,
            -0.0003882247980026782,
            0.00026049302427040333,
            0.07216352830146995,
            0.0019110324306625865,
            0.12529611913941355
        ],
        [
            -0.7078027978580905,
            5.284768404735274,
            -86.1928083350227,
            -0.23893587202575217,
            19.922709569125598,
            11027.275487062536,
            706.8446030463346,
            266.51716698498035,
            -0.29404024188056044,
            0.4815942496271836,
            0.724894450552863,
