2.061067246685563230e-03 -6.513704015035545102e-08 1.089795265010861722e-05 2.333143240827079449e-05 5.394468553722008025e-05 2.343183563425737040e-02 -4.189516339070199769e-03 -2.073685566499253174e-02 -4.920733656436273920e-06 -2.114197965290594765e-08 -2.372067079376156668e-07 -1.010155200793273029e-06 -5.585080795078327896e-07 -1.156611863216415237e-06 6.361786323592478855e-08 9.958268969882277564e-05 1.884335872168421580e-05 -5.560722287519530060e-05
-6.513704015035545102e-08 7.333115122747708992e-02 -7.886953634929965506e-07 -1.688518307507053438e-06 -3.904029016667559824e-06 -1.695784585986852234e-03 3.031993456009268186e-04 1.500746281572445549e-03 3.561182494013265294e-07 1.530065496030944316e-09 1.716687865568678333e-08 7.310590794923763650e-08 4.041976937538035533e-08 8.370511812332845902e-08 -4.604086233482152372e-09 -7.206895475806686416e-06 -1.363712078183743199e-06 4.024348450252359857e-06
1.089795265010861722e-05 -7.886953634929965506e-07 9.354299857674199359e+01 2.825027437780037727e-04 6.531755706136581916e-04 2.837184508262909355e-01 -5.072769816183900216e-02 -2.510869680085370259e-01 -5.958145796703124539e-05 -2.559923092731931290e-07 -2.872157382466111210e-06 -1.223120856328384638e-05 -6.762553713899477387e-06 -1.400454198984362203e-05 7.703007943512095894e-07 1.205771792337031719e-03 2.281600395431316924e-04 -6.733059831572483405e-04
2.333143240827079449e-05 -1.688518307507053438e-06 2.825027437780037727e-04 2.863411249360340305e-01 1.398383913546768619e-03 6.074129766352887039e-01 -1.086029549668040689e-01 -5.375522183637347906e-01 -1.275579738667850782e-04 -5.480540659887275993e-07 -6.149003210640314042e-06 -2.618580067540261094e-05 -1.447795470845376290e-05 -2.998233111625510670e-05 1.649137365013548430e-06 2.581437447558610192e-03 4.884679454737686369e-04 -1.441481124067929857e-03
5.394468553722008025e-05 -3.904029016667559824e-06 6.531755706136581916e-04 1.398383913546768619e-03 5.352810744010572108e+00 1.404401643347107376e+00 -2.511012676624309048e-01 -1.242876342610973239e+00 -2.949272323961291456e-04 -1.267157700813790286e-06 -1.421713158287535964e-05 -6.054428027634384274e-05 -3.347452913747345964e-05 -6.932225143475720863e-05 3.812976203372719833e-06 5.968550447557975473e-03 1.129388425558195720e-03 -3.332853490731999078e-03
2.343183563425737040e-02 -1.695784585986852234e-03 2.837184508262909355e-01 6.074129766352887039e-01 1.404401643347107376e+00 1.719052744737641187e+05 -1.090703110570574808e+02 -5.398654915445457618e+02 -1.281068999615239956e-01 -5.504125322533543613e-04 -6.175464498920719275e-03 -2.629848723561224733e-02 -1.454025835672445068e-02 -3.011135546049564099e-02 1.656234173672568432e-03 2.592546266034990943e+00 4.905699920458946317e-01 -1.447684316076143674e+00
-4.189516339070199769e-03 3.031993456009268186e-04 -5.072769816183900216e-02 -1.086029549668040689e-01 -2.511012676624309048e-01 -1.090703110570574808e+02 4.633825220024627197e+04 9.652574100593817263e+01 2.290498955838404793e-02 9.841150873101518987e-05 1.104147785235874788e-03 4.702061916367592485e-03 2.599738702107438904e-03 5.383787154467013086e-03 -2.961278937012982201e-04 -4.635366648556328295e-01 -8.771190739017624416e-02 2.588400324535178321e-01
-2.073685566499253174e-02 1.500746281572445549e-03 -2.510869680085370259e-01 -5.375522183637347906e-01 -1.242876342610973239e+00 -5.398654915445457618e+02 9.652574100593817263e+01 7.959403570883664361e+04 1.133728631276289672e-01 4.871076007742999609e-04 5.465202042949677402e-03 2.327380332146238018e-02 1.286793077509791952e-02 2.664813981319874223e-02 -1.465744704894723048e-03 -2.294368164864724946e+00 -4.341477670558381852e-01 1.281180918965415305e+00
-4.920733656436273920e-06 3.561182494013265294e-07 -5.958145796703124539e-05 -1.275579738667850782e-04 -2.949272323961291456e-04 -1.281068999615239956e-01 2.290498955838404793e-02 1.133728631276289672e-01 1.491999760328351077e-02 1.155877633600188635e-07 1.296860240840011260e-06 5.522736386236961000e-06 3.053484148062581502e-06 6.323446552294541924e-06 -3.478125815040877112e-07 -5.444400458534921034e-04 -1.030207068868600409e-04 3.040166826535775440e-04
-2.114197965290594765e-08 1.530065496030944316e-09 -2.559923092731931290e-07 -5.480540659887275993e-07 -1.267157700813790286e-06 -5.504125322533543613e-04 9.841150873101518987e-05 4.871076007742999609e-04 1.155877633600188635e-07 1.706133636130572132e-04 5.571972542882802898e-09 2.372849019240495984e-08 1.311932411630741476e-08 2.716874914983133645e-08 -1.494380113738908313e-09 -2.339191912288532745e-06 -4.426294615602894154e-07 1.306210611582029095e-06
-2.372067079376156668e-07 1.716687865568678333e-08 -2.872157382466111210e-06 -6.149003210640314042e-06 -1.421713158287535964e-05 -6.175464498920719275e-03 1.104147785235874788e-03 5.465202042949677402e-03 1.296860240840011260e-06 5.571972542882802898e-09 8.839675666020483085e-04 2.662265849875954893e-07 1.471949048805422172e-07 3.048252647300500041e-07 -1.676649930645087858e-08 -2.624503579408146456e-05 -4.966170582728955919e-06 1.465529359753996282e-05
-1.010155200793273029e-06 7.310590794923763650e-08 -1.223120856328384638e-05 -2.618580067540261094e-05 -6.054428027634384274e-05 -2.629848723561224733e-02 4.702061916367592485e-03 2.327380332146238018e-02 5.522736386236961000e-06 2.372849019240495984e-08 2.662265849875954893e-07 8.115459090162762019e-04 6.268359777348945050e-07 1.298111799524775275e-06 -7.140087487729248274e-08 -1.117656394833885632e-04 -2.114865589504980495e-05 6.241021249112722663e-05
-5.585080795078327896e-07 4.041976937538035533e-08 -6.762553713899477387e-06 -1.447795470845376290e-05 -3.347452913747345964e-05 -1.454025835672445068e-02 2.599738702107438904e-03 1.286793077509791952e-02 3.053484148062581502e-06 1.311932411630741476e-08 1.471949048805422172e-07 6.268359777348945050e-07 9.457480197911476963e-05 7.177173641928424202e-07 -3.947706795112237263e-08 -6.179447733755394898e-05 -1.169295092362101371e-05 3.450619062568048112e-05
-1.156611863216415237e-06 8.370511812332845902e-08 -1.400454198984362203e-05 -2.998233111625510670e-05 -6.932225143475720863e-05 -3.011135546049564099e-02 5.383787154467013086e-03 2.664813981319874223e-02 6.323446552294541924e-06 2.716874914983133645e-08 3.048252647300500041e-07 1.298111799524775275e-06 7.177173641928424202e-07 5.135190010835748945e-04 -8.175288199501922095e-08 -1.279699044512576974e-04 -2.421487933743979637e-05 7.145871455832607591e-05
6.361786323592478855e-08 -4.604086233482152372e-09 7.703007943512095894e-07 1.649137365013548430e-06 3.812976203372719833e-06 1.656234173672568432e-03 -2.961278937012982201e-04 -1.465744704894723048e-03 -3.478125815040877112e-07 -1.494380113738908313e-09 -1.676649930645087858e-08 -7.140087487729248274e-08 -3.947706795112237263e-08 -8.175288199501922095e-08 1.177714629399599510e-05 7.038810631817952164e-06 1.331906520204367923e-06 -3.930489453172725754e-06
9.958268969882277564e-05 -7.206895475806686416e-06 1.205771792337031719e-03 2.581437447558610192e-03 5.968550447557975473e-03 2.592546266034990943e+00 -4.635366648556328295e-01 -2.294368164864724946e+00 -5.444400458534921034e-04 -2.339191912288532745e-06 -2.624503579408146456e-05 -1.117656394833885632e-04 -6.179447733755394898e-05 -1.279699044512576974e-04 7.038810631817952164e-06 3.515311775470120192e+00 2.084867786544141680e-03 -6.152496982306189001e-03
1.884335872168421580e-05 -1.363712078183743199e-06 2.281600395431316924e-04 4.884679454737686369e-04 1.129388425558195720e-03 4.905699920458946317e-01 -8.771190739017624416e-02 -4.341477670558381852e-01 -1.030207068868600409e-04 -4.426294615602894154e-07 -4.966170582728955919e-06 -2.114865589504980495e-05 -1.169295092362101371e-05 -2.421487933743979637e-05 1.331906520204367923e-06 2.084867786544141680e-03 1.498233228588567723e-01 -1.164195383979929697e-03
-5.560722287519530060e-05 4.024348450252359857e-06 -6.733059831572483405e-04 -1.441481124067929857e-03 -3.332853490731999078e-03 -1.447684316076143674e+00 2.588400324535178321e-01 1.281180918965415305e+00 3.040166826535775440e-04 1.306210611582029095e-06 1.465529359753996282e-05 6.241021249112722663e-05 3.450619062568048112e-05 7.145871455832607591e-05 -3.930489453172725754e-06 -6.152496982306189001e-03 -1.164195383979929697e-03 2.669895408590551522e+00
6.622472327850097238e-04 1.437991495491435173e-06 4.485301985777105801e-04 5.240648239567905552e-06 7.795291564097207567e-05 -3.622560160508973663e-03 -1.046499428917986932e-02 -6.179067831855551349e-03 6.991907607550804867e-07 2.718048397121883884e-07 -4.492175338060960496e-07 -1.844465376177382417e-07 -4.040946205830740197e-07 6.830703002838242411e-07 2.124013112396442427e-07 1.020566769715114074e-05 -7.284642840233726320e-07 -4.354704359933117151e-06
1.437991495491435173e-06 2.346675495068274372e-02 2.397006515399185056e-04 -1.740196631512539252e-06 3.147317191241384444e-05 -6.538606505212351747e-03 -4.822536702401462178e-03 7.264910169208337737e-04 1.339932665515719703e-06 1.506859036139833419e-07 -1.957842943858619771e-07 9.823214734016102633e-08 -1.085791486713474381e-07 5.946302783015663088e-07 1.020705262319105162e-07 -1.398502120664232201e-05 -4.080270589182381930e-06 8.534002603934031031e-06
4.485301985777105801e-04 2.397006515399185056e-04 3.000696135116229257e+01 -2.756403709775167828e-04 1.019156666650098027e-02 -1.738379591707623462e+00 -1.517029538917157749e+00 -5.224351993909912180e-03 3.549386733648471804e-04 4.573804585070830243e-05 -6.232231871450616607e-05 1.891671270142064576e-05 -3.923379595749152895e-05 1.687493361597580633e-04 3.183432646735693275e-05 -3.176976622605744063e-03 -1.038617983926766160e-03 1.995123608710263740e-03
5.240648239567905552e-06 -1.740196631512539252e-06 -2.756403709775167828e-04 9.163099034686980615e-02 3.975657066158253742e-04 2.035188050168271479e-01 -2.724830171436826848e-02 -1.723923603269248983e-01 -4.268873993564757934e-05 -4.044972833349557841e-07 -1.660637862211770677e-06 -8.493619761080331213e-06 -4.447580298527776795e-06 -1.046057614369285158e-05 3.697709040004132515e-07 8.438756691907461178e-04 1.618683777601963769e-04 -4.723278401906517315e-04
7.795291564097207567e-05 3.147317191241384444e-05 1.019156666650098027e-02 3.975657066158253742e-04 1.714260761236261477e+00 1.999641790160126831e-01 -2.850164607371213354e-01 -3.874758203268664492e-01 -4.337358520128053400e-05 5.842990535356713394e-06 -1.292305723163262557e-05 -1.626074093127398673e-05 -1.576706524218168275e-05 1.440409925154429470e-06 5.527793472164113345e-06 1.424072910281760310e-03 2.098111171448214455e-04 -7.650555071906304768e-04
-3.622560160508973663e-03 -6.538606505212351747e-03 -1.738379591707623462e+00 2.035188050168271479e-01 1.999641790160126831e-01 5.505539518775019678e+04 2.599464222134679758e+00 -1.746341455815304187e+02 -5.033985249196951811e-02 -1.321082978421754539e-03 -4.418024607114895029e-04 -8.986010291522968096e-03 -3.726581648375403358e-03 -1.396433123160971575e-02 -2.593229535549957418e-04 9.186427751209580439e-01 1.847598296182546562e-01 -5.184970753712522251e-01
-1.046499428917986932e-02 -4.822536702401462178e-03 -1.517029538917157749e+00 -2.724830171436826848e-02 -2.850164607371213354e-01 2.599464222134679758e+00 1.485901030889698086e+04 2.934804199671093627e+01 -3.383161473021620226e-04 -9.079174918758158496e-04 1.612227382001372522e-03 1.036580684993146893e-03 1.591927692026576377e-03 -1.828797082805371562e-03 -7.423803327874118349e-04 -7.528607914879173468e-02 -5.276987569615201705e-03 3.750706827237049179e-02
-6.179067831855551349e-03 7.264910169208337737e-04 -5.224351993909912180e-03 -1.723923603269248983e-01 -3.874758203268664492e-01 -1.746341455815304187e+02 2.934804199671093627e+01 2.547016852242378081e+04 3.666313919739722788e-02 2.028972471306553281e-04 1.685849486851307647e-03 7.471047106763071231e-03 4.079694924906721552e-03 8.705183130876942982e-03 -4.366212414138738560e-04 -7.378541664948742307e-01 -1.400680967999609061e-01 4.122465070940154463e-01
6.991907607550804867e-07 1.339932665515719703e-06 3.549386733648471804e-04 -4.268873993564757934e-05 -4.337358520128053400e-05 -5.033985249196951811e-02 -3.383161473021620226e-04 3.666313919739722788e-02 4.776310108641998800e-03 2.710927366773388955e-07 1.012721667404331512e-07 1.883922898667497884e-06 7.877169656324981537e-07 2.908578544633512539e-06 5.008940911533164287e-08 -1.924240937210355568e-04 -3.864619352366333748e-05 1.085797040670830960e-04
2.718048397121883884e-07 1.506859036139833419e-07 4.573804585070830243e-05 -4.044972833349557841e-07 5.842990535356713394e-06 -1.321082978421754539e-03 -9.079174918758158496e-04 2.028972471306553281e-04 2.710927366773388955e-07 5.462495691943768198e-05 -3.665172614532889202e-08 2.188377253110687261e-08 -1.900528604452726369e-08 1.171261382969129707e-07 1.929389540677203205e-08 -2.978656409241672597e-06 -8.374549800226916791e-07 1.801679536191229687e-06
-4.492175338060960496e-07 -1.957842943858619771e-07 -6.232231871450616607e-05 -1.660637862211770677e-06 -1.292305723163262557e-05 -4.418024607114895029e-04 1.612227382001372522e-03 1.685849486851307647e-03 1.012721667404331512e-07 -3.665172614532889202e-08 2.829211276432629812e-04 6.604163215242910296e-08 7.819728642639371273e-08 -4.776557668080767082e-08 -3.186182189480132089e-08 -5.409839436562267009e-06 -6.567164332343584504e-07 2.835411272096267635e-06
-1.844465376177382417e-07 9.823214734016102633e-08 1.891671270142064576e-05 -8.493619761080331213e-06 -1.626074093127398673e-05 -8.986010291522968096e-03 1.036580684993146893e-03 7.471047106763071231e-03 1.883922898667497884e-06 2.188377253110687261e-08 6.604163215242910296e-08 2.597018114859308462e-04 1.890259269430899089e-07 4.694242250728255676e-07 -1.299644308593909757e-08 -3.687620336679432205e-05 -7.114272696835832489e-06 2.066071986578297247e-05
-4.040946205830740197e-07 -1.085791486713474381e-07 -3.923379595749152895e-05 -4.447580298527776795e-06 -1.576706524218168275e-05 -3.726581648375403358e-03 1.591927692026576377e-03 4.079694924906721552e-03 7.877169656324981537e-07 -1.900528604452726369e-08 7.819728642639371273e-08 1.890259269430899089e-07 3.028270896369654927e-05 1.419445761871510714e-07 -2.862890462558914376e-08 -1.797000019381990763e-05 -3.178809440509436003e-06 9.922530923489839913e-06
6.830703002838242411e-07 5.946302783015663088e-07 1.687493361597580633e-04 -1.046057614369285158e-05 1.440409925154429470e-06 -1.396433123160971575e-02 -1.828797082805371562e-03 8.705183130876942982e-03 2.908578544633512539e-06 1.171261382969129707e-07 -4.776557668080767082e-08 4.694242250728255676e-07 1.419445761871510714e-07 1.647360279676574491e-04 4.859112314490854139e-08 -4.938172888642157016e-05 -1.037941235676987801e-05 2.809809100642451444e-05
2.124013112396442427e-07 1.020705262319105162e-07 3.183432646735693275e-05 3.697709040004132515e-07 5.527793472164113345e-06 -2.593229535549957418e-04 -7.423803327874118349e-04 -4.366212414138738560e-04 5.008940911533164287e-08 1.929389540677203205e-08 -3.186182189480132089e-08 -1.299644308593909757e-08 -2.862890462558914376e-08 4.859112314490854139e-08 3.782317502498224298e-06 7.150001490988812974e-07 -5.347690420039642689e-08 -3.038529296059879590e-07
1.020566769715114074e-05 -1.398502120664232201e-05 -3.176976622605744063e-03 8.438756691907461178e-04 1.424072910281760310e-03 9.186427751209580439e-01 -7.528607914879173468e-02 -7.378541664948742307e-01 -1.924240937210355568e-04 -2.978656409241672597e-06 -5.409839436562267009e-06 -3.687620336679432205e-05 -1.797000019381990763e-05 -4.938172888642157016e-05 7.150001490988812974e-07 1.125073175236493528e+00 7.212620767556777350e-04 -2.076390805331035806e-03
-7.284642840233726320e-07 -4.080270589182381930e-06 -1.038617983926766160e-03 1.618683777601963769e-04 2.098111171448214455e-04 1.847598296182546562e-01 -5.276987569615201705e-03 -1.400680967999609061e-01 -3.864619352366333748e-05 -8.374549800226916791e-07 -6.567164332343584504e-07 -7.114272696835832489e-06 -3.178809440509436003e-06 -1.037941235676987801e-05 -5.347690420039642689e-08 7.212620767556777350e-04 4.796034431173852586e-02 -4.061120080641472544e-04
-4.354704359933117151e-06 8.534002603934031031e-06 1.995123608710263740e-03 -4.723278401906517315e-04 -7.650555071906304768e-04 -5.184970753712522251e-01 3.750706827237049179e-02 4.122465070940154463e-01 1.085797040670830960e-04 1.801679536191229687e-06 2.835411272096267635e-06 2.066071986578297247e-05 9.922530923489839913e-06 2.809809100642451444e-05 -3.038529296059879590e-07 -2.076390805331035806e-03 -4.061120080641472544e-04 8.544332868974638950e-01
2.119207150877365465e-04 4.424116354690443927e-07 1.399342731422875479e-04 1.474392923594704027e-06 2.581495057119114115e-05 -1.239044875594725540e-03 -3.383883162247668715e-03 -1.808275298417129796e-03 1.851630725775224936e-07 8.942391622385338448e-08 -1.397193251429722228e-07 -6.551303203136762454e-08 -1.234038857731480541e-07 1.984754858272152826e-07 6.846187313479427923e-08 3.101901900739564384e-06 -1.301444785159319677e-07 -1.446329833485734363e-06
4.424116354690443927e-07 7.509558328271105122e-03 1.165659184948013814e-04 1.689502578665084674e-06 4.256230304204412695e-07 -1.207335897946439562e-03 -1.154228205110280087e-03 -1.641500633618825540e-03 8.564883022064701008e-07 2.109687337340710574e-08 -1.073343217159030487e-07 1.033897771883899740e-07 -1.002288748742548490e-07 4.132059677553145923e-07 2.719170163620169888e-08 -2.657934555554738061e-06 -2.447238501173927049e-06 3.316539747881396445e-06
1.399342731422875479e-04 1.165659184948013814e-04 9.610303891364591067e+00 3.669243162171776859e-04 1.306996958772443755e-03 -3.769706453857020190e-01 -4.066386886904471143e-01 -3.813526876038523805e-01 2.002373582306085620e-04 9.140944547596027369e-06 -2.899629819169968691e-05 2.063202954784914092e-05 -2.582223569062690470e-05 9.916579300419903979e-05 9.078548909469942192e-06 -6.484405577371971574e-04 -5.636440920342984488e-04 7.570981139813154825e-04
1.474392923594704027e-06 1.689502578665084674e-06 3.669243162171776859e-04 2.934756524900683852e-02 1.708822136196874313e-05 7.523089390988360603e-02 -4.278157347033653864e-03 -7.656208003226405712e-02 -8.776932009647622068e-06 -4.391171492474112417e-07 -1.041585384257949732e-06 -1.896391784402215940e-06 -2.170897503421027664e-06 -8.021007741250460622e-07 5.586194800711180526e-08 2.907892918880076983e-04 3.876397820813280368e-05 -1.444580282999761913e-04
2.581495057119114115e-05 4.256230304204412695e-07 1.306996958772443755e-03 1.708822136196874313e-05 5.490363488840166450e-01 2.059865491735832915e-02 -1.102760055734772482e-01 -3.211655190353840394e-02 -3.484892437718623459e-05 3.199500393516785891e-06 -1.944682995061860542e-06 -8.731206703149427419e-06 -1.834991910184704099e-06 -1.046840158521305307e-05 2.037114688299117688e-06 3.666077287759821296e-04 1.231065467720016680e-04 -2.735309253529149176e-04
-1.239044875594725540e-03 -1.207335897946439562e-03 -3.769706453857020190e-01 7.523089390988360603e-02 2.059865491735832915e-02 1.762170755722153626e+04 2.581601930090830610e+00 -6.431268276161006270e+01 -1.418477599162576430e-02 -5.447528238692202597e-04 -3.423768915218004241e-04 -2.551844298913248481e-03 -1.487072236699587321e-03 -3.465800712392267356e-03 -1.075930677538192089e-04 3.021403644639788499e-01 5.398807691108337137e-02 -1.632845814903441939e-01
-3.383883162247668715e-03 -1.154228205110280087e-03 -4.066386886904471143e-01 -4.278157347033653864e-03 -1.102760055734772482e-01 2.581601930090830610e+00 4.755652359929715203e+03 5.686323694295945863e+00 7.373658741011170342e-04 -3.441578414431385193e-04 4.275691175557339583e-04 4.739693379146825382e-04 3.799490494475021678e-04 -1.444704856785454538e-04 -2.483781814405542038e-04 -2.049860833496125467e-02 -3.945603375292980504e-03 1.316017068658584949e-02
-1.808275298417129796e-03 -1.641500633618825540e-03 -3.813526876038523805e-01 -7.656208003226405712e-02 -3.211655190353840394e-02 -6.431268276161006270e+01 5.686323694295945863e+00 8.168303476345970012e+03 7.658288538624955476e-03 3.232687465183867485e-04 9.650785990929238887e-04 1.705362448290250821e-03 1.929230054559854558e-03 6.623154326672038399e-04 -8.760905116241716540e-05 -2.534227649827329731e-01 -3.394856321387320491e-02 1.263405089178814555e-01
1.851630725775224936e-07 8.564883022064701008e-07 2.002373582306085620e-04 -8.776932009647622068e-06 -3.484892437718623459e-05 -1.418477599162576430e-02 7.373658741011170342e-04 7.658288538624955476e-03 1.529349050496562603e-03 2.778672487404732004e-08 -6.473184209194405940e-08 7.592822761185688940e-07 1.097120984037134999e-07 1.415369235296870998e-06 4.135272515884632510e-09 -5.762506842679373630e-05 -1.484844777685122627e-05 3.601869289079740426e-05
8.942391622385338448e-08 2.109687337340710574e-08 9.140944547596027369e-06 -4.391171492474112417e-07 3.199500393516785891e-06 -5.447528238692202597e-04 -3.441578414431385193e-04 3.232687465183867485e-04 2.778672487404732004e-08 1.748372526644090686e-05 -5.568624021556160687e-09 -2.916786718096546656e-09 2.945697450548092237e-09 6.748611609303590708e-09 6.928245780899792342e-09 -1.203694403916088722e-06 -1.106142600938317197e-07 4.958000594766302916e-07
-1.397193251429722228e-07 -1.073343217159030487e-07 -2.899629819169968691e-05 -1.041585384257949732e-06 -1.944682995061860542e-06 -3.423768915218004241e-04 4.275691175557339583e-04 9.650785990929238887e-04 -6.473184209194405940e-08 -5.568624021556160687e-09 9.054490906388812312e-05 4.791216268680007982e-09 3.989536825647765137e-08 -6.591423040843657833e-08 -8.953272052243926629e-09 -2.143876758206774397e-06 4.911327120789039468e-08 7.743202125390326988e-07
-6.551303203136762454e-08 1.033897771883899740e-07 2.063202954784914092e-05 -1.896391784402215940e-06 -8.731206703149427419e-06 -2.551844298913248481e-03 4.739693379146825382e-04 1.705362448290250821e-03 7.592822761185688940e-07 -2.916786718096546656e-09 4.791216268680007982e-09 8.313089606208076210e-05 3.653890312029218406e-08 2.317461744236521431e-07 -6.159729886211215333e-09 -1.113575144733768823e-05 -2.694068713131658221e-06 6.825624248224761253e-06
-1.234038857731480541e-07 -1.002288748742548490e-07 -2.582223569062690470e-05 -2.170897503421027664e-06 -1.834991910184704099e-06 -1.487072236699587321e-03 3.799490494475021678e-04 1.929230054559854558e-03 1.097120984037134999e-07 2.945697450548092237e-09 3.989536825647765137e-08 3.653890312029218406e-08 9.712262164909760533e-06 -2.877501047240617421e-08 -7.340346853997882620e-09 -6.355254086716909681e-06 -6.372691944373079462e-07 2.980281394630345115e-06
1.984754858272152826e-07 4.132059677553145923e-07 9.916579300419903979e-05 -8.021007741250460622e-07 -1.046840158521305307e-05 -3.465800712392267356e-03 -1.444704856785454538e-04 6.623154326672038399e-04 1.415369235296870998e-06 6.748611609303590708e-09 -6.591423040843657833e-08 2.317461744236521431e-07 -2.877501047240617421e-08 5.296811718990307758e-05 9.350298451752027458e-09 -1.374306126202227025e-05 -4.614867249626949810e-06 9.654980165150194862e-06
6.846187313479427923e-08 2.719170163620169888e-08 9.078548909469942192e-06 5.586194800711180526e-08 2.037114688299117688e-06 -1.075930677538192089e-04 -2.483781814405542038e-04 -8.760905116241716540e-05 4.135272515884632510e-09 6.928245780899792342e-09 -8.953272052243926629e-09 -6.159729886211215333e-09 -7.340346853997882620e-09 9.350298451752027458e-09 1.210493729327252989e-06 1.782671136599945501e-07 1.463055304361613378e-08 -1.135183694590198063e-07
3.101901900739564384e-06 -2.657934555554738061e-06 -6.484405577371971574e-04 2.907892918880076983e-04 3.666077287759821296e-04 3.021403644639788499e-01 -2.049860833496125467e-02 -2.534227649827329731e-01 -5.762506842679373630e-05 -1.203694403916088722e-06 -2.143876758206774397e-06 -1.113575144733768823e-05 -6.355254086716909681e-06 -1.374306126202227025e-05 1.782671136599945501e-07 3.600402017335714300e-01 2.202596546460316583e-04 -6.590354828399288276e-04
-1.301444785159319677e-07 -2.447238501173927049e-06 -5.636440920342984488e-04 3.876397820813280368e-05 1.231065467720016680e-04 5.398807691108337137e-02 -3.945603375292980504e-03 -3.394856321387320491e-02 -1.484844777685122627e-05 -1.106142600938317197e-07 4.911327120789039468e-08 -2.694068713131658221e-06 -6.372691944373079462e-07 -4.614867249626949810e-06 1.463055304361613378e-08 2.202596546460316583e-04 1.535393371298052374e-02 -1.333539633633945998e-04
-1.446329833485734363e-06 3.316539747881396445e-06 7.570981139813154825e-04 -1.444580282999761913e-04 -2.735309253529149176e-04 -1.632845814903441939e-01 1.316017068658584949e-02 1.263405089178814555e-01 3.601869289079740426e-05 4.958000594766302916e-07 7.743202125390326988e-07 6.825624248224761253e-06 2.980281394630345115e-06 9.654980165150194862e-06 -1.135183694590198063e-07 -6.590354828399288276e-04 -1.333539633633945998e-04 2.734203951705058699e-01
6.781609251192093730e-05 1.141802664912896902e-07 4.636131240764380696e-05 4.717347672637482030e-07 8.589401047723020937e-06 -3.640627377551484338e-04 -1.077583615456252164e-03 -5.059584683700438495e-04 5.413860726973506428e-08 3.330279296341028171e-08 -3.793007823694813761e-08 -2.189980637435981511e-08 -3.619040682745437511e-08 7.012331151190174301e-08 2.153916475742609063e-08 1.129151103395286031e-06 1.632222187144018159e-08 -4.952579669027387399e-07
1.141802664912896902e-07 2.403571270218487089e-03 7.689005896521476459e-06 5.419689294392658944e-07 -6.013554013455707383e-06 -9.932745841255748859e-04 -4.677701634661679043e-04 -1.885597727557895582e-03 3.697719874637397024e-07 -8.096438200000983907e-08 -1.612302414922908067e-07 5.059427259421538750e-08 -9.380784286195086298e-08 8.504385908973647545e-09 1.559999277161509057e-08 -3.405802530635385814e-06 -1.867941051742835702e-06 1.668234745280477077e-06
4.636131240764380696e-05 7.689005896521476459e-06 3.077007871280583284e+00 1.173390594890369156e-04 7.734969300385410081e-04 -8.556974564293999552e-02 -1.244390359696698617e-01 -4.345026956542174384e-02 5.854782000158510708e-05 7.992229433163283223e-06 -1.949045009991809512e-06 5.590761113795771126e-06 -4.696841423119571078e-06 3.888017761841236269e-05 2.506615717137578065e-06 -5.988895454458762553e-05 -1.176981396275905467e-04 2.072096731674630439e-04
4.717347672637482030e-07 5.419689294392658944e-07 1.173390594890369156e-04 9.391220883123158406e-03 5.452297493452382077e-06 2.407231356904376146e-02 -1.369265339154384850e-03 -2.450339004512933072e-02 -2.808370305853462181e-06 -1.407447487756403184e-07 -3.336360636899172566e-07 -6.068000056842228111e-07 -6.948471487386903749e-07 -2.569927967363604743e-07 1.789369700982382590e-08 9.304595299432792991e-05 1.240166236367220635e-05 -4.622499653519351339e-05
8.589401047723020937e-06 -6.013554013455707383e-06 7.734969300385410081e-04 5.452297493452382077e-06 1.757654105837926084e-01 1.387290845308524791e-02 -3.410760578665116005e-02 6.042510060132589081e-03 -1.229972292221150083e-05 2.076166543521777796e-06 8.999271067211765796e-07 -3.004049138394596340e-06 1.534361289254114331e-07 -1.865594353890410914e-06 5.691132250856946320e-07 1.479701143404902903e-04 5.240879893371492443e-05 -9.481141409863308011e-05
-3.640627377551484338e-04 -9.932745841255748859e-04 -8.556974564293999552e-02 2.407231356904376146e-02 1.387290845308524791e-02 5.639665023040460255e+03 9.426390029080061739e-01 -1.896943570510001820e+01 -4.652432542962124662e-03 -7.046545160566326273e-05 4.066980982486918442e-05 -8.373215635264612006e-04 -4.027690359791759973e-04 -9.625693226948957943e-04 -4.259781584042811808e-05 9.971036140862023223e-02 1.856062253967095260e-02 -5.296968848269831276e-02
-1.077583615456252164e-03 -4.677701634661679043e-04 -1.244390359696698617e-01 -1.369265339154384850e-03 -3.410760578665116005e-02 9.426390029080061739e-01 1.521827650681403384e+03 2.080796439403836295e+00 2.175840697562538830e-04 -9.328967880399282686e-05 1.611829470301782659e-04 1.483084600624601235e-04 1.334363716403727605e-04 -2.247676023669014197e-05 -8.080551740845284370e-05 -6.068959309844315642e-03 -1.054313197258549203e-03 4.094725368115774422e-03
-5.059584683700438495e-04 -1.885597727557895582e-03 -4.345026956542174384e-02 -2.450339004512933072e-02 6.042510060132589081e-03 -1.896943570510001820e+01 2.080796439403836295e+00 2.617467032638930050e+03 2.196701364292219776e-03 3.362192466032831641e-04 6.455395075490264487e-04 4.992503199683849232e-04 7.811808022892741035e-04 5.402648927630890850e-04 -4.634207044416645515e-05 -7.431429647385970338e-02 -7.984704479620281445e-03 3.881830045705288862e-02
5.413860726973506428e-08 3.697719874637397024e-07 5.854782000158510708e-05 -2.808370305853462181e-06 -1.229972292221150083e-05 -4.652432542962124662e-03 2.175840697562538830e-04 2.196701364292219776e-03 4.894095611227947161e-04 -7.483399896434643107e-09 -4.440139907394387838e-08 2.462390987304643495e-07 2.358294301883240960e-08 4.298211943574958242e-07 2.611161814508627240e-09 -1.891705142884877116e-05 -4.954023866098794841e-06 1.163928873775121553e-05
3.330279296341028171e-08 -8.096438200000983907e-08 7.992229433163283223e-06 -1.407447487756403184e-07 2.076166543521777796e-06 -7.046545160566326273e-05 -9.328967880399282686e-05 3.362192466032831641e-04 -7.483399896434643107e-09 5.609801664899311987e-06 1.992990363443409903e-08 -3.929549718489936643e-09 1.150645387230882671e-08 2.333039294679182945e-08 1.036563703209388530e-09 5.206642314852078555e-08 1.502352259080604441e-07 5.479801236653610662e-08
-3.793007823694813761e-08 -1.612302414922908067e-07 -1.949045009991809512e-06 -3.336360636899172566e-07 8.999271067211765796e-07 4.066980982486918442e-05 1.611829470301782659e-04 6.455395075490264487e-04 -4.440139907394387838e-08 1.992990363443409903e-08 2.900577784322651647e-05 -2.800883307093937088e-09 2.804745532191841432e-08 9.531776560654962767e-09 -4.572643892492996428e-09 -5.354566450332862352e-08 2.842388923905875520e-07 9.754835753710473571e-08
-2.189980637435981511e-08 5.059427259421538750e-08 5.590761113795771126e-06 -6.068000056842228111e-07 -3.004049138394596340e-06 -8.373215635264612006e-04 1.483084600624601235e-04 4.992503199683849232e-04 2.462390987304643495e-07 -3.929549718489936643e-09 -2.800883307093937088e-09 2.660248483006133881e-05 9.583721270219842418e-09 6.993270169345644629e-08 -1.735469853830890923e-09 -3.650723035400081892e-06 -8.991573815117049797e-07 2.204931657256243362e-06
-3.619040682745437511e-08 -9.380784286195086298e-08 -4.696841423119571078e-06 -6.948471487386903749e-07 1.534361289254114331e-07 -4.027690359791759973e-04 1.334363716403727605e-04 7.811808022892741035e-04 2.358294301883240960e-08 1.150645387230882671e-08 2.804745532191841432e-08 9.583721270219842418e-09 3.115358779123526980e-06 5.692156775459762415e-09 -3.179736224156473532e-09 -1.725943141015780403e-06 -7.327739401673999304e-08 8.805941685508927632e-07
7.012331151190174301e-08 8.504385908973647545e-09 3.888017761841236269e-05 -2.569927967363604743e-07 -1.865594353890410914e-06 -9.625693226948957943e-04 -2.247676023669014197e-05 5.402648927630890850e-04 4.298211943574958242e-07 2.333039294679182945e-08 9.531776560654962767e-09 6.993270169345644629e-08 5.692156775459762415e-09 1.697965872006353298e-05 1.327049343725887458e-09 -3.781045501391920958e-06 -1.214926043742209583e-06 2.943103144296642168e-06
2.153916475742609063e-08 1.559999277161509057e-08 2.506615717137578065e-06 1.789369700982382590e-08 5.691132250856946320e-07 -4.259781584042811808e-05 -8.080551740845284370e-05 -4.634207044416645515e-05 2.611161814508627240e-09 1.036563703209388530e-09 -4.572643892492996428e-09 -1.735469853830890923e-09 -3.179736224156473532e-09 1.327049343725887458e-09 3.874508354984460703e-07 2.265670143807556673e-08 -9.917810867036572152e-09 -2.815764315060506374e-08
1.129151103395286031e-06 -3.405802530635385814e-06 -5.988895454458762553e-05 9.304595299432792991e-05 1.479701143404902903e-04 9.971036140862023223e-02 -6.068959309844315642e-03 -7.431429647385970338e-02 -1.891705142884877116e-05 5.206642314852078555e-08 -5.354566450332862352e-08 -3.650723035400081892e-06 -1.725943141015780403e-06 -3.781045501391920958e-06 2.265670143807556673e-08 1.152256021777240125e-01 7.589078563061184236e-05 -2.139168737087302050e-04
1.632222187144018159e-08 -1.867941051742835702e-06 -1.176981396275905467e-04 1.240166236367220635e-05 5.240879893371492443e-05 1.856062253967095260e-02 -1.054313197258549203e-03 -7.984704479620281445e-03 -4.954023866098794841e-06 1.502352259080604441e-07 2.842388923905875520e-07 -8.991573815117049797e-07 -7.327739401673999304e-08 -1.214926043742209583e-06 -9.917810867036572152e-09 7.589078563061184236e-05 4.915554599360289628e-03 -4.395773779897871715e-05
-4.952579669027387399e-07 1.668234745280477077e-06 2.072096731674630439e-04 -4.622499653519351339e-05 -9.481141409863308011e-05 -5.296968848269831276e-02 4.094725368115774422e-03 3.881830045705288862e-02 1.163928873775121553e-05 5.479801236653610662e-08 9.754835753710473571e-08 2.204931657256243362e-06 8.805941685508927632e-07 2.943103144296642168e-06 -2.815764315060506374e-08 -2.139168737087302050e-04 -4.395773779897871715e-05 8.749524509464434718e-02
6.781609251192093730e-05 1.141802664912896902e-07 4.636131240764380696e-05 4.717347672637482030e-07 8.589401047723020937e-06 -3.640627377551484338e-04 -1.077583615456252164e-03 -5.059584683700438495e-04 5.413860726973506428e-08 3.330279296341028171e-08 -3.793007823694813761e-08 -2.189980637435981511e-08 -3.619040682745437511e-08 7.012331151190174301e-08 2.153916475742609063e-08 1.129151103395286031e-06 1.632222187144018159e-08 -4.952579669027387399e-07
1.141802664912896902e-07 2.403571270218487089e-03 7.689005896521476459e-06 5.419689294392658944e-07 -6.013554013455707383e-06 -9.932745841255748859e-04 -4.677701634661679043e-04 -1.885597727557895582e-03 3.697719874637397024e-07 -8.096438200000983907e-08 -1.612302414922908067e-07 5.059427259421538750e-08 -9.380784286195086298e-08 8.504385908973647545e-09 1.559999277161509057e-08 -3.405802530635385814e-06 -1.867941051742835702e-06 1.668234745280477077e-06
4.636131240764380696e-05 7.689005896521476459e-06 3.077007871280583284e+00 1.173390594890369156e-04 7.734969300385410081e-04 -8.556974564293999552e-02 -1.244390359696698617e-01 -4.345026956542174384e-02 5.854782000158510708e-05 7.992229433163283223e-06 -1.949045009991809512e-06 5.590761113795771126e-06 -4.696841423119571078e-06 3.888017761841236269e-05 2.506615717137578065e-06 -5.988895454458762553e-05 -1.176981396275905467e-04 2.072096731674630439e-04
4.717347672637482030e-07 5.419689294392658944e-07 1.173390594890369156e-04 9.391220883123158406e-03 5.452297493452382077e-06 2.407231356904376146e-02 -1.369265339154384850e-03 -2.450339004512933072e-02 -2.808370305853462181e-06 -1.407447487756403184e-07 -3.336360636899172566e-07 -6.068000056842228111e-07 -6.948471487386903749e-07 -2.569927967363604743e-07 1.789369700982382590e-08 9.304595299432792991e-05 1.240166236367220635e-05 -4.622499653519351339e-05
8.589401047723020937e-06 -6.013554013455707383e-06 7.734969300385410081e-04 5.452297493452382077e-06 1.757654105837926084e-01 1.387290845308524791e-02 -3.410760578665116005e-02 6.042510060132589081e-03 -1.229972292221150083e-05 2.076166543521777796e-06 8.999271067211765796e-07 -3.004049138394596340e-06 1.534361289254114331e-07 -1.865594353890410914e-06 5.691132250856946320e-07 1.479701143404902903e-04 5.240879893371492443e-05 -9.481141409863308011e-05
-3.640627377551484338e-04 -9.932745841255748859e-04 -8.556974564293999552e-02 2.407231356904376146e-02 1.387290845308524791e-02 5.639665023040460255e+03 9.426390029080061739e-01 -1.896943570510001820e+01 -4.652432542962124662e-03 -7.046545160566326273e-05 4.066980982486918442e-05 -8.373215635264612006e-04 -4.027690359791759973e-04 -9.625693226948957943e-04 -4.259781584042811808e-05 9.971036140862023223e-02 1.856062253967095260e-02 -5.296968848269831276e-02
-1.077583615456252164e-03 -4.677701634661679043e-04 -1.244390359696698617e-01 -1.369265339154384850e-03 -3.410760578665116005e-02 9.426390029080061739e-01 1.521827650681403384e+03 2.080796439403836295e+00 2.175840697562538830e-04 -9.328967880399282686e-05 1.611829470301782659e-04 1.483084600624601235e-04 1.334363716403727605e-04 -2.247676023669014197e-05 -8.080551740845284370e-05 -6.068959309844315642e-03 -1.054313197258549203e-03 4.094725368115774422e-03
-5.059584683700438495e-04 -1.885597727557895582e-03 -4.345026956542174384e-02 -2.450339004512933072e-02 6.042510060132589081e-03 -1.896943570510001820e+01 2.080796439403836295e+00 2.617467032638930050e+03 2.196701364292219776e-03 3.362192466032831641e-04 6.455395075490264487e-04 4.992503199683849232e-04 7.811808022892741035e-04 5.402648927630890850e-04 -4.634207044416645515e-05 -7.431429647385970338e-02 -7.984704479620281445e-03 3.881830045705288862e-02
5.413860726973506428e-08 3.697719874637397024e-07 5.854782000158510708e-05 -2.808370305853462181e-06 -1.229972292221150083e-05 -4.652432542962124662e-03 2.175840697562538830e-04 2.196701364292219776e-03 4.894095611227947161e-04 -7.483399896434643107e-09 -4.440139907394387838e-08 2.462390987304643495e-07 2.358294301883240960e-08 4.298211943574958242e-07 2.611161814508627240e-09 -1.891705142884877116e-05 -4.954023866098794841e-06 1.163928873775121553e-05
3.330279296341028171e-08 -8.096438200000983907e-08 7.992229433163283223e-06 -1.407447487756403184e-07 2.076166543521777796e-06 -7.046545160566326273e-05 -9.328967880399282686e-05 3.362192466032831641e-04 -7.483399896434643107e-09 5.609801664899311987e-06 1.992990363443409903e-08 -3.929549718489936643e-09 1.150645387230882671e-08 2.333039294679182945e-08 1.036563703209388530e-09 5.206642314852078555e-08 1.502352259080604441e-07 5.479801236653610662e-08
-3.793007823694813761e-08 -1.612302414922908067e-07 -1.949045009991809512e-06 -3.336360636899172566e-07 8.999271067211765796e-07 4.066980982486918442e-05 1.611829470301782659e-04 6.455395075490264487e-04 -4.440139907394387838e-08 1.992990363443409903e-08 2.900577784322651647e-05 -2.800883307093937088e-09 2.804745532191841432e-08 9.531776560654962767e-09 -4.572643892492996428e-09 -5.354566450332862352e-08 2.842388923905875520e-07 9.754835753710473571e-08
-2.189980637435981511e-08 5.059427259421538750e-08 5.590761113795771126e-06 -6.068000056842228111e-07 -3.004049138394596340e-06 -8.373215635264612006e-04 1.483084600624601235e-04 4.992503199683849232e-04 2.462390987304643495e-07 -3.929549718489936643e-09 -2.800883307093937088e-09 2.660248483006133881e-05 9.583721270219842418e-09 6.993270169345644629e-08 -1.735469853830890923e-09 -3.650723035400081892e-06 -8.991573815117049797e-07 2.204931657256243362e-06
-3.619040682745437511e-08 -9.380784286195086298e-08 -4.696841423119571078e-06 -6.948471487386903749e-07 1.534361289254114331e-07 -4.027690359791759973e-04 1.334363716403727605e-04 7.811808022892741035e-04 2.358294301883240960e-08 1.150645387230882671e-08 2.804745532191841432e-08 9.583721270219842418e-09 3.115358779123526980e-06 5.692156775459762415e-09 -3.179736224156473532e-09 -1.725943141015780403e-06 -7.327739401673999304e-08 8.805941685508927632e-07
7.012331151190174301e-08 8.504385908973647545e-09 3.888017761841236269e-05 -2.569927967363604743e-07 -1.865594353890410914e-06 -9.625693226948957943e-04 -2.247676023669014197e-05 5.402648927630890850e-04 4.298211943574958242e-07 2.333039294679182945e-08 9.531776560654962767e-09 6.993270169345644629e-08 5.692156775459762415e-09 1.697965872006353298e-05 1.327049343725887458e-09 -3.781045501391920958e-06 -1.214926043742209583e-06 2.943103144296642168e-06
2.153916475742609063e-08 1.559999277161509057e-08 2.506615717137578065e-06 1.789369700982382590e-08 5.691132250856946320e-07 -4.259781584042811808e-05 -8.080551740845284370e-05 -4.634207044416645515e-05 2.611161814508627240e-09 1.036563703209388530e-09 -4.572643892492996428e-09 -1.735469853830890923e-09 -3.179736224156473532e-09 1.327049343725887458e-09 3.874508354984460703e-07 2.265670143807556673e-08 -9.917810867036572152e-09 -2.815764315060506374e-08
