2.669517894855668455e-03 -2.398446332225235493e-08 -1.573754309867910183e-05 -4.650216884596913977e-07 1.316436601776344052e-05 3.759059819580283312e-05 -3.281056271525775139e-04 6.950139017367546374e-06 1.414719365126479149e-07 -1.720306131537439240e-08 -1.685870932962780026e-08 1.621231192016395516e-08 5.186564786792850824e-08 -5.672936161563565985e-08 4.828785960032376205e-08 6.550978859597024514e-07 -4.481032418714414720e-08 -4.906276076623940533e-07
-2.398446332225235493e-08 8.737005574936415695e-04 3.827723711316792629e-05 1.131037120618357587e-06 -3.201869290186438880e-05 -9.142877203540974269e-05 7.980265286604991317e-04 -1.690429805142750505e-05 -3.440915030255373605e-07 4.184170635225907650e-08 4.100416503299692691e-08 -3.943198144905099242e-08 -1.261488968780268292e-07 1.379785403747417687e-07 -1.174469127753550782e-07 -1.593345095608934373e-06 1.089887661164342430e-07 1.193316463377058598e-06
-1.573754309867910183e-05 3.827723711316792629e-05 1.784873890375551753e+02 7.421364903096676607e-04 -2.100924889317645414e-02 -5.999151288207544425e-02 5.236296814293061042e-01 -1.109185206952026208e-02 -2.257776121982091766e-04 2.745467547860539742e-05 2.690511794080619704e-05 -2.587352066973322055e-05 -8.277332182900551784e-05 9.053541022223779748e-05 -7.706346507633182004e-05 -1.045482518257980940e-03 7.151360366016172500e-05 7.830014380741284795e-04
-4.650216884596913977e-07 1.131037120618357587e-06 7.421364903096676607e-04 1.098136426660377557e-01 -6.207929873370654061e-04 -1.772662634742238957e-03 1.547250146093667560e-02 -3.277482225256848837e-04 -6.671402631432407883e-06 8.112460418453465049e-07 7.950074096439458871e-07 -7.645251989331123285e-07 -2.445832213769903621e-06 2.675190724686211931e-06 -2.277114186353403934e-06 -3.089249972800534998e-05 2.113123790248860234e-06 2.313656258264092412e-05
1.316436601776344052e-05 -3.201869290186438880e-05 -2.100924889317645414e-02 -6.207929873370654061e-04 2.559775361054844822e+01 5.018256208018247178e-02 -4.380132744277487888e-01 9.278271680813203817e-03 1.888616988660284904e-04 -2.296568115067537135e-05 -2.250597937066775047e-05 2.164305407323232090e-05 6.923941673936479728e-05 -7.573235989002214752e-05 6.446315377824835045e-05 8.745402283712436133e-04 -5.982072601349399971e-05 -6.549762856000131877e-04
3.759059819580283312e-05 -9.142877203540974269e-05 -5.999151288207544425e-02 -1.772662634742238957e-03 5.018256208018247178e-02 1.514456662713309197e+04 -1.250738621307247778e+00 2.649392931147022748e-02 5.392910093102794462e-04 -6.557806819280692558e-05 -6.426539845399501373e-05 6.180133158703624387e-05 1.977118450253634763e-04 -2.162523213958327472e-04 1.840733164698252645e-04 2.497233082581388521e-03 -1.708169517863729000e-04 -1.870272396448642441e-03
-3.281056271525775139e-04 7.980265286604991317e-04 5.236296814293061042e-01 1.547250146093667560e-02 -4.380132744277487888e-01 -1.250738621307247778e+00 2.581210385894119827e+04 -2.312495067834964002e-01 -4.707145491695111962e-03 5.723913484903741470e-04 5.609338471850294902e-04 -5.394264957851343774e-04 -1.725707278443447705e-03 1.887535898343398449e-03 -1.606664800272593688e-03 -2.179683926386720080e-02 1.490957999716462611e-03 1.632447811515413266e-02
6.950139017367546374e-06 -1.690429805142750505e-05 -1.109185206952026208e-02 -3.277482225256848837e-04 9.278271680813203817e-03 2.649392931147022748e-02 -2.312495067834964002e-01 1.992884432943342432e+01 9.970970576204866000e-05 -1.212475226002939245e-05 -1.188205228699057120e-05 1.142647009103166699e-05 3.655501306866492956e-05 -3.998296831299957778e-05 3.403338069240996645e-05 4.617143093149242102e-04 -3.158240672985135404e-05 -3.457953259470763281e-04
1.414719365126479149e-07 -3.440915030255373605e-07 -2.257776121982091766e-04 -6.671402631432407883e-06 1.888616988660284904e-04 5.392910093102794462e-04 -4.707145491695111962e-03 9.970970576204866000e-05 8.797535729641193375e-03 -2.468025715278655019e-07 -2.418623487364119967e-07 2.325888514233463072e-07 7.440870571288160884e-07 -8.138640019471650710e-07 6.927585564254014069e-07 9.398318118696089295e-06 -6.428683266100303769e-07 -7.038756243077907591e-06
-1.720306131537439240e-08 4.184170635225907650e-08 2.745467547860539742e-05 8.112460418453465049e-07 -2.296568115067537135e-05 -6.557806819280692558e-05 5.723913484903741470e-04 -1.212475226002939245e-05 -2.468025715278655019e-07 3.978219101444766827e-04 2.941058783641500726e-08 -2.828292572322716908e-08 -9.048137449238286760e-08 9.896628739948963937e-08 -8.423980201805588537e-08 -1.142840388297564222e-06 7.817312403436106388e-08 8.559164327464900618e-07
-1.685870932962780026e-08 4.100416503299692691e-08 2.690511794080619704e-05 7.950074096439458871e-07 -2.250597937066775047e-05 -6.426539845399501373e-05 5.609338471850294902e-04 -1.188205228699057120e-05 -2.418623487364119967e-07 2.941058783641500726e-08 1.608255138158886462e-05 -2.771678918177262681e-08 -8.867021772160002587e-08 9.698528896187287062e-08 -8.255358218938548115e-08 -1.119964264688683354e-06 7.660834030199195127e-08 8.387836377255257090e-07
1.621231192016395516e-08 -3.943198144905099242e-08 -2.587352066973322055e-05 -7.645251989331123285e-07 2.164305407323232090e-05 6.180133158703624387e-05 -5.394264957851343774e-04 1.142647009103166699e-05 2.325888514233463072e-07 -2.828292572322716908e-08 -2.771678918177262681e-08 4.178119110912598111e-04 8.527042015043548345e-08 -9.326667454630293143e-08 7.938830893946950867e-08 1.077022543277389690e-06 -7.367101979030210944e-08 -8.066229568616832111e-07
5.186564786792850824e-08 -1.261488968780268292e-07 -8.277332182900551784e-05 -2.445832213769903621e-06 6.923941673936479728e-05 1.977118450253634763e-04 -1.725707278443447705e-03 3.655501306866492956e-05 7.440870571288160884e-07 -9.048137449238286760e-08 -8.867021772160002587e-08 8.527042015043548345e-08 2.289016964015220027e-04 -2.983742555443208626e-07 2.539752563706661159e-07 3.445558674822299908e-06 -2.356847801430876927e-07 -2.580509334436260809e-06
-5.672936161563565985e-08 1.379785403747417687e-07 9.053541022223779748e-05 2.675190724686211931e-06 -7.573235989002214752e-05 -2.162523213958327472e-04 1.887535898343398449e-03 -3.998296831299957778e-05 -8.138640019471650710e-07 9.896628739948963937e-08 9.698528896187287062e-08 -9.326667454630293143e-08 -2.983742555443208626e-07 4.865929227414672663e-04 -2.777918478289073201e-07 -3.768666777856859474e-06 2.577861777430219962e-07 2.822497225109948338e-06
4.828785960032376205e-08 -1.174469127753550782e-07 -7.706346507633182004e-05 -2.277114186353403934e-06 6.446315377824835045e-05 1.840733164698252645e-04 -1.606664800272593688e-03 3.403338069240996645e-05 6.927585564254014069e-07 -8.423980201805588537e-08 -8.255358218938548115e-08 7.938830893946950867e-08 2.539752563706661159e-07 -2.777918478289073201e-07 7.567094955760174466e-04 3.207877668050459566e-06 -2.194268083272114365e-07 -2.402501030275087083e-06
6.550978859597024514e-07 -1.593345095608934373e-06 -1.045482518257980940e-03 -3.089249972800534998e-05 8.745402283712436133e-04 2.497233082581388521e-03 -2.179683926386720080e-02 4.617143093149242102e-04 9.398318118696089295e-06 -1.142840388297564222e-06 -1.119964264688683354e-06 1.077022543277389690e-06 3.445558674822299908e-06 -3.768666777856859474e-06 3.207877668050459566e-06 6.385919931348246759e-02 -2.976856697476756066e-06 -3.259356200453051005e-05
-4.481032418714414720e-08 1.089887661164342430e-07 7.151360366016172500e-05 2.113123790248860234e-06 -5.982072601349399971e-05 -1.708169517863729000e-04 1.490957999716462611e-03 -3.158240672985135404e-05 -6.428683266100303769e-07 7.817312403436106388e-08 7.660834030199195127e-08 -7.367101979030210944e-08 -2.356847801430876927e-07 2.577861777430219962e-07 -2.194268083272114365e-07 -2.976856697476756066e-06 1.814124986006697068e-02 2.229480679360089274e-06
-4.906276076623940533e-07 1.193316463377058598e-06 7.830014380741284795e-04 2.313656258264092412e-05 -6.549762856000131877e-04 -1.870272396448642441e-03 1.632447811515413266e-02 -3.457953259470763281e-04 -7.038756243077907591e-06 8.559164327464900618e-07 8.387836377255257090e-07 -8.066229568616832111e-07 -2.580509334436260809e-06 2.822497225109948338e-06 -2.402501030275087083e-06 -3.259356200453051005e-05 2.229480679360089274e-06 2.880381666575222016e-02
8.542597246224009361e-04 -9.109368171835612486e-09 -1.182768102149686438e-05 2.800276911277257875e-08 -8.793199372650410120e-06 -8.260397692828235156e-05 -3.962644315231832475e-04 8.165081402154725026e-06 8.278833070182129068e-08 -1.519221051016436410e-09 -1.270238155021162073e-09 8.965493071151847401e-09 3.505867724962580697e-08 -1.610938743505213242e-08 1.270250720910193289e-08 -1.087285661530549470e-08 6.311596690789221481e-08 -2.613401208477446086e-07
-9.109368171835612486e-09 2.795843253683539349e-04 1.294462760944631458e-05 3.438149792903400924e-07 -8.913335991279829691e-06 -1.956059047743192628e-05 2.852136866290223382e-04 -6.018126829945906093e-06 -1.139535118547482681e-07 1.298094319719986524e-08 1.269870875843188615e-08 -1.300530303295722674e-08 -4.225933166185274918e-08 4.394369254274927891e-08 -3.730127208100287742e-08 -4.872763545043799188e-07 2.693991035859779675e-08 3.925524478072500203e-07
-1.182768102149686438e-05 1.294462760944631458e-05 5.711925966695128665e+01 1.516993027858626927e-04 -4.128191217786620574e-04 2.671665344993364929e-02 3.088799179884659796e-01 -6.431859553607127862e-03 -9.045145076338555309e-05 6.851689432881074959e-06 6.608492888315653556e-06 -1.011231646996567692e-05 -3.544467922294451868e-05 2.797962119068686214e-05 -2.332625658058540841e-05 -2.275703881479582103e-04 -1.469532464220957963e-05 3.011837003227999204e-04
2.800276911277257875e-08 3.438149792903400924e-07 1.516993027858626927e-04 3.514259890599124442e-02 -3.629277220719211660e-04 -1.762544698903108784e-03 1.272211506789517341e-03 -2.983922145990971649e-05 -1.660974175482681388e-06 3.099421605212386995e-07 3.064988339931002852e-07 -1.969344418283354825e-07 -5.494801485757899971e-07 8.818785469829242157e-07 -7.634063609861315952e-07 -1.267075007429789369e-05 1.654523739983441918e-06 6.085808546212922601e-06
-8.793199372650410120e-06 -8.913335991279829691e-06 -4.128191217786620574e-04 -3.629277220719211660e-04 8.203364845690893858e+00 1.039819456047606089e-01 1.304554025383558302e-01 -2.550772648864150539e-03 2.557839615648856924e-05 -1.105218772308588604e-05 -1.103403323566950597e-05 3.416051181724444875e-06 5.003869025216854242e-06 -2.613344401218020154e-05 2.318287088697115297e-05 4.847233880210669922e-04 -9.110635280251522087e-05 -1.126507419835360413e-04
-8.260397692828235156e-05 -1.956059047743192628e-05 2.671665344993364929e-02 -1.762544698903108784e-03 1.039819456047606089e-01 4.846901071137674990e+03 1.568850333449112400e+00 -3.168533532913178630e-02 -8.105642299703855083e-05 -4.793004022358982302e-05 -4.844825439752556829e-05 -5.761094876639044258e-06 -6.153926094402992848e-05 -8.301892113448549769e-05 7.749172825929933521e-05 2.289796449628715095e-03 -5.782849091695298985e-04 1.068812382313031830e-04
-3.962644315231832475e-04 2.852136866290223382e-04 3.088799179884659796e-01 1.272211506789517341e-03 1.304554025383558302e-01 1.568850333449112400e+00 8.265933882994899250e+03 -1.976186711538509277e-01 -2.286932447903510489e-03 1.002310882119908630e-04 9.367679301680306508e-05 -2.512183652528949792e-04 -9.363697118298425128e-04 5.614805431593495808e-04 -4.569199449602279260e-04 -2.386821731730629122e-03 -1.134553153784990552e-03 7.394885050935803665e-03
8.165081402154725026e-06 -6.018126829945906093e-06 -6.431859553607127862e-03 -2.983922145990971649e-05 -2.550772648864150539e-03 -3.168533532913178630e-02 -1.976186711538509277e-01 6.379751634369698721e+00 4.782991289559244529e-05 -2.188315889555105808e-06 -2.051747608947980313e-06 5.259710373634382840e-06 1.953296338559615668e-05 -1.192704766976451111e-05 9.723714512806105889e-06 5.416389983020428184e-05 2.276659691704470512e-05 -1.549373774655043935e-04
8.278833070182129068e-08 -1.139535118547482681e-07 -9.045145076338555309e-05 -1.660974175482681388e-06 2.557839615648856924e-05 -8.105642299703855083e-05 -2.286932447903510489e-03 4.782991289559244529e-05 2.815311985108210312e-03 -6.829443435063312861e-08 -6.634158581323986916e-08 8.455280173283537859e-08 2.875877070525851719e-07 -2.549582535151717022e-07 2.143134057181648863e-07 2.416479859395229346e-06 1.873057234363117592e-09 -2.532045829075493693e-06
-1.519221051016436410e-09 1.298094319719986524e-08 6.851689432881074959e-06 3.099421605212386995e-07 -1.105218772308588604e-05 -4.793004022358982302e-05 1.002310882119908630e-04 -2.188315889555105808e-06 -6.829443435063312861e-08 1.273041461202549063e-04 1.058578019378129656e-08 -7.974944977224610132e-09 -2.369740694122951007e-08 3.225120705359667004e-08 -2.773963869082553258e-08 -4.284935765259383700e-07 4.706941350359294893e-08 2.441844982599225597e-07
-1.270238155021162073e-09 1.269870875843188615e-08 6.608492888315653556e-06 3.064988339931002852e-07 -1.103403323566950597e-05 -4.844825439752556829e-05 9.367679301680306508e-05 -2.051747608947980313e-06 -6.634158581323986916e-08 1.058578019378129656e-08 5.147631728338244356e-06 -7.756327537625667011e-09 -2.293479270993338863e-08 3.163755352004435649e-08 -2.722731020231305425e-08 -4.233594753946228582e-07 4.733663748363509603e-08 2.376674990031885664e-07
8.965493071151847401e-09 -1.300530303295722674e-08 -1.011231646996567692e-05 -1.969344418283354825e-07 3.416051181724444875e-06 -5.761094876639044258e-06 -2.512183652528949792e-04 5.259710373634382840e-06 8.455280173283537859e-08 -7.974944977224610132e-09 -7.756327537625667011e-09 1.337008309544616220e-04 3.226857497281099296e-08 -2.929374262782201291e-08 2.466225351382419228e-08 2.851422630354145809e-07 -2.672754916426681802e-09 -2.862762006437322016e-07
3.505867724962580697e-08 -4.225933166185274918e-08 -3.544467922294451868e-05 -5.494801485757899971e-07 5.003869025216854242e-06 -6.153926094402992848e-05 -9.363697118298425128e-04 1.953296338559615668e-05 2.875877070525851719e-07 -2.369740694122951007e-08 -2.293479270993338863e-08 3.226857497281099296e-08 7.327289109231144271e-05 -9.278401365325657112e-08 7.764575121822411836e-08 8.117659967239220055e-07 2.673304955440834688e-08 -9.633712529566081654e-07
-1.610938743505213242e-08 4.394369254274927891e-08 2.797962119068686214e-05 8.818785469829242157e-07 -2.613344401218020154e-05 -8.301892113448549769e-05 5.614805431593495808e-04 -1.192704766976451111e-05 -2.549582535151717022e-07 3.225120705359667004e-08 3.163755352004435649e-08 -2.929374262782201291e-08 -9.278401365325657112e-08 1.557100337405995189e-04 -8.929488533354338950e-08 -1.238171091623698856e-06 9.380149093618677610e-08 8.879636302896050157e-07
1.270250720910193289e-08 -3.730127208100287742e-08 -2.332625658058540841e-05 -7.634063609861315952e-07 2.318287088697115297e-05 7.749172825929933521e-05 -4.569199449602279260e-04 9.723714512806105889e-06 2.143134057181648863e-07 -2.773963869082553258e-08 -2.722731020231305425e-08 2.466225351382419228e-08 7.764575121822411836e-08 -8.929488533354338950e-08 2.421475786756484803e-04 1.069833355156173485e-06 -8.543071889080152382e-08 -7.483055005945414685e-07
-1.087285661530549470e-08 -4.872763545043799188e-07 -2.275703881479582103e-04 -1.267075007429789369e-05 4.847233880210669922e-04 2.289796449628715095e-03 -2.386821731730629122e-03 5.416389983020428184e-05 2.416479859395229346e-06 -4.284935765259383700e-07 -4.233594753946228582e-07 2.851422630354145809e-07 8.117659967239220055e-07 -1.238171091623698856e-06 1.069833355156173485e-06 2.043841721655755006e-02 -2.172688674475975940e-06 -8.786361661878134310e-06
6.311596690789221481e-08 2.693991035859779675e-08 -1.469532464220957963e-05 1.654523739983441918e-06 -9.110635280251522087e-05 -5.782849091695298985e-04 -1.134553153784990552e-03 2.276659691704470512e-05 1.873057234363117592e-09 4.706941350359294893e-08 4.733663748363509603e-08 -2.672754916426681802e-09 2.673304955440834688e-08 9.380149093618677610e-08 -8.543071889080152382e-08 -2.172688674475975940e-06 5.805628531006632939e-03 1.361032984960760227e-07
-2.613401208477446086e-07 3.925524478072500203e-07 3.011837003227999204e-04 6.085808546212922601e-06 -1.126507419835360413e-04 1.068812382313031830e-04 7.394885050935803665e-03 -1.549373774655043935e-04 -2.532045829075493693e-06 2.441844982599225597e-07 2.376674990031885664e-07 -2.862762006437322016e-07 -9.633712529566081654e-07 8.879636302896050157e-07 -7.483055005945414685e-07 -8.786361661878134310e-06 1.361032984960760227e-07 9.217999049700307396e-03
2.733536282015034541e-04 -2.170770904827056531e-09 -4.329616286904719293e-06 -5.389750678687499839e-08 -1.450659839164942136e-06 -3.393713681280029621e-05 -1.376559659867928167e-04 2.506404786929827077e-06 3.077995694652314847e-08 -1.236057241169885758e-09 -8.141317682979613104e-10 2.152707278016977568e-09 1.279088119819634628e-08 -6.167458249045529920e-09 8.564892828946324282e-10 -1.352983813324451693e-08 2.603417286169683652e-08 -1.010270476132812290e-07
-2.170770904827056531e-09 8.946692571503487396e-05 4.185030477661023742e-06 1.149535746399765388e-07 -2.959241134187322929e-06 -5.670526924559371248e-06 9.211993387608548853e-05 -1.917449229746464954e-06 -3.680159823183240001e-08 4.212750364854941294e-09 4.095577370869939755e-09 -4.105489566742324937e-09 -1.364635625250980707e-08 1.414143346132220411e-08 -1.168463628953157600e-08 -1.551397235444020770e-07 8.162710649868041151e-09 1.269820991326291404e-07
-4.329616286904719293e-06 4.185030477661023742e-06 1.827813180159002826e+01 4.493308531780738940e-05 -5.379969351901000597e-05 8.118294552023629790e-03 9.821825412286408485e-02 -2.064308073019768992e-03 -2.869817207088364982e-05 2.149464730433907540e-06 2.091301304865785262e-06 -3.277083901352155089e-06 -1.125199303189288351e-05 8.895321708718577605e-06 -7.648692989892438160e-06 -7.339984317305416994e-05 -4.367213165449212583e-06 9.537940178499845615e-05
-5.389750678687499839e-08 1.149535746399765388e-07 4.493308531780738940e-05 1.124521502066238611e-02 -1.071017373498418319e-04 -6.137503723534179934e-04 3.351842876948305590e-04 -1.025391746875338968e-05 -5.030926583751780444e-07 9.421106540040277742e-08 9.537766101781706998e-08 -6.776637333395798860e-08 -1.654136433564975627e-07 2.754905264986276392e-07 -2.655549295521881155e-07 -4.121255508804439687e-06 5.681360086937287472e-07 1.832142346764551718e-06
-1.450659839164942136e-06 -2.959241134187322929e-06 -5.379969351901000597e-05 -1.071017373498418319e-04 2.624880812289170251e+00 3.435281231309759986e-02 4.330547882672870774e-02 -8.009504784141956634e-04 7.568783030537214469e-06 -3.428910081368026015e-06 -3.472295079409825695e-06 1.196088725224212102e-06 1.375267083774206867e-06 -8.217174028153408771e-06 7.879674876774902211e-06 1.565561254339041725e-04 -2.999304016915150216e-05 -3.354745532909628847e-05
-3.393713681280029621e-05 -5.670526924559371248e-06 8.118294552023629790e-03 -6.137503723534179934e-04 3.435281231309759986e-02 1.551002405407277593e+03 4.934460872441976953e-01 -1.022351205415598929e-02 -2.254546305155602067e-05 -1.593096882171476949e-05 -1.582599475193184962e-05 -2.410276340440939272e-06 -1.844865170713218914e-05 -2.736714898130515781e-05 2.225880775699957595e-05 7.247824882332117675e-04 -1.804326534152333886e-04 2.043583907805520257e-05
-1.376559659867928167e-04 9.211993387608548853e-05 9.821825412286408485e-02 3.351842876948305590e-04 4.330547882672870774e-02 4.934460872441976953e-01 2.645086426304315410e+03 -6.335974336745567315e-02 -7.269123511237118342e-04 3.121589540659037694e-05 2.951012894862700442e-05 -8.120942006711173852e-05 -2.978394853000810379e-04 1.785153104065573585e-04 -1.498853760697073498e-04 -7.752828950551282888e-04 -3.563781649423220844e-04 2.346455958300117974e-03
2.506404786929827077e-06 -1.917449229746464954e-06 -2.064308073019768992e-03 -1.025391746875338968e-05 -8.009504784141956634e-04 -1.022351205415598929e-02 -6.335974336745567315e-02 2.041519328790175170e+00 1.535368653065948387e-05 -7.086761741691218359e-07 -6.611337491449076822e-07 1.675069901469953402e-06 6.268189682446486339e-06 -3.828016528365950686e-06 3.075586501026028780e-06 1.721966580724074012e-05 7.350811727354656793e-06 -4.977519510769405631e-05
3.077995694652314847e-08 -3.680159823183240001e-08 -2.869817207088364982e-05 -5.030926583751780444e-07 7.568783030537214469e-06 -2.254546305155602067e-05 -7.269123511237118342e-04 1.535368653065948387e-05 9.008978967150142042e-04 -2.151517673699783947e-08 -2.104500120462685914e-08 2.738072250461405782e-08 9.131729785529666861e-08 -8.112889769055097711e-08 7.003080889590785200e-08 7.778175245633152689e-07 -2.039632206279990568e-09 -8.023887140714207270e-07
-1.236057241169885758e-09 4.212750364854941294e-09 2.149464730433907540e-06 9.421106540040277742e-08 -3.428910081368026015e-06 -1.593096882171476949e-05 3.121589540659037694e-05 -7.086761741691218359e-07 -2.151517673699783947e-08 4.073726746083502088e-05 3.355214956655848791e-09 -2.608618745358621391e-09 -7.458858596921263948e-09 1.024032806984869401e-08 -9.130376555274148044e-09 -1.379126734535130905e-07 1.552376869262709233e-08 7.676330415150826862e-08
-8.141317682979613104e-10 4.095577370869939755e-09 2.091301304865785262e-06 9.537766101781706998e-08 -3.472295079409825695e-06 -1.582599475193184962e-05 2.951012894862700442e-05 -6.611337491449076822e-07 -2.104500120462685914e-08 3.355214956655848791e-09 1.647224630008049211e-06 -2.512812815386342934e-09 -7.271556810174378482e-09 1.008049681439974487e-08 -8.850648489883620579e-09 -1.359070535559227392e-07 1.539862996672977895e-08 7.530573826721400202e-08
2.152707278016977568e-09 -4.105489566742324937e-09 -3.277083901352155089e-06 -6.776637333395798860e-08 1.196088725224212102e-06 -2.410276340440939272e-06 -8.120942006711173852e-05 1.675069901469953402e-06 2.738072250461405782e-08 -2.608618745358621391e-09 -2.512812815386342934e-09 4.278421181092940067e-05 1.044467647735774358e-08 -9.450462795818073144e-09 7.649614721351427781e-09 9.048646284995857468e-08 -4.144399724619572392e-10 -9.292237613791550980e-08
1.279088119819634628e-08 -1.364635625250980707e-08 -1.125199303189288351e-05 -1.654136433564975627e-07 1.375267083774206867e-06 -1.844865170713218914e-05 -2.978394853000810379e-04 6.268189682446486339e-06 9.131729785529666861e-08 -7.458858596921263948e-09 -7.271556810174378482e-09 1.044467647735774358e-08 2.344706454257071456e-05 -2.952305033377153139e-08 2.537848082675642588e-08 2.614311892646702187e-07 7.586968783852607616e-09 -3.053947085972221678e-07
-6.167458249045529920e-09 1.414143346132220411e-08 8.895321708718577605e-06 2.754905264986276392e-07 -8.217174028153408771e-06 -2.736714898130515781e-05 1.785153104065573585e-04 -3.828016528365950686e-06 -8.112889769055097711e-08 1.024032806984869401e-08 1.008049681439974487e-08 -9.450462795818073144e-09 -2.952305033377153139e-08 4.982710270984627292e-05 -2.891687497097698515e-08 -3.972877187217535581e-07 3.063962774042635852e-08 2.822909713897437319e-07
8.564892828946324282e-10 -1.168463628953157600e-08 -7.648692989892438160e-06 -2.655549295521881155e-07 7.879674876774902211e-06 2.225880775699957595e-05 -1.498853760697073498e-04 3.075586501026028780e-06 7.003080889590785200e-08 -9.130376555274148044e-09 -8.850648489883620579e-09 7.649614721351427781e-09 2.537848082675642588e-08 -2.891687497097698515e-08 7.748613980902995012e-05 3.389465974095582093e-07 -2.536316079180594737e-08 -2.453435465187379561e-07
-1.352983813324451693e-08 -1.551397235444020770e-07 -7.339984317305416994e-05 -4.121255508804439687e-06 1.565561254339041725e-04 7.247824882332117675e-04 -7.752828950551282888e-04 1.721966580724074012e-05 7.778175245633152689e-07 -1.379126734535130905e-07 -1.359070535559227392e-07 9.048646284995857468e-08 2.614311892646702187e-07 -3.972877187217535581e-07 3.389465974095582093e-07 6.540282858047228448e-03 -6.890744268287200720e-07 -2.830073844418654720e-06
2.603417286169683652e-08 8.162710649868041151e-09 -4.367213165449212583e-06 5.681360086937287472e-07 -2.999304016915150216e-05 -1.804326534152333886e-04 -3.563781649423220844e-04 7.350811727354656793e-06 -2.039632206279990568e-09 1.552376869262709233e-08 1.539862996672977895e-08 -4.144399724619572392e-10 7.586968783852607616e-09 3.063962774042635852e-08 -2.536316079180594737e-08 -6.890744268287200720e-07 1.857797537295829797e-03 5.426139600865570971e-08
-1.010270476132812290e-07 1.269820991326291404e-07 9.537940178499845615e-05 1.832142346764551718e-06 -3.354745532909628847e-05 2.043583907805520257e-05 2.346455958300117974e-03 -4.977519510769405631e-05 -8.023887140714207270e-07 7.676330415150826862e-08 7.530573826721400202e-08 -9.292237613791550980e-08 -3.053947085972221678e-07 2.822909713897437319e-07 -2.453435465187379561e-07 -2.830073844418654720e-06 5.426139600865570971e-08 2.949727778151820402e-03
8.747326375695316204e-05 -7.625219711909626071e-10 -9.164617051293958563e-07 -4.763704059633948065e-09 -4.421491929787354061e-07 -8.974012566177896424e-06 -4.389782925168565325e-05 8.277376634213572463e-07 1.300485377663593721e-08 -7.910858482783209819e-10 -3.442002601297250611e-10 8.611240484264352632e-10 4.462794239593590365e-09 -1.632074707789098447e-09 2.120222837945163500e-10 -4.317867650543545525e-09 6.644320624093328838e-09 -2.866659866754344513e-08
-7.625219711909626071e-10 2.862946107396835581e-05 1.029331493550545617e-06 2.853730429337472212e-08 -9.615334835231477082e-07 -3.060562577063738020e-06 2.937789976686871167e-05 -6.305558864072449791e-07 -1.386119478315573248e-08 1.609418129385419027e-09 1.365870824546247194e-09 -1.427567231578495662e-09 -4.611102663038587793e-09 4.299621982435761751e-09 -3.698084383241429429e-09 -4.965242886785591980e-08 3.726412706388007115e-09 3.821475318028259085e-08
-9.164617051293958563e-07 1.029331493550545617e-06 5.851143423001936128e+00 7.137083206530778386e-05 8.350589573051151295e-05 1.120762315720313582e-02 3.212414773566266146e-02 -5.433018176128638545e-04 5.221664275027745010e-06 -1.118006598267828361e-06 2.871918930698027186e-07 -2.622403178454889480e-07 -1.912750993080700774e-06 4.405643777185967452e-06 -2.730884807422616951e-06 -2.343462334566717687e-05 -9.097590070185145012e-06 4.724018582631084974e-05
-4.763704059633948065e-09 2.853730429337472212e-08 7.137083206530778386e-05 3.599985734239688571e-03 -3.159170563252137711e-05 3.276081963347134184e-05 1.257389001548587680e-04 -1.597698372628098638e-07 2.224215119716697470e-07 -1.791727012233688017e-08 2.035273903834540306e-08 -7.534067873163436698e-10 -8.006918643266743071e-09 1.296556638012158779e-07 -9.251808101719354893e-08 -1.317382404876214073e-06 -2.314483384869092110e-08 1.031278992182058301e-06
-4.421491929787354061e-07 -9.615334835231477082e-07 8.350589573051151295e-05 -3.159170563252137711e-05 8.399665977712448273e-01 1.139789366877645184e-02 1.389041260804936041e-02 -2.507875875276009887e-04 3.099609104521063255e-06 -1.182195663532861573e-06 -1.129104424184642674e-06 4.197410008815264579e-07 5.194817394827820971e-07 -2.556155479116721721e-06 2.508169707548824716e-06 5.010046855528299748e-05 -9.959975939692647216e-06 -9.948753454208648217e-06
-8.974012566177896424e-06 -3.060562577063738020e-06 1.120762315720313582e-02 3.276081963347134184e-05 1.139789366877645184e-02 4.963553888742521281e+02 1.606944945993867280e-01 -2.799964018804731048e-03 5.070704305081397253e-05 -1.235901926877397442e-05 -6.600406239844845719e-06 2.390865348007458900e-06 8.832797348434361741e-07 -2.488315826584891480e-06 5.983681160680662378e-06 2.321448174056422152e-04 -8.869981926626952938e-05 7.376424105141960916e-05
-4.389782925168565325e-05 2.937789976686871167e-05 3.212414773566266146e-02 1.257389001548587680e-04 1.389041260804936041e-02 1.606944945993867280e-01 8.464278815485843097e+02 -2.023709048970109836e-02 -2.279410566713763371e-04 9.403538323484980619e-06 9.319368519621827981e-06 -2.573201295951236300e-05 -9.476133230069821187e-05 5.763045601682527565e-05 -4.805518231451410524e-05 -2.480732351295060023e-04 -1.165377903627472808e-04 7.562870267180867457e-04
8.277376634213572463e-07 -6.305558864072449791e-07 -5.433018176128638545e-04 -1.597698372628098638e-07 -2.507875875276009887e-04 -2.799964018804731048e-03 -2.023709048970109836e-02 6.532926084993995186e-01 5.702150562884632988e-06 -3.256825621798431121e-07 -2.324864069869838321e-07 5.790952049261570053e-07 2.098266805271820137e-06 -1.139570639498050894e-06 9.686710802471231904e-07 5.513213766379714880e-06 1.930523768992397580e-06 -1.501236957512761473e-05
1.300485377663593721e-08 -1.386119478315573248e-08 5.221664275027745010e-06 2.224215119716697470e-07 3.099609104521063255e-06 5.070704305081397253e-05 -2.279410566713763371e-04 5.702150562884632988e-06 2.883842360675779024e-04 -1.903348167853529718e-08 -9.304442462304604157e-09 1.405245822771939756e-08 4.057667028558852099e-08 -1.547224123920229810e-08 2.050395827222230006e-08 2.492603577890711920e-07 -5.245442041342814837e-08 -1.442900360346307322e-07
-7.910858482783209819e-10 1.609418129385419027e-09 -1.118006598267828361e-06 -1.791727012233688017e-08 -1.182195663532861573e-06 -1.235901926877397442e-05 9.403538323484980619e-06 -3.256825621798431121e-07 -1.903348167853529718e-08 1.303744855139712328e-05 1.395851859674082677e-09 -1.497996352338694438e-09 -3.810325953258087793e-09 1.961992581113764449e-09 -2.682794874450199413e-09 -4.417702875896317446e-08 1.146152425203918555e-08 1.046435877044487194e-08
-3.442002601297250611e-10 1.365870824546247194e-09 2.871918930698027186e-07 2.035273903834540306e-08 -1.129104424184642674e-06 -6.600406239844845719e-06 9.319368519621827981e-06 -2.324864069869838321e-07 -9.304442462304604157e-09 1.395851859674082677e-09 5.271800394432438931e-07 -9.444081982659846878e-10 -2.628037793722903605e-09 2.947589215355590956e-09 -2.781662792668451060e-09 -4.349977123134459213e-08 6.301350230440239533e-09 2.111500220403255332e-08
8.611240484264352632e-10 -1.427567231578495662e-09 -2.622403178454889480e-07 -7.534067873163436698e-10 4.197410008815264579e-07 2.390865348007458900e-06 -2.573201295951236300e-05 5.790952049261570053e-07 1.405245822771939756e-08 -1.497996352338694438e-09 -9.444081982659846878e-10 1.369123661438399850e-05 3.962215266045552048e-09 -2.451514482473497968e-09 2.343826553156517803e-09 2.897525359674863541e-08 -2.960669163789067322e-09 -2.359476969234609603e-08
4.462794239593590365e-09 -4.611102663038587793e-09 -1.912750993080700774e-06 -8.006918643266743071e-09 5.194817394827820971e-07 8.832797348434361741e-07 -9.476133230069821187e-05 2.098266805271820137e-06 4.057667028558852099e-08 -3.810325953258087793e-09 -2.628037793722903605e-09 3.962215266045552048e-09 7.504391169180521500e-06 -8.218347501390619119e-09 7.897793721524846979e-09 8.370001638046039284e-08 -3.641936543990030002e-09 -8.454734620211718249e-08
-1.632074707789098447e-09 4.299621982435761751e-09 4.405643777185967452e-06 1.296556638012158779e-07 -2.556155479116721721e-06 -2.488315826584891480e-06 5.763045601682527565e-05 -1.139570639498050894e-06 -1.547224123920229810e-08 1.961992581113764449e-09 2.947589215355590956e-09 -2.451514482473497968e-09 -8.218347501390619119e-09 1.594580814986431040e-05 -9.459686074576778441e-09 -1.270932405163850690e-07 4.197894334822566702e-09 1.025068275729892681e-07
2.120222837945163500e-10 -3.698084383241429429e-09 -2.730884807422616951e-06 -9.251808101719354893e-08 2.508169707548824716e-06 5.983681160680662378e-06 -4.805518231451410524e-05 9.686710802471231904e-07 2.050395827222230006e-08 -2.682794874450199413e-09 -2.781662792668451060e-09 2.343826553156517803e-09 7.897793721524846979e-09 -9.459686074576778441e-09 2.479560222201858310e-05 1.084558556771684359e-07 -7.097432584402852321e-09 -8.072195513440298799e-08
-4.317867650543545525e-09 -4.965242886785591980e-08 -2.343462334566717687e-05 -1.317382404876214073e-06 5.010046855528299748e-05 2.321448174056422152e-04 -2.480732351295060023e-04 5.513213766379714880e-06 2.492603577890711920e-07 -4.417702875896317446e-08 -4.349977123134459213e-08 2.897525359674863541e-08 8.370001638046039284e-08 -1.270932405163850690e-07 1.084558556771684359e-07 2.092890515903176978e-03 -2.206955825417226466e-07 -9.052072590153489785e-07
6.644320624093328838e-09 3.726412706388007115e-09 -9.097590070185145012e-06 -2.314483384869092110e-08 -9.959975939692647216e-06 -8.869981926626952938e-05 -1.165377903627472808e-04 1.930523768992397580e-06 -5.245442041342814837e-08 1.146152425203918555e-08 6.301350230440239533e-09 -2.960669163789067322e-09 -3.641936543990030002e-09 4.197894334822566702e-09 -7.097432584402852321e-09 -2.206955825417226466e-07 5.945229020024830110e-04 -4.275832140678532088e-08
-2.866659866754344513e-08 3.821475318028259085e-08 4.724018582631084974e-05 1.031278992182058301e-06 -9.948753454208648217e-06 7.376424105141960916e-05 7.562870267180867457e-04 -1.501236957512761473e-05 -1.442900360346307322e-07 1.046435877044487194e-08 2.111500220403255332e-08 -2.359476969234609603e-08 -8.454734620211718249e-08 1.025068275729892681e-07 -8.072195513440298799e-08 -9.052072590153489785e-07 -4.275832140678532088e-08 9.440434286329569148e-04
8.747326375695316204e-05 -7.625219711909626071e-10 -9.164617051293958563e-07 -4.763704059633948065e-09 -4.421491929787354061e-07 -8.974012566177896424e-06 -4.389782925168565325e-05 8.277376634213572463e-07 1.300485377663593721e-08 -7.910858482783209819e-10 -3.442002601297250611e-10 8.611240484264352632e-10 4.462794239593590365e-09 -1.632074707789098447e-09 2.120222837945163500e-10 -4.317867650543545525e-09 6.644320624093328838e-09 -2.866659866754344513e-08
-7.625219711909626071e-10 2.862946107396835581e-05 1.029331493550545617e-06 2.853730429337472212e-08 -9.615334835231477082e-07 -3.060562577063738020e-06 2.937789976686871167e-05 -6.305558864072449791e-07 -1.386119478315573248e-08 1.609418129385419027e-09 1.365870824546247194e-09 -1.427567231578495662e-09 -4.611102663038587793e-09 4.299621982435761751e-09 -3.698084383241429429e-09 -4.965242886785591980e-08 3.726412706388007115e-09 3.821475318028259085e-08
-9.164617051293958563e-07 1.029331493550545617e-06 5.851143423001936128e+00 7.137083206530778386e-05 8.350589573051151295e-05 1.120762315720313582e-02 3.212414773566266146e-02 -5.433018176128638545e-04 5.221664275027745010e-06 -1.118006598267828361e-06 2.871918930698027186e-07 -2.622403178454889480e-07 -1.912750993080700774e-06 4.405643777185967452e-06 -2.730884807422616951e-06 -2.343462334566717687e-05 -9.097590070185145012e-06 4.724018582631084974e-05
-4.763704059633948065e-09 2.853730429337472212e-08 7.137083206530778386e-05 3.599985734239688571e-03 -3.159170563252137711e-05 3.276081963347134184e-05 1.257389001548587680e-04 -1.597698372628098638e-07 2.224215119716697470e-07 -1.791727012233688017e-08 2.035273903834540306e-08 -7.534067873163436698e-10 -8.006918643266743071e-09 1.296556638012158779e-07 -9.251808101719354893e-08 -1.317382404876214073e-06 -2.314483384869092110e-08 1.031278992182058301e-06
-4.421491929787354061e-07 -9.615334835231477082e-07 8.350589573051151295e-05 -3.159170563252137711e-05 8.399665977712448273e-01 1.139789366877645184e-02 1.389041260804936041e-02 -2.507875875276009887e-04 3.099609104521063255e-06 -1.182195663532861573e-06 -1.129104424184642674e-06 4.197410008815264579e-07 5.194817394827820971e-07 -2.556155479116721721e-06 2.508169707548824716e-06 5.010046855528299748e-05 -9.959975939692647216e-06 -9.948753454208648217e-06
-8.974012566177896424e-06 -3.060562577063738020e-06 1.120762315720313582e-02 3.276081963347134184e-05 1.139789366877645184e-02 4.963553888742521281e+02 1.606944945993867280e-01 -2.799964018804731048e-03 5.070704305081397253e-05 -1.235901926877397442e-05 -6.600406239844845719e-06 2.390865348007458900e-06 8.832797348434361741e-07 -2.488315826584891480e-06 5.983681160680662378e-06 2.321448174056422152e-04 -8.869981926626952938e-05 7.376424105141960916e-05
-4.389782925168565325e-05 2.937789976686871167e-05 3.212414773566266146e-02 1.257389001548587680e-04 1.389041260804936041e-02 1.606944945993867280e-01 8.464278815485843097e+02 -2.023709048970109836e-02 -2.279410566713763371e-04 9.403538323484980619e-06 9.319368519621827981e-06 -2.573201295951236300e-05 -9.476133230069821187e-05 5.763045601682527565e-05 -4.805518231451410524e-05 -2.480732351295060023e-04 -1.165377903627472808e-04 7.562870267180867457e-04
8.277376634213572463e-07 -6.305558864072449791e-07 -5.433018176128638545e-04 -1.597698372628098638e-07 -2.507875875276009887e-04 -2.799964018804731048e-03 -2.023709048970109836e-02 6.532926084993995186e-01 5.702150562884632988e-06 -3.256825621798431121e-07 -2.324864069869838321e-07 5.790952049261570053e-07 2.098266805271820137e-06 -1.139570639498050894e-06 9.686710802471231904e-07 5.513213766379714880e-06 1.930523768992397580e-06 -1.501236957512761473e-05
1.300485377663593721e-08 -1.386119478315573248e-08 5.221664275027745010e-06 2.224215119716697470e-07 3.099609104521063255e-06 5.070704305081397253e-05 -2.279410566713763371e-04 5.702150562884632988e-06 2.883842360675779024e-04 -1.903348167853529718e-08 -9.304442462304604157e-09 1.405245822771939756e-08 4.057667028558852099e-08 -1.547224123920229810e-08 2.050395827222230006e-08 2.492603577890711920e-07 -5.245442041342814837e-08 -1.442900360346307322e-07
-7.910858482783209819e-10 1.609418129385419027e-09 -1.118006598267828361e-06 -1.791727012233688017e-08 -1.182195663532861573e-06 -1.235901926877397442e-05 9.403538323484980619e-06 -3.256825621798431121e-07 -1.903348167853529718e-08 1.303744855139712328e-05 1.395851859674082677e-09 -1.497996352338694438e-09 -3.810325953258087793e-09 1.961992581113764449e-09 -2.682794874450199413e-09 -4.417702875896317446e-08 1.146152425203918555e-08 1.046435877044487194e-08
-3.442002601297250611e-10 1.365870824546247194e-09 2.871918930698027186e-07 2.035273903834540306e-08 -1.129104424184642674e-06 -6.600406239844845719e-06 9.319368519621827981e-06 -2.324864069869838321e-07 -9.304442462304604157e-09 1.395851859674082677e-09 5.271800394432438931e-07 -9.444081982659846878e-10 -2.628037793722903605e-09 2.947589215355590956e-09 -2.781662792668451060e-09 -4.349977123134459213e-08 6.301350230440239533e-09 2.111500220403255332e-08
8.611240484264352632e-10 -1.427567231578495662e-09 -2.622403178454889480e-07 -7.534067873163436698e-10 4.197410008815264579e-07 2.390865348007458900e-06 -2.573201295951236300e-05 5.790952049261570053e-07 1.405245822771939756e-08 -1.497996352338694438e-09 -9.444081982659846878e-10 1.369123661438399850e-05 3.962215266045552048e-09 -2.451514482473497968e-09 2.343826553156517803e-09 2.897525359674863541e-08 -2.960669163789067322e-09 -2.359476969234609603e-08
4.462794239593590365e-09 -4.611102663038587793e-09 -1.912750993080700774e-06 -8.006918643266743071e-09 5.194817394827820971e-07 8.832797348434361741e-07 -9.476133230069821187e-05 2.098266805271820137e-06 4.057667028558852099e-08 -3.810325953258087793e-09 -2.628037793722903605e-09 3.962215266045552048e-09 7.504391169180521500e-06 -8.218347501390619119e-09 7.897793721524846979e-09 8.370001638046039284e-08 -3.641936543990030002e-09 -8.454734620211718249e-08
-1.632074707789098447e-09 4.299621982435761751e-09 4.405643777185967452e-06 1.296556638012158779e-07 -2.556155479116721721e-06 -2.488315826584891480e-06 5.763045601682527565e-05 -1.139570639498050894e-06 -1.547224123920229810e-08 1.961992581113764449e-09 2.947589215355590956e-09 -2.451514482473497968e-09 -8.218347501390619119e-09 1.594580814986431040e-05 -9.459686074576778441e-09 -1.270932405163850690e-07 4.197894334822566702e-09 1.025068275729892681e-07
2.120222837945163500e-10 -3.698084383241429429e-09 -2.730884807422616951e-06 -9.251808101719354893e-08 2.508169707548824716e-06 5.983681160680662378e-06 -4.805518231451410524e-05 9.686710802471231904e-07 2.050395827222230006e-08 -2.682794874450199413e-09 -2.781662792668451060e-09 2.343826553156517803e-09 7.897793721524846979e-09 -9.459686074576778441e-09 2.479560222201858310e-05 1.084558556771684359e-07 -7.097432584402852321e-09 -8.072195513440298799e-08
