6.958891956893889681e-03 6.644327384161897770e-05 -2.422837337548751271e-03 -1.192895975440674518e-04 1.109383754014707903e-03 9.325535106518468773e-03 2.408945456189488452e-02 2.397446612695504353e-02 5.250371756439800034e-06 1.505278710448230556e-05 -1.667166807007608927e-07 3.192460213786643011e-07 3.555401032543875850e-06 -5.839274503236366508e-09 6.707543766046950074e-07 -5.000720759076257717e-05 -2.959246161823166553e-06 2.970924415698071991e-06
6.644327384161897770e-05 1.314598636215179306e-01 -7.105793613372468273e-03 -3.498572715690413107e-04 3.253644754390476717e-03 2.735029990425277835e-02 7.065050951737474050e-02 7.031326686639514933e-02 1.539849890727153461e-05 4.414741213238116964e-05 -4.889533055341924643e-07 9.362974165249498171e-07 1.042742141970964863e-05 -1.712565628273043940e-08 1.967215087679557356e-06 -1.466631254248952979e-04 -8.678994727047761935e-06 8.713245174039630590e-06
-2.422837337548751271e-03 -7.105793613372468273e-03 1.317877706467442067e+02 1.275745777354297776e-02 -1.186433409775644043e-01 -9.973218351512378455e-01 -2.576253132613069763e+00 -2.563955663819541098e+00 -5.615024055508228149e-04 -1.609824325114555220e-03 1.782955981052330378e-05 -3.414185076452591654e-05 -3.802333101503983142e-04 6.244827666188135440e-07 -7.173400541310740938e-05 5.348034131612165384e-03 3.164773687582592924e-04 -3.177263027285727871e-04
-1.192895975440674518e-04 -3.498572715690413107e-04 1.275745777354297776e-02 5.773179652100628445e-01 -5.841463715767276910e-03 -4.910363502052809970e-02 -1.268431002767936855e-01 -1.262376283037247304e-01 -2.764584932719843903e-05 -7.926049878934604521e-05 8.778472170719585777e-07 -1.680990949739297948e-06 -1.872097554290596484e-05 3.074671862970872467e-08 -3.531859321852371102e-06 2.633131119967785957e-04 1.558192015860764991e-05 -1.564341204185084710e-05
1.109383754014707903e-03 3.253644754390476717e-03 -1.186433409775644043e-01 -5.841463715767276910e-03 2.160800588870493755e+01 4.566598938748008263e-01 1.179630727683108393e+00 1.173999886568183770e+00 2.571041963504190750e-04 7.371163244935930283e-04 -8.163909185517126803e-06 1.563308191728639098e-05 1.741035811520300872e-04 -2.859420338345888630e-07 3.284601032945043343e-05 -2.448790964864891277e-03 -1.449106161493064282e-04 1.454824857647486031e-04
9.325535106518468773e-03 2.735029990425277835e-02 -9.973218351512378455e-01 -4.910363502052809970e-02 4.566598938748008263e-01 5.387613508736574659e+03 9.916034666928167596e+00 9.868701535983685602e+00 2.161230683631647047e-03 6.196236547341513190e-03 -6.862622734509522674e-05 1.314124654477322445e-04 1.463523377125565579e-03 -2.403642982244715031e-06 2.761051992404581299e-04 -2.058465885112467642e-02 -1.218125858898834023e-03 1.222933023377183485e-03
2.408945456189488452e-02 7.065050951737474050e-02 -2.576253132613069763e+00 -1.268431002767936855e-01 1.179630727683108393e+00 9.916034666928167596e+00 1.174221946461169318e+04 2.549254648881316143e+01 5.582829055538710006e-03 1.600594036234999698e-02 -1.772733002987023358e-04 3.394609080455835283e-04 3.780531571737261003e-03 -6.209021545940913726e-06 7.132270240189005637e-04 -5.317369978261773933e-02 -3.146627747731221923e-03 3.159045477003593391e-03
2.397446612695504353e-02 7.031326686639514933e-02 -2.563955663819541098e+00 -1.262376283037247304e-01 1.173999886568183770e+00 9.868701535983685602e+00 2.549254648881316143e+01 3.162896601470477981e+04 5.556180018135906812e-03 1.592953771789500789e-02 -1.764271051594312625e-04 3.378405277069949681e-04 3.762485608614361907e-03 -6.179383445657611451e-06 7.098225111006852472e-04 -5.291988081373016906e-02 -3.131607656715038046e-03 3.143966111284826181e-03
5.250371756439800034e-06 1.539849890727153461e-05 -5.615024055508228149e-04 -2.764584932719843903e-05 2.571041963504190750e-04 2.161230683631647047e-03 5.582829055538710006e-03 5.556180018135906812e-03 1.018400400296792276e-02 3.488544624280271153e-06 -3.863726871306813857e-08 7.398656368240095253e-08 8.239786474856964337e-07 -1.353275611789944183e-09 1.554500544301193234e-07 -1.158937371565397550e-05 -6.858173319063411775e-07 6.885238147319798718e-07
1.505278710448230556e-05 4.414741213238116964e-05 -1.609824325114555220e-03 -7.926049878934604521e-05 7.371163244935930283e-04 6.196236547341513190e-03 1.600594036234999698e-02 1.592953771789500789e-02 3.488544624280271153e-06 9.409875126720622547e-04 -1.107728380420177212e-07 2.121190733470253174e-07 2.362342274911953000e-06 -3.879833776146750463e-09 4.456744556891078435e-07 -3.322667104515966208e-05 -1.966234538932995405e-06 1.973994010388766256e-06
-1.667166807007608927e-07 -4.889533055341924643e-07 1.782955981052330378e-05 8.778472170719585777e-07 -8.163909185517126803e-06 -6.862622734509522674e-05 -1.772733002987023358e-04 -1.764271051594312625e-04 -3.863726871306813857e-08 -1.107728380420177212e-07 7.616207987828978746e-06 -2.349318274169103049e-09 -2.616404922349096758e-08 4.297097968237897345e-11 -4.936053729444001038e-09 3.680009734367137719e-07 2.177697017401442958e-08 -2.186290996151817459e-08
3.192460213786643011e-07 9.362974165249498171e-07 -3.414185076452591654e-05 -1.680990949739297948e-06 1.563308191728639098e-05 1.314124654477322445e-04 3.394609080455835283e-04 3.378405277069949681e-04 7.398656368240095253e-08 2.121190733470253174e-07 -2.349318274169103049e-09 3.456359356266215009e-05 5.010157701464424185e-08 -8.228519330327751756e-11 9.452056673709452976e-09 -7.046856147766992659e-07 -4.170075277718875879e-08 4.186531900489541082e-08
3.555401032543875850e-06 1.042742141970964863e-05 -3.802333101503983142e-04 -1.872097554290596484e-05 1.741035811520300872e-04 1.463523377125565579e-03 3.780531571737261003e-03 3.762485608614361907e-03 8.239786474856964337e-07 2.362342274911953000e-06 -2.616404922349096758e-08 5.010157701464424185e-08 5.972994718524831130e-04 -9.163993962090368097e-10 1.052663143999192196e-07 -7.847991187411349246e-06 -4.644158096053953747e-07 4.662485620806912778e-07
-5.839274503236366508e-09 -1.712565628273043940e-08 6.244827666188135440e-07 3.074671862970872467e-08 -2.859420338345888630e-07 -2.403642982244715031e-06 -6.209021545940913726e-06 -6.179383445657611451e-06 -1.353275611789944183e-09 -3.879833776146750463e-09 4.297097968237897345e-11 -8.228519330327751756e-11 -9.163993962090368097e-10 3.636168868345251239e-09 -1.728859557891591342e-10 1.288928433749315913e-08 7.627413535368022125e-10 -7.657514063274101478e-10
6.707543766046950074e-07 1.967215087679557356e-06 -7.173400541310740938e-05 -3.531859321852371102e-06 3.284601032945043343e-05 2.761051992404581299e-04 7.132270240189005637e-04 7.098225111006852472e-04 1.554500544301193234e-07 4.456744556891078435e-07 -4.936053729444001038e-09 9.452056673709452976e-09 1.052663143999192196e-07 -1.728859557891591342e-10 8.565734600679896047e-05 -1.480585280908470817e-06 -8.761569623394867782e-08 8.796145940743749869e-08
-5.000720759076257717e-05 -1.466631254248952979e-04 5.348034131612165384e-03 2.633131119967785957e-04 -2.448790964864891277e-03 -2.058465885112467642e-02 -5.317369978261773933e-02 -5.291988081373016906e-02 -1.158937371565397550e-05 -3.322667104515966208e-05 3.680009734367137719e-07 -7.046856147766992659e-07 -7.847991187411349246e-06 1.288928433749315913e-08 -1.480585280908470817e-06 3.658831983237213065e-02 6.532072637317172601e-06 -6.557850554535425117e-06
-2.959246161823166553e-06 -8.678994727047761935e-06 3.164773687582592924e-04 1.558192015860764991e-05 -1.449106161493064282e-04 -1.218125858898834023e-03 -3.146627747731221923e-03 -3.131607656715038046e-03 -6.858173319063411775e-07 -1.966234538932995405e-06 2.177697017401442958e-08 -4.170075277718875879e-08 -4.644158096053953747e-07 7.627413535368022125e-10 -8.761569623394867782e-08 6.532072637317172601e-06 5.860861683064018954e-04 -3.880699406799841278e-07
2.970924415698071991e-06 8.713245174039630590e-06 -3.177263027285727871e-04 -1.564341204185084710e-05 1.454824857647486031e-04 1.222933023377183485e-03 3.159045477003593391e-03 3.143966111284826181e-03 6.885238147319798718e-07 1.973994010388766256e-06 -2.186290996151817459e-08 4.186531900489541082e-08 4.662485620806912778e-07 -7.657514063274101478e-10 8.796145940743749869e-08 -6.557850554535425117e-06 -3.880699406799841278e-07 9.317688827494270340e-03
2.227144529418147254e-03 2.348826597093455610e-05 -9.183042794096557809e-04 -2.810813309673698988e-05 3.585246748603125827e-04 3.475203466298731458e-03 9.291721683897611467e-03 7.968044423397857220e-03 -1.338703462531293159e-07 5.034971062155085302e-06 -4.128960875855646677e-08 5.234961959884219208e-08 1.031270872203475508e-06 -3.200041111601653097e-09 1.132077744203139391e-07 -1.702183623469165932e-05 -1.096990494944503434e-06 9.349634925401678035e-07
2.348826597093455610e-05 4.208372902822299366e-02 -3.338267985007243102e-03 -3.703747092157358504e-05 1.067381900537198690e-03 1.240716593814686700e-02 3.439217046254451626e-02 2.470516686721957803e-02 -8.575174082501592875e-06 1.575047609992490918e-05 -6.669670724729758284e-08 -7.114617415565089664e-08 2.544343252199802495e-06 -1.539122530891103409e-08 -1.255271476615252543e-07 -5.452121879999945566e-05 -3.894061305128240198e-06 2.671132635819348145e-06
-9.183042794096557809e-04 -3.338267985007243102e-03 4.224045080354574822e+01 -7.293038244554428742e-04 -3.964961900438861153e-02 -5.538974297335861330e-01 -1.581253296657624485e+00 -9.620814626909378608e-01 6.875577144028136977e-04 -6.194038610891411042e-04 -6.009918371784815716e-08 1.288752355654980587e-05 -7.077909759021212377e-05 8.363899796632152738e-07 2.553886833274455326e-05 2.198791371163136971e-03 1.730004598014706378e-04 -9.415105293458462664e-05
-2.810813309673698988e-05 -3.703747092157358504e-05 -7.293038244554428742e-04 1.850804109859042479e-01 -1.750760698683206636e-03 8.096035775800372852e-04 1.267988756086638018e-02 -3.042867968330564138e-02 -6.988568373538810359e-05 -1.802520268657527134e-05 6.867095026446927437e-07 -2.213946107110395242e-06 -9.572904215420729743e-06 -3.496385703499077755e-08 -4.543339860378187022e-06 4.995398923356751209e-05 -6.221009124237985272e-08 -5.535269448720861774e-06
3.585246748603125827e-04 1.067381900537198690e-03 -3.964961900438861153e-02 -1.750760698683206636e-03 6.914603353661003204e+00 1.519129609970837069e-01 3.961224376186562868e-01 3.791678323185258548e-01 6.091402353070230245e-05 2.384450576192929342e-04 -2.470450320826996058e-06 4.416095090991845652e-06 5.445963315492093667e-05 -1.071792514607316275e-07 9.316364993775483894e-06 -7.956178447033050065e-04 -4.813798722740770923e-05 4.636915088180326320e-05
3.475203466298731458e-03 1.240716593814686700e-02 -5.538974297335861330e-01 8.096035775800372852e-04 1.519129609970837069e-01 1.724842441363862690e+03 5.772070995328372867e+00 3.644275630523631904e+00 -2.286399005220344713e-03 2.340812281076118384e-03 -2.162157748609393900e-06 -3.971870466379527945e-05 2.935582330570183154e-04 -2.955020889680554917e-06 -7.816805124522975393e-05 -8.260834129048374302e-03 -6.361045903668583390e-04 3.655111068176832294e-04
9.291721683897611467e-03 3.439217046254451626e-02 -1.581253296657624485e+00 1.267988756086638018e-02 3.961224376186562868e-01 5.772070995328372867e+00 3.765889254889183121e+03 9.725425735810562244e+00 -7.814593949362494754e-03 6.276152446016854645e-03 7.102388503027549193e-06 -1.550026090368129838e-04 6.463110918179726036e-04 -9.034120832090827138e-06 -3.086361787475023046e-04 -2.241176063587468556e-02 -1.801010159561552797e-03 9.276263825065187265e-04
7.968044423397857220e-03 2.470516686721957803e-02 -9.620814626909378608e-01 -3.042867968330564138e-02 3.791678323185258548e-01 3.644275630523631904e+00 9.725425735810562244e+00 1.012156247990316115e+04 -1.849698185148095507e-05 5.313425625269241857e-03 -4.451338561662008918e-05 5.878078650897762542e-05 1.098565821679679940e-03 -3.296020118794144423e-06 1.266889556826501675e-04 -1.794404773825875390e-02 -1.150697562940978993e-03 9.904887363532104833e-04
-1.338703462531293159e-07 -8.575174082501592875e-06 6.875577144028136977e-04 -6.988568373538810359e-05 6.091402353070230245e-05 -2.286399005220344713e-03 -7.814593949362494754e-03 -1.849698185148095507e-05 3.269882691424554760e-03 -2.062637422453542274e-07 -8.550329293960235423e-08 3.257560002156785920e-07 9.093121412028749972e-07 7.642018133786449226e-09 6.649146534770534893e-07 2.474604375774398474e-06 6.904449031690454673e-07 3.157403745623374185e-07
5.034971062155085302e-06 1.575047609992490918e-05 -6.194038610891411042e-04 -1.802520268657527134e-05 2.384450576192929342e-04 2.340812281076118384e-03 6.276152446016854645e-03 5.313425625269241857e-03 -2.062637422453542274e-07 3.012750078057010094e-04 -2.665443726995567229e-08 3.156177767182088005e-08 6.783303143343873134e-07 -2.212337488303986115e-09 6.865953918651856346e-08 -1.137588426697305376e-05 -7.385847050782927453e-07 6.202074887307975404e-07
-4.128960875855646677e-08 -6.669670724729758284e-08 -6.009918371784815716e-08 6.867095026446927437e-07 -2.470450320826996058e-06 -2.162157748609393900e-06 7.102388503027549193e-06 -4.451338561662008918e-05 -8.550329293960235423e-08 -2.665443726995567229e-08 2.437672799847409962e-06 -2.760066326271473826e-09 -1.266482044444236976e-08 -3.993378821044720773e-11 -5.669302864058139583e-09 7.665325302293474994e-08 9.194077814712289878e-10 -7.630452435085432911e-09
5.234961959884219208e-08 -7.114617415565089664e-08 1.288752355654980587e-05 -2.213946107110395242e-06 4.416095090991845652e-06 -3.971870466379527945e-05 -1.550026090368129838e-04 5.878078650897762542e-05 3.257560002156785920e-07 3.156177767182088005e-08 -2.760066326271473826e-09 1.106864455897904076e-05 3.376066916515811445e-08 1.953965305585577852e-10 1.991621314276478560e-08 -5.571897521691715664e-08 1.164026575083299223e-08 1.601677644737728437e-08
1.031270872203475508e-06 2.544343252199802495e-06 -7.077909759021212377e-05 -9.572904215420729743e-06 5.445963315492093667e-05 2.935582330570183154e-04 6.463110918179726036e-04 1.098565821679679940e-03 9.093121412028749972e-07 6.783303143343873134e-07 -1.266482044444236976e-08 3.376066916515811445e-08 1.911737215601641787e-04 1.806530218379751355e-10 6.978769485107503251e-08 -2.148483939941231614e-06 -9.521344565465127061e-08 1.547990211907584955e-07
-3.200041111601653097e-09 -1.539122530891103409e-08 8.363899796632152738e-07 -3.496385703499077755e-08 -1.071792514607316275e-07 -2.955020889680554917e-06 -9.034120832090827138e-06 -3.296020118794144423e-06 7.642018133786449226e-09 -2.212337488303986115e-09 -3.993378821044720773e-11 1.953965305585577852e-10 1.806530218379751355e-10 1.169501159340589547e-09 3.962134767505026607e-10 8.663060144375355171e-09 9.119511343236165113e-10 -1.750072194882965827e-10
1.132077744203139391e-07 -1.255271476615252543e-07 2.553886833274455326e-05 -4.543339860378187022e-06 9.316364993775483894e-06 -7.816805124522975393e-05 -3.086361787475023046e-04 1.266889556826501675e-04 6.649146534770534893e-07 6.865953918651856346e-08 -5.669302864058139583e-09 1.991621314276478560e-08 6.978769485107503251e-08 3.962134767505026607e-10 2.744474948516482482e-05 -1.280383948187950108e-07 2.284261036674952282e-08 3.348290330642295164e-08
-1.702183623469165932e-05 -5.452121879999945566e-05 2.198791371163136971e-03 4.995398923356751209e-05 -7.956178447033050065e-04 -8.260834129048374302e-03 -2.241176063587468556e-02 -1.794404773825875390e-02 2.474604375774398474e-06 -1.137588426697305376e-05 7.665325302293474994e-08 -5.571897521691715664e-08 -2.148483939941231614e-06 8.663060144375355171e-09 -1.280383948187950108e-07 1.171173753814086331e-02 2.601664684535028588e-06 -2.044886642867847231e-06
-1.096990494944503434e-06 -3.894061305128240198e-06 1.730004598014706378e-04 -6.221009124237985272e-08 -4.813798722740770923e-05 -6.361045903668583390e-04 -1.801010159561552797e-03 -1.150697562940978993e-03 6.904449031690454673e-07 -7.385847050782927453e-07 9.194077814712289878e-10 1.164026575083299223e-08 -9.521344565465127061e-08 9.119511343236165113e-10 2.284261036674952282e-08 2.601664684535028588e-06 1.876228305488626767e-04 -1.162909674322072880e-07
9.349634925401678035e-07 2.671132635819348145e-06 -9.415105293458462664e-05 -5.535269448720861774e-06 4.636915088180326320e-05 3.655111068176832294e-04 9.276263825065187265e-04 9.904887363532104833e-04 3.157403745623374185e-07 6.202074887307975404e-07 -7.630452435085432911e-09 1.601677644737728437e-08 1.547990211907584955e-07 -1.750072194882965827e-10 3.348290330642295164e-08 -2.044886642867847231e-06 -1.162909674322072880e-07 2.981661252291480275e-03
7.129746199450932072e-04 2.976866744583735186e-06 -3.074848473098547785e-04 -8.202934178431627610e-06 1.340273962344700896e-04 5.164754445401906462e-04 2.748759309812678908e-03 1.101667042105364952e-03 -1.187557515525854001e-07 1.635010687651736933e-06 -9.574828868082835474e-09 4.247091163063366474e-09 2.899764665710435651e-07 -8.840358272354904425e-10 5.272119431606659717e-09 -6.001742212491610178e-06 -3.146281096686968058e-07 1.015185744679053602e-06
2.976866744583735186e-06 1.353824981358971689e-02 -8.537291120402362580e-04 -2.431402157205787899e-05 3.775954965000478681e-05 1.334575468725357830e-02 1.454089872923569615e-02 3.070100056890278512e-02 -1.549006133387934975e-06 4.665191168976219840e-06 -7.860801796630993683e-08 1.740770550885990560e-07 1.444324549537425560e-06 -7.128642131701097013e-09 4.470988207956107758e-07 -8.714132426291805203e-06 -1.819228707663879794e-06 -1.041609528295894859e-05
-3.074848473098547785e-04 -8.537291120402362580e-04 1.351758824857528118e+01 -2.707889654024809895e-04 -1.359991133368778672e-02 -1.491014964845200075e-01 -4.953875659332609982e-01 -2.394331099072580515e-01 2.236060769399711044e-04 -1.993348908303951134e-04 -1.911448148329609992e-07 4.714944168100118955e-06 -2.075761017967296077e-05 2.610299083247280658e-07 9.635243268704154929e-06 7.298291848122049090e-04 5.363958027081199747e-05 -6.396410742989959756e-05
-8.202934178431627610e-06 -2.431402157205787899e-05 -2.707889654024809895e-04 5.922790489594052105e-02 -5.072601846867139932e-04 -1.376009060857682478e-03 3.440988887368517067e-03 -1.371269019062098735e-02 -2.257183565817412965e-05 -5.702671561203251606e-06 2.297340797550676219e-07 -7.427923541655756832e-07 -3.173224956743488530e-06 -1.080415216477664861e-08 -1.538848297332749437e-06 1.446229948308632826e-05 8.004658832439950021e-08 1.943534134722099718e-07
1.340273962344700896e-04 3.775954965000478681e-05 -1.359991133368778672e-02 -5.072601846867139932e-04 2.213964712471016671e+00 8.751684494611120316e-03 1.117281496898976795e-01 2.441761483873058566e-02 1.441164656266920297e-05 7.789659342697828007e-05 -5.470774477386842540e-07 5.762544355622581238e-07 1.474801864790411499e-05 -2.492923093640547300e-08 9.095832258391854733e-07 -2.917252449579345276e-04 -1.296745552324947964e-05 6.275700710075419791e-05
5.164754445401906462e-04 1.334575468725357830e-02 -1.491014964845200075e-01 -1.376009060857682478e-03 8.751684494611120316e-03 5.531796897606534458e+02 2.310925833883069380e+00 4.157034369548068931e+00 -5.748510639278593464e-04 6.998631044679597861e-04 -8.205360842489557382e-06 1.311693214584492529e-05 1.766155320882552943e-04 -1.234710601654793558e-06 3.891821347296461561e-05 -1.497697570054935855e-03 -2.787509376039589088e-04 -1.361830640193458647e-03
2.748759309812678908e-03 1.454089872923569615e-02 -4.953875659332609982e-01 3.440988887368517067e-03 1.117281496898976795e-01 2.310925833883069380e+00 1.205259480269329060e+03 4.239965586246142948e+00 -2.441543437035067002e-03 1.989817092136378883e-03 -5.604993311699454925e-07 -3.986173119447323831e-05 2.379962809414164551e-04 -2.999937212964353952e-06 -7.465538559639226857e-05 -6.739703849133492353e-03 -6.046795557326380783e-04 -2.607998539629640170e-04
1.101667042105364952e-03 3.070100056890278512e-02 -2.394331099072580515e-01 -1.371269019062098735e-02 2.441761483873058566e-02 4.157034369548068931e+00 4.239965586246142948e+00 3.246171937675947447e+03 3.753137513678786712e-04 1.580679826422556021e-03 -3.251241492288474319e-05 8.160500565635787126e-05 5.525603476197780235e-04 -1.757649072218064438e-06 1.959836822346833760e-04 -2.956290023096109099e-03 -5.510571413518273575e-04 -3.278560128310151808e-03
-1.187557515525854001e-07 -1.549006133387934975e-06 2.236060769399711044e-04 -2.257183565817412965e-05 1.441164656266920297e-05 -5.748510639278593464e-04 -2.441543437035067002e-03 3.753137513678786712e-04 1.046382447443134191e-03 -7.227530426089426864e-08 -2.831876333882983259e-08 1.075339656509089475e-07 3.015183520273259381e-07 2.408594975862183780e-09 2.209218235833551024e-07 9.379196680777248389e-07 2.113572726419154077e-07 -8.745858557768509180e-08
1.635010687651736933e-06 4.665191168976219840e-06 -1.993348908303951134e-04 -5.702671561203251606e-06 7.789659342697828007e-05 6.998631044679597861e-04 1.989817092136378883e-03 1.580679826422556021e-03 -7.227530426089426864e-08 9.640997007026958713e-05 -8.228927016296788496e-09 9.066849942034581944e-09 2.137591298108051297e-07 -6.963856058932812111e-10 1.941416354481843413e-08 -3.686106739268771330e-06 -2.333396663053450838e-07 2.576091293022971705e-07
-9.574828868082835474e-09 -7.860801796630993683e-08 -1.911448148329609992e-07 2.297340797550676219e-07 -5.470774477386842540e-07 -8.205360842489557382e-06 -5.604993311699454925e-07 -3.251241492288474319e-05 -2.831876333882983259e-08 -8.228927016296788496e-09 7.801011880296205557e-07 -1.040971354920339728e-09 -4.557730847652634715e-09 -1.101297314152188004e-11 -2.204671821367352134e-09 1.753071204446464794e-08 7.535146418761653709e-10 6.590691086044408468e-09
4.247091163063366474e-09 1.740770550885990560e-07 4.714944168100118955e-06 -7.427923541655756832e-07 5.762544355622581238e-07 1.311693214584492529e-05 -3.986173119447323831e-05 8.160500565635787126e-05 1.075339656509089475e-07 9.066849942034581944e-09 -1.040971354920339728e-09 3.542508511578286361e-06 1.253926863718095648e-08 5.645696756850279004e-11 7.715481348405808236e-09 6.226090524662881833e-09 2.146065942488839971e-09 -2.592286436358342618e-08
2.899764665710435651e-07 1.444324549537425560e-06 -2.075761017967296077e-05 -3.173224956743488530e-06 1.474801864790411499e-05 1.766155320882552943e-04 2.379962809414164551e-04 5.525603476197780235e-04 3.015183520273259381e-07 2.137591298108051297e-07 -4.557730847652634715e-09 1.253926863718095648e-08 6.118114770115036483e-05 3.837798635397953043e-11 2.662899914300232861e-08 -6.105064884646975720e-07 -3.552240416980960024e-08 -4.985563816285932616e-08
-8.840358272354904425e-10 -7.128642131701097013e-09 2.610299083247280658e-07 -1.080415216477664861e-08 -2.492923093640547300e-08 -1.234710601654793558e-06 -2.999937212964353952e-06 -1.757649072218064438e-06 2.408594975862183780e-09 -6.963856058932812111e-10 -1.101297314152188004e-11 5.645696756850279004e-11 3.837798635397953043e-11 3.743083170873648538e-10 1.117628182018894634e-10 2.502896983008173302e-09 3.094975050799999635e-10 2.915484834948582430e-10
5.272119431606659717e-09 4.470988207956107758e-07 9.635243268704154929e-06 -1.538848297332749437e-06 9.095832258391854733e-07 3.891821347296461561e-05 -7.465538559639226857e-05 1.959836822346833760e-04 2.209218235833551024e-07 1.941416354481843413e-08 -2.204671821367352134e-09 7.715481348405808236e-09 2.662899914300232861e-08 1.117628182018894634e-10 8.785642549670580185e-06 1.857637389113174581e-08 3.401424202827457314e-09 -6.614231210308120096e-08
-6.001742212491610178e-06 -8.714132426291805203e-06 7.298291848122049090e-04 1.446229948308632826e-05 -2.917252449579345276e-04 -1.497697570054935855e-03 -6.739703849133492353e-03 -2.956290023096109099e-03 9.379196680777248389e-07 -3.686106739268771330e-06 1.753071204446464794e-08 6.226090524662881833e-09 -6.105064884646975720e-07 2.502896983008173302e-09 1.857637389113174581e-08 3.748823224878102336e-03 7.624909480871993866e-07 -2.031768264707889406e-06
-3.146281096686968058e-07 -1.819228707663879794e-06 5.363958027081199747e-05 8.004658832439950021e-08 -1.296745552324947964e-05 -2.787509376039589088e-04 -6.046795557326380783e-04 -5.510571413518273575e-04 2.113572726419154077e-07 -2.333396663053450838e-07 7.535146418761653709e-10 2.146065942488839971e-09 -3.552240416980960024e-08 3.094975050799999635e-10 3.401424202827457314e-09 7.624909480871993866e-07 6.004390265402974954e-05 5.318670306923951683e-08
1.015185744679053602e-06 -1.041609528295894859e-05 -6.396410742989959756e-05 1.943534134722099718e-07 6.275700710075419791e-05 -1.361830640193458647e-03 -2.607998539629640170e-04 -3.278560128310151808e-03 -8.745858557768509180e-08 2.576091293022971705e-07 6.590691086044408468e-09 -2.592286436358342618e-08 -4.985563816285932616e-08 2.915484834948582430e-10 -6.614231210308120096e-08 -2.031768264707889406e-06 5.318670306923951683e-08 9.559093562940760690e-04
2.282040439848860450e-04 8.196140755764760957e-07 -1.075986637716234902e-04 -2.946721863733154761e-06 4.325564367028768872e-05 1.478928188250592970e-04 6.805600746767816612e-04 3.496534275696927671e-04 4.794347850802883661e-08 5.101702580791605273e-07 -2.266799202623700087e-09 -1.017238032054150899e-08 8.079010541247477169e-08 -3.801691896192156268e-10 -6.175910372243087195e-10 -2.126444314719981082e-06 -1.295514182689754984e-07 1.170308093323845756e-07
8.196140755764760957e-07 4.332578948289622298e-03 -2.497312399921325561e-04 -6.960181033235752980e-06 1.114779416537725251e-05 4.314945780357825819e-03 5.160498177829922137e-03 9.831662094744566052e-03 -7.147782658992463394e-07 1.526085992361061447e-06 -2.718669212269721725e-08 8.510123191326779337e-08 4.927809097537681194e-07 -2.033180016985890219e-09 1.489468060831384026e-07 -2.263664958278127683e-06 -5.085551934129463250e-07 -2.803342877570250441e-06
-1.075986637716234902e-04 -2.497312399921325561e-04 4.327252003878973241e+00 -2.988070572165295224e-05 -4.416699259492264974e-03 -4.464626636756138106e-02 -1.234071279855818298e-01 -7.611047576708546147e-02 5.639071843495914124e-05 -6.148774044147957613e-05 -2.018058284378965375e-07 3.543261485701290307e-06 -4.524873061672036025e-06 1.006921591869362212e-07 3.489887788293582461e-06 2.698696934521861365e-04 2.225823869042459913e-05 1.619843322789959233e-05
-2.946721863733154761e-06 -6.960181033235752980e-06 -2.988070572165295224e-05 1.895491448103145404e-02 -1.645863349404658919e-04 -3.331187401774344040e-04 2.328910340864666362e-03 -4.370295453900035348e-03 -7.753140135358214409e-06 -1.744459987912251729e-06 6.859771925188005967e-08 -1.665619380270770423e-07 -9.413955407360048414e-07 -2.857272150828702895e-09 -4.782151290045186717e-07 5.897946264898375005e-06 2.037017859194282122e-07 1.344181631082131647e-06
4.325564367028768872e-05 1.114779416537725251e-05 -4.416699259492264974e-03 -1.645863349404658919e-04 7.084712882090161701e-01 2.678311524874630797e-03 3.435315367895525746e-02 7.793381736382444872e-03 5.216174056702854431e-06 2.483524861960529918e-05 -1.694585133833004767e-07 1.033015766122199208e-07 4.634954217969001384e-06 -8.661501039996865816e-09 2.748580615803986964e-07 -9.480006527350333184e-05 -4.352629346792691538e-06 1.862059869115296619e-05
1.478928188250592970e-04 4.314945780357825819e-03 -4.464626636756138106e-02 -3.331187401774344040e-04 2.678311524874630797e-03 1.770232907626032954e+02 8.058087572539367471e-01 1.331210498372505491e+00 -2.125856050175307021e-04 2.282982795264892103e-04 -2.891290064962031347e-06 8.039198710730758850e-06 6.051563901020253942e-05 -3.626986602648994378e-07 1.322164446791089946e-05 -4.106706396604272976e-04 -7.958192320578910152e-05 -3.665462908857452704e-04
6.805600746767816612e-04 5.160498177829922137e-03 -1.234071279855818298e-01 2.328910340864666362e-03 3.435315367895525746e-02 8.058087572539367471e-01 3.864425011504108625e+02 1.367778005148179599e+00 -1.109226581815884799e-03 6.864707602535333100e-04 -3.220947626420549864e-06 3.124360750567748297e-05 1.219549908453968114e-04 -5.888073347901693030e-07 -1.509603481425259480e-05 -1.371124196112283354e-03 -8.333956429407438158e-05 7.095342930261481053e-04
3.496534275696927671e-04 9.831662094744566052e-03 -7.611047576708546147e-02 -4.370295453900035348e-03 7.793381736382444872e-03 1.331210498372505491e+00 1.367778005148179599e+00 1.038775179060490018e+03 1.153554203472171262e-04 5.065370960814979473e-04 -1.044798264240916699e-05 2.675024495582964404e-05 1.774819532339337125e-04 -5.570770689290842492e-07 6.284201746969603794e-05 -9.346459428528353097e-04 -1.747443696504921067e-04 -1.037665169892911486e-03
4.794347850802883661e-08 -7.147782658992463394e-07 5.639071843495914124e-05 -7.753140135358214409e-06 5.216174056702854431e-06 -2.125856050175307021e-04 -1.109226581815884799e-03 1.153554203472171262e-04 3.349839821955408973e-04 -4.460085355456256178e-08 -7.748668141557134280e-09 1.541225577319297368e-08 7.671140547513682323e-08 6.104806991202259630e-10 6.689793098666096062e-08 -3.907404369274555197e-08 2.006892758065437562e-08 -3.703943296560345915e-07
5.101702580791605273e-07 1.526085992361061447e-06 -6.148774044147957613e-05 -1.744459987912251729e-06 2.483524861960529918e-05 2.282982795264892103e-04 6.864707602535333100e-04 5.065370960814979473e-04 -4.460085355456256178e-08 3.085444665461861165e-05 -2.832417258729793261e-09 5.782433163844440878e-09 7.140161694854155076e-08 -1.985393259753552188e-10 6.788335665971348447e-09 -1.128114971105944381e-06 -6.745564700242106696e-08 1.343592557204949773e-07
-2.266799202623700087e-09 -2.718669212269721725e-08 -2.018058284378965375e-07 6.859771925188005967e-08 -1.694585133833004767e-07 -2.891290064962031347e-06 -3.220947626420549864e-06 -1.044798264240916699e-05 -7.748668141557134280e-09 -2.832417258729793261e-09 2.496445614109760239e-07 -5.093236790128297421e-10 -1.641882790866764659e-09 -5.010658779220721061e-12 -7.407127867687693178e-10 2.463657888890936148e-09 -2.000461682624566096e-10 -1.066821932433040266e-09
-1.017238032054150899e-08 8.510123191326779337e-08 3.543261485701290307e-06 -1.665619380270770423e-07 1.033015766122199208e-07 8.039198710730758850e-06 3.124360750567748297e-05 2.675024495582964404e-05 1.541225577319297368e-08 5.782433163844440878e-09 -5.093236790128297421e-10 1.136151804347126912e-06 6.665744427812329653e-09 3.956992398524316913e-11 2.978411909172784940e-09 4.750458693994800928e-08 7.068682668469862008e-09 3.764617023043371155e-08
8.079010541247477169e-08 4.927809097537681194e-07 -4.524873061672036025e-06 -9.413955407360048414e-07 4.634954217969001384e-06 6.051563901020253942e-05 1.219549908453968114e-04 1.774819532339337125e-04 7.671140547513682323e-08 7.140161694854155076e-08 -1.641882790866764659e-09 6.665744427812329653e-09 1.958072879173809470e-05 3.466280493126581166e-11 9.051542537783552690e-09 -1.479912369406375266e-07 -4.724605876871570388e-09 3.186381341718604378e-08
-3.801691896192156268e-10 -2.033180016985890219e-09 1.006921591869362212e-07 -2.857272150828702895e-09 -8.661501039996865816e-09 -3.626986602648994378e-07 -5.888073347901693030e-07 -5.570770689290842492e-07 6.104806991202259630e-10 -1.985393259753552188e-10 -5.010658779220721061e-12 3.956992398524316913e-11 3.466280493126581166e-11 1.199600636816170998e-10 4.006181854327239771e-11 1.184862026256327917e-09 1.528763845822311846e-10 4.808515908240088911e-10
-6.175910372243087195e-10 1.489468060831384026e-07 3.489887788293582461e-06 -4.782151290045186717e-07 2.748580615803986964e-07 1.322164446791089946e-05 -1.509603481425259480e-05 6.284201746969603794e-05 6.689793098666096062e-08 6.788335665971348447e-09 -7.407127867687693178e-10 2.978411909172784940e-09 9.051542537783552690e-09 4.006181854327239771e-11 2.811507435870325156e-06 1.504049089717926150e-08 2.363947132854145060e-09 -1.198369917715289598e-08
-2.126444314719981082e-06 -2.263664958278127683e-06 2.698696934521861365e-04 5.897946264898375005e-06 -9.480006527350333184e-05 -4.106706396604272976e-04 -1.371124196112283354e-03 -9.346459428528353097e-04 -3.907404369274555197e-08 -1.128114971105944381e-06 2.463657888890936148e-09 4.750458693994800928e-08 -1.479912369406375266e-07 1.184862026256327917e-09 1.504049089717926150e-08 1.200436024458473696e-03 3.579426720454724798e-07 1.700906221693194140e-07
-1.295514182689754984e-07 -5.085551934129463250e-07 2.225823869042459913e-05 2.037017859194282122e-07 -4.352629346792691538e-06 -7.958192320578910152e-05 -8.333956429407438158e-05 -1.747443696504921067e-04 2.006892758065437562e-08 -6.745564700242106696e-08 -2.000461682624566096e-10 7.068682668469862008e-09 -4.724605876871570388e-09 1.528763845822311846e-10 2.363947132854145060e-09 3.579426720454724798e-07 1.923002683660413021e-05 1.320399917269075853e-07
1.170308093323845756e-07 -2.803342877570250441e-06 1.619843322789959233e-05 1.344181631082131647e-06 1.862059869115296619e-05 -3.665462908857452704e-04 7.095342930261481053e-04 -1.037665169892911486e-03 -3.703943296560345915e-07 1.343592557204949773e-07 -1.066821932433040266e-09 3.764617023043371155e-08 3.186381341718604378e-08 4.808515908240088911e-10 -1.198369917715289598e-08 1.700906221693194140e-07 1.320399917269075853e-07 3.067189867331328508e-04
7.304760976328411603e-05 2.905834955517212342e-07 -3.396348290376967902e-05 -8.890060365607620276e-07 1.604333468654743996e-05 7.614478585346961376e-05 2.167728915439084188e-04 -1.558471165094906882e-05 1.102422772859856342e-08 1.697739808595226621e-07 6.466670866630183346e-10 -5.785848212564684160e-09 2.081292123787782830e-08 -1.158794929803117083e-10 -5.893847421749743789e-09 -7.474028068787119234e-07 -3.123955166900552079e-08 7.263682103165522568e-08
2.905834955517212342e-07 1.386461170288979389e-03 -7.932023489091824563e-05 -2.158829858685663089e-06 6.359888020691213652e-06 1.417339064769447066e-03 1.650082905015578302e-03 2.984433966291892299e-03 -2.342059401990932086e-07 4.966173670161171713e-07 -6.959333369192953497e-09 2.402227042827415017e-08 1.512968657889033738e-07 -6.432925836101042319e-10 4.043744221204792406e-08 -8.092855940348500798e-07 -1.497777316330512323e-07 -8.524357832322881757e-07
-3.396348290376967902e-05 -7.932023489091824563e-05 1.384730459795007418e+00 -8.430286919395849068e-06 -1.367164927976367546e-03 -1.368230177986942339e-02 -3.951138958571010634e-02 -2.702921788431608685e-02 1.795446297604742046e-05 -1.953932522241702785e-05 -3.579816340200606831e-08 1.080760490864315518e-06 -1.553675597067994659e-06 3.234261881887675598e-08 9.972813330973818016e-07 8.495416844153371111e-05 7.336944119866179768e-06 5.921573456887682523e-06
-8.890060365607620276e-07 -2.158829858685663089e-06 -8.430286919395849068e-06 6.065703038095770008e-03 -4.734574880985788518e-05 -3.693201518378598253e-05 7.428186456494875571e-04 -1.706644105360290370e-03 -2.491442225477996520e-06 -5.424672486618772451e-07 2.526798596321648635e-08 -5.941739007714956791e-08 -3.134298351241531182e-07 -9.003677097135872632e-10 -1.667986280426645838e-07 1.725523488670586993e-06 8.988246001956009327e-08 5.151975314501529051e-07
1.604333468654743996e-05 6.359888020691213652e-06 -1.367164927976367546e-03 -4.734574880985788518e-05 2.269280015263509531e-01 3.700173472435916086e-03 1.089373060892017200e-02 -1.008190075871912006e-02 1.243219379294688594e-06 8.590453210875342114e-06 8.113059346629385396e-08 -2.166054813863407509e-07 9.859785416028438770e-07 -2.201989062688729191e-09 -4.739993267773411670e-07 -3.693997187107426583e-05 -3.849045812483967595e-07 9.429921114641914875e-06
7.614478585346961376e-05 1.417339064769447066e-03 -1.368230177986942339e-02 -3.693201518378598253e-05 3.700173472435916086e-03 5.668467078915843871e+01 2.565591974748865911e-01 2.613642319018219529e-01 -7.360336942341695328e-05 8.147490603322201242e-05 8.466804394616010466e-07 -6.956534891451502287e-07 1.285632503425095555e-05 -1.086060349009311533e-07 -3.125324293162194837e-06 -2.178635417224226685e-04 -1.227183133483513587e-05 -7.185341762173412853e-05
2.167728915439084188e-04 1.650082905015578302e-03 -3.951138958571010634e-02 7.428186456494875571e-04 1.089373060892017200e-02 2.565591974748865911e-01 1.236616457489774206e+02 4.434374295813006683e-01 -3.547577989205635265e-04 2.193766446376205952e-04 -1.092575905241727191e-06 1.011207643541437984e-05 3.925287336915637683e-05 -1.886787565261096931e-07 -4.573858543941082845e-06 -4.357410360301222055e-04 -2.712939470648687273e-05 2.254642076284778143e-04
-1.558471165094906882e-05 2.984433966291892299e-03 -2.702921788431608685e-02 -1.706644105360290370e-03 -1.008190075871912006e-02 2.613642319018219529e-01 4.434374295813006683e-01 3.331362253826746382e+02 6.157763006230165868e-05 1.248505690279480508e-04 -1.118086876173606617e-05 2.301610796189695467e-05 8.558369531807119687e-05 -2.112511570583735442e-07 5.264792862418463457e-05 8.329794684261985138e-05 -1.142801642859126701e-04 -5.330511850594724012e-04
1.102422772859856342e-08 -2.342059401990932086e-07 1.795446297604742046e-05 -2.491442225477996520e-06 1.243219379294688594e-06 -7.360336942341695328e-05 -3.547577989205635265e-04 6.157763006230165868e-05 1.071957096972542039e-04 -1.553367911886656101e-08 -2.745039484038423161e-09 5.421564296351457451e-09 2.552278242306665907e-08 1.942365329638442471e-10 2.250945398663272727e-08 4.481165252872934525e-10 4.445269506359400264e-09 -1.253342315273329808e-07
1.697739808595226621e-07 4.966173670161171713e-07 -1.953932522241702785e-05 -5.424672486618772451e-07 8.590453210875342114e-06 8.147490603322201242e-05 2.193766446376205952e-04 1.248505690279480508e-04 -1.553367911886656101e-08 9.875327592131309860e-06 -5.055330546991816797e-10 1.111041951814395778e-09 2.137611376607397682e-08 -6.184552875296167879e-11 5.081249000336586095e-10 -3.805534046669327946e-07 -1.860095280947894432e-08 5.327478547251177086e-08
6.466670866630183346e-10 -6.959333369192953497e-09 -3.579816340200606831e-08 2.526798596321648635e-08 8.113059346629385396e-08 8.466804394616010466e-07 -1.092575905241727191e-06 -1.118086876173606617e-05 -2.745039484038423161e-09 -5.055330546991816797e-10 7.997061741459387709e-08 -3.185786127611040812e-10 -8.352730994233544112e-10 -1.248366235530534367e-12 -5.872505643610325980e-10 -3.327362128489213912e-09 5.641544009745546440e-10 1.822028603783840448e-09
-5.785848212564684160e-09 2.402227042827415017e-08 1.080760490864315518e-06 -5.941739007714956791e-08 -2.166054813863407509e-07 -6.956534891451502287e-07 1.011207643541437984e-05 2.301610796189695467e-05 5.421564296351457451e-09 1.111041951814395778e-09 -3.185786127611040812e-10 3.638555671615616781e-07 2.704584050103887919e-09 1.200750798982213392e-11 1.599065294081895870e-09 2.279279723438865677e-08 1.103341696947935317e-09 8.056435045508879132e-09
2.081292123787782830e-08 1.512968657889033738e-07 -1.553675597067994659e-06 -3.134298351241531182e-07 9.859785416028438770e-07 1.285632503425095555e-05 3.925287336915637683e-05 8.558369531807119687e-05 2.552278242306665907e-08 2.137611376607397682e-08 -8.352730994233544112e-10 2.704584050103887919e-09 6.266971458245216782e-06 9.787915563800992760e-12 4.182962645581590578e-09 -3.223891237992496204e-08 -3.819322015522016295e-09 2.249579995148891352e-09
-1.158794929803117083e-10 -6.432925836101042319e-10 3.234261881887675598e-08 -9.003677097135872632e-10 -2.201989062688729191e-09 -1.086060349009311533e-07 -1.886787565261096931e-07 -2.112511570583735442e-07 1.942365329638442471e-10 -6.184552875296167879e-11 -1.248366235530534367e-12 1.200750798982213392e-11 9.787915563800992760e-12 3.838871468812279853e-11 1.134576716647514771e-11 3.618335713247471851e-10 5.156427866381177770e-11 1.629778661681057298e-10
-5.893847421749743789e-09 4.043744221204792406e-08 9.972813330973818016e-07 -1.667986280426645838e-07 -4.739993267773411670e-07 -3.125324293162194837e-06 -4.573858543941082845e-06 5.264792862418463457e-05 2.250945398663272727e-08 5.081249000336586095e-10 -5.872505643610325980e-10 1.599065294081895870e-09 4.182962645581590578e-09 1.134576716647514771e-11 9.011363746513248831e-07 2.189996856767394129e-08 -1.851464790113737098e-09 -1.281647480905410348e-08
