{
    "R": [
        [
            2.8663895335140082e-06,
            -1.9818066126221704e-08,
            3.467466783017843e-07,
            5.4732545833535975e-08,
            1.8495048190502193e-07,
            -6.191682916589804e-06,
            -1.7288786609197085e-05,
            -3.0245855533635573e-05,
            2.8778693467878107e-09,
            -3.003070219844523e-09,
            -2.1577701561685366e-09,
            1.0149651358981955e-09,
            1.3179587219856596e-09,
            2.7212350675509343e-09,
            -6.025410773501891e-10,
            1.363287139015447e-08,
            4.731416979031625e-09,
            7.361060186997994e-09
        ],
        [
            0.0,
            1.1623707014729963e-05,
            -5.630650474019633e-07,
            -7.344003693763851e-08,
            3.9889982136774093e-07,
            1.1685656788775524e-05,
            2.2051632175086838e-07,
            6.036758664773909e-06,
            1.1978002682003738e-08,
            3.2311142817301703e-10,
            3.1694347483668805e-09,
            1.4407810060531592e-09,
            5.111232703596618e-09,
            4.519774265986872e-09,
            6.753521144432839e-10,
            -3.625967428805668e-09,
            1.663827365680383e-08,
            -5.321477166656628e-10
        ],
        [
            0.0,
            0.0,
            0.0002879650910666019,
            1.1320715422377375e-07,
            4.11404495941792e-07,
            -1.837700494326515e-05,
            -1.2340330680778725e-05,
            -2.0886960429271116e-05,
            4.292717911516967e-09,
            -6.763254277956633e-10,
            4.3002981154225777e-10,
            -5.430391121733854e-10,
            -2.2953050141449374e-09,
            2.5065782131576345e-09,
            -7.224623419083269e-10,
            6.652247944691649e-09,
            1.1267799827988035e-09,
            1.6850038290113674e-09
        ],
        [
            0.0,
            0.0,
            0.0,
            3.616740454179444e-05,
            -1.3236350928819708e-07,
            -4.197775069330458e-06,
            -2.3795923138216334e-06,
            6.40658578099806e-07,
            -7.359835415802655e-09,
            -3.709976974036203e-09,
            1.0116904227821393e-09,
            -7.356285202336857e-10,
            -1.2178837475395042e-09,
            -2.9828445441164287e-09,
            -5.935799234328534e-10,
            4.711711765024336e-09,
            9.297275200840171e-09,
            7.087117543990825e-09
        ],
        [
            0.0,
            0.0,
            0.0,
            0.0,
            0.0001297477100283412,
            3.195836938007136e-06,
            5.333152786901596e-06,
            -6.216449716068004e-07,
            2.0439325824577222e-09,
            -1.4769576381337187e-09,
            2.2728105141446113e-09,
            -7.420544712882578e-10,
            1.6416023641952702e-09,
            6.362788236910174e-10,
            -8.374534067074711e-10,
            8.849620761288286e-09,
            1.820862770092662e-08,
            1.0891714471912287e-08
        ],
        [
            0.0,
            0.0,
            0.0,
            0.0,
            0.0,
            0.004590389814486876,
            -1.1124741092408507e-05,
            4.169330341805299e-06,
            5.292955045255695e-09,
            7.736720243733185e-10,
            1.2650588239437055e-09,
            -2.8910124106761495e-12,
            2.551170459632594e-09,
            1.078313551321128e-09,
            1.4186327435991835e-09,
            -3.584335548771184e-09,
            1.0473376106966627e-08,
            -1.5277217270216146e-09
        ],
        [
            0.0,
            0.0,
            0.0,
            0.0,
            0.0,
            0.0,
            0.006864379171720555,
            -6.952557117269317e-07,
            2.6569517548979384e-09,
            1.1419213555424275e-09,
            9.844771214939183e-10,
            -4.280008496218676e-11,
            -3.3092338775010705e-09,
            -1.6386668567535982e-10,
            1.201906598620873e-09,
            -3.837887227728058e-09,
            1.9033233089396257e-09,
            9.28088347787378e-09
        ],
        [
            0.0,
            0.0,
            0.0,
            0.0,
            0.0,
            0.0,
            0.0,
            0.006083595630282897,
            -3.323547144157065e-09,
            3.743769877271027e-09,
            -9.873290530516455e-10,
            -2.0674454921746933e-10,
            3.1628504567915235e-10,
            -7.080628328828752e-10,
            1.0726069642724172e-09,
            -1.1634134273352453e-08,
            -6.226129818003484e-09,
            -1.8640393599327578e-08
        ],
        [
            0.0,
            0.0,
            0.0,
            0.0,
            0.0,
            0.0,
            0.0,
            0.0,
            2.307194070356844e-06,
            -8.905857262403744e-10,
            3.813132380068998e-09,
            8.99320658649184e-11,
            3.1615552034325246e-09,
            3.0190143864760466e-09,
            8.68359211601046e-12,
            5.9030890789379205e-09,
            1.7440308436112434e-08,
            1.2380435039808651e-08
        ],
        [
            0.0,
            0.0,
            0.0,
            0.0,
            0.0,
            0.0,
            0.0,
            0.0,
            0.0,
            9.445220496223964e-07,
            4.544266159249838e-11,
            -1.6153316197815547e-09,
            -2.224551027307588e-10,
            -6.388381539982334e-10,
            1.1898492848610934e-09,
            -6.103819681303509e-09,
            3.162546909513849e-09,
            -9.578719444155722e-09
        ],
        [
            0.0,
            0.0,
            0.0,
            0.0,
            0.0,
            0.0,
            0.0,
            0.0,
            0.0,
            0.0,
            1.4474507602483624e-06,
            6.801312992252917e-10,
            1.5314601421936468e-09,
            2.1355761905606274e-09,
            9.000207265974708e-11,
            3.260345451003913e-09,
            6.614651918137731e-10,
            6.456726536410009e-09
        ],
        [
            0.0,
            0.0,
            0.0,
            0.0,
            0.0,
            0.0,
            0.0,
            0.0,
            0.0,
            0.0,
            0.0,
            5.146415795601031e-07,
            -1.6203188969777966e-10,
            2.6472896307926538e-09,
            4.747598288025428e-10,
            2.5982073891916717e-09,
            5.472998332977275e-10,
            1.0580448643472704e-08
        ],
        [
            0.0,
            0.0,
            0.0,
            0.0,
            0.0,
            0.0,
            0.0,
            0.0,
            0.0,
            0.0,
            0.0,
            0.0,
            9.83887013229984e-07,
            3.1881080047204015e-09,
            7.76345605274526e-10,
            4.904914347668654e-10,
            1.6023830789240032e-08,
            -4.946428527022161e-09
        ],
        [
            0.0,
            0.0,
            0.0,
            0.0,
            0.0,
            0.0,
            0.0,
            0.0,
            0.0,
            0.0,
            0.0,
            0.0,
            0.0,
            9.108661826449897e-07,
            -2.5425580141787165e-10,
            9.105363195437074e-09,
            1.4610287549151711e-08,
            5.695152129312468e-09
        ],
        [
            0.0,
            0.0,
            0.0,
            0.0,
            0.0,
            0.0,
            0.0,
            0.0,
            0.0,
            0.0,
            0.0,
            0.0,
            0.0,
            0.0,
            2.870488067985682e-07,
            -6.9794965956395905e-09,
            -1.7968415579974817e-08,
            -8.809487921162246e-09
        ],
        [
            0.0,
            0.0,
            0.0,
            0.0,
            0.0,
            0.0,
            0.0,
            0.0,
            0.0,
            0.0,
            0.0,
            0.0,
            0.0,
            0.0,
            0.0,
            2.349972189090911e-06,
            -9.729646809556818e-10,
            2.1255007643298686e-08
        ],
        [
            0.0,
            0.0,
            0.0,
            0.0,
            0.0,
            0.0,
            0.0,
            0.0,
            0.0,
            0.0,
            0.0,
            0.0,
            0.0,
            0.0,
            0.0,
            0.0,
            9.364282840630051e-06,
            -5.119546573631416e-09
        ],
        [
            0.0,
            0.0,
            0.0,
            0.0,
            0.0,
            0.0,
            0.0,
            0.0,
            0.0,
            0.0,
            0.0,
            0.0,
            0.0,
            0.0,
            0.0,
            0.0,
            0.0,
            5.4194411514793444e-06
        ]
    ],
    "RDR": [
        [
            [
                2.8663895335140082e-06,
                -1.9818066126221704e-08,
                3.467466783017843e-07,
                5.4732545833535975e-08,
                1.8495048190502193e-07,
                -6.191682916589804e-06,
                -1.7288786609197085e-05,
                -3.0245855533635573e-05,
                2.8778693467878107e-09,
                -3.003070219844523e-09,
                -2.1577701561685366e-09,
                1.0149651358981955e-09,
                1.3179587219856596e-09,
                2.7212350675509343e-09,
                -6.025410773501891e-10,
                1.363287139015447e-08,
                4.731416979031625e-09,
                7.361060186997994e-09
            ],
            [
                0.0,
                1.1623707014729963e-05,
                -5.630650474019633e-07,
                -7.344003693763851e-08,
                3.9889982136774093e-07,
                1.1685656788775524e-05,
                2.2051632175086838e-07,
                6.036758664773909e-06,
                1.1978002682003738e-08,
                3.2311142817301703e-10,
                3.1694347483668805e-09,
                1.4407810060531592e-09,
                5.111232703596618e-09,
                4.519774265986872e-09,
                6.753521144432839e-10,
                -3.625967428805668e-09,
                1.663827365680383e-08,
                -5.321477166656628e-10
            ],
            [
                0.0,
                0.0,
                0.0002879650910666019,
                1.1320715422377375e-07,
                4.11404495941792e-07,
                -1.837700494326515e-05,
                -1.2340330680778725e-05,
                -2.0886960429271116e-05,
                4.292717911516967e-09,
                -6.763254277956633e-10,
                4.3002981154225777e-10,
                -5.430391121733854e-10,
                -2.2953050141449374e-09,
                2.5065782131576345e-09,
                -7.224623419083269e-10,
                6.652247944691649e-09,
                1.1267799827988035e-09,
                1.6850038290113674e-09
            ],
            [
                0.0,
                0.0,
                0.0,
                3.616740454179444e-05,
                -1.3236350928819708e-07,
                -4.197775069330458e-06,
                -2.3795923138216334e-06,
                6.40658578099806e-07,
                -7.359835415802655e-09,
                -3.709976974036203e-09,
                1.0116904227821393e-09,
                -7.356285202336857e-10,
                -1.2178837475395042e-09,
                -2.9828445441164287e-09,
                -5.935799234328534e-10,
                4.711711765024336e-09,
                9.297275200840171e-09,
                7.087117543990825e-09
            ],
            [
                0.0,
                0.0,
                0.0,
                0.0,
                0.0001297477100283412,
                3.195836938007136e-06,
                5.333152786901596e-06,
                -6.216449716068004e-07,
                2.0439325824577222e-09,
                -1.4769576381337187e-09,
                2.2728105141446113e-09,
                -7.420544712882578e-10,
                1.6416023641952702e-09,
                6.362788236910174e-10,
                -8.374534067074711e-10,
                8.849620761288286e-09,
                1.820862770092662e-08,
                1.0891714471912287e-08
            ],
            [
                0.0,
                0.0,
                0.0,
                0.0,
                0.0,
                0.004590389814486876,
                -1.1124741092408507e-05,
                4.169330341805299e-06,
                5.292955045255695e-09,
                7.736720243733185e-10,
                1.2650588239437055e-09,
                -2.8910124106761495e-12,
                2.551170459632594e-09,
                1.078313551321128e-09,
                1.4186327435991835e-09,
                -3.584335548771184e-09,
                1.0473376106966627e-08,
                -1.5277217270216146e-09
            ],
            [
                0.0,
                0.0,
                0.0,
                0.0,
                0.0,
                0.0,
                0.006864379171720555,
                -6.952557117269317e-07,
                2.6569517548979384e-09,
                1.1419213555424275e-09,
                9.844771214939183e-10,
                -4.280008496218676e-11,
                -3.3092338775010705e-09,
                -1.6386668567535982e-10,
                1.201906598620873e-09,
                -3.837887227728058e-09,
                1.9033233089396257e-09,
                9.28088347787378e-09
            ],
            [
                0.0,
                0.0,
                0.0,
                0.0,
                0.0,
                0.0,
                0.0,
                0.006083595630282897,
                -3.323547144157065e-09,
                3.743769877271027e-09,
                -9.873290530516455e-10,
                -2.0674454921746933e-10,
                3.1628504567915235e-10,
                -7.080628328828752e-10,
                1.0726069642724172e-09,
                -1.1634134273352453e-08,
                -6.226129818003484e-09,
                -1.8640393599327578e-08
            ],
            [
                0.0,
                0.0,
                0.0,
                0.0,
                0.0,
                0.0,
                0.0,
                0.0,
                2.307194070356844e-06,
                -8.905857262403744e-10,
                3.813132380068998e-09,
                8.99320658649184e-11,
                3.1615552034325246e-09,
                3.0190143864760466e-09,
                8.68359211601046e-12,
                5.9030890789379205e-09,
                1.7440308436112434e-08,
                1.2380435039808651e-08
            ],
            [
                0.0,
                0.0,
                0.0,
                0.0,
                0.0,
                0.0,
                0.0,
                0.0,
                0.0,
                9.445220496223964e-07,
                4.544266159249838e-11,
                -1.6153316197815547e-09,
                -2.224551027307588e-10,
                -6.388381539982334e-10,
                1.1898492848610934e-09,
                -6.103819681303509e-09,
                3.162546909513849e-09,
                -9.578719444155722e-09
            ],
            [
                0.0,
                0.0,
                0.0,
                0.0,
                0.0,
                0.0,
                0.0,
                0.0,
                0.0,
                0.0,
                1.4474507602483624e-06,
                6.801312992252917e-10,
                1.5314601421936468e-09,
                2.1355761905606274e-09,
                9.000207265974708e-11,
                3.260345451003913e-09,
                6.614651918137731e-10,
                6.456726536410009e-09
            ],
            [
                0.0,
                0.0,
                0.0,
                0.0,
                0.0,
                0.0,
                0.0,
                0.0,
                0.0,
                0.0,
                0.0,
                5.146415795601031e-07,
                -1.6203188969777966e-10,
                2.6472896307926538e-09,
                4.747598288025428e-10,
                2.5982073891916717e-09,
                5.472998332977275e-10,
                1.0580448643472704e-08
            ],
            [
                0.0,
                0.0,
                0.0,
                0.0,
                0.0,
                0.0,
                0.0,
                0.0,
                0.0,
                0.0,
                0.0,
                0.0,
                9.83887013229984e-07,
                3.1881080047204015e-09,
                7.76345605274526e-10,
                4.904914347668654e-10,
                1.6023830789240032e-08,
                -4.946428527022161e-09
            ],
            [
                0.0,
                0.0,
                0.0,
                0.0,
                0.0,
                0.0,
                0.0,
                0.0,
                0.0,
                0.0,
                0.0,
                0.0,
                0.0,
                9.108661826449897e-07,
                -2.5425580141787165e-10,
                9.105363195437074e-09,
                1.4610287549151711e-08,
                5.695152129312468e-09
            ],
            [
                0.0,
                0.0,
                0.0,
                0.0,
                0.0,
                0.0,
                0.0,
                0.0,
                0.0,
                0.0,
                0.0,
                0.0,
                0.0,
                0.0,
                2.870488067985682e-07,
                -6.9794965956395905e-09,
                -1.7968415579974817e-08,
                -8.809487921162246e-09
            ],
            [
                0.0,
                0.0,
                0.0,
                0.0,
                0.0,
                0.0,
                0.0,
                0.0,
                0.0,
                0.0,
                0.0,
                0.0,
                0.0,
                0.0,
                0.0,
                2.349972189090911e-06,
                -9.729646809556818e-10,
                2.1255007643298686e-08
            ],
            [
                0.0,
                0.0,
                0.0,
                0.0,
                0.0,
                0.0,
                0.0,
                0.0,
                0.0,
                0.0,
                0.0,
                0.0,
                0.0,
                0.0,
                0.0,
                0.0,
                9.364282840630051e-06,
                -5.119546573631416e-09
            ],
            [
                0.0,
                0.0,
                0.0,
                0.0,
                0.0,
                0.0,
                0.0,
                0.0,
                0.0,
                0.0,
                0.0,
                0.0,
                0.0,
                0.0,
                0.0,
                0.0,
                0.0,
                5.4194411514793444e-06
            ]
        ],
        [
            [
                5.732779067028016e-07,
                -3.963613225244341e-09,
                6.934933566035687e-08,
                1.0946509166707196e-08,
                3.6990096381004386e-08,
                -1.2383365833179608e-06,
                -3.457757321839417e-06,
                -6.049171106727115e-06,
                5.755738693575622e-10,
                -6.006140439689047e-10,
                -4.3155403123370735e-10,
                2.029930271796391e-10,
                2.6359174439713194e-10,
                5.442470135101869e-10,
                -1.2050821547003782e-10,
                2.726574278030894e-09,
                9.46283395806325e-10,
                1.4722120373995987e-09
            ],
            [
                0.0,
                2.3247414029459927e-06,
                -1.1261300948039267e-07,
                -1.4688007387527703e-08,
                7.97799642735482e-08,
                2.337131357755105e-06,
                4.410326435017368e-08,
                1.2073517329547818e-06,
                2.395600536400748e-09,
                6.462228563460341e-11,
                6.338869496733762e-10,
                2.8815620121063186e-10,
                1.0222465407193237e-09,
                9.039548531973744e-10,
                1.3507042288865678e-10,
                -7.251934857611336e-10,
                3.3276547313607662e-09,
                -1.0642954333313257e-10
            ],
            [
                0.0,
                0.0,
                5.759301821332038e-05,
                2.2641430844754752e-08,
                8.228089918835841e-08,
                -3.6754009886530304e-06,
                -2.468066136155745e-06,
                -4.177392085854223e-06,
                8.585435823033935e-10,
                -1.3526508555913267e-10,
                8.600596230845156e-11,
                -1.0860782243467709e-10,
                -4.590610028289875e-10,
                5.013156426315269e-10,
                -1.4449246838166539e-10,
                1.33044958893833e-09,
                2.253559965597607e-10,
                3.370007658022735e-10
            ],
            [
                0.0,
                0.0,
                0.0,
                7.233480908358888e-06,
                -2.6472701857639417e-08,
                -8.395550138660917e-07,
                -4.759184627643267e-07,
                1.2813171561996123e-07,
                -1.471967083160531e-09,
                -7.419953948072406e-10,
                2.0233808455642788e-10,
                -1.4712570404673714e-10,
                -2.4357674950790084e-10,
                -5.965689088232858e-10,
                -1.1871598468657067e-10,
                9.423423530048672e-10,
                1.8594550401680342e-09,
                1.417423508798165e-09
            ],
            [
                0.0,
                0.0,
                0.0,
                0.0,
                2.5949542005668244e-05,
                6.391673876014273e-07,
                1.0666305573803191e-06,
                -1.243289943213601e-07,
                4.0878651649154445e-10,
                -2.9539152762674375e-10,
                4.545621028289223e-10,
                -1.4841089425765158e-10,
                3.2832047283905404e-10,
                1.272557647382035e-10,
                -1.6749068134149423e-10,
                1.7699241522576572e-09,
                3.6417255401853244e-09,
                2.1783428943824575e-09
            ],
            [
                0.0,
                0.0,
                0.0,
                0.0,
                0.0,
                0.0009180779628973752,
                -2.2249482184817016e-06,
                8.338660683610598e-07,
                1.0585910090511392e-09,
                1.547344048746637e-10,
                2.530117647887411e-10,
                -5.7820248213523e-13,
                5.102340919265189e-10,
                2.1566271026422561e-10,
                2.837265487198367e-10,
                -7.168671097542369e-10,
                2.0946752213933256e-09,
                -3.0554434540432297e-10
            ],
            [
                0.0,
                0.0,
                0.0,
                0.0,
                0.0,
                0.0,
                0.0013728758343441111,
                -1.3905114234538634e-07,
                5.313903509795877e-10,
                2.283842711084855e-10,
                1.9689542429878367e-10,
                -8.560016992437352e-12,
                -6.618467755002142e-10,
                -3.2773337135071965e-11,
                2.403813197241746e-10,
                -7.675774455456116e-10,
                3.8066466178792513e-10,
                1.856176695574756e-09
            ],
            [
                0.0,
                0.0,
                0.0,
                0.0,
                0.0,
                0.0,
                0.0,
                0.0012167191260565795,
                -6.64709428831413e-10,
                7.487539754542054e-10,
                -1.974658106103291e-10,
                -4.134890984349387e-11,
                6.325700913583047e-11,
                -1.4161256657657506e-10,
                2.1452139285448344e-10,
                -2.3268268546704906e-09,
                -1.245225963600697e-09,
                -3.728078719865516e-09
            ],
            [
                0.0,
                0.0,
                0.0,
                0.0,
                0.0,
                0.0,
                0.0,
                0.0,
                4.614388140713688e-07,
                -1.7811714524807488e-10,
                7.626264760137996e-10,
                1.798641317298368e-11,
                6.323110406865049e-10,
                6.038028772952094e-10,
                1.7367184232020922e-12,
                1.1806178157875842e-09,
                3.488061687222487e-09,
                2.4760870079617306e-09
            ],
            [
                0.0,
                0.0,
                0.0,
                0.0,
                0.0,
                0.0,
                0.0,
                0.0,
                0.0,
                1.889044099244793e-07,
                9.088532318499677e-12,
                -3.2306632395631093e-10,
                -4.4491020546151764e-11,
                -1.277676307996467e-10,
                2.379698569722187e-10,
                -1.220763936260702e-09,
                6.325093819027698e-10,
                -1.9157438888311446e-09
            ],
            [
                0.0,
                0.0,
                0.0,
                0.0,
                0.0,
                0.0,
                0.0,
                0.0,
                0.0,
                0.0,
                2.894901520496725e-07,
                1.3602625984505835e-10,
                3.062920284387294e-10,
                4.271152381121255e-10,
                1.8000414531949418e-11,
                6.520690902007827e-10,
                1.3229303836275463e-10,
                1.2913453072820018e-09
            ],
            [
                0.0,
                0.0,
                0.0,
                0.0,
                0.0,
                0.0,
                0.0,
                0.0,
                0.0,
                0.0,
                0.0,
                1.0292831591202064e-07,
                -3.240637793955593e-11,
                5.294579261585308e-10,
                9.495196576050857e-11,
                5.196414778383343e-10,
                1.094599666595455e-10,
                2.1160897286945408e-09
            ],
            [
                0.0,
                0.0,
                0.0,
                0.0,
                0.0,
                0.0,
                0.0,
                0.0,
                0.0,
                0.0,
                0.0,
                0.0,
                1.9677740264599682e-07,
                6.376216009440804e-10,
                1.5526912105490523e-10,
                9.809828695337307e-11,
                3.2047661578480067e-09,
                -9.892857054044322e-10
            ],
            [
                0.0,
                0.0,
                0.0,
                0.0,
                0.0,
                0.0,
                0.0,
                0.0,
                0.0,
                0.0,
                0.0,
                0.0,
                0.0,
                1.8217323652899795e-07,
                -5.085116028357433e-11,
                1.821072639087415e-09,
                2.9220575098303424e-09,
                1.1390304258624937e-09
            ],
            [
                0.0,
                0.0,
                0.0,
                0.0,
                0.0,
                0.0,
                0.0,
                0.0,
                0.0,
                0.0,
                0.0,
                0.0,
                0.0,
                0.0,
                5.740976135971364e-08,
                -1.3958993191279181e-09,
                -3.5936831159949637e-09,
                -1.7618975842324494e-09
            ],
            [
                0.0,
                0.0,
                0.0,
                0.0,
                0.0,
                0.0,
                0.0,
                0.0,
                0.0,
                0.0,
                0.0,
                0.0,
                0.0,
                0.0,
                0.0,
                4.699944378181822e-07,
                -1.9459293619113635e-10,
                4.251001528659738e-09
            ],
            [
                0.0,
                0.0,
                0.0,
                0.0,
                0.0,
                0.0,
                0.0,
                0.0,
                0.0,
                0.0,
                0.0,
                0.0,
                0.0,
                0.0,
                0.0,
                0.0,
                1.8728565681260102e-06,
                -1.0239093147262832e-09
            ],
            [
                0.0,
                0.0,
                0.0,
                0.0,
                0.0,
                0.0,
                0.0,
                0.0,
                0.0,
                0.0,
                0.0,
                0.0,
                0.0,
                0.0,
                0.0,
                0.0,
                0.0,
                1.083888230295869e-06
            ]
        ]
    ],
    "allnames": [
        "m1_flow_nominal",
        "m2_flow_nominal",
        "tau1",
        "tau2",
        "tau_m",
        "nominalUa.hasValue",
        "workingPressure.hasValue",
        "flowCoefficient.hasValue",
        "waterFlowRateMax",
        "c1",
        "c2",
        "c3",
        "c4",
        "eps_motor",
        "f_motorToAir",
        "kp",
        "Ti",
        "Td"
    ],
    "alpha_count": 5646,
    "cov": [
        [
            0.0028700360678368,
            0.008703788085293629,
            0.013889586714395073,
            0.06247201531190433,
            -0.00719030994686937,
            -6.73196598162366,
            11.0170667432652,
            -4.290696132039846,
            -4.746653742061598e-05,
            0.0005769060074665044,
            0.003103588662074967,
            0.0003936102809733986,
            -0.0003550940062069384,
            0.00010177225844753185,
            -0.00012120403464394232,
            0.0016133202886106544,
            -0.008172192629993656,
            -0.00013143590417221134
        ],
        [
            0.008703788085293629,
            0.0641680014940314,
            0.457399981787413,
            0.32434318418552766,
            0.16551922318739767,
            -34.45255326578017,
            44.881820141053026,
            -11.850034905809878,
            0.007221155548471496,
            0.004588574870193744,
            0.01555312667756508,
            0.0017446019655748366,
            -0.0022572587966816784,
            0.002376066352065739,
            -0.0005757499894965178,
            0.006688701696960288,
            -0.04845592978243902,
            0.006749409177786918
        ],
        [
            0.013889586714395073,
            0.457399981787413,
            12.886955511075188,
            2.110531952108099,
            -0.46482750571934145,
            -261.17892146409275,
            261.277292025079,
            -179.66926307262807,
            0.09744982437248162,
            0.02157594075518255,
            0.08327624793740131,
            0.00835571788260424,
            -0.02857574154844769,
            -0.0006149732696751082,
            -0.0011768785515647042,
            0.010331742407995398,
            -0.27332118102357433,
            0.01901242440664705
        ],
        [
            0.06247201531190433,
            0.32434318418552766,
            2.110531952108099,
            3.4817263857368244,
            2.8091172425189908,
            -320.4620656996574,
            393.88030991028694,
            43.62815482209746,
            0.052551273166567984,
            0.06640399175603456,
            0.14845515015505656,
            0.019037590158014848,
            -0.005511640152585407,
            0.03968886425425701,
            -0.002048745204595503,
            0.07860813378038248,
            -0.367142091261708,
            0.0797881921417538
        ],
        [
            -0.00719030994686937,
            0.16551922318739767,
            -0.46482750571934145,
            2.8091172425189908,
            7.114760967400744,
            -193.78846289832953,
            178.0651097824052,
            314.9382817305901,
            0.09069029971889223,
            0.09617062760558166,
            0.1161183486161392,
            0.01722186514784275,
            0.015276338437835288,
            0.07322043525524025,
            0.0001566433052928093,
            0.0780222133634419,
            -0.2616255141085503,
            0.18473462314218983
        ],
        [
            -6.73196598162366,
            -34.45255326578017,
            -261.17892146409275,
            -320.4620656996574,
            -193.78846289832953,
            33626.372997457234,
            -44913.13682243263,
            2299.792103196798,
            -4.418631077452068,
            -5.624512708016884,
            -15.341406502445649,
            -1.7684244313074393,
            0.8144438227146216,
            -3.009963544775701,
            0.2567445538675827,
            -7.892723882463994,
            37.994996138699314,
            -5.827741882963325
        ],
        [
            11.0170667432652,
            44.881820141053026,
            261.277292025079,
            393.88030991028694,
            178.0651097824052,
            -44913.13682243263,
            73620.46316147714,
            -12965.318605115172,
            3.121067748759345,
            5.989792392023547,
            22.096762153244775,
            2.4432703793006425,
            -1.1133736470217217,
            2.873873254258113,
            -0.448534577734291,
            11.944760009038283,
            -50.715647674431786,
            4.4600718635284515
        ],
        [
            -4.290696132039846,
            -11.850034905809878,
            -179.66926307262807,
            43.62815482209746,
            314.9382817305901,
            2299.792103196798,
            -12965.318605115172,
            26879.65710685679,
            2.638173301991381,
            3.8912689630689994,
            -0.039671257167916245,
            0.14253622834282925,
            1.407287076637295,
            3.708065167069695,
            0.210851972046604,
            0.6227054122157795,
            2.7521997601818526,
            7.848696450286188
        ],
        [
            -4.746653742061598e-05,
            0.007221155548471496,
            0.09744982437248162,
            0.052551273166567984,
            0.09069029971889223,
            -4.418631077452068,
            3.121067748759345,
            2.638173301991381,
            0.002479871684681614,
            0.0014760253254999145,
            0.0019775211625259726,
            0.0002610134282985781,
            -8.426085642052428e-05,
            0.0009471175521966403,
            -2.712019724631045e-05,
            0.000956664577576376,
            -0.006238357514843806,
            0.0029986137958830845
        ],
        [
            0.0005769060074665044,
            0.004588574870193744,
            0.02157594075518255,
            0.06640399175603456,
            0.09617062760558166,
            -5.624512708016884,
            5.989792392023547,
            3.8912689630689994,
            0.0014760253254999145,
            0.0018477492493839628,
            0.002825804800226814,
            0.00037577184748583363,
            0.00010248898068390465,
            0.0011896746391132898,
            -1.3798339201129325e-05,
            0.0016844168896639508,
            -0.0063923497925356485,
            0.0023824545938625524
        ],
        [
            0.003103588662074967,
            0.01555312667756508,
            0.08327624793740131,
            0.14845515015505656,
            0.1161183486161392,
            -15.341406502445649,
            22.096762153244775,
            -0.039671257167916245,
            0.0019775211625259726,
            0.002825804800226814,
            0.007581426840616915,
            0.0008708491320982767,
            -0.000281279965002926,
            0.0016394459578792482,
            -0.00012014299742878417,
            0.003989742834533822,
            -0.0178608673371463,
            0.0031515706109339695
        ],
        [
            0.0003936102809733986,
            0.0017446019655748366,
            0.00835571788260424,
            0.019037590158014848,
            0.01722186514784275,
            -1.7684244313074393,
            2.4432703793006425,
            0.14253622834282925,
            0.0002610134282985781,
            0.00037577184748583363,
            0.0008708491320982767,
            0.00012311592908131324,
            -1.4677836849236124e-05,
            0.00022298345683158908,
            -1.3572572845828781e-05,
            0.000525676597769893,
            -0.0020635574719111882,
            0.0004681560746451513
        ],
        [
            -0.0003550940062069384,
            -0.0022572587966816784,
            -0.02857574154844769,
            -0.005511640152585407,
            0.015276338437835288,
            0.8144438227146216,
            -1.1133736470217217,
            1.407287076637295,
            -8.426085642052428e-05,
            0.00010248898068390465,
            -0.000281279965002926,
            -1.4677836849236124e-05,
            0.0001987402774523062,
            0.0001369179610616219,
            1.6521838710843198e-05,
            0.00010879992786971207,
            0.0012315059240784298,
            0.0002532301156043604
        ],
        [
            0.00010177225844753185,
            0.002376066352065739,
            -0.0006149732696751082,
            0.03968886425425701,
            0.07322043525524025,
            -3.009963544775701,
            2.873873254258113,
            3.708065167069695,
            0.0009471175521966403,
            0.0011896746391132898,
            0.0016394459578792482,
            0.00022298345683158908,
            0.0001369179610616219,
            0.0009277791397476081,
            -5.6373232299341245e-06,
            0.0009927268072535734,
            -0.0037211812323792856,
            0.001987301248603211
        ],
        [
            -0.00012120403464394232,
            -0.0005757499894965178,
            -0.0011768785515647042,
            -0.002048745204595503,
            0.0001566433052928093,
            0.2567445538675827,
            -0.448534577734291,
            0.210851972046604,
            -2.712019724631045e-05,
            -1.3798339201129325e-05,
            -0.00012014299742878417,
            -1.3572572845828781e-05,
            1.6521838710843198e-05,
            -5.6373232299341245e-06,
            1.1848452832053004e-05,
            -6.947202631782387e-05,
            0.00044568635487709005,
            -3.927201812751295e-05
        ],
        [
