6.613087547760890597e-03 -1.009641152640478089e-04 8.835943043387274208e-04 2.995300175015995622e-04 5.097491350929954802e-04 -2.425958697093189356e-02 -2.456292955855659405e-02 -7.590643017635506640e-02 2.798756151543548311e-06 -9.630911050647790936e-06 -3.076979474615172725e-06 2.196925774443150475e-06 -3.244853377101599713e-06 2.262018660569444618e-06 -2.816563786499242899e-06 2.751107677071441737e-05 -1.683988645864486748e-05 2.966637332264447925e-05
-1.009641152640478089e-04 1.083830928820174733e-01 -2.258853518572536377e-03 -7.657297366328521962e-04 -1.303141749262238906e-03 6.201811523606059334e-02 6.279359156951402898e-02 1.940500363619480639e-01 -7.154844875637783548e-06 2.462082112457251274e-05 7.866105381939510197e-06 -5.616303196247416701e-06 8.295264503321305534e-06 -5.782709084264608060e-06 7.200368979493603305e-06 -7.033034533846954401e-05 4.305011541234395056e-05 -7.584022603370331613e-05
8.835943043387274208e-04 -2.258853518572536377e-03 6.681798503190108818e+01 6.701335738763309312e-03 1.140453342638400071e-02 -5.427557429200712269e-01 -5.495423766621384543e-01 -1.698242057960129170e+00 6.261611032798165269e-05 -2.154707863969321875e-04 -6.884075490220171502e-05 4.915145844308418531e-05 -7.259657006797873768e-05 5.060777086137143777e-05 -6.301451761132118555e-05 6.155007885794453945e-04 -3.767560056361646671e-04 6.637208832849956228e-04
2.995300175015995622e-04 -7.657297366328521962e-04 6.701335738763309312e-03 1.058022801985435635e+00 3.866027746024092940e-03 -1.839890053361192268e-01 -1.862896092598392006e-01 -5.756878137907833759e-01 2.122626247173332246e-05 -7.304253558861219372e-05 -2.333635744303660684e-05 1.666187427351536771e-05 -2.460954285948163496e-05 1.715555025353861679e-05 -2.136131872997930350e-05 2.086488800008997853e-04 -1.277166822012153267e-04 2.249950308759798563e-04
5.097491350929954802e-04 -1.303141749262238906e-03 1.140453342638400071e-02 3.866027746024092940e-03 1.357242872623132435e+01 -3.131179877028733016e-01 -3.170332242126883693e-01 -9.797227256592475619e-01 3.612348781091759530e-05 -1.243059699053220013e-04 -3.971451049224262769e-05 2.835567557067074712e-05 -4.188125548247521689e-05 2.919582810674067541e-05 -3.635333058729115299e-05 3.550848993557477289e-04 -2.173520665209081957e-04 3.829032674117212147e-04
-2.425958697093189356e-02 6.201811523606059334e-02 -5.427557429200712269e-01 -1.839890053361192268e-01 -3.131179877028733016e-01 1.699631916874221861e+04 1.508800024557089259e+01 4.662620696000383447e+01 -1.719161120464636830e-03 5.915873672593976486e-03 1.890062297248979849e-03 -1.349481402260192852e-03 1.993180350651441689e-03 -1.389465292598562884e-03 1.730099620285843005e-03 -1.689892616769980357e-02 1.034405160906020499e-02 -1.822283644588039084e-02
-2.456292955855659405e-02 6.279359156951402898e-02 -5.495423766621384543e-01 -1.862896092598392006e-01 -3.170332242126883693e-01 1.508800024557089259e+01 3.798605186462749407e+04 4.720922242054401607e+01 -1.740657561580900761e-03 5.989845930656560215e-03 1.913695691696558733e-03 -1.366355357328080189e-03 2.018103136265795780e-03 -1.406839207404967989e-03 1.751732836724970111e-03 -1.711023083656868643e-02 1.047339393402952137e-02 -1.845069532773103288e-02
-7.590643017635506640e-02 1.940500363619480639e-01 -1.698242057960129170e+00 -5.756878137907833759e-01 -9.797227256592475619e-01 4.662620696000383447e+01 4.720922242054401607e+01 2.988534789683849522e+04 -5.379126351525042281e-03 1.851032552198650025e-02 5.913863330278283127e-03 -4.222426208562040512e-03 6.236511994078470719e-03 -4.347532805957335898e-03 5.413352097985908197e-03 -5.287547396173207515e-02 3.236576253934384667e-02 -5.701789003876119033e-02
2.798756151543548311e-06 -7.154844875637783548e-06 6.261611032798165269e-05 2.122626247173332246e-05 3.612348781091759530e-05 -1.719161120464636830e-03 -1.740657561580900761e-03 -5.379126351525042281e-03 4.283051025879878494e-03 -6.824966910098591368e-07 -2.180508467668652447e-07 1.556856421543703057e-07 -2.299472688552191571e-07 1.602984642597607184e-07 -1.995964300983380180e-07 1.949578680914914268e-06 -1.193362364636708670e-06 2.102314258795501604e-06
-9.630911050647790936e-06 2.462082112457251274e-05 -2.154707863969321875e-04 -7.304253558861219372e-05 -1.243059699053220013e-04 5.915873672593976486e-03 5.989845930656560215e-03 1.851032552198650025e-02 -6.824966910098591368e-07 7.186197396484060931e-04 7.503434368770997095e-07 -5.357360521118599424e-07 7.912806878379276404e-07 -5.516094176299583117e-07 6.868392100697174499e-07 -6.708772699534927779e-06 4.106526672096187967e-06 -7.234357168201825280e-06
-3.076979474615172725e-06 7.866105381939510197e-06 -6.884075490220171502e-05 -2.333635744303660684e-05 -3.971451049224262769e-05 1.890062297248979849e-03 1.913695691696558733e-03 5.913863330278283127e-03 -2.180508467668652447e-07 7.503434368770997095e-07 1.688059155626926494e-03 -1.711622947705119002e-07 2.528062425592553812e-07 -1.762336758304551102e-07 2.194382380474036156e-07 -2.143385582918360843e-06 1.311994079848741529e-06 -2.311304548607052616e-06
2.196925774443150475e-06 -5.616303196247416701e-06 4.915145844308418531e-05 1.666187427351536771e-05 2.835567557067074712e-05 -1.349481402260192852e-03 -1.366355357328080189e-03 -4.222426208562040512e-03 1.556856421543703057e-07 -5.357360521118599424e-07 -1.711622947705119002e-07 2.128966457346326648e-04 -1.805005703809632437e-07 1.258286927003983645e-07 -1.566762225883960467e-07 1.530351135108603259e-06 -9.367477533456770795e-07 1.650243226291778910e-06
-3.244853377101599713e-06 8.295264503321305534e-06 -7.259657006797873768e-05 -2.460954285948163496e-05 -4.188125548247521689e-05 1.993180350651441689e-03 2.018103136265795780e-03 6.236511994078470719e-03 -2.299472688552191571e-07 7.912806878379276404e-07 2.528062425592553812e-07 -1.805005703809632437e-07 7.781117845918560615e-04 -1.858486359415837261e-07 2.314103534546311856e-07 -2.260324452776325134e-06 1.383573876867323276e-06 -2.437404744468067870e-06
2.262018660569444618e-06 -5.782709084264608060e-06 5.060777086137143777e-05 1.715555025353861679e-05 2.919582810674067541e-05 -1.389465292598562884e-03 -1.406839207404967989e-03 -4.347532805957335898e-03 1.602984642597607184e-07 -5.516094176299583117e-07 -1.762336758304551102e-07 1.258286927003983645e-07 -1.858486359415837261e-07 6.654740132871239970e-04 -1.613183946791801228e-07 1.575694028951303706e-06 -9.645027260201849833e-07 1.699138412310034351e-06
-2.816563786499242899e-06 7.200368979493603305e-06 -6.301451761132118555e-05 -2.136131872997930350e-05 -3.635333058729115299e-05 1.730099620285843005e-03 1.751732836724970111e-03 5.413352097985908197e-03 -1.995964300983380180e-07 6.868392100697174499e-07 2.194382380474036156e-07 -1.566762225883960467e-07 2.314103534546311856e-07 -1.613183946791801228e-07 6.659588516449094838e-05 -1.961983257658047356e-06 1.200955366745018947e-06 -2.115690645610100228e-06
2.751107677071441737e-05 -7.033034533846954401e-05 6.155007885794453945e-04 2.086488800008997853e-04 3.550848993557477289e-04 -1.689892616769980357e-02 -1.711023083656868643e-02 -5.287547396173207515e-02 1.949578680914914268e-06 -6.708772699534927779e-06 -2.143385582918360843e-06 1.530351135108603259e-06 -2.260324452776325134e-06 1.575694028951303706e-06 -1.961983257658047356e-06 4.441876082382567766e-03 -1.173045519192348058e-05 2.066522620700373354e-05
-1.683988645864486748e-05 4.305011541234395056e-05 -3.767560056361646671e-04 -1.277166822012153267e-04 -2.173520665209081957e-04 1.034405160906020499e-02 1.047339393402952137e-02 3.236576253934384667e-02 -1.193362364636708670e-06 4.106526672096187967e-06 1.311994079848741529e-06 -9.367477533456770795e-07 1.383573876867323276e-06 -9.645027260201849833e-07 1.200955366745018947e-06 -1.173045519192348058e-05 7.085622529128615676e-02 -1.264945265023583997e-05
2.966637332264447925e-05 -7.584022603370331613e-05 6.637208832849956228e-04 2.249950308759798563e-04 3.829032674117212147e-04 -1.822283644588039084e-02 -1.845069532773103288e-02 -5.701789003876119033e-02 2.102314258795501604e-06 -7.234357168201825280e-06 -2.311304548607052616e-06 1.650243226291778910e-06 -2.437404744468067870e-06 1.699138412310034351e-06 -2.115690645610100228e-06 2.066522620700373354e-05 -1.264945265023583997e-05 2.365331385321229121e-02
2.116491598516086810e-03 -2.600813806489091611e-05 3.013147374319542142e-04 9.059847448301496019e-05 1.757595063968800451e-04 -6.703258803546536734e-03 -9.770801153409438763e-03 -2.462753793352161560e-02 1.738131465777735098e-06 -3.267088307994984259e-06 -5.299204186955855249e-07 7.939227842647017057e-07 -4.918337366948199394e-07 1.191082586449981653e-06 -9.017886157905540433e-07 9.288602159195927393e-06 -4.211665009198277145e-06 9.637882942123141477e-06
-2.600813806489091611e-05 3.481334389114459221e-02 -3.375557181914066985e-04 -3.540122461619503186e-04 -1.546871102742172256e-04 4.184041854903122748e-02 -1.955878438178161247e-02 5.509215450057611263e-02 1.519578621153509222e-05 4.035203394764487209e-06 1.195398662202594567e-05 8.940106167086903721e-08 1.399660940135136840e-05 7.846273087822692657e-06 2.293986186993025903e-06 -1.243912495841576544e-05 3.820481511962622417e-05 -2.126703094811107638e-05
3.013147374319542142e-04 -3.375557181914066985e-04 2.138289046029004226e+01 1.823313064928881299e-03 4.422391980230518625e-03 -1.088729609376149765e-01 -2.926934484887609433e-01 -5.640748725895906590e-01 7.155907009170919429e-05 -8.027570593364995524e-05 5.777326271331561569e-06 2.128753476915947780e-05 1.018955723041163249e-05 4.476669114370888534e-05 -2.019450003321489391e-05 2.266222357317484114e-04 -4.858061203775193305e-05 2.212358435828707043e-04
9.059847448301496019e-05 -3.540122461619503186e-04 1.823313064928881299e-03 3.386581263487488669e-01 1.018496386615248741e-03 -7.720817978384889035e-02 -2.656359812127676717e-02 -1.783826463172810406e-01 -7.780972880617563679e-06 -2.017023113952000454e-05 -1.533288317230359495e-05 3.759373852536031218e-06 -1.732829231744296069e-05 -2.592095594022236767e-06 -6.827177443557061443e-06 5.837751742814890481e-05 -6.122981518628385189e-05 6.949648687763621663e-05
1.757595063968800451e-04 -1.546871102742172256e-04 4.422391980230518625e-03 1.018496386615248741e-03 4.343703453733104958e+00 -5.607227460485951498e-02 -1.810017143258496608e-01 -3.275623694636448091e-01 4.663849614164929249e-05 -4.748863608596093854e-05 6.223475655190721427e-06 1.285873835787659729e-05 9.352502653882383885e-06 2.879620810186543490e-05 -1.165339231930605829e-05 1.338226928927465633e-04 -2.054378925360829291e-05 1.285513222102646505e-04
-6.703258803546536734e-03 4.184041854903122748e-02 -1.088729609376149765e-01 -7.720817978384889035e-02 -5.607227460485951498e-02 5.442521927179123850e+03 -1.841966641227918533e+00 1.374224262197562751e+01 2.391138811393619511e-03 1.246557668015924611e-03 2.192223007426291441e-03 -1.144793413384611442e-04 2.545716673875829655e-03 1.186494071298940019e-03 5.519275580015656517e-04 -3.714320378505052509e-03 7.419347781668448466e-03 -5.326357295961538577e-03
-9.770801153409438763e-03 -1.955878438178161247e-02 -2.926934484887609433e-01 -2.656359812127676717e-02 -1.810017143258496608e-01 -1.841966641227918533e+00 1.216756175275693386e+04 1.723095291068270285e+01 -5.859643599916580271e-03 3.082324781703002243e-03 -2.249447521034179682e-03 -1.009372752793093186e-03 -2.793839218585173617e-03 -3.390838560470017804e-03 5.636271210254363388e-04 -8.528083879639344542e-03 -4.056827143347897617e-03 -6.814566074881248971e-03
-2.462753793352161560e-02 5.509215450057611263e-02 -5.640748725895906590e-01 -1.783826463172810406e-01 -3.275623694636448091e-01 1.374224262197562751e+01 1.723095291068270285e+01 9.563686489135607189e+03 -2.657923833674922902e-03 6.129179364170480454e-03 1.386951584045828826e-03 -1.452233229849829096e-03 1.388142051100441348e-03 -1.910617123125209118e-03 1.732815386633851200e-03 -1.745936909863911660e-02 9.048514626064055322e-03 -1.840651867744019787e-02
1.738131465777735098e-06 1.519578621153509222e-05 7.155907009170919429e-05 -7.780972880617563679e-06 4.663849614164929249e-05 2.391138811393619511e-03 -5.859643599916580271e-03 -2.657923833674922902e-03 1.372914586385309485e-03 -7.323724623074997705e-07 1.192181193288067076e-06 3.021108044333875324e-07 1.443162921470833926e-06 1.348009516882533001e-06 -6.522576238202362646e-08 1.970037448729262424e-06 2.884906374194038458e-06 1.074167204527006177e-06
-3.267088307994984259e-06 4.035203394764487209e-06 -8.027570593364995524e-05 -2.017023113952000454e-05 -4.748863608596093854e-05 1.246557668015924611e-03 3.082324781703002243e-03 6.129179364170480454e-03 -7.323724623074997705e-07 2.300712934286184392e-04 -3.728151411014234758e-08 -2.268918177732017594e-07 -8.018678205848702146e-08 -4.615462784778120251e-07 2.200863694192672184e-07 -2.442709970679546036e-06 5.960157034820214523e-07 -2.403232056887350393e-06
-5.299204186955855249e-07 1.195398662202594567e-05 5.777326271331561569e-06 -1.533288317230359495e-05 6.223475655190721427e-06 2.192223007426291441e-03 -2.249447521034179682e-03 1.386951584045828826e-03 1.192181193288067076e-06 -3.728151411014234758e-08 5.408600080096610720e-04 8.138968681949862133e-08 8.994855577162671997e-07 6.434415331550841611e-07 6.948899433297266088e-08 4.064553798037718188e-08 2.182919922710111286e-06 -5.229675715884504185e-07
7.939227842647017057e-07 8.940106167086903721e-08 2.128753476915947780e-05 3.759373852536031218e-06 1.285873835787659729e-05 -1.144793413384611442e-04 -1.009372752793093186e-03 -1.452233229849829096e-03 3.021108044333875324e-07 -2.268918177732017594e-07 8.138968681949862133e-08 6.815414815946382182e-05 1.058924020897835157e-07 1.801769350606880199e-07 -5.028258159726504308e-08 6.349605224882076657e-07 5.271724108123604036e-08 5.713906253204746250e-07
-4.918337366948199394e-07 1.399660940135136840e-05 1.018955723041163249e-05 -1.732829231744296069e-05 9.352502653882383885e-06 2.545716673875829655e-03 -2.793839218585173617e-03 1.388142051100441348e-03 1.443162921470833926e-06 -8.018678205848702146e-08 8.994855577162671997e-07 1.058924020897835157e-07 2.499796310500061952e-04 7.816613480918101582e-07 7.317243389969386975e-08 1.499109274856410444e-07 2.561790798168881060e-06 -5.195781306390454271e-07
1.191082586449981653e-06 7.846273087822692657e-06 4.476669114370888534e-05 -2.592095594022236767e-06 2.879620810186543490e-05 1.186494071298940019e-03 -3.390838560470017804e-03 -1.910617123125209118e-03 1.348009516882533001e-06 -4.615462784778120251e-07 6.434415331550841611e-07 1.801769350606880199e-07 7.816613480918101582e-07 2.136707952929902147e-04 -5.237326783522998413e-08 1.250760907372826335e-06 1.502999341296065852e-06 7.663410974948777032e-07
-9.017886157905540433e-07 2.293986186993025903e-06 -2.019450003321489391e-05 -6.827177443557061443e-06 -1.165339231930605829e-05 5.519275580015656517e-04 5.636271210254363388e-04 1.732815386633851200e-03 -6.522576238202362646e-08 2.200863694192672184e-07 6.948899433297266088e-08 -5.028258159726504308e-08 7.317243389969386975e-08 -5.237326783522998413e-08 2.131068403773729513e-05 -6.286146826017877979e-07 3.824127788106720594e-07 -6.772536134503024445e-07
9.288602159195927393e-06 -1.243912495841576544e-05 2.266222357317484114e-04 5.837751742814890481e-05 1.338226928927465633e-04 -3.714320378505052509e-03 -8.528083879639344542e-03 -1.745936909863911660e-02 1.970037448729262424e-06 -2.442709970679546036e-06 4.064553798037718188e-08 6.349605224882076657e-07 1.499109274856410444e-07 1.250760907372826335e-06 -6.286146826017877979e-07 1.422175359086578746e-03 -1.873007268320116413e-06 6.843980069769373204e-06
-4.211665009198277145e-06 3.820481511962622417e-05 -4.858061203775193305e-05 -6.122981518628385189e-05 -2.054378925360829291e-05 7.419347781668448466e-03 -4.056827143347897617e-03 9.048514626064055322e-03 2.884906374194038458e-06 5.960157034820214523e-07 2.182919922710111286e-06 5.271724108123604036e-08 2.561790798168881060e-06 1.502999341296065852e-06 3.824127788106720594e-07 -1.873007268320116413e-06 2.267855611750820705e-02 -3.486991354892002356e-06
9.637882942123141477e-06 -2.126703094811107638e-05 2.212358435828707043e-04 6.949648687763621663e-05 1.285513222102646505e-04 -5.326357295961538577e-03 -6.814566074881248971e-03 -1.840651867744019787e-02 1.074167204527006177e-06 -2.403232056887350393e-06 -5.229675715884504185e-07 5.713906253204746250e-07 -5.195781306390454271e-07 7.663410974948777032e-07 -6.772536134503024445e-07 6.843980069769373204e-06 -3.486991354892002356e-06 7.569129349007919748e-03
6.772157004624710123e-04 -7.881655790388247078e-06 9.858669209236188948e-05 2.461234398138218381e-05 4.793889245762556292e-05 -2.234389024560909549e-03 -3.498216012423572326e-03 -7.619580379434606060e-03 4.800661597987855534e-07 -1.061219065218022594e-06 -1.322761701738796851e-07 2.270261128851774284e-07 -1.667594760049371143e-07 3.623293324319586407e-07 -2.504657793874063275e-07 2.908746297763876663e-06 -6.567642744911587301e-07 3.192165724625016589e-06
-7.881655790388247078e-06 1.113711419174436175e-02 -1.235196510791305719e-04 -8.194235554994379843e-05 9.932655751276698450e-06 1.402838186336937028e-02 -3.599570607047299000e-03 1.575986215620786557e-02 5.407553836981083902e-06 1.403993102073007454e-06 3.558332531078532491e-06 2.220552963292501775e-07 4.545994979070031699e-06 2.645480732363944968e-06 4.613480313362878986e-07 -3.525291080205498012e-06 7.280301344188314265e-06 -7.578711483855481471e-06
9.858669209236188948e-05 -1.235196510791305719e-04 6.842448801024216820e+00 7.374126133063100413e-04 1.707103096771238337e-03 -3.169832472318991762e-02 -8.059948781587113198e-02 -1.896877279594498811e-01 2.557550876754543194e-05 -2.513449626774175838e-05 5.374966925984959110e-07 7.762239081330414613e-06 3.590160852597632807e-06 1.498686812298567341e-05 -7.801900997295188353e-06 7.475523866180941619e-05 -3.983723416243234211e-05 6.699714309057002814e-05
2.461234398138218381e-05 -8.194235554994379843e-05 7.374126133063100413e-04 1.080593395921792821e-01 -2.643203657673659024e-04 -3.105713353177360150e-02 -3.490992745430582245e-02 -3.851471445623937118e-02 -7.901470736217288735e-06 -7.574003854065975856e-06 -2.255443593430665527e-06 -7.181700825172259100e-07 -6.211241370859300384e-06 -2.166944981053725569e-06 5.238281591648986188e-07 1.415981437568811907e-05 2.951885934738201228e-05 2.991832838339492283e-05
4.793889245762556292e-05 9.932655751276698450e-06 1.707103096771238337e-03 -2.643203657673659024e-04 1.388865843532697930e+00 -2.998551505979229689e-02 -1.080006271538723056e-01 -6.961024892598972891e-02 4.662460714721703667e-06 -1.731931109900665096e-05 7.018713154586626532e-06 4.717112781154283664e-07 1.729518971402948625e-06 6.678554187969074975e-06 1.407049228525200551e-06 3.425017467199913341e-05 8.655708715583213041e-05 5.569885257974258497e-05
-2.234389024560909549e-03 1.402838186336937028e-02 -3.169832472318991762e-02 -3.105713353177360150e-02 -2.998551505979229689e-02 1.741477449953384394e+03 -1.128252119704634460e+00 4.776346796296490282e+00 6.547547879193346080e-04 3.760571850416297591e-04 7.556001445645656569e-04 -7.583015757359926696e-05 8.010374026578240703e-04 3.523902096887866309e-04 2.318776442058281839e-04 -1.280822287028450523e-03 3.376209674264706376e-03 -1.547753890759820308e-03
-3.498216012423572326e-03 -3.599570607047299000e-03 -8.059948781587113198e-02 -3.490992745430582245e-02 -1.080006271538723056e-01 -1.128252119704634460e+00 3.891378985239738086e+03 7.089322966634377998e+00 -2.334241013689738933e-03 8.913550782993854551e-04 -4.948868697883407894e-04 -4.860049381649695428e-04 -9.505526477981657112e-04 -1.198549147653473791e-03 4.101711346900440845e-04 -3.112579783018233886e-03 2.868859491449648851e-03 -1.529081949415188888e-03
-7.619580379434606060e-03 1.575986215620786557e-02 -1.896877279594498811e-01 -3.851471445623937118e-02 -6.961024892598972891e-02 4.776346796296490282e+00 7.089322966634377998e+00 3.059272050244961065e+03 -5.277183167894860735e-04 2.028121034978751149e-03 2.856789276243915641e-04 -3.501105440398934784e-04 4.839457505120975671e-04 -5.316127349293343950e-04 3.929285065026839408e-04 -5.317306123300710730e-03 -3.419145278663554912e-05 -6.348190570119024122e-03
4.800661597987855534e-07 5.407553836981083902e-06 2.557550876754543194e-05 -7.901470736217288735e-06 4.662460714721703667e-06 6.547547879193346080e-04 -2.334241013689738933e-03 -5.277183167894860735e-04 4.392385826458083888e-04 -2.538232571226093310e-07 4.275894582647081972e-07 6.327413369596174323e-08 4.502298393720989008e-07 4.081098081964087934e-07 2.621798322956128593e-08 5.518103434269654754e-07 1.777034831085082686e-06 4.772479366186121885e-07
-1.061219065218022594e-06 1.403993102073007454e-06 -2.513449626774175838e-05 -7.574003854065975856e-06 -1.731931109900665096e-05 3.760571850416297591e-04 8.913550782993854551e-04 2.028121034978751149e-03 -2.538232571226093310e-07 7.361878721916128958e-05 -2.394795046963003192e-09 -7.951536407699736405e-08 -2.805588660998150588e-08 -1.525053807216149792e-07 8.016954674801871664e-08 -7.979281015277571051e-07 3.673704395366256976e-07 -7.414131263051974888e-07
-1.322761701738796851e-07 3.558332531078532491e-06 5.374966925984959110e-07 -2.255443593430665527e-06 7.018713154586626532e-06 7.556001445645656569e-04 -4.948868697883407894e-04 2.856789276243915641e-04 4.275894582647081972e-07 -2.394795046963003192e-09 1.730526227230048985e-04 4.240773709503088009e-08 2.935094509995079858e-07 2.172928627282538228e-07 -8.326417981518089397e-10 5.151287751952936874e-08 2.802329463535256727e-07 -2.327572587602964629e-07
2.270261128851774284e-07 2.220552963292501775e-07 7.762239081330414613e-06 -7.181700825172259100e-07 4.717112781154283664e-07 -7.583015757359926696e-05 -4.860049381649695428e-04 -3.501105440398934784e-04 6.327413369596174323e-08 -7.951536407699736405e-08 4.240773709503088009e-08 2.179746953297999944e-05 2.977371224402888513e-08 4.940143588271143395e-08 6.271799319302701079e-10 1.752828245129328371e-07 3.200019513464943813e-07 2.302442545650661630e-07
-1.667594760049371143e-07 4.545994979070031699e-06 3.590160852597632807e-06 -6.211241370859300384e-06 1.729518971402948625e-06 8.010374026578240703e-04 -9.505526477981657112e-04 4.839457505120975671e-04 4.502298393720989008e-07 -2.805588660998150588e-08 2.935094509995079858e-07 2.977371224402888513e-08 7.999205610220704325e-05 2.472690510439311142e-07 2.921220218825505974e-08 3.829527372732233417e-08 9.248877346182651286e-07 -1.498287618472384233e-07
3.623293324319586407e-07 2.645480732363944968e-06 1.498686812298567341e-05 -2.166944981053725569e-06 6.678554187969074975e-06 3.523902096887866309e-04 -1.198549147653473791e-03 -5.316127349293343950e-04 4.081098081964087934e-07 -1.525053807216149792e-07 2.172928627282538228e-07 4.940143588271143395e-08 2.472690510439311142e-07 6.836890742403289379e-05 -5.121030952735046162e-09 3.808169863223337990e-07 6.919936528966696642e-07 2.782274274509480667e-07
-2.504657793874063275e-07 4.613480313362878986e-07 -7.801900997295188353e-06 5.238281591648986188e-07 1.407049228525200551e-06 2.318776442058281839e-04 4.101711346900440845e-04 3.929285065026839408e-04 2.621798322956128593e-08 8.016954674801871664e-08 -8.326417981518089397e-10 6.271799319302701079e-10 2.921220218825505974e-08 -5.121030952735046162e-09 6.795849890044585843e-06 -1.618160044664251370e-07 -3.049934641402808842e-07 -2.835461025215349305e-07
2.908746297763876663e-06 -3.525291080205498012e-06 7.475523866180941619e-05 1.415981437568811907e-05 3.425017467199913341e-05 -1.280822287028450523e-03 -3.112579783018233886e-03 -5.317306123300710730e-03 5.518103434269654754e-07 -7.979281015277571051e-07 5.151287751952936874e-08 1.752828245129328371e-07 3.829527372732233417e-08 3.808169863223337990e-07 -1.618160044664251370e-07 4.550304485634246165e-04 1.139838490852100768e-07 2.301615882577507834e-06
-6.567642744911587301e-07 7.280301344188314265e-06 -3.983723416243234211e-05 2.951885934738201228e-05 8.655708715583213041e-05 3.376209674264706376e-03 2.868859491449648851e-03 -3.419145278663554912e-05 1.777034831085082686e-06 3.673704395366256976e-07 2.802329463535256727e-07 3.200019513464943813e-07 9.248877346182651286e-07 6.919936528966696642e-07 -3.049934641402808842e-07 1.139838490852100768e-07 7.249388740391157077e-03 -2.327542340148248144e-06
3.192165724625016589e-06 -7.578711483855481471e-06 6.699714309057002814e-05 2.991832838339492283e-05 5.569885257974258497e-05 -1.547753890759820308e-03 -1.529081949415188888e-03 -6.348190570119024122e-03 4.772479366186121885e-07 -7.414131263051974888e-07 -2.327572587602964629e-07 2.302442545650661630e-07 -1.498287618472384233e-07 2.782274274509480667e-07 -2.835461025215349305e-07 2.301615882577507834e-06 -2.327542340148248144e-06 2.421931923607855558e-03
2.167930351449965688e-04 -2.832418773238596896e-06 3.189730468770733191e-05 8.195102874543319700e-06 2.268078568020268345e-05 -8.095565761801962320e-04 -1.344457107510167292e-03 -2.438544577904951712e-03 1.698777911407705665e-07 -2.861319384093373779e-07 -6.018767529232924986e-08 4.693849881016297263e-08 -3.740086704618523161e-08 1.259605395382284722e-07 -8.212400808128901471e-08 1.045749806891487819e-06 -2.343345011554883592e-07 1.028233558080671344e-06
-2.832418773238596896e-06 3.565022572443425283e-03 -4.081737638626372835e-05 -2.740032300158567156e-05 -2.393259851764669590e-05 4.838303922529822026e-03 -3.207369971309638034e-04 5.044185827506713835e-03 1.670374504272280198e-06 2.518336948307505971e-07 1.204628526473755064e-06 1.660153093214900355e-07 1.395763218316958061e-06 8.095635453281837091e-07 1.549257459723255531e-07 -1.552656837873055066e-06 2.418966439790180480e-06 -2.450083351253472822e-06
3.189730468770733191e-05 -4.081737638626372835e-05 2.189585070833086178e+00 2.373000062143507246e-04 5.768155746397879554e-04 -1.053688778989273107e-02 -2.672816002177981834e-02 -6.070123324715227114e-02 8.251805335852278520e-06 -7.820603553482509567e-06 9.768778122504337352e-08 2.376939791299243701e-06 1.215268799862198900e-06 4.837470071958574711e-06 -2.504825968437109555e-06 2.439997849873837290e-05 -1.284848414284810716e-05 2.146713259374269692e-05
8.195102874543319700e-06 -2.740032300158567156e-05 2.373000062143507246e-04 3.458020111207866371e-02 -5.669699989842251074e-05 -1.029748051208025962e-02 -1.202604476333055984e-02 -1.232576798526595005e-02 -2.466712699292611807e-06 -2.220596841174464059e-06 -7.895883757249328300e-07 -3.274846511903117879e-07 -1.926957918451836553e-06 -6.553754204172968087e-07 1.601222599215358701e-07 4.967832607210759919e-06 9.354214846402767567e-06 9.599471942388842572e-06
2.268078568020268345e-05 -2.393259851764669590e-05 5.768155746397879554e-04 -5.669699989842251074e-05 4.450784215940837285e-01 -1.785671761323499515e-02 -5.422169726263306733e-02 -2.229964434090138739e-02 2.912386232032333244e-06 -8.713494552379097029e-07 6.855574724179922776e-07 -2.095414214647375404e-06 1.948117315449196664e-06 3.012196950267843134e-06 2.776965777900887512e-07 2.100373353943560953e-05 2.558645471155488311e-05 1.841257661248837715e-05
-8.095565761801962320e-04 4.838303922529822026e-03 -1.053688778989273107e-02 -1.029748051208025962e-02 -1.785671761323499515e-02 5.573791997844954267e+02 -1.077778135365178025e-01 1.528744820192520670e+00 1.912251492163994358e-04 6.017259378704497755e-05 2.618922027906348763e-04 4.670093538770099103e-06 2.383669867088932491e-04 1.014930850733034761e-04 7.642360833108977644e-05 -5.392373411591854567e-04 1.107589697224848789e-03 -5.028675236419923381e-04
-1.344457107510167292e-03 -3.207369971309638034e-04 -2.672816002177981834e-02 -1.202604476333055984e-02 -5.422169726263306733e-02 -1.077778135365178025e-01 1.245844024859251931e+03 2.269330281450328890e+00 -7.905013572696004999e-04 1.420430555985615164e-04 -1.105266984542768152e-04 -8.665634168067004996e-05 -3.469323673199971097e-04 -4.103618547884496951e-04 1.365447963650356282e-04 -1.303927957254583624e-03 9.827755063766311326e-04 -5.073610865446145837e-04
-2.438544577904951712e-03 5.044185827506713835e-03 -6.070123324715227114e-02 -1.232576798526595005e-02 -2.229964434090138739e-02 1.528744820192520670e+00 2.269330281450328890e+00 9.789670570039917266e+02 -1.689238217360218607e-04 6.488212882886226296e-04 9.147653695846880769e-05 -1.119500357356667964e-04 1.548096571798057198e-04 -1.701493183302510209e-04 1.257436775325989731e-04 -1.701919514618170865e-03 -1.086103798204192961e-05 -2.031443356169101554e-03
1.698777911407705665e-07 1.670374504272280198e-06 8.251805335852278520e-06 -2.466712699292611807e-06 2.912386232032333244e-06 1.912251492163994358e-04 -7.905013572696004999e-04 -1.689238217360218607e-04 1.405594921978509245e-04 -7.087897471824575058e-08 1.333727473240544186e-07 1.527271480016023374e-08 1.471623210763652919e-07 1.325331294218922394e-07 8.007588561310326727e-09 1.988230000844993249e-07 5.639741222775917127e-07 1.540236710196238486e-07
-2.861319384093373779e-07 2.518336948307505971e-07 -7.820603553482509567e-06 -2.220596841174464059e-06 -8.713494552379097029e-07 6.017259378704497755e-05 1.420430555985615164e-04 6.488212882886226296e-04 -7.087897471824575058e-08 2.359202858932239077e-05 -1.213062527674687027e-08 -4.180470008133325482e-08 1.179215413780209415e-09 -4.242884561500613433e-08 2.439754255756678033e-08 -1.821909877594079439e-07 1.021786467326115191e-07 -2.329630459313885589e-07
-6.018767529232924986e-08 1.204628526473755064e-06 9.768778122504337352e-08 -7.895883757249328300e-07 6.855574724179922776e-07 2.618922027906348763e-04 -1.105266984542768152e-04 9.147653695846880769e-05 1.333727473240544186e-07 -1.213062527674687027e-08 5.538063585321090611e-05 1.903595173175385768e-08 9.052974103767433557e-08 6.740466583456422802e-08 1.533970549320017933e-10 -7.952493610350301746e-09 9.481265719575757589e-08 -7.591524336733610999e-08
4.693849881016297263e-08 1.660153093214900355e-07 2.376939791299243701e-06 -3.274846511903117879e-07 -2.095414214647375404e-06 4.670093538770099103e-06 -8.665634168067004996e-05 -1.119500357356667964e-04 1.527271480016023374e-08 -4.180470008133325482e-08 1.903595173175385768e-08 6.983058229587508925e-06 4.642691818000230963e-09 1.274352551085289662e-08 8.050935216392181572e-10 2.091209033226955274e-08 1.097973410397495422e-07 7.161536048225101402e-08
-3.740086704618523161e-08 1.395763218316958061e-06 1.215268799862198900e-06 -1.926957918451836553e-06 1.948117315449196664e-06 2.383669867088932491e-04 -3.469323673199971097e-04 1.548096571798057198e-04 1.471623210763652919e-07 1.179215413780209415e-09 9.052974103767433557e-08 4.642691818000230963e-09 2.560049077851906703e-05 8.102898447603806048e-08 8.972660768578133012e-09 3.409527977468379500e-08 2.913717659269912606e-07 -4.666449772771028085e-08
1.259605395382284722e-07 8.095635453281837091e-07 4.837470071958574711e-06 -6.553754204172968087e-07 3.012196950267843134e-06 1.014930850733034761e-04 -4.103618547884496951e-04 -1.701493183302510209e-04 1.325331294218922394e-07 -4.242884561500613433e-08 6.740466583456422802e-08 1.274352551085289662e-08 8.102898447603806048e-08 2.187924430620429681e-05 -1.874169482346831868e-09 1.355650200093506909e-07 2.185566130011957610e-07 8.983633113652684254e-08
-8.212400808128901471e-08 1.549257459723255531e-07 -2.504825968437109555e-06 1.601222599215358701e-07 2.776965777900887512e-07 7.642360833108977644e-05 1.365447963650356282e-04 1.257436775325989731e-04 8.007588561310326727e-09 2.439754255756678033e-08 1.533970549320017933e-10 8.050935216392181572e-10 8.972660768578133012e-09 -1.874169482346831868e-09 2.174718392804841308e-06 -5.448342787045898611e-08 -9.702971363090577453e-08 -9.089321135617817797e-08
1.045749806891487819e-06 -1.552656837873055066e-06 2.439997849873837290e-05 4.967832607210759919e-06 2.100373353943560953e-05 -5.392373411591854567e-04 -1.303927957254583624e-03 -1.701919514618170865e-03 1.988230000844993249e-07 -1.821909877594079439e-07 -7.952493610350301746e-09 2.091209033226955274e-08 3.409527977468379500e-08 1.355650200093506909e-07 -5.448342787045898611e-08 1.457670292640984844e-04 3.403473182338926940e-09 7.457400436838623234e-07
-2.343345011554883592e-07 2.418966439790180480e-06 -1.284848414284810716e-05 9.354214846402767567e-06 2.558645471155488311e-05 1.107589697224848789e-03 9.827755063766311326e-04 -1.086103798204192961e-05 5.639741222775917127e-07 1.021786467326115191e-07 9.481265719575757589e-08 1.097973410397495422e-07 2.913717659269912606e-07 2.185566130011957610e-07 -9.702971363090577453e-08 3.403473182338926940e-09 2.319811350606205708e-03 -7.467527957866127776e-07
1.028233558080671344e-06 -2.450083351253472822e-06 2.146713259374269692e-05 9.599471942388842572e-06 1.841257661248837715e-05 -5.028675236419923381e-04 -5.073610865446145837e-04 -2.031443356169101554e-03 1.540236710196238486e-07 -2.329630459313885589e-07 -7.591524336733610999e-08 7.161536048225101402e-08 -4.666449772771028085e-08 8.983633113652684254e-08 -9.089321135617817797e-08 7.457400436838623234e-07 -7.467527957866127776e-07 7.750187563729194146e-04
6.938786277216362668e-05 -1.002572821122570458e-06 7.500641372677677567e-06 2.481422712358886892e-06 6.044198272619124502e-06 -2.485014365432706464e-04 -5.319084384981961856e-04 -7.399913966504292548e-04 3.264221873082891949e-08 -9.030180606574538174e-08 -3.810490469863242277e-08 1.405715780101075557e-08 -7.511694560451247482e-09 3.839572739674578309e-08 -2.530362501658694895e-08 3.082137256103185171e-07 -7.229899833768601340e-08 2.526762824694240938e-07
-1.002572821122570458e-06 1.141463944952777598e-03 5.414914073647462817e-06 -7.805467028207518300e-06 6.268311726062546983e-07 1.476189905008886555e-03 5.915191958162571836e-04 1.338730248372993394e-03 6.827870162843488180e-07 7.198229513515810960e-08 5.141295168841517342e-07 5.970012907858627754e-08 4.162204138257025600e-07 2.721105895900373130e-07 4.291297301260368136e-08 -3.164459973809590924e-07 7.557187670431561375e-07 -2.627493447396758585e-07
7.500641372677677567e-06 5.414914073647462817e-06 7.011870472341945604e-01 1.030191998537080024e-04 4.176818980016411883e-04 -5.399375917772279709e-03 1.097662582043960541e-02 -2.717286833798457021e-02 6.811986058112241389e-06 -2.744675242095831967e-06 3.650705607990508209e-06 9.456109021046735239e-07 -4.670698646400284669e-07 1.915151550026137853e-06 -9.890113078577191311e-07 1.288355720285855361e-05 -4.627795098030840238e-06 2.153530848906981592e-05
2.481422712358886892e-06 -7.805467028207518300e-06 1.030191998537080024e-04 1.106707540807838099e-02 -5.998330823348924555e-06 -3.400831573896839766e-03 -2.830827540617227803e-03 -4.347946271607236804e-03 -5.720149772351094527e-07 -7.232036242019082308e-07 -6.409281605713886847e-08 -9.515698033574816695e-08 -6.612223916661986447e-07 -1.905908011573123704e-07 4.147197072527726109e-08 1.854146622228714452e-06 2.966450218282150844e-06 3.835930092221622234e-06
6.044198272619124502e-06 6.268311726062546983e-07 4.176818980016411883e-04 -5.998330823348924555e-06 1.425296225518307980e-01 -6.623358002477949466e-03 -8.593418899248840559e-03 -1.061047437667339902e-02 2.802516008049035904e-06 -3.873868334209510520e-07 1.842418377001799725e-06 -5.875788366893554190e-07 2.395678594625618698e-07 1.128546251176261452e-06 4.798527574343370821e-09 8.997190715098705920e-06 7.956153979371524934e-06 1.246850757139971206e-05
-2.485014365432706464e-04 1.476189905008886555e-03 -5.399375917772279709e-03 -3.400831573896839766e-03 -6.623358002477949466e-03 1.783692524597263684e+02 -1.106641029999129999e-01 5.194212059769109935e-01 4.492150078127605850e-05 2.019946944566622309e-05 6.968788481162681108e-05 7.728771668857215074e-07 7.961608523571992195e-05 3.104567800290065389e-05 2.518676828466580826e-05 -1.923531487889074164e-04 3.564424500497379283e-04 -2.181215520513939317e-04
-5.319084384981961856e-04 5.915191958162571836e-04 1.097662582043960541e-02 -2.830827540617227803e-03 -8.593418899248840559e-03 -1.106641029999129999e-01 3.994038099569394831e+02 4.350780966840793185e-01 -9.624200265203763807e-05 3.635883319728280138e-05 1.006128271566764234e-04 -2.078000989438638741e-05 -1.431763367938831326e-04 -1.175216714616924695e-04 3.665126174469225060e-05 -2.265696829014300715e-04 2.950916867714434093e-04 3.886346853363836242e-04
-7.399913966504292548e-04 1.338730248372993394e-03 -2.717286833798457021e-02 -4.347946271607236804e-03 -1.061047437667339902e-02 5.194212059769109935e-01 4.350780966840793185e-01 3.133849565235898922e+02 -1.162343846117597706e-04 2.112312735300885913e-04 -2.467874508751966351e-05 -3.858146375204564454e-05 6.229791710471575437e-05 -5.992066351286529265e-05 4.303234859200114152e-05 -6.202702972327552499e-04 4.220109001944615785e-06 -8.686697939776795831e-04
3.264221873082891949e-08 6.827870162843488180e-07 6.811986058112241389e-06 -5.720149772351094527e-07 2.802516008049035904e-06 4.492150078127605850e-05 -9.624200265203763807e-05 -1.162343846117597706e-04 4.501251158036082570e-05 -2.462389520467209048e-08 7.172404962842118816e-08 6.371749430840136524e-09 4.022319945949686108e-08 4.535693963492905897e-08 1.058071967332552561e-09 1.043529671300583166e-07 1.763287532971115707e-07 1.669756431711349084e-07
-9.030180606574538174e-08 7.198229513515810960e-08 -2.744675242095831967e-06 -7.232036242019082308e-07 -3.873868334209510520e-07 2.019946944566622309e-05 3.635883319728280138e-05 2.112312735300885913e-04 -2.462389520467209048e-08 7.549561886128105811e-06 -5.567374500511844230e-09 -1.346365387787312658e-08 7.759672630126666039e-10 -1.374821739509922609e-08 7.894516928630635504e-09 -6.066480436134790613e-08 3.293759843586919625e-08 -8.137804435968060647e-08
-3.810490469863242277e-08 5.141295168841517342e-07 3.650705607990508209e-06 -6.409281605713886847e-08 1.842418377001799725e-06 6.968788481162681108e-05 1.006128271566764234e-04 -2.467874508751966351e-05 7.172404962842118816e-08 -5.567374500511844230e-09 1.774700502500119897e-05 7.379558023317547611e-09 2.300964938303834686e-08 2.412597034480657308e-08 -1.256212129520285211e-09 3.279544722980855894e-08 2.674528377528169601e-08 7.782264667648639151e-08
1.405715780101075557e-08 5.970012907858627754e-08 9.456109021046735239e-07 -9.515698033574816695e-08 -5.875788366893554190e-07 7.728771668857215074e-07 -2.078000989438638741e-05 -3.858146375204564454e-05 6.371749430840136524e-09 -1.346365387787312658e-08 7.379558023317547611e-09 2.234644465990584281e-06 1.181052033183384855e-09 4.208589935012018998e-09 1.909159742289863288e-10 8.498111849578613828e-09 3.495142030914567917e-08 2.813604851698139778e-08
-7.511694560451247482e-09 4.162204138257025600e-07 -4.670698646400284669e-07 -6.612223916661986447e-07 2.395678594625618698e-07 7.961608523571992195e-05 -1.431763367938831326e-04 6.229791710471575437e-05 4.022319945949686108e-08 7.759672630126666039e-10 2.300964938303834686e-08 1.181052033183384855e-09 8.193566487069559910e-06 2.532469851678163013e-08 3.179939202005470273e-09 2.552941241156325516e-09 9.408908468903416110e-08 -3.908174810943246586e-08
3.839572739674578309e-08 2.721105895900373130e-07 1.915151550026137853e-06 -1.905908011573123704e-07 1.128546251176261452e-06 3.104567800290065389e-05 -1.175216714616924695e-04 -5.992066351286529265e-05 4.535693963492905897e-08 -1.374821739509922609e-08 2.412597034480657308e-08 4.208589935012018998e-09 2.532469851678163013e-08 7.001617510270882200e-06 -7.321454333104084623e-10 4.696576553169852210e-08 6.957345850137875054e-08 3.910635381107622951e-08
-2.530362501658694895e-08 4.291297301260368136e-08 -9.890113078577191311e-07 4.147197072527726109e-08 4.798527574343370821e-09 2.518676828466580826e-05 3.665126174469225060e-05 4.303234859200114152e-05 1.058071967332552561e-09 7.894516928630635504e-09 -1.256212129520285211e-09 1.909159742289863288e-10 3.179939202005470273e-09 -7.321454333104084623e-10 6.959774928818059497e-07 -1.926512360655856005e-08 -3.086331959736982948e-08 -3.437483964917133818e-08
