2.706676166786290381e-03 -4.882385816725810427e-05 1.515584816338235165e-05 -1.193737971173337522e-04 1.521326460658428018e-05 8.744944236954489691e-02 1.908368267221544762e-02 8.049403315523805114e-03 -9.975722476634120896e-07 1.388405620782357081e-06 3.496474980834254377e-06 -5.562184208037647834e-07 -2.710651755590293046e-09 7.396305599179984659e-06 -5.111543517734881222e-07 3.017149932878628949e-04 3.908757031530285234e-06 -5.154800165726545081e-04
-4.882385816725810427e-05 1.018353650336830812e-01 -5.172596188760495036e-05 4.074153035518316758e-04 -5.192192061724966950e-05 -2.984594774463543709e-01 -6.513141540723019207e-02 -2.747211008109129438e-02 3.404651689995177921e-06 -4.738541548511876386e-06 -1.193325042913563223e-05 1.898338682568228268e-06 9.251284909213674748e-09 -2.524312842197818272e-05 1.744537833415336574e-06 -1.029734401894671003e-03 -1.334034328275572796e-05 1.759301056834321978e-03
1.515584816338235165e-05 -5.172596188760495036e-05 2.685073662395273786e+00 -1.264694088475526944e-04 1.611754528964993909e-05 9.264746156691155976e-02 2.021802208249365296e-02 8.527862089275927565e-03 -1.056868219754372425e-06 1.470932837366093964e-06 3.704306426993573102e-06 -5.892801985684431460e-07 -2.871773650494918523e-09 7.835944062872659689e-06 -5.415375087307177778e-07 3.196490164759838008e-04 4.141094637548140396e-06 -5.461202922496629286e-04
-1.193737971173337522e-04 4.074153035518316758e-04 -1.264694088475526944e-04 9.090971525932936004e-01 -1.269485257898444346e-04 -7.297301451756080803e-01 -1.592455955068599327e-01 -6.716900749569380824e-02 8.324335997871353061e-06 -1.158568205540647725e-05 -2.917666626832190612e-05 4.641417234512102341e-06 2.261929002095379389e-08 -6.171917181409535035e-05 4.265375847115905459e-06 -2.517689305818675977e-03 -3.261699284509249070e-05 4.301471766270398983e-03
1.521326460658428018e-05 -5.192192061724966950e-05 1.611754528964993909e-05 -1.269485257898444346e-04 1.483123524845014751e-01 9.299844738159604440e-02 2.029461607472957466e-02 8.560169057781050195e-03 -1.060872061272002457e-06 1.476505322046596555e-06 3.718339828310030252e-06 -5.915126287621468370e-07 -2.882653083101719920e-09 7.865629767847351225e-06 -5.435890704299749150e-07 3.208599754009607377e-04 4.156782768128983548e-06 -5.481892153744757738e-04
8.744944236954489691e-02 -2.984594774463543709e-01 9.264746156691155976e-02 -7.297301451756080803e-01 9.299844738159604440e-02 1.217525832355394959e+05 1.166582521723176313e+02 4.920587592803718735e+01 -6.098143467741593167e-03 8.487301733564633563e-03 2.137389659188928398e-02 -3.400154462402883195e-03 -1.657017156942055511e-05 4.521349985497825213e-02 -3.124678516845543885e-03 1.844379010891325166e+00 2.389417028655946990e-02 -3.151121237761710603e+00
1.908368267221544762e-02 -6.513141540723019207e-02 2.021802208249365296e-02 -1.592455955068599327e-01 2.029461607472957466e-02 1.166582521723176313e+02 9.096346152364660156e+03 1.073796809190508661e+01 -1.330769318530871910e-03 1.852144149098641866e-03 4.664325454525878288e-03 -7.419998005568938021e-04 -3.616031017312862999e-06 9.866730539989761878e-03 -6.818839737843313724e-04 4.024902025379011317e-01 5.214312991701617987e-03 -6.876544450564249233e-01
8.049403315523805114e-03 -2.747211008109129438e-02 8.527862089275927565e-03 -6.716900749569380824e-02 8.560169057781050195e-03 4.920587592803718735e+01 1.073796809190508661e+01 5.623623826817525696e+03 -5.613119411367890454e-04 7.812252755747520119e-04 1.967389493067065852e-03 -3.129718596409303212e-04 -1.525224064963768984e-06 4.161738323054683594e-03 -2.876153001314263476e-04 1.697683841437673813e-01 2.199371526162004035e-03 -2.900492564797652606e-01
-9.975722476634120896e-07 3.404651689995177921e-06 -1.056868219754372425e-06 8.324335997871353061e-06 -1.060872061272002457e-06 -6.098143467741593167e-03 -1.330769318530871910e-03 -5.613119411367890454e-04 1.049898938814373961e-03 -9.681818931641638154e-08 -2.438209494166187901e-07 3.878697951129857273e-08 1.890228553639346643e-10 -5.157692428095778075e-07 3.564451055162750883e-08 -2.103960031743830006e-05 -2.725707621792292827e-07 3.594615369335509854e-05
1.388405620782357081e-06 -4.738541548511876386e-06 1.470932837366093964e-06 -1.158568205540647725e-05 1.476505322046596555e-06 8.487301733564633563e-03 1.852144149098641866e-03 7.812252755747520119e-04 -9.681818931641638154e-08 1.639561034410266186e-04 3.393462252257283469e-07 -5.398311800753617020e-08 -2.630790857086540507e-10 7.178396526374641675e-07 -4.960947832684057125e-08 2.928259021656521904e-05 3.793597698382052090e-07 -5.002930058475320556e-05
3.496474980834254377e-06 -1.193325042913563223e-05 3.704306426993573102e-06 -2.917666626832190612e-05 3.718339828310030252e-06 2.137389659188928398e-02 4.664325454525878288e-03 1.967389493067065852e-03 -2.438209494166187901e-07 3.393462252257283469e-07 3.409347284560308331e-04 -1.359477509133200389e-07 -6.625221242209684940e-10 1.807763054346704240e-06 -1.249334468152719920e-07 7.374346699097090595e-05 9.553562187589648060e-07 -1.259907012654245054e-04
-5.562184208037647834e-07 1.898338682568228268e-06 -5.892801985684431460e-07 4.641417234512102341e-06 -5.915126287621468370e-07 -3.400154462402883195e-03 -7.419998005568938021e-04 -3.129718596409303212e-04 3.878697951129857273e-08 -5.398311800753617020e-08 -1.359477509133200389e-07 1.094634810694346190e-04 1.053938643066787809e-10 -2.875785231662664536e-07 1.987438345020888011e-08 -1.173109345244783709e-05 -1.519778434611819631e-07 2.004257124044762307e-05
-2.710651755590293046e-09 9.251284909213674748e-09 -2.871773650494918523e-09 2.261929002095379389e-08 -2.882653083101719920e-09 -1.657017156942055511e-05 -3.616031017312862999e-06 -1.525224064963768984e-06 1.890228553639346643e-10 -2.630790857086540507e-10 -6.625221242209684940e-10 1.053938643066787809e-10 1.456860348402311985e-06 -1.401473233418355558e-09 9.685499504445522090e-11 -5.716982371047765871e-08 -7.406425116118540184e-10 9.767463443759276023e-08
7.396305599179984659e-06 -2.524312842197818272e-05 7.835944062872659689e-06 -6.171917181409535035e-05 7.865629767847351225e-06 4.521349985497825213e-02 9.866730539989761878e-03 4.161738323054683594e-03 -5.157692428095778075e-07 7.178396526374641675e-07 1.807763054346704240e-06 -2.875785231662664536e-07 -1.401473233418355558e-09 6.340224501139958080e-04 -2.642792976554273967e-07 1.559940284995615001e-04 2.020922954904823083e-06 -2.665157721196476700e-04
-5.111543517734881222e-07 1.744537833415336574e-06 -5.415375087307177778e-07 4.265375847115905459e-06 -5.435890704299749150e-07 -3.124678516845543885e-03 -6.818839737843313724e-04 -2.876153001314263476e-04 3.564451055162750883e-08 -4.960947832684057125e-08 -1.249334468152719920e-07 1.987438345020888011e-08 9.685499504445522090e-11 -2.642792976554273967e-07 5.491239184899686599e-05 -1.078065602468733728e-05 -1.396648028054796251e-07 1.841874905092251056e-05
3.017149932878628949e-04 -1.029734401894671003e-03 3.196490164759838008e-04 -2.517689305818675977e-03 3.208599754009607377e-04 1.844379010891325166e+00 4.024902025379011317e-01 1.697683841437673813e-01 -2.103960031743830006e-05 2.928259021656521904e-05 7.374346699097090595e-05 -1.173109345244783709e-05 -5.716982371047765871e-08 1.559940284995615001e-04 -1.078065602468733728e-05 4.791146573132001762e+00 8.243882673560679844e-05 -1.087188777125491085e-02
3.908757031530285234e-06 -1.334034328275572796e-05 4.141094637548140396e-06 -3.261699284509249070e-05 4.156782768128983548e-06 2.389417028655946990e-02 5.214312991701617987e-03 2.199371526162004035e-03 -2.725707621792292827e-07 3.793597698382052090e-07 9.553562187589648060e-07 -1.519778434611819631e-07 -7.406425116118540184e-10 2.020922954904823083e-06 -1.396648028054796251e-07 8.243882673560679844e-05 1.367376178163548062e+00 -1.408467219637183276e-04
-5.154800165726545081e-04 1.759301056834321978e-03 -5.461202922496629286e-04 4.301471766270398983e-03 -5.481892153744757738e-04 -3.151121237761710603e+00 -6.876544450564249233e-01 -2.900492564797652606e-01 3.594615369335509854e-05 -5.002930058475320556e-05 -1.259907012654245054e-04 2.004257124044762307e-05 9.767463443759276023e-08 -2.665157721196476700e-04 1.841874905092251056e-05 -1.087188777125491085e-02 -1.408467219637183276e-04 6.258148454509539604e+00
8.710242137743112690e-04 -2.721065310164549355e-05 -6.365901161013541457e-05 -8.395922947032900992e-05 1.920099536363604960e-05 3.265336492221369846e-02 1.109668650027911992e-02 6.079132106349901220e-03 5.148927415689389716e-07 5.056490076089199976e-07 1.551069561073086106e-06 -1.313518832514116570e-07 -3.621219611302314306e-08 1.263268509352929036e-06 -1.182158693487482062e-07 1.094343770051254785e-04 -7.265895338836430293e-05 -1.019758883322413969e-04
-2.721065310164549355e-05 3.261478476930071424e-02 1.458535051482824304e-04 2.388497405469871659e-04 -5.059195196510404656e-05 -1.065765605970841745e-01 -3.267103096762869613e-02 -1.709598405118456510e-02 -8.878501413803983488e-07 -1.661790231520933889e-06 -4.843199204140409828e-06 4.969092242993126029e-07 8.674807056114403409e-08 -5.461748833898056679e-06 4.507379350462095102e-07 -3.600613095439573141e-04 1.709401056817426673e-04 4.136825988742197607e-04
-6.365901161013541457e-05 1.458535051482824304e-04 8.601838052528257839e-01 6.009050819985973591e-04 -1.957328932735535713e-04 -3.580200329774427953e-02 -6.346971507595323969e-02 -4.637431356039115049e-02 -1.202932135894522518e-05 -3.893236127671302859e-07 -4.872383681644643448e-06 -8.422567327910894154e-07 4.944801691268423855e-07 1.797505473433108779e-05 -8.089754459630842720e-07 -7.831899623518279998e-05 1.037258074864572978e-03 -1.057465924516178078e-03
-8.395922947032900992e-05 2.388497405469871659e-04 6.009050819985973591e-04 2.913394870869287501e-01 -1.748057213494522480e-04 -2.772295794901766253e-01 -9.767375496821270597e-02 -5.429194371208474063e-02 -5.145145875685587359e-06 -4.281858810216210149e-06 -1.338273610682775797e-05 1.048631767574969503e-06 3.381335613399337749e-07 -9.418785045787586688e-06 9.403238107059192656e-07 -9.262944539074926794e-04 6.815004406240011839e-04 7.868780557612501877e-04
1.920099536363604960e-05 -5.059195196510404656e-05 -1.957328932735535713e-04 -1.748057213494522480e-04 4.750198111949532898e-02 4.345213535865836280e-02 2.112632362718590284e-02 1.301214593976733093e-02 2.106422134861728013e-06 6.524070222253848268e-07 2.457213721373618255e-06 -5.252610005555842171e-08 -1.045649549625540821e-07 -7.189668028161692685e-07 -4.095710191258130972e-08 1.404599351383941069e-04 -2.153974666328671778e-04 9.250766420757096010e-06
3.265336492221369846e-02 -1.065765605970841745e-01 -3.580200329774427953e-02 -2.772295794901766253e-01 4.345213535865836280e-02 3.896528763111543958e+04 4.209769323356502468e+01 1.909274057279833769e+01 -1.154542701844097317e-03 2.774555385022475004e-03 7.252541995085473592e-03 -1.043494328226313595e-03 -3.906870022996801624e-05 1.341405655630277700e-02 -9.565691469931087614e-04 6.025113766280957295e-01 -6.296271942727710291e-02 -9.481937423727195835e-01
1.109668650027911992e-02 -3.267103096762869613e-02 -6.346971507595323969e-02 -9.767375496821270597e-02 2.112632362718590284e-02 4.209769323356502468e+01 2.915924875815814175e+03 7.012629054021562780e+00 4.256876452012520770e-04 6.553266366485182128e-04 1.933806840959009831e-03 -1.898280321160293854e-04 -3.723998558902901022e-05 2.030760228667693231e-03 -1.719022783548707913e-04 1.419515199941557004e-01 -7.378455535691726130e-02 -1.557566078640869045e-01
6.079132106349901220e-03 -1.709598405118456510e-02 -4.637431356039115049e-02 -5.429194371208474063e-02 1.301214593976733093e-02 1.909274057279833769e+01 7.012629054021562780e+00 1.802070605167948543e+03 4.182264825168249475e-04 2.939708422104023362e-04 9.393390110436258388e-04 -6.672354928336546006e-05 -2.582118378317593249e-05 5.407955702748798920e-04 -5.953009753982308898e-05 6.356152539397852408e-02 -5.227046558716734459e-02 -4.767695453629543223e-02
5.148927415689389716e-07 -8.878501413803983488e-07 -1.202932135894522518e-05 -5.145145875685587359e-06 2.106422134861728013e-06 -1.154542701844097317e-03 4.256876452012520770e-04 4.182264825168249475e-04 3.361100032984255304e-04 -2.051079755612967137e-08 -4.267667618609151381e-09 2.037066634848241102e-08 -5.971143317587654326e-09 -3.533681739266765274e-07 1.914587682282033347e-08 -4.533732475511664292e-06 -1.270001159940866099e-05 2.224999255169321958e-05
5.056490076089199976e-07 -1.661790231520933889e-06 -3.893236127671302859e-07 -4.281858810216210149e-06 6.524070222253848268e-07 2.774555385022475004e-03 6.553266366485182128e-04 2.939708422104023362e-04 -2.051079755612967137e-08 5.246672337024816388e-05 1.140163580999094767e-07 -1.668913030613370134e-08 -5.278839608760583033e-10 2.158553496521984734e-07 -1.530569035310207414e-08 9.532187208088928457e-06 -8.064265222049531595e-07 -1.521878922498858546e-05
1.551069561073086106e-06 -4.843199204140409828e-06 -4.872383681644643448e-06 -1.338273610682775797e-05 2.457213721373618255e-06 7.252541995085473592e-03 1.933806840959009831e-03 9.393390110436258388e-04 -4.267667618609151381e-09 1.140163580999094767e-07 1.091373293163028197e-04 -3.937940688228209282e-08 -3.337299629120278374e-09 4.809050267142144148e-07 -3.596840788439475884e-08 2.473729114828483004e-05 -6.229609168687882069e-06 -3.474834502497096880e-05
-1.313518832514116570e-07 4.969092242993126029e-07 -8.422567327910894154e-07 1.048631767574969503e-06 -5.252610005555842171e-08 -1.043494328226313595e-03 -1.898280321160293854e-04 -6.672354928336546006e-05 2.037066634848241102e-08 -1.668913030613370134e-08 -3.937940688228209282e-08 3.502875894531423863e-05 -3.035211869686421478e-10 -1.025547969151591143e-07 6.792549675920114333e-09 -3.631000352834651498e-06 -7.538531590308218498e-07 7.014533473319498404e-06
-3.621219611302314306e-08 8.674807056114403409e-08 4.944801691268423855e-07 3.381335613399337749e-07 -1.045649549625540821e-07 -3.906870022996801624e-05 -3.723998558902901022e-05 -2.582118378317593249e-05 -5.971143317587654326e-09 -5.278839608760583033e-10 -3.337299629120278374e-09 -3.035211869686421478e-10 4.664508955307949586e-07 7.531477116136514937e-09 -2.969652772443118689e-10 -1.114721112956234978e-07 5.342167399732967123e-07 -4.241464712739441198e-07
1.263268509352929036e-06 -5.461748833898056679e-06 1.797505473433108779e-05 -9.418785045787586688e-06 -7.189668028161692685e-07 1.341405655630277700e-02 2.030760228667693231e-03 5.407955702748798920e-04 -3.533681739266765274e-07 2.158553496521984734e-07 4.809050267142144148e-07 -1.025547969151591143e-07 7.531477116136514937e-09 2.031363372244549318e-04 -9.480904018929934184e-08 4.700885509094906501e-05 1.733362680736901063e-05 -9.950380396143202702e-05
-1.182158693487482062e-07 4.507379350462095102e-07 -8.089754459630842720e-07 9.403238107059192656e-07 -4.095710191258130972e-08 -9.565691469931087614e-04 -1.719022783548707913e-04 -5.953009753982308898e-05 1.914587682282033347e-08 -1.530569035310207414e-08 -3.596840788439475884e-08 6.792549675920114333e-09 -2.969652772443118689e-10 -9.480904018929934184e-08 1.757238622008150075e-05 -3.330246610533722862e-06 -7.304900506953909097e-07 6.478360295985161318e-06
1.094343770051254785e-04 -3.600613095439573141e-04 -7.831899623518279998e-05 -9.262944539074926794e-04 1.404599351383941069e-04 6.025113766280957295e-01 1.419515199941557004e-01 6.356152539397852408e-02 -4.533732475511664292e-06 9.532187208088928457e-06 2.473729114828483004e-05 -3.631000352834651498e-06 -1.114721112956234978e-07 4.700885509094906501e-05 -3.330246610533722862e-06 1.533200873036358658e+00 -1.684643183157347244e-04 -3.312978952990380897e-03
-7.265895338836430293e-05 1.709401056817426673e-04 1.037258074864572978e-03 6.815004406240011839e-04 -2.153974666328671778e-04 -6.296271942727710291e-02 -7.378455535691726130e-02 -5.227046558716734459e-02 -1.270001159940866099e-05 -8.064265222049531595e-07 -6.229609168687882069e-06 -7.538531590308218498e-07 5.342167399732967123e-07 1.733362680736901063e-05 -7.304900506953909097e-07 -1.684643183157347244e-04 4.386779773283194794e-01 -9.973662979520093834e-04
-1.019758883322413969e-04 4.136825988742197607e-04 -1.057465924516178078e-03 7.868780557612501877e-04 9.250766420757096010e-06 -9.481937423727195835e-01 -1.557566078640869045e-01 -4.767695453629543223e-02 2.224999255169321958e-05 -1.521878922498858546e-05 -3.474834502497096880e-05 7.014533473319498404e-06 -4.241464712739441198e-07 -9.950380396143202702e-05 6.478360295985161318e-06 -3.312978952990380897e-03 -9.973662979520093834e-04 2.003418946183362248e+00
2.787211174239572799e-04 -8.667199865141721782e-06 -2.141022277371398941e-05 -2.622481740948593855e-05 6.428602370048778590e-06 1.058894713193823250e-02 3.510438974164144157e-03 1.952481452984038135e-03 1.615938675693997719e-07 1.582032871507663715e-07 4.952473785130414594e-07 -3.853184570509589842e-08 -1.184710998947137927e-08 4.000577291390496344e-07 -3.899826612226537605e-08 3.490634102765336958e-05 -2.381580912029300474e-05 -3.185464300311799862e-05
-8.667199865141721782e-06 1.043648730505278982e-02 5.297549211281578905e-05 7.253811633256357979e-05 -1.791327224972661758e-05 -3.495264879782711276e-02 -1.020914070487786290e-02 -5.514126906748593147e-03 -2.648787451766902527e-07 -5.099164508157740857e-07 -1.543184578045972570e-06 1.377829733446849883e-07 2.933116995565856404e-08 -1.722363151045914342e-06 1.513258905549641411e-07 -1.145364708378581792e-04 5.812655574995283795e-05 1.276629508831163718e-04
-2.141022277371398941e-05 5.297549211281578905e-05 2.750959118878261167e-01 2.929378958447708195e-04 -1.807593231979414002e-05 1.046661028583435737e-02 -2.665838125090354283e-02 -1.371765208342063530e-02 -4.346531648602163604e-06 -6.895357413573720691e-07 -1.730774208603230234e-06 2.791857770331218811e-07 1.176055649818010717e-07 5.095560860372740950e-06 -4.421304216597885265e-07 -4.272032382589938831e-05 2.433733704137439914e-04 -2.165017620831232164e-04
-2.622481740948593855e-05 7.253811633256357979e-05 2.929378958447708195e-04 9.316645223405488341e-02 -8.346751685384877452e-05 -1.022583325033398771e-01 -2.733356485317666937e-02 -1.806670775197588910e-02 -1.339292668727663255e-06 -1.021149774382212801e-06 -4.176448670821090120e-06 -3.446673676724936257e-09 1.333040376975625643e-07 -2.608431860417745045e-06 4.141262882996985717e-07 -2.855044118360482923e-04 2.727886013287963182e-04 1.764951891534389616e-04
6.428602370048778590e-06 -1.791327224972661758e-05 -1.807593231979414002e-05 -8.346751685384877452e-05 1.518844612734768576e-02 7.908154726946389074e-03 8.496771750636596468e-03 3.856958040325693480e-03 8.100370608107930085e-07 3.632980530942433296e-07 8.332481824261555070e-07 -1.668929697858036397e-07 -2.234804075839681786e-08 -5.051293087924778864e-08 3.701920793783984092e-08 4.977712757126956909e-05 -4.470688175145411390e-05 -3.037882795240445417e-05
1.058894713193823250e-02 -3.495264879782711276e-02 1.046661028583435737e-02 -1.022583325033398771e-01 7.908154726946389074e-03 1.246594169292217703e+04 1.432556164023121958e+01 5.958665166426801107e+00 -3.025492396975960202e-04 9.638868718298345155e-04 2.343908261835808693e-03 -4.077612428415629676e-04 -7.034408041645853930e-06 4.380841575321771028e-03 -2.814399143940192428e-04 1.951800209844161138e-01 -8.231448788611320927e-03 -3.198251383124173230e-01
3.510438974164144157e-03 -1.020914070487786290e-02 -2.665838125090354283e-02 -2.733356485317666937e-02 8.496771750636596468e-03 1.432556164023121958e+01 9.328485901536389520e+02 2.287768112066276061e+00 1.168472751418759724e-04 1.876896074872477056e-04 6.121308775674013519e-04 -3.936305607652573600e-05 -1.349998066099607015e-05 6.242626335311620952e-04 -6.214989210758678170e-05 4.473638429774979414e-02 -2.706162144351690127e-02 -4.509243921039134823e-02
1.952481452984038135e-03 -5.514126906748593147e-03 -1.371765208342063530e-02 -1.806670775197588910e-02 3.856958040325693480e-03 5.958665166426801107e+00 2.287768112066276061e+00 5.766548642059510712e+02 1.372569366098629789e-04 9.796217513367911950e-05 3.017705779919641106e-04 -2.513114767133701880e-05 -7.982924264349928130e-06 1.775763895213355783e-04 -1.778731089217993103e-05 2.046132171149795190e-02 -1.611660398423747295e-02 -1.609621021202678470e-02
1.615938675693997719e-07 -2.648787451766902527e-07 -4.346531648602163604e-06 -1.339292668727663255e-06 8.100370608107930085e-07 -3.025492396975960202e-04 1.168472751418759724e-04 1.372569366098629789e-04 1.075536838783698596e-04 -8.287551724418251442e-09 -1.889369937257236802e-09 8.193136230932933231e-09 -2.034752896945892762e-09 -1.150811615225485334e-07 5.567420938404107046e-09 -1.504683056304103800e-06 -4.334234350259169454e-06 7.491968080235762993e-06
1.582032871507663715e-07 -5.099164508157740857e-07 -6.895357413573720691e-07 -1.021149774382212801e-06 3.632980530942433296e-07 9.638868718298345155e-04 1.876896074872477056e-04 9.796217513367911950e-05 -8.287551724418251442e-09 1.678739224200530159e-05 3.589009152901631152e-08 -3.437619786775891571e-09 -3.098198074152603010e-10 6.679714078246826201e-08 -5.533354881469894106e-09 2.989061666194251298e-06 -5.651423847273332248e-07 -4.447311098200829808e-06
4.952473785130414594e-07 -1.543184578045972570e-06 -1.730774208603230234e-06 -4.176448670821090120e-06 8.332481824261555070e-07 2.343908261835808693e-03 6.121308775674013519e-04 3.017705779919641106e-04 -1.889369937257236802e-09 3.589009152901631152e-08 3.492376459892233397e-05 -1.202337948123670621e-08 -1.110735123524126907e-09 1.531980710444756214e-07 -1.170294207018208482e-08 7.897331271028914536e-06 -2.086756191304231027e-06 -1.099106945116350270e-05
-3.853184570509589842e-08 1.377829733446849883e-07 2.791857770331218811e-07 -3.446673676724936257e-09 -1.668929697858036397e-07 -4.077612428415629676e-04 -3.936305607652573600e-05 -2.513114767133701880e-05 8.193136230932933231e-09 -3.437619786775891571e-09 -1.202337948123670621e-08 1.120735467534630737e-05 3.971890461121430784e-11 -3.060642289532959967e-08 2.790876150080331434e-09 -1.102442675536275120e-06 5.702314614017760071e-08 1.834103329910537388e-06
-1.184710998947137927e-08 2.933116995565856404e-08 1.176055649818010717e-07 1.333040376975625643e-07 -2.234804075839681786e-08 -7.034408041645853930e-06 -1.349998066099607015e-05 -7.982924264349928130e-06 -2.034752896945892762e-09 -3.098198074152603010e-10 -1.110735123524126907e-09 3.971890461121430784e-11 1.492541540779651977e-07 2.246354868389472507e-09 -1.407328109175327964e-10 -4.007497519105828864e-08 1.488655175797579734e-07 -1.053286304050077557e-07
4.000577291390496344e-07 -1.722363151045914342e-06 5.095560860372740950e-06 -2.608431860417745045e-06 -5.051293087924778864e-08 4.380841575321771028e-03 6.242626335311620952e-04 1.775763895213355783e-04 -1.150811615225485334e-07 6.679714078246826201e-08 1.531980710444756214e-07 -3.060642289532959967e-08 2.246354868389472507e-09 6.500098260786651386e-05 -3.107736332536183333e-08 1.497167672154304965e-05 5.189936432373676292e-06 -3.135005148497311433e-05
-3.899826612226537605e-08 1.513258905549641411e-07 -4.421304216597885265e-07 4.141262882996985717e-07 3.701920793783984092e-08 -2.814399143940192428e-04 -6.214989210758678170e-05 -1.778731089217993103e-05 5.567420938404107046e-09 -5.533354881469894106e-09 -1.170294207018208482e-08 2.790876150080331434e-09 -1.407328109175327964e-10 -3.107736332536183333e-08 5.622957436942096689e-06 -1.085543277051710720e-06 -3.333688445597298160e-07 2.210190510750085491e-06
3.490634102765336958e-05 -1.145364708378581792e-04 -4.272032382589938831e-05 -2.855044118360482923e-04 4.977712757126956909e-05 1.951800209844161138e-01 4.473638429774979414e-02 2.046132171149795190e-02 -1.504683056304103800e-06 2.989061666194251298e-06 7.897331271028914536e-06 -1.102442675536275120e-06 -4.007497519105828864e-08 1.497167672154304965e-05 -1.085543277051710720e-06 4.906223652984048056e-01 -6.350691277650798074e-05 -1.046941233849657321e-03
-2.381580912029300474e-05 5.812655574995283795e-05 2.433733704137439914e-04 2.727886013287963182e-04 -4.470688175145411390e-05 -8.231448788611320927e-03 -2.706162144351690127e-02 -1.611660398423747295e-02 -4.334234350259169454e-06 -5.651423847273332248e-07 -2.086756191304231027e-06 5.702314614017760071e-08 1.488655175797579734e-07 5.189936432373676292e-06 -3.333688445597298160e-07 -6.350691277650798074e-05 1.403288208580929786e-01 -2.529040309640421787e-04
-3.185464300311799862e-05 1.276629508831163718e-04 -2.165017620831232164e-04 1.764951891534389616e-04 -3.037882795240445417e-05 -3.198251383124173230e-01 -4.509243921039134823e-02 -1.609621021202678470e-02 7.491968080235762993e-06 -4.447311098200829808e-06 -1.099106945116350270e-05 1.834103329910537388e-06 -1.053286304050077557e-07 -3.135005148497311433e-05 2.210190510750085491e-06 -1.046941233849657321e-03 -2.529040309640421787e-04 6.410028657632053095e-01
8.923574545200082273e-05 -3.292156321301447441e-06 -6.864722580121965821e-06 -9.363788927409069684e-06 2.452767948867661409e-06 3.274545628421384608e-03 1.192825156898196263e-03 4.998983515303232188e-04 1.088362288499092883e-07 5.134618085762150079e-08 1.784245453981256040e-07 -1.649350609673150339e-08 -3.326154584948901114e-09 1.266502427464577807e-07 -2.382302676283665981e-09 1.402169140989142383e-05 -7.380532784671973493e-06 -1.048044614991172601e-05
-3.292156321301447441e-06 3.345655332446639992e-03 1.710723358206366843e-05 3.441634755184467534e-05 -1.029318154626737162e-05 -9.871525858877237478e-03 -4.067994095518538515e-03 -3.246336371356808100e-04 -7.433527250337594321e-07 -1.714869539818891890e-07 -7.237636979853882429e-07 9.208822526594402572e-08 4.026037572163224557e-09 -5.353822691706409736e-07 -6.798278398550866055e-08 -6.952766983053806850e-05 1.582754080834940987e-05 4.416042856587354854e-05
-6.864722580121965821e-06 1.710723358206366843e-05 8.803069582601615040e-02 9.403070724788660430e-05 -5.902586558872574145e-06 3.383376401271878577e-03 -8.551457793745375138e-03 -4.352305077391553992e-03 -1.407970753982223011e-06 -2.208670534739282437e-07 -5.598113800787510995e-07 9.058427234253236132e-08 3.749477038376975571e-08 1.630988573753299521e-06 -1.445007620192104044e-07 -1.452314541746319639e-05 7.780756165941816170e-05 -6.919476323648959554e-05
-9.363788927409069684e-06 3.441634755184467534e-05 9.403070724788660430e-05 2.983425897737546073e-02 -3.525585403415798242e-05 -3.026177281507231795e-02 -1.024777865675263050e-02 -3.083295832241880665e-03 -1.662638083074005849e-06 -3.423460643936315177e-07 -1.767332301036083146e-06 8.883478685009844452e-08 3.261387805481120843e-08 -8.051410928759319240e-07 -8.560238055854644584e-08 -1.529642407029051525e-04 8.209640395333511840e-05 6.267750165022981600e-05
2.452767948867661409e-06 -1.029318154626737162e-05 -5.902586558872574145e-06 -3.525585403415798242e-05 4.863781728679256004e-03 1.528840172693718543e-03 3.330002625699765746e-03 1.359164173925596201e-04 7.615691802251423627e-07 1.225968538013532466e-07 4.420354948549659593e-07 -9.001718828341288148e-08 -3.062945863595960731e-09 -2.819610837687541288e-08 1.006385784537189122e-07 4.100567952420641272e-05 -1.219105914875598589e-05 -1.224470233828408856e-05
3.274545628421384608e-03 -9.871525858877237478e-03 3.383376401271878577e-03 -3.026177281507231795e-02 1.528840172693718543e-03 3.989389801367721248e+03 4.408231912773906913e+00 2.223031428298506640e+00 -2.414696230359375539e-04 3.066177697806765612e-04 6.995453170938122382e-04 -1.199413286254570019e-04 -3.428273796591383248e-06 1.405333911823074006e-03 -1.156285667765988236e-04 5.523668115420155011e-02 -3.243119361805064244e-03 -1.016174085636554203e-01
1.192825156898196263e-03 -4.067994095518538515e-03 -8.551457793745375138e-03 -1.024777865675263050e-02 3.330002625699765746e-03 4.408231912773906913e+00 2.986188693511741121e+02 5.391818396638152766e-01 1.256236861384999934e-04 6.117447267855803162e-05 2.266879303554174274e-04 -1.902650291923772569e-05 -3.601914520788527458e-06 1.976507829209936948e-04 -4.292724630511906249e-06 1.872009306142466759e-02 -8.288221382061063472e-03 -1.487279667360869029e-02
4.998983515303232188e-04 -3.246336371356808100e-04 -4.352305077391553992e-03 -3.083295832241880665e-03 1.359164173925596201e-04 2.223031428298506640e+00 5.391818396638152766e-01 1.848762930558885671e+02 -1.146719836555305235e-04 2.934589184876597504e-05 4.119404458901329384e-05 3.516263502903990473e-06 -3.845252202283614046e-06 6.062293766531774236e-05 -3.372370974659645088e-05 -1.369185402828003570e-03 -5.825063911984285948e-03 -4.354125468756243379e-03
1.088362288499092883e-07 -7.433527250337594321e-07 -1.407970753982223011e-06 -1.662638083074005849e-06 7.615691802251423627e-07 -2.414696230359375539e-04 1.256236861384999934e-04 -1.146719836555305235e-04 3.448971842262957461e-05 -1.736317595541617595e-09 2.472231031146474573e-08 -2.664828608405709872e-09 -6.075867984402944030e-11 -3.856336869309774294e-08 1.460305771582664055e-08 3.139579322444721661e-06 -1.081531775085689139e-06 2.033043746868444599e-06
5.134618085762150079e-08 -1.714869539818891890e-07 -2.208670534739282437e-07 -3.423460643936315177e-07 1.225968538013532466e-07 3.066177697806765612e-04 6.117447267855803162e-05 2.934589184876597504e-05 -1.736317595541617595e-09 5.371977076711277964e-06 1.180454196694838735e-08 -1.166773808956380248e-09 -9.168993677359454454e-11 2.135315312590261183e-08 -1.608822358022542855e-09 1.002210187848795321e-06 -1.769900718754802756e-07 -1.427739356224355038e-06
1.784245453981256040e-07 -7.237636979853882429e-07 -5.598113800787510995e-07 -1.767332301036083146e-06 4.420354948549659593e-07 6.995453170938122382e-04 2.266879303554174274e-04 4.119404458901329384e-05 2.472231031146474573e-08 1.180454196694838735e-08 1.118444746189662346e-05 -5.693288208855225853e-09 -1.493125902182655455e-10 4.841677742458339874e-08 7.316287448486505344e-10 3.791431068597853926e-06 -5.611246700597565177e-07 -3.644366172125109625e-06
-1.649350609673150339e-08 9.208822526594402572e-08 9.058427234253236132e-08 8.883478685009844452e-08 -9.001718828341288148e-08 -1.199413286254570019e-04 -1.902650291923772569e-05 3.516263502903990473e-06 -2.664828608405709872e-09 -1.166773808956380248e-09 -5.693288208855225853e-09 3.586738782039475729e-06 -3.031512381901898371e-11 -9.667435090172857288e-09 -4.134003448763602160e-11 -6.166831927708904811e-07 -4.011616237212409658e-09 6.134692563520849159e-07
-3.326154584948901114e-09 4.026037572163224557e-09 3.749477038376975571e-08 3.261387805481120843e-08 -3.062945863595960731e-09 -3.428273796591383248e-06 -3.601914520788527458e-06 -3.845252202283614046e-06 -6.075867984402944030e-11 -9.168993677359454454e-11 -1.493125902182655455e-10 -3.031512381901898371e-11 4.776613395884182411e-08 7.046937795911777270e-10 5.931293901306651667e-11 1.664609366049455942e-08 5.012264768862792765e-08 -3.667071179358714207e-08
1.266502427464577807e-07 -5.353822691706409736e-07 1.630988573753299521e-06 -8.051410928759319240e-07 -2.819610837687541288e-08 1.405333911823074006e-03 1.976507829209936948e-04 6.062293766531774236e-05 -3.856336869309774294e-08 2.135315312590261183e-08 4.841677742458339874e-08 -9.667435090172857288e-09 7.046937795911777270e-10 2.080035604694861501e-05 -1.025184386685355726e-08 4.704208039813419969e-06 1.653464460623519762e-06 -1.002328905770054774e-05
-2.382302676283665981e-09 -6.798278398550866055e-08 -1.445007620192104044e-07 -8.560238055854644584e-08 1.006385784537189122e-07 -1.156285667765988236e-04 -4.292724630511906249e-06 -3.372370974659645088e-05 1.460305771582664055e-08 -1.608822358022542855e-09 7.316287448486505344e-10 -4.134003448763602160e-11 5.931293901306651667e-11 -1.025184386685355726e-08 1.801612596736461681e-06 2.926572599587089320e-07 -5.269400518562856095e-08 6.428551685931922298e-07
1.402169140989142383e-05 -6.952766983053806850e-05 -1.452314541746319639e-05 -1.529642407029051525e-04 4.100567952420641272e-05 5.523668115420155011e-02 1.872009306142466759e-02 -1.369185402828003570e-03 3.139579322444721661e-06 1.002210187848795321e-06 3.791431068597853926e-06 -6.166831927708904811e-07 1.664609366049455942e-08 4.704208039813419969e-06 2.926572599587089320e-07 1.571799162117251403e-01 -5.075897763166378031e-06 -3.532108535553739651e-04
-7.380532784671973493e-06 1.582754080834940987e-05 7.780756165941816170e-05 8.209640395333511840e-05 -1.219105914875598589e-05 -3.243119361805064244e-03 -8.288221382061063472e-03 -5.825063911984285948e-03 -1.081531775085689139e-06 -1.769900718754802756e-07 -5.611246700597565177e-07 -4.011616237212409658e-09 5.012264768862792765e-08 1.653464460623519762e-06 -5.269400518562856095e-08 -5.075897763166378031e-06 4.490650863929324110e-02 -8.246351376009842854e-05
-1.048044614991172601e-05 4.416042856587354854e-05 -6.919476323648959554e-05 6.267750165022981600e-05 -1.224470233828408856e-05 -1.016174085636554203e-01 -1.487279667360869029e-02 -4.354125468756243379e-03 2.033043746868444599e-06 -1.427739356224355038e-06 -3.644366172125109625e-06 6.134692563520849159e-07 -3.667071179358714207e-08 -1.002328905770054774e-05 6.428551685931922298e-07 -3.532108535553739651e-04 -8.246351376009842854e-05 2.051227474543609597e-01
8.923574545200082273e-05 -3.292156321301447441e-06 -6.864722580121965821e-06 -9.363788927409069684e-06 2.452767948867661409e-06 3.274545628421384608e-03 1.192825156898196263e-03 4.998983515303232188e-04 1.088362288499092883e-07 5.134618085762150079e-08 1.784245453981256040e-07 -1.649350609673150339e-08 -3.326154584948901114e-09 1.266502427464577807e-07 -2.382302676283665981e-09 1.402169140989142383e-05 -7.380532784671973493e-06 -1.048044614991172601e-05
-3.292156321301447441e-06 3.345655332446639992e-03 1.710723358206366843e-05 3.441634755184467534e-05 -1.029318154626737162e-05 -9.871525858877237478e-03 -4.067994095518538515e-03 -3.246336371356808100e-04 -7.433527250337594321e-07 -1.714869539818891890e-07 -7.237636979853882429e-07 9.208822526594402572e-08 4.026037572163224557e-09 -5.353822691706409736e-07 -6.798278398550866055e-08 -6.952766983053806850e-05 1.582754080834940987e-05 4.416042856587354854e-05
-6.864722580121965821e-06 1.710723358206366843e-05 8.803069582601615040e-02 9.403070724788660430e-05 -5.902586558872574145e-06 3.383376401271878577e-03 -8.551457793745375138e-03 -4.352305077391553992e-03 -1.407970753982223011e-06 -2.208670534739282437e-07 -5.598113800787510995e-07 9.058427234253236132e-08 3.749477038376975571e-08 1.630988573753299521e-06 -1.445007620192104044e-07 -1.452314541746319639e-05 7.780756165941816170e-05 -6.919476323648959554e-05
-9.363788927409069684e-06 3.441634755184467534e-05 9.403070724788660430e-05 2.983425897737546073e-02 -3.525585403415798242e-05 -3.026177281507231795e-02 -1.024777865675263050e-02 -3.083295832241880665e-03 -1.662638083074005849e-06 -3.423460643936315177e-07 -1.767332301036083146e-06 8.883478685009844452e-08 3.261387805481120843e-08 -8.051410928759319240e-07 -8.560238055854644584e-08 -1.529642407029051525e-04 8.209640395333511840e-05 6.267750165022981600e-05
2.452767948867661409e-06 -1.029318154626737162e-05 -5.902586558872574145e-06 -3.525585403415798242e-05 4.863781728679256004e-03 1.528840172693718543e-03 3.330002625699765746e-03 1.359164173925596201e-04 7.615691802251423627e-07 1.225968538013532466e-07 4.420354948549659593e-07 -9.001718828341288148e-08 -3.062945863595960731e-09 -2.819610837687541288e-08 1.006385784537189122e-07 4.100567952420641272e-05 -1.219105914875598589e-05 -1.224470233828408856e-05
3.274545628421384608e-03 -9.871525858877237478e-03 3.383376401271878577e-03 -3.026177281507231795e-02 1.528840172693718543e-03 3.989389801367721248e+03 4.408231912773906913e+00 2.223031428298506640e+00 -2.414696230359375539e-04 3.066177697806765612e-04 6.995453170938122382e-04 -1.199413286254570019e-04 -3.428273796591383248e-06 1.405333911823074006e-03 -1.156285667765988236e-04 5.523668115420155011e-02 -3.243119361805064244e-03 -1.016174085636554203e-01
1.192825156898196263e-03 -4.067994095518538515e-03 -8.551457793745375138e-03 -1.024777865675263050e-02 3.330002625699765746e-03 4.408231912773906913e+00 2.986188693511741121e+02 5.391818396638152766e-01 1.256236861384999934e-04 6.117447267855803162e-05 2.266879303554174274e-04 -1.902650291923772569e-05 -3.601914520788527458e-06 1.976507829209936948e-04 -4.292724630511906249e-06 1.872009306142466759e-02 -8.288221382061063472e-03 -1.487279667360869029e-02
4.998983515303232188e-04 -3.246336371356808100e-04 -4.352305077391553992e-03 -3.083295832241880665e-03 1.359164173925596201e-04 2.223031428298506640e+00 5.391818396638152766e-01 1.848762930558885671e+02 -1.146719836555305235e-04 2.934589184876597504e-05 4.119404458901329384e-05 3.516263502903990473e-06 -3.845252202283614046e-06 6.062293766531774236e-05 -3.372370974659645088e-05 -1.369185402828003570e-03 -5.825063911984285948e-03 -4.354125468756243379e-03
1.088362288499092883e-07 -7.433527250337594321e-07 -1.407970753982223011e-06 -1.662638083074005849e-06 7.615691802251423627e-07 -2.414696230359375539e-04 1.256236861384999934e-04 -1.146719836555305235e-04 3.448971842262957461e-05 -1.736317595541617595e-09 2.472231031146474573e-08 -2.664828608405709872e-09 -6.075867984402944030e-11 -3.856336869309774294e-08 1.460305771582664055e-08 3.139579322444721661e-06 -1.081531775085689139e-06 2.033043746868444599e-06
5.134618085762150079e-08 -1.714869539818891890e-07 -2.208670534739282437e-07 -3.423460643936315177e-07 1.225968538013532466e-07 3.066177697806765612e-04 6.117447267855803162e-05 2.934589184876597504e-05 -1.736317595541617595e-09 5.371977076711277964e-06 1.180454196694838735e-08 -1.166773808956380248e-09 -9.168993677359454454e-11 2.135315312590261183e-08 -1.608822358022542855e-09 1.002210187848795321e-06 -1.769900718754802756e-07 -1.427739356224355038e-06
1.784245453981256040e-07 -7.237636979853882429e-07 -5.598113800787510995e-07 -1.767332301036083146e-06 4.420354948549659593e-07 6.995453170938122382e-04 2.266879303554174274e-04 4.119404458901329384e-05 2.472231031146474573e-08 1.180454196694838735e-08 1.118444746189662346e-05 -5.693288208855225853e-09 -1.493125902182655455e-10 4.841677742458339874e-08 7.316287448486505344e-10 3.791431068597853926e-06 -5.611246700597565177e-07 -3.644366172125109625e-06
-1.649350609673150339e-08 9.208822526594402572e-08 9.058427234253236132e-08 8.883478685009844452e-08 -9.001718828341288148e-08 -1.199413286254570019e-04 -1.902650291923772569e-05 3.516263502903990473e-06 -2.664828608405709872e-09 -1.166773808956380248e-09 -5.693288208855225853e-09 3.586738782039475729e-06 -3.031512381901898371e-11 -9.667435090172857288e-09 -4.134003448763602160e-11 -6.166831927708904811e-07 -4.011616237212409658e-09 6.134692563520849159e-07
-3.326154584948901114e-09 4.026037572163224557e-09 3.749477038376975571e-08 3.261387805481120843e-08 -3.062945863595960731e-09 -3.428273796591383248e-06 -3.601914520788527458e-06 -3.845252202283614046e-06 -6.075867984402944030e-11 -9.168993677359454454e-11 -1.493125902182655455e-10 -3.031512381901898371e-11 4.776613395884182411e-08 7.046937795911777270e-10 5.931293901306651667e-11 1.664609366049455942e-08 5.012264768862792765e-08 -3.667071179358714207e-08
1.266502427464577807e-07 -5.353822691706409736e-07 1.630988573753299521e-06 -8.051410928759319240e-07 -2.819610837687541288e-08 1.405333911823074006e-03 1.976507829209936948e-04 6.062293766531774236e-05 -3.856336869309774294e-08 2.135315312590261183e-08 4.841677742458339874e-08 -9.667435090172857288e-09 7.046937795911777270e-10 2.080035604694861501e-05 -1.025184386685355726e-08 4.704208039813419969e-06 1.653464460623519762e-06 -1.002328905770054774e-05
-2.382302676283665981e-09 -6.798278398550866055e-08 -1.445007620192104044e-07 -8.560238055854644584e-08 1.006385784537189122e-07 -1.156285667765988236e-04 -4.292724630511906249e-06 -3.372370974659645088e-05 1.460305771582664055e-08 -1.608822358022542855e-09 7.316287448486505344e-10 -4.134003448763602160e-11 5.931293901306651667e-11 -1.025184386685355726e-08 1.801612596736461681e-06 2.926572599587089320e-07 -5.269400518562856095e-08 6.428551685931922298e-07
