{
    "R": [
        [
            0.026722560124035077,
            -0.10561559216666105,
            -2.897668008353048,
            0.7178386249208096,
            2.5902297107367316,
            -4.23735129118076,
            1.2967229401918372,
            -4.981016888252264,
            0.02194104983285467,
            -0.01064544179097569,
            -0.04039194535887089,
            -0.0007629027090774526,
            0.00018367248029068205,
            -0.000732113749933035,
            -0.008275380657276383,
            -0.07893881701184155,
            -0.008436493486786562,
            -0.08757693852105329
        ],
        [
            0.0,
            0.5583705539505842,
            -0.23746015132477996,
            7.367737457666018,
            0.07594800153276668,
            -143.77109675168796,
            -2.7590862203680797,
            19.724032754161588,
            -0.10549625914637016,
            0.02536347247731875,
            0.17298765906780372,
            0.03323592697718731,
            0.011158414255216445,
            0.002692363735408917,
            -0.005475938872787279,
            0.3050897890919762,
            0.030484996811598702,
            0.1626992781949964
        ],
        [
            0.0,
            0.0,
            2.944842652051802,
            -0.4597588942102746,
            -0.1530555910335417,
            -48.33594854206138,
            1.283159612910453,
            -0.08216194998357976,
            0.03007289465489748,
            -0.0010821728338798575,
            -0.004727077633016705,
            -0.007300861753165697,
            -0.0008851431195300376,
            -2.9017467409943778e-05,
            0.007845962582614491,
            -0.019181530516875753,
            -0.007376694159078609,
            -0.029807800760246764
        ],
        [
            0.0,
            0.0,
            0.0,
            3.5156323411487462,
            -1.1567324371447267,
            35.72054266388233,
            -3.6962822278938168,
            9.528591185907766,
            -0.046842301807254315,
            0.03302534105493013,
            0.08443170220210255,
            0.01926818659630225,
            0.0048576029167295585,
            0.0019340712575549794,
            -0.004650027025148737,
            0.164153972413872,
            0.025382168838880535,
            0.17155899836144323
        ],
        [
            0.0,
            0.0,
            0.0,
            0.0,
            1.2185294731785576,
            -34.50197743450926,
            -0.06828539184754615,
            -1.4039695304971167,
            0.004375946574326365,
            -0.000517405454956138,
            0.00016051749122693296,
            0.00028289170943752057,
            -0.00011890643753875757,
            0.0002452212650952142,
            0.00046518231940732656,
            -0.006006015964353131,
            -0.0024811901553606383,
            -0.01713823449413641
        ],
        [
            0.0,
            0.0,
            0.0,
            0.0,
            0.0,
            61.575941278158005,
            -0.8066116524783927,
            -2.4896906874768745,
            -0.0422086892595765,
            -0.0007060386591224018,
            0.009147123599900987,
            0.005950301775171893,
            -0.00039376866313215066,
            0.00013525041484689846,
            -0.006157492345732547,
            0.03100375796659325,
            0.0060372871399623895,
            0.009651978509801117
        ],
        [
            0.0,
            0.0,
            0.0,
            0.0,
            0.0,
            0.0,
            1.110661090566291,
            -0.8710177532181571,
            0.006740480160253282,
            -0.0036035641771800953,
            -0.005353586033163934,
            -0.0017635003780298744,
            -0.0020365903249675342,
            -0.00043919077283148886,
            0.002079458791053832,
            -0.005955125669064642,
            -0.002369891581215564,
            -0.014333102340603646
        ],
        [
            0.0,
            0.0,
            0.0,
            0.0,
            0.0,
            0.0,
            0.0,
            3.9319377911878806,
            0.006366665036750307,
            -0.001966751132138098,
            -0.012529179738758452,
            -0.004919191998581345,
            -0.0020345645614256004,
            -0.00045489112963548173,
            0.001452691305533528,
            -0.016777951339076086,
            -0.0035046511948386098,
            -0.014597200643575912
        ],
        [
            0.0,
            0.0,
            0.0,
            0.0,
            0.0,
            0.0,
            0.0,
            0.0,
            0.035113283690558675,
            0.0023095846372466412,
            -0.0028974255560892284,
            -0.0036599969066015777,
            0.0006443445976482342,
            6.094219372373274e-05,
            0.0002406666905249555,
            0.002663818513878534,
            0.0013905890466873114,
            0.017980306971975835
        ],
        [
            0.0,
            0.0,
            0.0,
            0.0,
            0.0,
            0.0,
            0.0,
            0.0,
            0.0,
            0.006397497495735685,
            0.009781267414823188,
            0.002125934197578929,
            -0.0003514436413406822,
            0.00023063779071002527,
            -0.002089733176647443,
            0.019064171715095498,
            0.0024134113824866707,
            0.04684276540178755
        ],
        [
            0.0,
            0.0,
            0.0,
            0.0,
            0.0,
            0.0,
            0.0,
            0.0,
            0.0,
            0.0,
            0.01197625979778707,
            0.003103296065186372,
            -0.0006939003920816302,
            0.0002030861246995499,
            -0.002020660375985735,
            0.00676976510024718,
            0.0017916074940945348,
            0.0065137485235209625
        ],
        [
            0.0,
            0.0,
            0.0,
            0.0,
            0.0,
            0.0,
            0.0,
            0.0,
            0.0,
            0.0,
            0.0,
            0.00473505551679131,
            -9.341146576399369e-05,
            -0.00010507563292873361,
            -0.0017807828030467993,
            -0.003370626971942328,
            -0.0006655581644460128,
            0.010781612318755794
        ],
        [
            0.0,
            0.0,
            0.0,
            0.0,
            0.0,
            0.0,
            0.0,
            0.0,
            0.0,
            0.0,
            0.0,
            0.0,
            0.0026349350145730495,
            3.3258081184010624e-05,
            0.00016800689231014166,
            -0.006408427639924604,
            -0.00045807112774569385,
            -0.01812960704944534
        ],
        [
            0.0,
            0.0,
            0.0,
            0.0,
            0.0,
            0.0,
            0.0,
            0.0,
            0.0,
            0.0,
            0.0,
            0.0,
            0.0,
            0.0003291665562499346,
            -0.0022092219698778034,
            -0.0010685775367084138,
            0.0023232468965351297,
            -0.0008826633895970876
        ],
        [
            0.0,
            0.0,
            0.0,
            0.0,
            0.0,
            0.0,
            0.0,
            0.0,
            0.0,
            0.0,
            0.0,
            0.0,
            0.0,
            0.0,
            0.003798847522639647,
            -0.0025863746184747187,
            -0.0011281870244964425,
            -0.015736717935904206
        ],
        [
            0.0,
            0.0,
            0.0,
            0.0,
            0.0,
            0.0,
            0.0,
            0.0,
            0.0,
            0.0,
            0.0,
            0.0,
            0.0,
            0.0,
            0.0,
            0.023595107208759607,
            0.0018792528589718712,
            0.01259163111818873
        ],
        [
            0.0,
            0.0,
            0.0,
            0.0,
            0.0,
            0.0,
            0.0,
            0.0,
            0.0,
            0.0,
            0.0,
            0.0,
            0.0,
            0.0,
            0.0,
            0.0,
            0.0025586159354100153,
            -0.008712036775751015
        ],
        [
            0.0,
            0.0,
            0.0,
            0.0,
            0.0,
            0.0,
            0.0,
            0.0,
            0.0,
            0.0,
            0.0,
            0.0,
            0.0,
            0.0,
            0.0,
            0.0,
            0.0,
            0.02959866953738074
        ]
    ],
    "RDR": [
        [
            [
                0.026722560124035077,
                -0.10561559216666105,
                -2.897668008353048,
                0.7178386249208096,
                2.5902297107367316,
                -4.23735129118076,
                1.2967229401918372,
                -4.981016888252264,
                0.02194104983285467,
                -0.01064544179097569,
                -0.04039194535887089,
                -0.0007629027090774526,
                0.00018367248029068205,
                -0.000732113749933035,
                -0.008275380657276383,
                -0.07893881701184155,
                -0.008436493486786562,
                -0.08757693852105329
            ],
            [
                0.0,
                0.5583705539505842,
                -0.23746015132477996,
                7.367737457666018,
                0.07594800153276668,
                -143.77109675168796,
                -2.7590862203680797,
                19.724032754161588,
                -0.10549625914637016,
                0.02536347247731875,
                0.17298765906780372,
                0.03323592697718731,
                0.011158414255216445,
                0.002692363735408917,
                -0.005475938872787279,
                0.3050897890919762,
                0.030484996811598702,
                0.1626992781949964
            ],
            [
                0.0,
                0.0,
                2.944842652051802,
                -0.4597588942102746,
                -0.1530555910335417,
                -48.33594854206138,
                1.283159612910453,
                -0.08216194998357976,
                0.03007289465489748,
                -0.0010821728338798575,
                -0.004727077633016705,
                -0.007300861753165697,
                -0.0008851431195300376,
                -2.9017467409943778e-05,
                0.007845962582614491,
                -0.019181530516875753,
                -0.007376694159078609,
                -0.029807800760246764
            ],
            [
                0.0,
                0.0,
                0.0,
                3.5156323411487462,
                -1.1567324371447267,
                35.72054266388233,
                -3.6962822278938168,
                9.528591185907766,
                -0.046842301807254315,
                0.03302534105493013,
                0.08443170220210255,
                0.01926818659630225,
                0.0048576029167295585,
                0.0019340712575549794,
                -0.004650027025148737,
                0.164153972413872,
                0.025382168838880535,
                0.17155899836144323
            ],
            [
                0.0,
                0.0,
                0.0,
                0.0,
                1.2185294731785576,
                -34.50197743450926,
                -0.06828539184754615,
                -1.4039695304971167,
                0.004375946574326365,
                -0.000517405454956138,
                0.00016051749122693296,
                0.00028289170943752057,
                -0.00011890643753875757,
                0.0002452212650952142,
                0.00046518231940732656,
                -0.006006015964353131,
                -0.0024811901553606383,
                -0.01713823449413641
            ],
            [
                0.0,
                0.0,
                0.0,
                0.0,
                0.0,
                61.575941278158005,
                -0.8066116524783927,
                -2.4896906874768745,
                -0.0422086892595765,
                -0.0007060386591224018,
                0.009147123599900987,
                0.005950301775171893,
                -0.00039376866313215066,
                0.00013525041484689846,
                -0.006157492345732547,
                0.03100375796659325,
                0.0060372871399623895,
                0.009651978509801117
            ],
            [
                0.0,
                0.0,
                0.0,
                0.0,
                0.0,
                0.0,
                1.110661090566291,
                -0.8710177532181571,
                0.006740480160253282,
                -0.0036035641771800953,
                -0.005353586033163934,
                -0.0017635003780298744,
                -0.0020365903249675342,
                -0.00043919077283148886,
                0.002079458791053832,
                -0.005955125669064642,
                -0.002369891581215564,
                -0.014333102340603646
            ],
            [
                0.0,
                0.0,
                0.0,
                0.0,
                0.0,
                0.0,
                0.0,
                3.9319377911878806,
                0.006366665036750307,
                -0.001966751132138098,
                -0.012529179738758452,
                -0.004919191998581345,
                -0.0020345645614256004,
                -0.00045489112963548173,
                0.001452691305533528,
                -0.016777951339076086,
                -0.0035046511948386098,
                -0.014597200643575912
            ],
            [
                0.0,
                0.0,
                0.0,
                0.0,
                0.0,
                0.0,
                0.0,
                0.0,
                0.035113283690558675,
                0.0023095846372466412,
                -0.0028974255560892284,
                -0.0036599969066015777,
                0.0006443445976482342,
                6.094219372373274e-05,
                0.0002406666905249555,
                0.002663818513878534,
                0.0013905890466873114,
                0.017980306971975835
            ],
            [
                0.0,
                0.0,
                0.0,
                0.0,
                0.0,
                0.0,
                0.0,
                0.0,
                0.0,
                0.006397497495735685,
                0.009781267414823188,
                0.002125934197578929,
                -0.0003514436413406822,
                0.00023063779071002527,
                -0.002089733176647443,
                0.019064171715095498,
                0.0024134113824866707,
                0.04684276540178755
            ],
            [
                0.0,
                0.0,
                0.0,
                0.0,
                0.0,
                0.0,
                0.0,
                0.0,
                0.0,
                0.0,
                0.01197625979778707,
                0.003103296065186372,
                -0.0006939003920816302,
                0.0002030861246995499,
                -0.002020660375985735,
                0.00676976510024718,
                0.0017916074940945348,
                0.0065137485235209625
            ],
            [
                0.0,
                0.0,
                0.0,
                0.0,
                0.0,
                0.0,
                0.0,
                0.0,
                0.0,
                0.0,
                0.0,
                0.00473505551679131,
                -9.341146576399369e-05,
                -0.00010507563292873361,
                -0.0017807828030467993,
                -0.003370626971942328,
                -0.0006655581644460128,
                0.010781612318755794
            ],
            [
                0.0,
                0.0,
                0.0,
                0.0,
                0.0,
                0.0,
                0.0,
                0.0,
                0.0,
                0.0,
                0.0,
                0.0,
                0.0026349350145730495,
                3.3258081184010624e-05,
                0.00016800689231014166,
                -0.006408427639924604,
                -0.00045807112774569385,
                -0.01812960704944534
            ],
            [
                0.0,
                0.0,
                0.0,
                0.0,
                0.0,
                0.0,
                0.0,
                0.0,
                0.0,
                0.0,
                0.0,
                0.0,
                0.0,
                0.0003291665562499346,
                -0.0022092219698778034,
                -0.0010685775367084138,
                0.0023232468965351297,
                -0.0008826633895970876
            ],
            [
                0.0,
                0.0,
                0.0,
                0.0,
                0.0,
                0.0,
                0.0,
                0.0,
                0.0,
                0.0,
                0.0,
                0.0,
                0.0,
                0.0,
                0.003798847522639647,
                -0.0025863746184747187,
                -0.0011281870244964425,
                -0.015736717935904206
            ],
            [
                0.0,
                0.0,
                0.0,
                0.0,
                0.0,
                0.0,
                0.0,
                0.0,
                0.0,
                0.0,
                0.0,
                0.0,
                0.0,
                0.0,
                0.0,
                0.023595107208759607,
                0.0018792528589718712,
                0.01259163111818873
            ],
            [
                0.0,
                0.0,
                0.0,
                0.0,
                0.0,
                0.0,
                0.0,
                0.0,
                0.0,
                0.0,
                0.0,
                0.0,
                0.0,
                0.0,
                0.0,
                0.0,
                0.0025586159354100153,
                -0.008712036775751015
            ],
            [
                0.0,
                0.0,
                0.0,
                0.0,
                0.0,
                0.0,
                0.0,
                0.0,
                0.0,
                0.0,
                0.0,
                0.0,
                0.0,
                0.0,
                0.0,
                0.0,
                0.0,
                0.02959866953738074
            ]
        ],
        [
            [
                0.005344512024807016,
                -0.021123118433332214,
                -0.5795336016706096,
                0.14356772498416193,
                0.5180459421473463,
                -0.847470258236152,
                0.25934458803836746,
                -0.9962033776504529,
                0.004388209966570934,
                -0.002129088358195138,
                -0.008078389071774179,
                -0.0001525805418154905,
                3.673449605813641e-05,
                -0.000146422749986607,
                -0.0016550761314552767,
                -0.015787763402368312,
                -0.0016872986973573126,
                -0.01751538770421066
            ],
            [
                0.0,
                0.11167411079011685,
                -0.04749203026495599,
                1.4735474915332036,
                0.015189600306553336,
                -28.754219350337593,
                -0.551817244073616,
                3.944806550832318,
                -0.021099251829274034,
                0.00507269449546375,
                0.03459753181356075,
                0.006647185395437462,
                0.0022316828510432892,
                0.0005384727470817834,
                -0.0010951877745574558,
                0.061017957818395245,
                0.006096999362319741,
                0.032539855638999284
            ],
            [
                0.0,
                0.0,
                0.5889685304103603,
                -0.09195177884205492,
                -0.030611118206708338,
                -9.667189708412277,
                0.2566319225820906,
                -0.01643238999671595,
                0.006014578930979496,
                -0.0002164345667759715,
                -0.000945415526603341,
                -0.0014601723506331395,
                -0.00017702862390600753,
                -5.803493481988756e-06,
                0.0015691925165228983,
                -0.0038363061033751507,
                -0.0014753388318157219,
                -0.0059615601520493534
            ],
            [
                0.0,
                0.0,
                0.0,
                0.7031264682297493,
                -0.23134648742894537,
                7.144108532776466,
                -0.7392564455787634,
                1.9057182371815533,
                -0.009368460361450863,
                0.006605068210986026,
                0.016886340440420512,
                0.00385363731926045,
                0.0009715205833459117,
                0.0003868142515109959,
                -0.0009300054050297475,
                0.0328307944827744,
                0.0050764337677761074,
                0.034311799672288645
            ],
            [
                0.0,
                0.0,
                0.0,
                0.0,
                0.24370589463571155,
                -6.900395486901852,
                -0.01365707836950923,
                -0.28079390609942334,
                0.0008751893148652729,
                -0.00010348109099122762,
                3.210349824538659e-05,
                5.657834188750412e-05,
                -2.3781287507751515e-05,
                4.904425301904284e-05,
                9.303646388146531e-05,
                -0.0012012031928706262,
                -0.0004962380310721277,
                -0.0034276468988272825
            ],
            [
                0.0,
                0.0,
                0.0,
                0.0,
                0.0,
                12.315188255631602,
                -0.16132233049567857,
                -0.4979381374953749,
                -0.0084417378519153,
                -0.00014120773182448037,
                0.0018294247199801975,
                0.0011900603550343786,
                -7.875373262643014e-05,
                2.7050082969379692e-05,
                -0.0012314984691465095,
                0.00620075159331865,
                0.001207457427992478,
                0.0019303957019602234
            ],
            [
                0.0,
                0.0,
                0.0,
                0.0,
                0.0,
                0.0,
                0.22213221811325823,
                -0.17420355064363144,
                0.0013480960320506564,
                -0.0007207128354360191,
                -0.0010707172066327867,
                -0.0003527000756059749,
                -0.0004073180649935069,
                -8.783815456629777e-05,
                0.0004158917582107664,
                -0.0011910251338129285,
                -0.00047397831624311276,
                -0.0028666204681207295
            ],
            [
                0.0,
                0.0,
                0.0,
                0.0,
                0.0,
                0.0,
                0.0,
                0.7863875582375761,
                0.0012733330073500615,
                -0.0003933502264276196,
                -0.0025058359477516906,
                -0.000983838399716269,
                -0.0004069129122851201,
                -9.097822592709635e-05,
                0.0002905382611067056,
                -0.0033555902678152174,
                -0.000700930238967722,
                -0.0029194401287151828
            ],
            [
                0.0,
                0.0,
                0.0,
                0.0,
                0.0,
                0.0,
                0.0,
                0.0,
                0.007022656738111735,
                0.00046191692744932826,
                -0.0005794851112178457,
                -0.0007319993813203156,
                0.00012886891952964684,
                1.2188438744746549e-05,
                4.81333381049911e-05,
                0.0005327637027757068,
                0.00027811780933746226,
                0.003596061394395167
            ],
            [
                0.0,
                0.0,
                0.0,
                0.0,
                0.0,
                0.0,
                0.0,
                0.0,
                0.0,
                0.0012794994991471372,
                0.0019562534829646377,
                0.0004251868395157858,
                -7.028872826813644e-05,
                4.6127558142005054e-05,
                -0.00041794663532948866,
                0.0038128343430191,
                0.00048268227649733415,
                0.00936855308035751
            ],
            [
                0.0,
                0.0,
                0.0,
                0.0,
                0.0,
                0.0,
                0.0,
                0.0,
                0.0,
                0.0,
                0.002395251959557414,
                0.0006206592130372744,
                -0.00013878007841632605,
                4.061722493990998e-05,
                -0.000404132075197147,
                0.001353953020049436,
                0.00035832149881890696,
                0.0013027497047041925
            ],
            [
                0.0,
                0.0,
                0.0,
                0.0,
                0.0,
                0.0,
                0.0,
                0.0,
                0.0,
                0.0,
                0.0,
                0.0009470111033582622,
                -1.868229315279874e-05,
                -2.1015126585746725e-05,
                -0.0003561565606093599,
                -0.0006741253943884657,
                -0.00013311163288920257,
                0.002156322463751159
            ],
            [
                0.0,
                0.0,
                0.0,
                0.0,
                0.0,
                0.0,
                0.0,
                0.0,
                0.0,
                0.0,
                0.0,
                0.0,
                0.0005269870029146099,
                6.651616236802125e-06,
                3.360137846202833e-05,
                -0.0012816855279849208,
                -9.161422554913878e-05,
                -0.003625921409889068
            ],
            [
                0.0,
                0.0,
                0.0,
                0.0,
                0.0,
                0.0,
                0.0,
                0.0,
                0.0,
                0.0,
                0.0,
                0.0,
                0.0,
                6.583331124998693e-05,
                -0.0004418443939755607,
                -0.00021371550734168278,
                0.000464649379307026,
                -0.0001765326779194175
            ],
            [
                0.0,
                0.0,
                0.0,
                0.0,
                0.0,
                0.0,
                0.0,
                0.0,
                0.0,
                0.0,
                0.0,
                0.0,
                0.0,
                0.0,
                0.0007597695045279294,
                -0.0005172749236949437,
                -0.00022563740489928852,
                -0.003147343587180841
            ],
            [
                0.0,
                0.0,
                0.0,
                0.0,
                0.0,
                0.0,
                0.0,
                0.0,
                0.0,
                0.0,
                0.0,
                0.0,
                0.0,
                0.0,
                0.0,
                0.004719021441751922,
                0.0003758505717943743,
                0.0025183262236377463
            ],
            [
                0.0,
                0.0,
                0.0,
                0.0,
                0.0,
                0.0,
                0.0,
                0.0,
                0.0,
                0.0,
                0.0,
                0.0,
                0.0,
                0.0,
                0.0,
                0.0,
                0.000511723187082003,
                -0.0017424073551502032
            ],
            [
                0.0,
                0.0,
                0.0,
                0.0,
                0.0,
                0.0,
                0.0,
                0.0,
                0.0,
                0.0,
                0.0,
                0.0,
                0.0,
                0.0,
                0.0,
                0.0,
                0.0,
                0.005919733907476149
            ]
        ]
    ],
    "allnames": [
        "m1_flow_nominal",
        "m2_flow_nominal",
        "tau1",
        "tau2",
        "tau_m",
        "nominalUa.hasValue",
        "workingPressure.hasValue",
        "flowCoefficient.hasValue",
        "waterFlowRateMax",
        "c1",
        "c2",
        "c3",
        "c4",
        "eps_motor",
        "f_motorToAir",
        "kp",
        "Ti",
        "Td"
    ],
    "alpha_count": 4995,
    "cov": [
        [
            0.0022315475611958424,
            -0.008819746911591151,
            -0.2419784611647103,
            0.059945268168128125,
            0.21630490368820093,
            -0.353852733266361,
            0.10828673979216222,
            -0.4159547602348601,
            0.0018322531979465897,
            -0.0008889795572070736,
            -0.0033730505886848967,
            -6.370847972534833e-05,
            1.5338121555307498e-05,
            -6.113735531318222e-05,
            -0.0006910604911354533,
            -0.006592022761622308,
            -0.0007045147013646383,
            -0.007313375015961781
        ],
        [
            -0.008819746911591151,
            1.0091635275868651,
            0.5420255199005924,
            12.619102169213534,
            -0.722379740812026,
            -249.46880177964636,
            -5.2423333202150095,
            36.060600447892426,
            -0.19132288009415083,
            0.04777044004968902,
            0.31517885702545295,
            0.05824542930843129,
            0.019409785222264633,
            0.0049395601800289795,
            -0.006823730603984352,
            0.5584072638862345,
            0.05597796816341032,
            0.3127999259848271
        ],
        [
            -0.2419784611647103,
            0.5420255199005924,
            53.51551704826061,
            -16.19849897356995,
            -24.919953198858604,
            -299.76068508328154,
            2.1137612793884735,
            29.71158584040411,
            0.15635381981610952,
            0.06761660431814893,
            0.1938883510272399,
            -0.08494205801030834,
            -0.018089086935324017,
            0.004364505049817069,
            0.15120233850186365,
            0.31189133746654296,
            -0.014112557085854604,
            0.39798442112095217
        ],
        [
            0.059945268168128125,
            12.619102169213534,
            -16.19849897356995,
            210.53092667331117,
            -4.929204460260646,
            -2857.8320375202284,
            -103.06905771740412,
            547.7585207854072,
            -2.937578747108402,
            0.9244756018948211,
            4.826677799309004,
            0.9856951224315922,
            0.3119644131667694,
            0.08163723161678757,
            -0.2070022009327076,
            8.678375089980218,
            0.9724227700934636,
            5.477194442939743
        ],
        [
            0.21630490368820093,
            -0.722379740812026,
            -24.919953198858604,
            -4.929204460260646,
            29.879150235669787,
            -305.8048133501674,
            22.328969487916968,
            -75.38815773549399,
            0.32416729453067644,
            -0.20098174688775816,
            -0.5882254301640096,
            -0.06336836835936012,
            -0.013453589304626746,
            -0.011330673363692464,
            -0.05345692637549287,
            -1.1736362529404267,
            -0.15872474552759683,
            -1.3414273583693255
        ],
        [
            -0.353852733266361,
            -249.46880177964636,
            -299.76068508328154,
            -2857.8320375202284,
            -305.8048133501674,
            91507.46089998026,
            468.1698330346366,
            -8047.39688072709,
            28.74215010895831,
            -7.484557212831563,
            -65.30416259423708,
            -10.554167867460675,
            -4.402748327024608,
            -0.9800801538154065,
            -0.3693724905810372,
            -108.19209572812949,
            -8.207909625470174,
            -44.58049352349701
        ],
        [
            0.10828673979216222,
            -5.2423333202150095,
            2.1137612793884735,
            -103.06905771740412,
            22.328969487916968,
            468.1698330346366,
            82.78719176951425,
            -297.0888012450722,
            1.7890282047542563,
            -0.6582540186029762,
            -2.6910911911997726,
            -0.5626763736893555,
            -0.16117477998303806,
            -0.05055484790468034,
            0.12149268750277675,
            -5.020984936741048,
            -0.6427129011211866,
            -3.9293041589432716
        ],
        [
            -0.4159547602348601,
            36.060600447892426,
            29.71158584040411,
            547.7585207854072,
            -75.38815773549399,
            -8047.39688072709,
            -297.0888012450722,
            1653.241546201699,
            -7.877522701571615,
            2.7061213718833748,
            13.59534693091057,
            2.532898657990821,
            0.813919744313015,
            0.22842257618491554,
            -0.2911338659984803,
            24.521838485904766,
            2.695338971817973,
            16.367477963883076
        ],
        [
            0.0018322531979465897,
            -0.19132288009415083,
            0.15635381981610952,
            -2.937578747108402,
            0.32416729453067644,
            28.74215010895831,
            1.7890282047542563,
            -7.877522701571615,
            0.055715887933186915,
            -0.013803213021744582,
            -0.07448719818334194,
            -0.015833643207048147,
            -0.004422677858510991,
            -0.0012497466206353417,
            0.0035735642000253227,
            -0.1361636269196454,
            -0.015834684185886985,
            -0.08768410512002578
        ],
        [
            -0.0008889795572070736,
            0.04777044004968902,
            0.06761660431814893,
            0.9244756018948211,
            -0.20098174688775816,
            -7.484557212831563,
            -0.6582540186029762,
            2.7061213718833748,
            -0.013803213021744582,
            0.0059761173626936386,
            0.024076048084100576,
            0.004725528031655843,
            0.0014167579450864239,
            0.0004495541481647559,
            -0.000724719331767522,
            0.04432582636620342,
            0.005438621097706559,
            0.03493931583180336
        ],
        [
            -0.0033730505886848967,
            0.31517885702545295,
            0.1938883510272399,
            4.826677799309004,
            -0.5882254301640096,
            -65.30416259423708,
            -2.6910911911997726,
            13.59534693091057,
            -0.07448719818334194,
            0.024076048084100576,
            0.12257541552975222,
            0.02386153340058125,
            0.007363523776714519,
            0.002101843857224659,
            -0.0036675908339354976,
            0.22093840342021828,
            0.02482713049008145,
            0.14730484028115678
        ],
        [
            -6.370847972534833e-05,
            0.05824542930843129,
            -0.08494205801030834,
            0.9856951224315922,
            -0.06336836835936012,
            -10.554167867460675,
            -0.5626763736893555,
            2.532898657990821,
            -0.015833643207048147,
            0.004725528031655843,
            0.02386153340058125,
            0.0051329229151449085,
            0.001488442979589178,
            0.00041189364423793197,
            -0.001218472791691075,
            0.04317125701105001,
            0.0050676522069064605,
            0.028913239420761166
        ],
        [
            1.5338121555307498e-05,
            0.019409785222264633,
            -0.018089086935324017,
            0.3119644131667694,
            -0.013453589304626746,
            -4.402748327024608,
            -0.16117477998303806,
            0.813919744313015,
            -0.004422677858510991,
            0.0014167579450864239,
            0.007363523776714519,
            0.001488442979589178,
            0.0005167246028052047,
            0.00012806548442874212,
            -0.0002939879960368653,
            0.013164719868253598,
            0.0014874221799353877,
            0.008306507821705958
        ],
        [
            -6.113735531318222e-05,
            0.0049395601800289795,
            0.004364505049817069,
            0.08163723161678757,
            -0.011330673363692464,
            -0.9800801538154065,
            -0.05055484790468034,
            0.22842257618491554,
            -0.0012497466206353417,
            0.0004495541481647559,
            0.002101843857224659,
            0.00041189364423793197,
            0.00012806548442874212,
            3.819742691722367e-05,
            -6.753390451780722e-05,
            0.0037998075128811448,
            0.00044445618067578523,
            0.0026752125283037815
        ],
        [
            -0.0006910604911354533,
            -0.006823730603984352,
            0.15120233850186365,
            -0.2070022009327076,
            -0.05345692637549287,
            -0.3693724905810372,
            0.12149268750277675,
            -0.2911338659984803,
            0.0035735642000253227,
            -0.000724719331767522,
            -0.0036675908339354976,
            -0.001218472791691075,
            -0.0002939879960368653,
            -6.753390451780722e-05,
            0.0008038580334224067,
            -0.006928419785906269,
            -0.001056284111270843,
            -0.004696997098904949
        ],
        [
            -0.006592022761622308,
            0.5584072638862345,
            0.31189133746654296,
            8.678375089980218,
            -1.1736362529404267,
            -108.19209572812949,
            -5.020984936741048,
            24.521838485904766,
            -0.1361636269196454,
            0.04432582636620342,
            0.22093840342021828,
            0.04317125701105001,
            0.013164719868253598,
            0.0037998075128811448,
            -0.006928419785906269,
            0.40304125018408643,
            0.045817190082467964,
            0.2731906354284694
        ],
        [
            -0.0007045147013646383,
            0.05597796816341032,
            -0.014112557085854604,
