3.665760252440660068e-03 2.789561819890677783e-03 -8.408080936674498795e-02 -5.639332167837587950e-03 -3.653156695378163565e-01 -1.059539841572125169e+02 1.365352068542810571e+01 -1.409701526179068243e-01 6.816650282103689637e-04 -1.883862743592064001e-02 -3.589780202162817183e-03 -7.980442123000486667e-04 -7.310781101656025477e-05 2.073091775547644601e-04 -4.278732422289840915e-05 1.428559382874936348e-02 1.918881971093232839e-03 1.006282054453506471e-02
2.789561819890677783e-03 4.101585070015093676e-02 -7.865431463344471283e-03 -1.662894006769403132e-01 2.518746582500581699e-01 7.526828705327761782e+01 6.202864549863784660e+00 4.477912594704203664e-01 -2.039015873194337074e-03 -1.974895780046889444e-03 3.392071268467579306e-03 -5.576409553349229121e-04 -3.450181112402260324e-03 9.191718332546483169e-04 2.374496253264452299e-04 -6.131985133569562048e-03 4.309955801779285188e-03 1.621215848626725168e-03
-8.408080936674498795e-02 -7.865431463344471283e-03 4.317574404252492393e+00 -1.378415331856218673e+00 9.226290339920224071e+00 2.495481552379379536e+03 -3.627658954566803118e+02 2.844411814340047417e+00 -7.646956292145817846e-03 4.911544503146088037e-01 8.226764464764586837e-02 1.892356054723229666e-02 1.172015820352645399e-02 -1.195804684891188692e-02 -5.518466718106536991e-04 -3.876534930060226425e-01 -6.838797786058332939e-02 -4.378112633191043046e-01
-5.639332167837587950e-03 -1.662894006769403132e-01 -1.378415331856218673e+00 4.256827707538049843e+00 -4.029966208650797022e+00 -2.459663729236436041e+02 5.144007219193875358e+01 -3.508427426258359905e+00 1.735216804442427747e-03 -1.065660219966087369e-01 -6.365960025071584760e-02 -3.035365274489878248e-03 1.077949507138220922e-02 1.019349844539057560e-02 1.644374781092029694e-03 7.723751717829770158e-02 -2.041369832718017627e-02 3.873292667310601622e-01
-3.653156695378163565e-01 2.518746582500581699e-01 9.226290339920224071e+00 -4.029966208650797022e+00 6.283430871938129769e+01 1.664226530087589344e+04 -1.765291784776589566e+03 3.543822280953114046e+01 -1.063851752812954160e-01 2.620393406093330491e+00 5.689568762085398523e-01 9.940429990019776507e-02 -8.525546830134059229e-02 -6.788568720135347220e-03 7.001401707949716190e-03 -1.885031066572729008e+00 -1.116312056002067565e-01 -1.370262389871357511e+00
-1.059539841572125169e+02 7.526828705327761782e+01 2.495481552379379536e+03 -2.459663729236436041e+02 1.664226530087589344e+04 5.100476029354562052e+06 -4.878107851035895292e+05 9.783880880604181584e+03 -3.104957230890273578e+01 7.362622218697281369e+02 1.417701215730674846e+02 2.604854076426162024e+01 -2.274482103757511808e+01 7.482892113138016610e-01 3.430593119707448402e+00 -5.391163793876710315e+02 -4.540904879614299006e+01 -3.051878463357126066e+02
1.365352068542810571e+01 6.202864549863784660e+00 -3.627658954566803118e+02 5.144007219193875358e+01 -1.765291784776589566e+03 -4.878107851035895292e+05 6.203573701826531033e+04 -7.225220047797648704e+02 2.645278717498029675e+00 -8.347040610633028734e+01 -1.728948071679426945e+01 -3.580212442757592761e+00 1.006727118201183435e+00 7.255159895698530814e-01 -1.410139251612661515e-01 6.044203102982064735e+01 6.507649065787837195e+00 4.962431074220610583e+01
-1.409701526179068243e-01 4.477912594704203664e-01 2.844411814340047417e+00 -3.508427426258359905e+00 3.543822280953114046e+01 9.783880880604181584e+03 -7.225220047797648704e+02 5.269989094926575035e+01 -4.831430136552609944e-02 1.391457220367231074e+00 2.524679359816620061e-01 3.380663243609736968e-02 -5.122738366179614006e-02 -8.488279463097917268e-04 7.415766447696771867e-03 -8.759833860552798113e-01 -3.152389767421332617e-02 -6.973186821137196123e-01
6.816650282103689637e-04 -2.039015873194337074e-03 -7.646956292145817846e-03 1.735216804442427747e-03 -1.063851752812954160e-01 -3.104957230890273578e+01 2.645278717498029675e+00 -4.831430136552609944e-02 7.151592654840722681e-04 -4.304839476517180290e-03 -1.808937405365652548e-03 -1.732722027306351803e-04 3.472632848693468061e-04 -7.713410294246664115e-05 -3.942432967753493986e-05 4.642463294371314969e-03 -1.006372384528239118e-04 4.958038518048051810e-05
-1.883862743592064001e-02 -1.974895780046889444e-03 4.911544503146088037e-01 -1.065660219966087369e-01 2.620393406093330491e+00 7.362622218697281369e+02 -8.347040610633028734e+01 1.391457220367231074e+00 -4.304839476517180290e-03 1.227667713195916138e-01 2.508691055515319471e-02 4.758278410166822715e-03 -1.599687813587510974e-03 -8.079466455930805471e-04 2.812188406752782143e-04 -8.879210212103187672e-02 -8.852774569982775274e-03 -6.550021169584573089e-02
-3.589780202162817183e-03 3.392071268467579306e-03 8.226764464764586837e-02 -6.365960025071584760e-02 5.689568762085398523e-01 1.417701215730674846e+02 -1.728948071679426945e+01 2.524679359816620061e-01 -1.808937405365652548e-03 2.508691055515319471e-02 9.131320295764499759e-03 1.101492974270457852e-03 -1.030300434520389557e-03 -8.814114077325231676e-05 4.124363900115697855e-05 -1.979007474581978218e-02 -1.410498411063263770e-04 -1.359861944742449258e-02
-7.980442123000486667e-04 -5.576409553349229121e-04 1.892356054723229666e-02 -3.035365274489878248e-03 9.940429990019776507e-02 2.604854076426162024e+01 -3.580212442757592761e+00 3.380663243609736968e-02 -1.732722027306351803e-04 4.758278410166822715e-03 1.101492974270457852e-03 2.264504130587606458e-04 -6.521238341205519570e-05 -4.033641294644424582e-05 6.767312364593161025e-06 -3.497917058832070419e-03 -3.339095068782405159e-04 -2.815170810447334328e-03
-7.310781101656025477e-05 -3.450181112402260324e-03 1.172015820352645399e-02 1.077949507138220922e-02 -8.525546830134059229e-02 -2.274482103757511808e+01 1.006727118201183435e+00 -5.122738366179614006e-02 3.472632848693468061e-04 -1.599687813587510974e-03 -1.030300434520389557e-03 -6.521238341205519570e-05 7.719419280804560744e-04 -1.466973599758390355e-04 -3.514122768959183874e-05 1.573210916860341138e-03 -7.237545928708926345e-04 -2.796039927301144888e-04
2.073091775547644601e-04 9.191718332546483169e-04 -1.195804684891188692e-02 1.019349844539057560e-02 -6.788568720135347220e-03 7.482892113138016610e-01 7.255159895698530814e-01 -8.488279463097917268e-04 -7.713410294246664115e-05 -8.079466455930805471e-04 -8.814114077325231676e-05 -4.033641294644424582e-05 -1.466973599758390355e-04 1.108021436136609082e-04 1.292397103454980063e-05 4.571566443739732456e-04 2.467522768091059493e-04 2.247360921855603901e-03
-4.278732422289840915e-05 2.374496253264452299e-04 -5.518466718106536991e-04 1.644374781092029694e-03 7.001401707949716190e-03 3.430593119707448402e+00 -1.410139251612661515e-01 7.415766447696771867e-03 -3.942432967753493986e-05 2.812188406752782143e-04 4.124363900115697855e-05 6.767312364593161025e-06 -3.514122768959183874e-05 1.292397103454980063e-05 9.568947144946166191e-06 -2.707924180632892875e-04 -2.581654613462654765e-05 1.313977107024412092e-04
1.428559382874936348e-02 -6.131985133569562048e-03 -3.876534930060226425e-01 7.723751717829770158e-02 -1.885031066572729008e+00 -5.391163793876710315e+02 6.044203102982064735e+01 -8.759833860552798113e-01 4.642463294371314969e-03 -8.879210212103187672e-02 -1.979007474581978218e-02 -3.497917058832070419e-03 1.573210916860341138e-03 4.571566443739732456e-04 -2.707924180632892875e-04 7.548156778523237853e-02 6.192222824381510803e-03 4.447161274819370902e-02
1.918881971093232839e-03 4.309955801779285188e-03 -6.838797786058332939e-02 -2.041369832718017627e-02 -1.116312056002067565e-01 -4.540904879614299006e+01 6.507649065787837195e+00 -3.152389767421332617e-02 -1.006372384528239118e-04 -8.852774569982775274e-03 -1.410498411063263770e-04 -3.339095068782405159e-04 -7.237545928708926345e-04 2.467522768091059493e-04 -2.581654613462654765e-05 6.192222824381510803e-03 2.410818648055093431e-03 5.959461795725141259e-03
1.006282054453506471e-02 1.621215848626725168e-03 -4.378112633191043046e-01 3.873292667310601622e-01 -1.370262389871357511e+00 -3.051878463357126066e+02 4.962431074220610583e+01 -6.973186821137196123e-01 4.958038518048051810e-05 -6.550021169584573089e-02 -1.359861944742449258e-02 -2.815170810447334328e-03 -2.796039927301144888e-04 2.247360921855603901e-03 1.313977107024412092e-04 4.447161274819370902e-02 5.959461795725141259e-03 8.481532308566334943e-02
3.021821747851578463e-03 6.080399832448438527e-03 -2.010342176824145982e-02 1.518723046362978855e-02 -3.117211713356185521e-01 -6.979610942128128670e+01 1.026545143488974254e+01 -1.577786357007971707e-01 8.860543617020892300e-04 -1.413095405004074177e-02 -4.686690780831905510e-03 -8.063891073308922415e-04 -5.471639118205126823e-04 2.290632315276997075e-04 -2.858917112967982059e-05 1.106122386061165336e-02 1.400323302082481184e-04 1.078840785671463139e-02
6.080399832448438527e-03 3.934976346695768373e-02 7.789365178691143310e-02 -2.479057394088469979e-02 -3.536632030590965980e-01 -2.401746879101235876e+01 1.642444594658810075e+01 -1.016012286163286149e-01 9.331043211451647444e-04 -1.887988213002905410e-02 -8.776832454992011118e-03 -1.844477548908535994e-03 -3.744537875617410215e-03 9.679860277906524816e-04 8.876506820934050059e-05 1.181056631388347974e-02 -7.156042780479262644e-04 2.268357181407228487e-02
-2.010342176824145982e-02 7.789365178691143310e-02 2.946849103856678642e+00 2.107106288036178776e-01 1.044138115120328836e+00 8.484498436235754752e+02 -1.098658463466412343e+02 -1.678687235390527777e+00 1.496766459836685291e-02 1.357014915793507415e-01 -5.551135386726190751e-02 1.382130039216947692e-04 -1.026529425282123520e-03 -3.948735908745968325e-03 -3.881849538534752316e-04 -1.071131433017931955e-01 -6.738817177497745392e-02 -8.707075103632298807e-02
1.518723046362978855e-02 -2.479057394088469979e-02 2.107106288036178776e-01 3.343542154217038043e+00 -5.974592793654055711e+00 -5.758622526794773648e+02 9.223728893035082876e+01 -5.307924956353308410e+00 2.350976923532763913e-02 -1.654600693611597284e-01 -1.460703907797980261e-01 -1.064360519881852457e-02 9.772497184208737021e-04 6.427263268168933140e-03 7.580426253671107475e-04 1.257708985938862933e-01 -5.174717648157850514e-02 3.276495730849881549e-01
-3.117211713356185521e-01 -3.536632030590965980e-01 1.044138115120328836e+00 -5.974592793654055711e+00 4.969721886023759794e+01 1.057737256199412514e+04 -1.286039295108761280e+03 3.183610389180864786e+01 -1.432418631955454658e-01 1.908975872153002573e+00 7.488215551374052259e-01 1.001971661745898606e-01 5.910298846549957331e-03 -1.570550993923243085e-02 4.179881317375175494e-03 -1.428907326419462942e+00 9.498977075311750007e-02 -1.410191410449743499e+00
-6.979610942128128670e+01 -2.401746879101235876e+01 8.484498436235754752e+02 -5.758622526794773648e+02 1.057737256199412514e+04 2.846240583332756534e+06 -2.958046630045452621e+05 6.489257005804548498e+03 -2.625208299633882802e+01 4.443166992843667344e+02 1.261825674715877881e+02 1.938587267456632901e+01 -4.536860198912693320e+00 -1.243127504056944055e+00 1.797453446882115058e+00 -3.324595252915674450e+02 -5.375625867586855122e+00 -2.454027383704947454e+02
1.026545143488974254e+01 1.642444594658810075e+01 -1.098658463466412343e+02 9.223728893035082876e+01 -1.286039295108761280e+03 -2.958046630045452621e+05 4.116651442203554325e+04 -6.448749490498405521e+02 3.118280967804911707e+00 -5.598022033405424480e+01 -1.806492639999358474e+01 -3.011973059526231289e+00 -9.358084125105322615e-01 7.167459542146121798e-01 -9.039560047323245973e-02 4.200318611635624677e+01 4.461853525228069994e-01 4.221701718729993758e+01
-1.577786357007971707e-01 -1.016012286163286149e-01 -1.678687235390527777e+00 -5.307924956353308410e+00 3.183610389180864786e+01 6.489257005804548498e+03 -6.448749490498405521e+02 3.833772226331041821e+01 -9.852591220315465304e-02 1.131132416228476600e+00 5.081179400159956394e-01 5.396347235440205475e-02 3.040266965574392813e-03 -8.475726673226414987e-03 4.138053397392535589e-03 -7.838915891274578218e-01 1.155627725762342489e-01 -8.760891935765933169e-01
8.860543617020892300e-04 9.331043211451647444e-04 1.496766459836685291e-02 2.350976923532763913e-02 -1.432418631955454658e-01 -2.625208299633882802e+01 3.118280967804911707e+00 -9.852591220315465304e-02 8.287196951331728166e-04 -4.940865725627990868e-03 -3.314311983095044514e-03 -3.187851820850921532e-04 -7.051624524393157948e-06 9.652440415566756386e-06 -2.232763739557900348e-05 4.546060196677714250e-03 -8.726194959877860407e-04 3.371937937322531421e-03
-1.413095405004074177e-02 -1.887988213002905410e-02 1.357014915793507415e-01 -1.654600693611597284e-01 1.908975872153002573e+00 4.443166992843667344e+02 -5.598022033405424480e+01 1.131132416228476600e+00 -4.940865725627990868e-03 8.186445429200298052e-02 2.704150831494269575e-02 4.120206449437723538e-03 1.100481597618166267e-03 -8.727418708170701575e-04 1.667561888025207372e-04 -6.123648792831332816e-02 6.652844117458561691e-05 -5.768128228110076111e-02
-4.686690780831905510e-03 -8.776832454992011118e-03 -5.551135386726190751e-02 -1.460703907797980261e-01 7.488215551374052259e-01 1.261825674715877881e+02 -1.806492639999358474e+01 5.081179400159956394e-01 -3.314311983095044514e-03 2.704150831494269575e-02 1.690340541048277259e-02 1.763400291723302019e-03 4.632412498869721497e-04 -3.048449476129050525e-04 3.508592813080673448e-05 -2.149165200774891954e-02 4.115232382181948333e-03 -2.423548635877549942e-02
-8.063891073308922415e-04 -1.844477548908535994e-03 1.382130039216947692e-04 -1.064360519881852457e-02 1.001971661745898606e-01 1.938587267456632901e+01 -3.011973059526231289e+00 5.396347235440205475e-02 -3.187851820850921532e-04 4.120206449437723538e-03 1.763400291723302019e-03 2.619707906052744857e-04 1.311890352060546315e-04 -6.132800736502638762e-05 5.727210373890884081e-06 -3.177359172020544770e-03 2.053815055579213229e-04 -3.522766759365239184e-03
-5.471639118205126823e-04 -3.744537875617410215e-03 -1.026529425282123520e-03 9.772497184208737021e-04 5.910298846549957331e-03 -4.536860198912693320e+00 -9.358084125105322615e-01 3.040266965574392813e-03 -7.051624524393157948e-06 1.100481597618166267e-03 4.632412498869721497e-04 1.311890352060546315e-04 6.176870100784620553e-04 -1.290312309447553358e-04 -1.432426283988223627e-05 -8.174459976683857076e-04 -1.227227901945609839e-04 -2.463216595698436602e-03
2.290632315276997075e-04 9.679860277906524816e-04 -3.948735908745968325e-03 6.427263268168933140e-03 -1.570550993923243085e-02 -1.243127504056944055e+00 7.167459542146121798e-01 -8.475726673226414987e-03 9.652440415566756386e-06 -8.727418708170701575e-04 -3.048449476129050525e-04 -6.132800736502638762e-05 -1.290312309447553358e-04 6.924401569690828099e-05 5.664811821042867446e-06 6.192544735769933391e-04 5.410143143853309543e-05 1.700295677240459130e-03
-2.858917112967982059e-05 8.876506820934050059e-05 -3.881849538534752316e-04 7.580426253671107475e-04 4.179881317375175494e-03 1.797453446882115058e+00 -9.039560047323245973e-02 4.138053397392535589e-03 -2.232763739557900348e-05 1.667561888025207372e-04 3.508592813080673448e-05 5.727210373890884081e-06 -1.432426283988223627e-05 5.664811821042867446e-06 4.813465976622917330e-06 -1.573476478409798732e-04 -9.175721680650416229e-06 3.321526460637371772e-05
1.106122386061165336e-02 1.181056631388347974e-02 -1.071131433017931955e-01 1.257708985938862933e-01 -1.428907326419462942e+00 -3.324595252915674450e+02 4.200318611635624677e+01 -7.838915891274578218e-01 4.546060196677714250e-03 -6.123648792831332816e-02 -2.149165200774891954e-02 -3.177359172020544770e-03 -8.174459976683857076e-04 6.192544735769933391e-04 -1.573476478409798732e-04 5.161532684386063718e-02 -4.364875608691534182e-04 4.269833060275261133e-02
1.400323302082481184e-04 -7.156042780479262644e-04 -6.738817177497745392e-02 -5.174717648157850514e-02 9.498977075311750007e-02 -5.375625867586855122e+00 4.461853525228069994e-01 1.155627725762342489e-01 -8.726194959877860407e-04 6.652844117458561691e-05 4.115232382181948333e-03 2.053815055579213229e-04 -1.227227901945609839e-04 5.410143143853309543e-05 -9.175721680650416229e-06 -4.364875608691534182e-04 2.675749452977741090e-03 -2.390488972848220893e-03
1.078840785671463139e-02 2.268357181407228487e-02 -8.707075103632298807e-02 3.276495730849881549e-01 -1.410191410449743499e+00 -2.454027383704947454e+02 4.221701718729993758e+01 -8.760891935765933169e-01 3.371937937322531421e-03 -5.768128228110076111e-02 -2.423548635877549942e-02 -3.522766759365239184e-03 -2.463216595698436602e-03 1.700295677240459130e-03 3.321526460637371772e-05 4.269833060275261133e-02 -2.390488972848220893e-03 7.266895935445144561e-02
2.140140381784271743e-03 4.388873657769950219e-03 -5.476855910028183977e-03 1.866644612949164631e-02 -2.349851529360145741e-01 -4.907682503378699579e+01 7.273263094436217102e+00 -1.276534135423238736e-01 7.598023273605780583e-04 -1.011782293414319189e-02 -3.948594207293530146e-03 -5.986655172250561485e-04 -3.487324510500385542e-04 1.563753773308721611e-04 -1.831785123729042772e-05 7.896734870813560889e-03 -2.440166405154280528e-04 8.031462395130258003e-03
4.388873657769950219e-03 2.714084586590080617e-02 7.283236711952438547e-02 6.877651606745928056e-03 -3.078913504139256796e-01 -2.250079691391997727e+01 1.209306821227790429e+01 -1.267285667758688283e-01 1.069020844458156566e-03 -1.443337108362332914e-02 -8.038723216492212401e-03 -1.392934725419726428e-03 -2.457612447421860923e-03 6.581935387137814340e-04 6.202359787194942973e-05 9.258844142374340197e-03 -1.376744608490187548e-03 1.743312760403759737e-02
-5.476855910028183977e-03 7.283236711952438547e-02 2.449323805573115465e+00 6.682677783638427682e-01 -9.972966585901201775e-01 4.036700458224348722e+02 -4.601584540419929681e+01 -2.505513925496502203e+00 2.042111248753311278e-02 4.661389237288579568e-02 -8.788876552061450353e-02 -3.722516391773629963e-03 2.667417390486816003e-04 -2.390923481246677584e-03 -2.144963242343477048e-04 -3.842149681008574791e-02 -6.562611939243885584e-02 -5.458645035771024848e-03
1.866644612949164631e-02 6.877651606745928056e-03 6.682677783638427682e-01 2.824750171403489052e+00 -5.807023552972204072e+00 -5.454489505780283025e+02 9.073581401333464669e+01 -5.009198891822734367e+00 2.695799225706882116e-02 -1.570351829184857828e-01 -1.527799509313496340e-01 -1.126188657478763462e-02 1.565483387635238253e-03 4.624051508284783736e-03 5.903952172967329767e-04 1.190516307404124036e-01 -5.728790472385252713e-02 2.775251017140562548e-01
-2.349851529360145741e-01 -3.078913504139256796e-01 -9.972966585901201775e-01 -5.807023552972204072e+00 3.897237840541977505e+01 7.604811904578097710e+03 -9.503881220362441127e+02 2.603640245835149258e+01 -1.317700102937961193e-01 1.423140247291819094e+00 6.758820685051076804e-01 7.995199033753482010e-02 5.960116260700739537e-04 -1.124749833055837568e-02 2.638232259309353841e-03 -1.065810703951560079e+00 1.353831331315137609e-01 -1.120378739175454941e+00
-4.907682503378699579e+01 -2.250079691391997727e+01 4.036700458224348722e+02 -5.454489505780283025e+02 7.604811904578097710e+03 1.954290965324447723e+06 -2.059125032025352411e+05 4.795295593042354085e+03 -2.096462442035432971e+01 3.105229199779546434e+02 1.007847231214036441e+02 1.414664134786435667e+01 -3.394538562594304310e+00 -8.585378145207193112e-01 1.200546453689681270e+00 -2.324045877005482907e+02 3.146282084047032690e+00 -1.794440246598537954e+02
7.273263094436217102e+00 1.209306821227790429e+01 -4.601584540419929681e+01 9.073581401333464669e+01 -9.503881220362441127e+02 -2.059125032025352411e+05 2.891558793146099561e+04 -5.066081812556866453e+02 2.658687182553652217e+00 -3.970105305499863135e+01 -1.486602286249728522e+01 -2.217153117367788528e+00 -5.682459777169082127e-01 4.899235638796395897e-01 -5.774995078237046137e-02 2.979112403111141560e+01 -8.593596929058986422e-01 3.101323053459184109e+01
-1.276534135423238736e-01 -1.267285667758688283e-01 -2.505513925496502203e+00 -5.009198891822734367e+00 2.603640245835149258e+01 4.795295593042354085e+03 -5.066081812556866453e+02 2.954752081230221705e+01 -9.555972265895384954e-02 8.789594340114125215e-01 4.838664413744804271e-01 4.677175963408998494e-02 -7.361442133844863954e-04 -6.211770620389580992e-03 2.677373275984178905e-03 -6.165637272794763923e-01 1.358372546533234970e-01 -7.298448023416626018e-01
7.598023273605780583e-04 1.069020844458156566e-03 2.042111248753311278e-02 2.695799225706882116e-02 -1.317700102937961193e-01 -2.096462442035432971e+01 2.658687182553652217e+00 -9.555972265895384954e-02 7.767764616705674077e-04 -4.231713913017211108e-03 -3.302945820755339400e-03 -2.941372515904643156e-04 1.589777531208399081e-05 1.132028850390227831e-05 -1.397986307195279110e-05 3.735261642418994006e-03 -1.026805285333955240e-03 3.367387490610009547e-03
-1.011782293414319189e-02 -1.443337108362332914e-02 4.661389237288579568e-02 -1.570351829184857828e-01 1.423140247291819094e+00 3.105229199779546434e+02 -3.970105305499863135e+01 8.789594340114125215e-01 -4.231713913017211108e-03 5.844767938530914808e-02 2.258915137342095911e-02 3.084764066896590086e-03 6.450321186659035196e-04 -6.001611745525366930e-04 1.078454606868830184e-04 -4.373408213322921984e-02 1.905289240174661740e-03 -4.305100397388379047e-02
-3.948594207293530146e-03 -8.038723216492212401e-03 -8.788876552061450353e-02 -1.527799509313496340e-01 6.758820685051076804e-01 1.007847231214036441e+02 -1.486602286249728522e+01 4.838664413744804271e-01 -3.302945820755339400e-03 2.258915137342095911e-02 1.660379709351058469e-02 1.573914815903155627e-03 2.098453109851356271e-04 -2.283832233937629593e-04 1.838080618114404529e-05 -1.775689416134469331e-02 4.918126586727554657e-03 -2.164668129431573940e-02
-5.986655172250561485e-04 -1.392934725419726428e-03 -3.722516391773629963e-03 -1.126188657478763462e-02 7.995199033753482010e-02 1.414664134786435667e+01 -2.217153117367788528e+00 4.677175963408998494e-02 -2.941372515904643156e-04 3.084764066896590086e-03 1.573914815903155627e-03 2.043321128723810868e-04 8.008052434059465766e-05 -4.280772033874219229e-05 3.408168307802953092e-06 -2.372366333133345447e-03 2.999357596522690206e-04 -2.759641600191671713e-03
-3.487324510500385542e-04 -2.457612447421860923e-03 2.667417390486816003e-04 1.565483387635238253e-03 5.960116260700739537e-04 -3.394538562594304310e+00 -5.682459777169082127e-01 -7.361442133844863954e-04 1.589777531208399081e-05 6.450321186659035196e-04 2.098453109851356271e-04 8.008052434059465766e-05 4.143419623630831402e-04 -8.592175619457195952e-05 -9.583937238262222371e-06 -4.788322498215662106e-04 -1.211751537359901835e-04 -1.549601488536014220e-03
1.563753773308721611e-04 6.581935387137814340e-04 -2.390923481246677584e-03 4.624051508284783736e-03 -1.124749833055837568e-02 -8.585378145207193112e-01 4.899235638796395897e-01 -6.211770620389580992e-03 1.132028850390227831e-05 -6.001611745525366930e-04 -2.283832233937629593e-04 -4.280772033874219229e-05 -8.592175619457195952e-05 4.658339741582588579e-05 3.926524713345527378e-06 4.264099846825674073e-04 2.488616055482352748e-05 1.166428526993603223e-03
-1.831785123729042772e-05 6.202359787194942973e-05 -2.144963242343477048e-04 5.903952172967329767e-04 2.638232259309353841e-03 1.200546453689681270e+00 -5.774995078237046137e-02 2.677373275984178905e-03 -1.397986307195279110e-05 1.078454606868830184e-04 1.838080618114404529e-05 3.408168307802953092e-06 -9.583937238262222371e-06 3.926524713345527378e-06 3.265289600602821771e-06 -1.023769726265390251e-04 -8.462920036660358055e-06 3.053857269164825917e-05
7.896734870813560889e-03 9.258844142374340197e-03 -3.842149681008574791e-02 1.190516307404124036e-01 -1.065810703951560079e+00 -2.324045877005482907e+02 2.979112403111141560e+01 -6.165637272794763923e-01 3.735261642418994006e-03 -4.373408213322921984e-02 -1.775689416134469331e-02 -2.372366333133345447e-03 -4.788322498215662106e-04 4.264099846825674073e-04 -1.023769726265390251e-04 3.659526417808751930e-02 -1.690499958908976566e-03 3.192608906100743993e-02
-2.440166405154280528e-04 -1.376744608490187548e-03 -6.562611939243885584e-02 -5.728790472385252713e-02 1.353831331315137609e-01 3.146282084047032690e+00 -8.593596929058986422e-01 1.358372546533234970e-01 -1.026805285333955240e-03 1.905289240174661740e-03 4.918126586727554657e-03 2.999357596522690206e-04 -1.211751537359901835e-04 2.488616055482352748e-05 -8.462920036660358055e-06 -1.690499958908976566e-03 2.671159343722392769e-03 -3.858970648749396413e-03
8.031462395130258003e-03 1.743312760403759737e-02 -5.458645035771024848e-03 2.775251017140562548e-01 -1.120378739175454941e+00 -1.794440246598537954e+02 3.101323053459184109e+01 -7.298448023416626018e-01 3.367387490610009547e-03 -4.305100397388379047e-02 -2.164668129431573940e-02 -2.759641600191671713e-03 -1.549601488536014220e-03 1.166428526993603223e-03 3.053857269164825917e-05 3.192608906100743993e-02 -3.858970648749396413e-03 5.427106128530551077e-02
1.645968592583272423e-03 3.362600696647022065e-03 -2.005028038431501316e-03 1.925360609428119346e-02 -1.856812511699925949e-01 -3.687872329822510409e+01 5.603234904992490328e+00 -1.016917191812712062e-01 6.302472241318968649e-04 -7.813925852679369163e-03 -3.300103998113232233e-03 -4.722775410995967748e-04 -2.568885119834656981e-04 1.230589483733677929e-04 -1.021461901455814235e-05 6.109214886774376983e-03 -3.279647200986059402e-04 6.475956148451618780e-03
3.362600696647022065e-03 2.046731278432792345e-02 5.824414952168264353e-02 1.434827864037541839e-02 -2.474706114432560222e-01 -1.703935356182132921e+01 9.329115493092650979e+00 -1.054992349070502100e-01 9.073872888511115998e-04 -1.122091614403559860e-02 -6.619677428144440066e-03 -1.085131089670031196e-03 -1.833912471925359293e-03 5.034921327156299592e-04 5.261186102339840106e-05 7.272916305521257528e-03 -1.285072637697587178e-03 1.386260168123450674e-02
-2.005028038431501316e-03 5.824414952168264353e-02 1.939868685006348903e+00 7.626793584159826667e-01 -1.224322397559802544e+00 2.974335071567671775e+02 -2.688075956535393729e+01 -2.177571327999852535e+00 1.833070772797159437e-02 2.339691191546551183e-02 -8.282897134645376969e-02 -3.966048414676372896e-03 4.208442895970772465e-04 -1.499460320284043196e-03 1.395882223195353119e-05 -1.926154834723568451e-02 -5.639580396127258366e-02 1.865947743677523127e-02
1.925360609428119346e-02 1.434827864037541839e-02 7.626793584159826667e-01 2.773720601977378575e+00 -5.548045085291771983e+00 -4.214524675956268425e+02 8.706415875705118879e+01 -4.506277634633399032e+00 2.779603166424965757e-02 -1.466099660401112559e-01 -1.570494439031551448e-01 -1.139040683622086041e-02 1.727362680446081072e-03 4.198164745388294379e-03 8.806254993336855167e-04 1.131198851869747307e-01 -6.103357535196445027e-02 2.650348237659873041e-01
-1.856812511699925949e-01 -2.474706114432560222e-01 -1.224322397559802544e+00 -5.548045085291771983e+00 3.138381204537102320e+01 5.721987299502641690e+03 -7.469248946044731383e+02 2.088149400249966803e+01 -1.125761363454029912e-01 1.119155231952510210e+00 5.839999391112582483e-01 6.528843133913482533e-02 -5.627461775486724150e-04 -9.763579701752296558e-03 1.178960542567414772e-03 -8.422280762577698532e-01 1.344232132363145371e-01 -9.435102715693369779e-01
-3.687872329822510409e+01 -1.703935356182132921e+01 2.974335071567671775e+02 -4.214524675956268425e+02 5.721987299502641690e+03 1.464739543175041443e+06 -1.546742303405791463e+05 3.608023701383295247e+03 -1.585723807653076989e+01 2.332572824971440184e+02 7.634867232268310033e+01 1.065820183714490277e+01 -2.554497980234075261e+00 -6.575449250210153584e-01 8.911811619367481230e-01 -1.746202532413042547e+02 2.707932414090524986e+00 -1.355744395252525294e+02
5.603234904992490328e+00 9.329115493092650979e+00 -2.688075956535393729e+01 8.706415875705118879e+01 -7.469248946044731383e+02 -1.546742303405791463e+05 2.222210829782864312e+04 -4.014826035719801780e+02 2.212798856075312681e+00 -3.059074503455870442e+01 -1.237563046055417182e+01 -1.747137990021952136e+00 -4.097403495437653698e-01 3.884137367562051635e-01 -3.055633939679336733e-02 2.301860766103139611e+01 -1.169486740998656238e+00 2.489695735353781458e+01
-1.016917191812712062e-01 -1.054992349070502100e-01 -2.177571327999852535e+00 -4.506277634633399032e+00 2.088149400249966803e+01 3.608023701383295247e+03 -4.014826035719801780e+02 2.300414250961391716e+01 -8.030940682234864736e-02 6.918106953806208992e-01 4.113497752728665358e-01 3.842996765976772200e-02 -1.186523771338214963e-03 -5.494621078079404801e-03 1.504391312018066871e-03 -4.894207459530692805e-01 1.225306072810917746e-01 -6.122946694203713625e-01
6.302472241318968649e-04 9.073872888511115998e-04 1.833070772797159437e-02 2.779603166424965757e-02 -1.125761363454029912e-01 -1.585723807653076989e+01 2.212798856075312681e+00 -8.030940682234864736e-02 6.698911942041899884e-04 -3.505602654620050898e-03 -2.967158025820327769e-03 -2.545342973351770953e-04 1.832056984173569190e-05 1.695725580055540375e-05 -5.410329127098302399e-06 3.075468836771835020e-03 -9.787469749738572471e-04 3.183130535587026713e-03
-7.813925852679369163e-03 -1.122091614403559860e-02 2.339691191546551183e-02 -1.466099660401112559e-01 1.119155231952510210e+00 2.332572824971440184e+02 -3.059074503455870442e+01 6.918106953806208992e-01 -3.505602654620050898e-03 4.507334047758261575e-02 1.880211773548589455e-02 2.441608306176827441e-03 4.589608666796911860e-04 -4.820281593238555005e-04 6.151765948483341575e-05 -3.382600038909186480e-02 2.225077042598079795e-03 -3.477449166821850596e-02
-3.300103998113232233e-03 -6.619677428144440066e-03 -8.282897134645376969e-02 -1.570494439031551448e-01 5.839999391112582483e-01 7.634867232268310033e+01 -1.237563046055417182e+01 4.113497752728665358e-01 -2.967158025820327769e-03 1.880211773548589455e-02 1.519978105431015088e-02 1.370638710476293877e-03 1.213456865511884972e-04 -2.186345077520133616e-04 -1.461539241607470014e-05 -1.485532046820293474e-02 4.858382637738887372e-03 -1.991849513477455744e-02
-4.722775410995967748e-04 -1.085131089670031196e-03 -3.966048414676372896e-03 -1.139040683622086041e-02 6.528843133913482533e-02 1.065820183714490277e+01 -1.747137990021952136e+00 3.842996765976772200e-02 -2.545342973351770953e-04 2.441608306176827441e-03 1.370638710476293877e-03 1.663777417493996641e-04 5.752050355303175587e-05 -3.537185254191127086e-05 5.855152964803860017e-07 -1.885177627131798782e-03 3.060885326207651879e-04 -2.324348706852271546e-03
-2.568885119834656981e-04 -1.833912471925359293e-03 4.208442895970772465e-04 1.727362680446081072e-03 -5.627461775486724150e-04 -2.554497980234075261e+00 -4.097403495437653698e-01 -1.186523771338214963e-03 1.832056984173569190e-05 4.589608666796911860e-04 1.213456865511884972e-04 5.752050355303175587e-05 3.109644476760799626e-04 -6.376905085115203012e-05 -6.812252141023689726e-06 -3.386555731473915695e-04 -1.060788747559831673e-04 -1.113086196750858988e-03
1.230589483733677929e-04 5.034921327156299592e-04 -1.499460320284043196e-03 4.198164745388294379e-03 -9.763579701752296558e-03 -6.575449250210153584e-01 3.884137367562051635e-01 -5.494621078079404801e-03 1.695725580055540375e-05 -4.820281593238555005e-04 -2.186345077520133616e-04 -3.537185254191127086e-05 -6.376905085115203012e-05 3.572629393924169045e-05 3.431391285596549131e-06 3.462152037550614118e-04 -1.551545431236708058e-06 9.377655712800098608e-04
-1.021461901455814235e-05 5.261186102339840106e-05 1.395882223195353119e-05 8.806254993336855167e-04 1.178960542567414772e-03 8.911811619367481230e-01 -3.055633939679336733e-02 1.504391312018066871e-03 -5.410329127098302399e-06 6.151765948483341575e-05 -1.461539241607470014e-05 5.855152964803860017e-07 -6.812252141023689726e-06 3.431391285596549131e-06 2.739218775932102574e-06 -6.077242099644486570e-05 -1.841772456917113151e-05 6.094951638521058790e-05
6.109214886774376983e-03 7.272916305521257528e-03 -1.926154834723568451e-02 1.131198851869747307e-01 -8.422280762577698532e-01 -1.746202532413042547e+02 2.301860766103139611e+01 -4.894207459530692805e-01 3.075468836771835020e-03 -3.382600038909186480e-02 -1.485532046820293474e-02 -1.885177627131798782e-03 -3.386555731473915695e-04 3.462152037550614118e-04 -6.077242099644486570e-05 2.829345471452257912e-02 -1.925607789219038399e-03 2.600116725968434905e-02
-3.279647200986059402e-04 -1.285072637697587178e-03 -5.639580396127258366e-02 -6.103357535196445027e-02 1.344232132363145371e-01 2.707932414090524986e+00 -1.169486740998656238e+00 1.225306072810917746e-01 -9.787469749738572471e-04 2.225077042598079795e-03 4.858382637738887372e-03 3.060885326207651879e-04 -1.060788747559831673e-04 -1.551545431236708058e-06 -1.841772456917113151e-05 -1.925607789219038399e-03 2.500591132386721302e-03 -4.464397536398076287e-03
6.475956148451618780e-03 1.386260168123450674e-02 1.865947743677523127e-02 2.650348237659873041e-01 -9.435102715693369779e-01 -1.355744395252525294e+02 2.489695735353781458e+01 -6.122946694203713625e-01 3.183130535587026713e-03 -3.477449166821850596e-02 -1.991849513477455744e-02 -2.324348706852271546e-03 -1.113086196750858988e-03 9.377655712800098608e-04 6.094951638521058790e-05 2.600116725968434905e-02 -4.464397536398076287e-03 4.562630631694165190e-02
1.336106376760268048e-03 2.744698370166395208e-03 -5.661856322971061404e-04 1.821215876562879213e-02 -1.532526307509823882e-01 -2.948848468755523555e+01 4.559886109169836388e+00 -8.427618306647569058e-02 5.317191550521908634e-04 -6.356609152919120119e-03 -2.805059836146569455e-03 -3.897258350172075054e-04 -2.063674302014468652e-04 1.026546719748722678e-04 -6.204090413241016746e-06 4.969601833392463253e-03 -3.344368325354804636e-04 5.440658308511863751e-03
2.744698370166395208e-03 1.654075622150788169e-02 4.949802799753593580e-02 1.959898337864135823e-02 -2.114095296521283363e-01 -1.358218856406849362e+01 7.687555063594095017e+00 -9.269897538136441517e-02 8.021836776241785981e-04 -9.274017069776711170e-03 -5.761054878561184568e-03 -9.021733440850697189e-04 -1.471813472587489742e-03 4.157568260138561999e-04 4.779456701179795718e-05 6.046335204922173752e-03 -1.231710015640632245e-03 1.185570682305685415e-02
-5.661856322971061404e-04 4.949802799753593580e-02 1.605648332431672820e+00 7.583462369934491631e-01 -1.230379004239154694e+00 2.378036803868383231e+02 -1.731529060558882094e+01 -1.897308027840568290e+00 1.610578069321753555e-02 1.302099967577625451e-02 -7.494325838206106205e-02 -3.805686849548353505e-03 2.857855885528767250e-04 -9.745392675794768743e-04 1.149176388301112174e-04 -1.097673796733218514e-02 -4.888947960061045678e-02 2.876584472547310742e-02
1.821215876562879213e-02 1.959898337864135823e-02 7.583462369934491631e-01 2.624058678351488538e+00 -5.121261476172532134e+00 -3.366548972082102864e+02 8.102865456605090344e+01 -4.028276731771967434e+00 2.615186947357947544e-02 -1.326688865461817524e-01 -1.492875287409600182e-01 -1.083883220029201351e-02 1.217621173062221132e-03 3.978987733123415943e-03 9.885685281688107694e-04 1.024198058976925202e-01 -5.914293904810678099e-02 2.499244602406976157e-01
-1.532526307509823882e-01 -2.114095296521283363e-01 -1.230379004239154694e+00 -5.121261476172532134e+00 2.625368851903114376e+01 4.575305938759184755e+03 -6.165142549984537936e+02 1.741654183531059275e+01 -9.669190318138085050e-02 9.210883688144758663e-01 5.071392584145049121e-01 5.513069191475887532e-02 -2.099192292566458469e-04 -8.844242122867643566e-03 4.639726956594211228e-04 -6.938303813650459340e-01 1.249845499940679255e-01 -8.183297263874650396e-01
-2.948848468755523555e+01 -1.358218856406849362e+01 2.378036803868383231e+02 -3.366548972082102864e+02 4.575305938759184755e+03 1.171311694642758230e+06 -1.236700987766772741e+05 2.885115997673244237e+03 -1.268326790873274135e+01 1.865241659662898712e+02 6.105248369807697628e+01 8.521500324558592965e+00 -2.049190975147013649e+00 -5.230869794123360617e-01 7.129544899557248572e-01 -1.396453707333581917e+02 2.165714200741604589e+00 -1.083400131830280344e+02
4.559886109169836388e+00 7.687555063594095017e+00 -1.731529060558882094e+01 8.102865456605090344e+01 -6.165142549984537936e+02 -1.236700987766772741e+05 1.808976239061088927e+04 -3.329808204073055435e+02 1.880134528851727049e+00 -2.489544078213008760e+01 -1.056333330888609012e+01 -1.445722467236514541e+00 -3.320764341903018613e-01 3.280059548080688780e-01 -1.644965706224279026e-02 1.874338622019467238e+01 -1.226061020125345902e+00 2.097439239960834101e+01
-8.427618306647569058e-02 -9.269897538136441517e-02 -1.897308027840568290e+00 -4.028276731771967434e+00 1.741654183531059275e+01 2.885115997673244237e+03 -3.329808204073055435e+02 1.884124079110535632e+01 -6.836023011384299852e-02 5.694510998891860742e-01 3.538496784271467077e-01 3.254372236507574456e-02 -8.078475598319531398e-04 -5.034409287284163578e-03 9.059343766805486812e-04 -4.040095926962323780e-01 1.088406947219253545e-01 -5.292000697938074039e-01
5.317191550521908634e-04 8.021836776241785981e-04 1.610578069321753555e-02 2.615186947357947544e-02 -9.669190318138085050e-02 -1.268326790873274135e+01 1.880134528851727049e+00 -6.836023011384299852e-02 5.744180317121061821e-04 -2.954824738850693293e-03 -2.604518793047583877e-03 -2.203691881834056703e-04 1.351314795453486356e-05 1.942427416185407292e-05 -1.591060183187007706e-06 2.577675306828760941e-03 -8.834046330897244847e-04 2.910100028732697311e-03
-6.356609152919120119e-03 -9.274017069776711170e-03 1.302099967577625451e-02 -1.326688865461817524e-01 9.210883688144758663e-01 1.865241659662898712e+02 -2.489544078213008760e+01 5.694510998891860742e-01 -2.954824738850693293e-03 3.663533364870229930e-02 1.594393392857386405e-02 2.018426581960613194e-03 3.716696754505119100e-04 -4.085662476150781993e-04 3.842203772905069056e-05 -2.751116729241488354e-02 2.174925802388065574e-03 -2.924185553833009640e-02
-2.805059836146569455e-03 -5.761054878561184568e-03 -7.494325838206106205e-02 -1.492875287409600182e-01 5.071392584145049121e-01 6.105248369807697628e+01 -1.056333330888609012e+01 3.538496784271467077e-01 -2.604518793047583877e-03 1.594393392857386405e-02 1.354731523935974631e-02 1.197390493474826539e-03 1.050782024581210273e-04 -2.106375732197990293e-04 -2.824118988795857381e-05 -1.258660834840511465e-02 4.491247904319818109e-03 -1.813689011094994294e-02
-3.897258350172075054e-04 -9.021733440850697189e-04 -3.805686849548353505e-03 -1.083883220029201351e-02 5.513069191475887532e-02 8.521500324558592965e+00 -1.445722467236514541e+00 3.254372236507574456e-02 -2.203691881834056703e-04 2.018426581960613194e-03 1.197390493474826539e-03 1.404300198148661740e-04 4.664813126244230613e-05 -3.092064164987638839e-05 -7.420802962772311838e-07 -1.558748953904178294e-03 2.889196175501355436e-04 -2.020255153011084586e-03
-2.063674302014468652e-04 -1.471813472587489742e-03 2.857855885528767250e-04 1.217621173062221132e-03 -2.099192292566458469e-04 -2.049190975147013649e+00 -3.320764341903018613e-01 -8.078475598319531398e-04 1.351314795453486356e-05 3.716696754505119100e-04 1.050782024581210273e-04 4.664813126244230613e-05 2.491064091876473850e-04 -5.137184594340489817e-05 -5.569716381741521688e-06 -2.738055530567762232e-04 -8.121614610623178467e-05 -9.073715544878526839e-04
1.026546719748722678e-04 4.157568260138561999e-04 -9.745392675794768743e-04 3.978987733123415943e-03 -8.844242122867643566e-03 -5.230869794123360617e-01 3.280059548080688780e-01 -5.034409287284163578e-03 1.942427416185407292e-05 -4.085662476150781993e-04 -2.106375732197990293e-04 -3.092064164987638839e-05 -5.137184594340489817e-05 2.956361894599878796e-05 3.182066266584058671e-06 2.945644702885221898e-04 -1.689175318082384265e-05 8.087263302205647143e-04
-6.204090413241016746e-06 4.779456701179795718e-05 1.149176388301112174e-04 9.885685281688107694e-04 4.639726956594211228e-04 7.129544899557248572e-01 -1.644965706224279026e-02 9.059343766805486812e-04 -1.591060183187007706e-06 3.842203772905069056e-05 -2.824118988795857381e-05 -7.420802962772311838e-07 -5.569716381741521688e-06 3.182066266584058671e-06 2.389675134163113531e-06 -4.026212195357685040e-05 -2.195247056650846757e-05 7.538948113970009551e-05
