6.550245007634692904e-03 -6.051797506196417744e-05 -1.671802726466137365e-04 1.726001283232465812e-04 3.598006776509117072e-05 5.338619460927286620e-02 7.882872665624986522e-03 -6.336507564382850904e-04 7.480979164489024568e-06 -1.557591288680490256e-07 1.202040701972737205e-05 -2.286837779168312645e-07 1.855282821518720955e-06 -4.076046706550682631e-06 1.832585000125010888e-06 2.390299852885500260e-04 1.997622481021274954e-04 4.256439502300486081e-05
-6.051797506196417744e-05 9.545363144134978717e-02 8.449332908437908601e-04 -8.723253773636868149e-04 -1.818441648662836999e-04 -2.698151664831229812e-01 -3.984023615482479297e-02 3.202486815024955125e-03 -3.780905632057883964e-05 7.872105437441898899e-07 -6.075143854998235485e-05 1.155773548989798430e-06 -9.376645910521658824e-06 2.060044228231866820e-05 -9.261930551935596774e-06 -1.208063540529752140e-03 -1.009603411953181830e-03 -2.151215199629658069e-04
-1.671802726466137365e-04 8.449332908437908601e-04 9.012349308199198106e+01 -2.409789724043158183e-03 -5.023426020188852866e-04 -7.453615731632504682e-01 -1.100582353565104921e-01 8.846836304996504030e-03 -1.044471223254506701e-04 2.174660887094978023e-06 -1.678252130885229010e-04 3.192812331212651115e-06 -2.590288617929988074e-05 5.690850617312585228e-05 -2.558598620197023954e-05 -3.337262885504790715e-03 -2.789018857661135133e-03 -5.942709471481666872e-04
1.726001283232465812e-04 -8.723253773636868149e-04 -2.409789724043158183e-03 4.808973853427736422e+00 5.186281622710905894e-04 7.695256212862731093e-01 1.136262385797021657e-01 -9.133643924154001906e-03 1.078332175858654992e-04 -2.245161718126562770e-06 1.732659772375481010e-04 -3.296320847880311622e-06 2.674263779877959269e-05 -5.875343611221673149e-05 2.641546416826190196e-05 3.445454377886506079e-03 2.879436700918773951e-03 6.135367535460735508e-04
3.598006776509117072e-05 -1.818441648662836999e-04 -5.023426020188852866e-04 5.186281622710905894e-04 1.596732139816200124e+01 1.604146200227645203e-01 2.368642366437610780e-02 -1.903991210932449085e-03 2.247881570980677935e-05 -4.680243957321685955e-07 3.611887003187171053e-05 -6.871480840390693883e-07 5.574746262154339210e-06 -1.224768853468341051e-05 5.506543940920074576e-06 7.182363257906684492e-04 6.002447891019001367e-04 1.278973207228409435e-04
5.338619460927286620e-02 -2.698151664831229812e-01 -7.453615731632504682e-01 7.695256212862731093e-01 1.604146200227645203e-01 1.249128104355562682e+05 3.514523740199700796e+01 -2.825087656444197126e+00 3.335342328715829030e-02 -6.944412010442910926e-04 5.359214543946400761e-02 -1.019570657270711623e-03 8.271648924948431583e-03 -1.817276965389038809e-02 8.170452273013571742e-03 1.065698500471197852e+00 8.906260358766389107e-01 1.897703833881834723e-01
7.882872665624986522e-03 -3.984023615482479297e-02 -1.100582353565104921e-01 1.136262385797021657e-01 2.368642366437610780e-02 3.514523740199700796e+01 4.262561028132553474e+03 -4.171454142399273479e-01 4.924883495810957953e-03 -1.025394599045835074e-04 7.913282852784019397e-03 -1.505472664552230460e-04 1.221371099538843272e-03 -2.683345951360793704e-03 1.206428653701890636e-03 1.573583890113564587e-01 1.315076244877443068e-01 2.802102264273487534e-02
-6.336507564382850904e-04 3.202486815024955125e-03 8.846836304996504030e-03 -9.133643924154001906e-03 -1.903991210932449085e-03 -2.825087656444197126e+00 -4.171454142399273479e-01 3.832549962810956856e+01 -3.958780364548260353e-04 8.242452858162605924e-06 -6.360952254680567013e-04 1.210147535238727071e-05 -9.817775244417050720e-05 2.156960113385986827e-04 -9.697663040284770883e-05 -1.264897537464542213e-02 -1.057100745740060556e-02 -2.252420272012035929e-03
7.480979164489024568e-06 -3.780905632057883964e-05 -1.044471223254506701e-04 1.078332175858654992e-04 2.247881570980677935e-05 3.335342328715829030e-02 4.924883495810957953e-03 -3.958780364548260353e-04 2.381000504106697228e-03 -9.731167756003934922e-08 7.509838945202848089e-06 -1.428718959946573699e-07 1.159101781207665213e-06 -2.546540582950609120e-06 1.144921147990004687e-06 1.493357662219935741e-04 1.248029545186446281e-04 2.659242327636340410e-05
-1.557591288680490256e-07 7.872105437441898899e-07 2.174660887094978023e-06 -2.245161718126562770e-06 -4.680243957321685955e-07 -6.944412010442910926e-04 -1.025394599045835074e-04 8.242452858162605924e-06 -9.731167756003934922e-08 2.359204164951484125e-05 -1.563600093416434185e-07 2.974691089301320126e-09 -2.413329588823168998e-08 5.302072551014957125e-08 -2.383804535642098802e-08 -3.109273310904762039e-06 -2.598483306604769229e-06 -5.536725330927596211e-07
1.202040701972737205e-05 -6.075143854998235485e-05 -1.678252130885229010e-04 1.732659772375481010e-04 3.611887003187171053e-05 5.359214543946400761e-02 7.913282852784019397e-03 -6.360952254680567013e-04 7.509838945202848089e-06 -1.563600093416434185e-07 1.223548742683412465e-03 -2.295659837803118943e-07 1.862440047092255075e-06 -4.091771093899434223e-06 1.839654663076901605e-06 2.399521042796309465e-04 2.005328818050649588e-04 4.272859800761035116e-05
-2.286837779168312645e-07 1.155773548989798430e-06 3.192812331212651115e-06 -3.296320847880311622e-06 -6.871480840390693883e-07 -1.019570657270711623e-03 -1.505472664552230460e-04 1.210147535238727071e-05 -1.428718959946573699e-07 2.974691089301320126e-09 -2.295659837803118943e-07 8.137892647685854850e-05 -3.543222999135331208e-08 7.784442495068112143e-08 -3.499874652533044900e-08 -4.564999640669739514e-06 -3.815063577503695364e-06 -8.128957032348096660e-07
1.855282821518720955e-06 -9.376645910521658824e-06 -2.590288617929988074e-05 2.674263779877959269e-05 5.574746262154339210e-06 8.271648924948431583e-03 1.221371099538843272e-03 -9.817775244417050720e-05 1.159101781207665213e-06 -2.413329588823168998e-08 1.862440047092255075e-06 -3.543222999135331208e-08 9.052262039036535336e-05 -6.315420607338689326e-07 2.839404429760146266e-07 3.703526979799100964e-05 3.095113253253375767e-05 6.594920932460780281e-06
-4.076046706550682631e-06 2.060044228231866820e-05 5.690850617312585228e-05 -5.875343611221673149e-05 -1.224768853468341051e-05 -1.817276965389038809e-02 -2.683345951360793704e-03 2.156960113385986827e-04 -2.546540582950609120e-06 5.302072551014957125e-08 -4.091771093899434223e-06 7.784442495068112143e-08 -6.315420607338689326e-07 6.502652817443831633e-04 -6.238156759849284995e-07 -8.136629506586200925e-05 -6.799947714708841188e-05 -1.448900697776857896e-05
1.832585000125010888e-06 -9.261930551935596774e-06 -2.558598620197023954e-05 2.641546416826190196e-05 5.506543940920074576e-06 8.170452273013571742e-03 1.206428653701890636e-03 -9.697663040284770883e-05 1.144921147990004687e-06 -2.383804535642098802e-08 1.839654663076901605e-06 -3.499874652533044900e-08 2.839404429760146266e-07 -6.238156759849284995e-07 3.184589195272849687e-04 3.658217449123095632e-05 3.057247151653759779e-05 6.514237634100857236e-06
2.390299852885500260e-04 -1.208063540529752140e-03 -3.337262885504790715e-03 3.445454377886506079e-03 7.182363257906684492e-04 1.065698500471197852e+00 1.573583890113564587e-01 -1.264897537464542213e-02 1.493357662219935741e-04 -3.109273310904762039e-06 2.399521042796309465e-04 -4.564999640669739514e-06 3.703526979799100964e-05 -8.136629506586200925e-05 3.658217449123095632e-05 4.675082319375203355e+00 3.987666283601631716e-03 8.496730715022922679e-04
1.997622481021274954e-04 -1.009603411953181830e-03 -2.789018857661135133e-03 2.879436700918773951e-03 6.002447891019001367e-04 8.906260358766389107e-01 1.315076244877443068e-01 -1.057100745740060556e-02 1.248029545186446281e-04 -2.598483306604769229e-06 2.005328818050649588e-04 -3.815063577503695364e-06 3.095113253253375767e-05 -6.799947714708841188e-05 3.057247151653759779e-05 3.987666283601631716e-03 2.160345718540666482e+00 7.100891660527081616e-04
4.256439502300486081e-05 -2.151215199629658069e-04 -5.942709471481666872e-04 6.135367535460735508e-04 1.278973207228409435e-04 1.897703833881834723e-01 2.802102264273487534e-02 -2.252420272012035929e-03 2.659242327636340410e-05 -5.536725330927596211e-07 4.272859800761035116e-05 -8.128957032348096660e-07 6.594920932460780281e-06 -1.448900697776857896e-05 6.514237634100857236e-06 8.496730715022922679e-04 7.100891660527081616e-04 2.691953027493894091e+00
2.095195992123055368e-03 -1.745970768641148948e-05 2.886954217851775377e-05 6.336670723871781503e-05 2.598098502523776991e-05 1.649988926553650273e-02 3.116563763044081625e-03 -2.342535919351728020e-04 2.608481294614775035e-06 -9.563407830571050892e-08 3.949813096339356905e-06 -2.066537443642043314e-07 7.071906615891786321e-07 -1.476675627964879137e-06 7.603286099162083972e-07 6.037963835585022783e-05 7.947684234124106602e-05 3.089901515248227263e-05
-1.745970768641148948e-05 3.054104492329913489e-02 9.246188652821996947e-05 -2.967153503934375392e-04 -8.944026128364089318e-05 -8.508005121029062201e-02 -1.403203732144707276e-02 1.092805493921551957e-03 -1.256237407082597693e-05 3.508182473948199051e-07 -1.966355574474048769e-05 6.581591505250171189e-07 -3.245691927338992906e-06 6.964404833060416989e-06 -3.339452319119608997e-06 -3.517821314607296455e-04 -3.566680759052651812e-04 -1.061609941774158475e-04
2.886954217851775377e-05 9.246188652821996947e-05 2.883182934433110134e+01 -1.530450570900104357e-03 -1.511183334938936973e-03 -1.840317803101977345e-01 -9.066880326451694228e-02 5.769939007643705084e-03 -5.345159439394476982e-05 4.970196366972896984e-06 -6.334484641881610778e-05 1.348071179050941509e-05 -1.888342071703569142e-05 3.429759693633591290e-05 -2.442007429262547762e-05 4.358349430021900219e-04 -2.344249622930513234e-03 -1.802993100156685593e-03
6.336670723871781503e-05 -2.967153503934375392e-04 -1.530450570900104357e-03 1.538796642140536797e+00 3.259089086490696800e-05 2.516290830473204565e-01 3.088408484654535727e-02 -2.632512412014949114e-03 3.252859434961073053e-05 -2.963173208783738166e-07 5.449298025845933754e-05 1.756412271972841714e-07 7.511321448517169798e-06 -1.721234443420004755e-05 6.849805546259216269e-06 1.251058081248712824e-03 7.780421869804852964e-04 3.704748715399096086e-05
2.598098502523776991e-05 -8.944026128364089318e-05 -1.511183334938936973e-03 3.259089086490696800e-05 5.109305650954285127e+00 6.090248811469638202e-02 -2.159869874857346748e-03 -9.306609364255500683e-05 3.675319438010489005e-06 6.009909866732745807e-07 9.864687273858387920e-06 1.968471411558060067e-06 -7.694795826307608698e-08 -1.093686778424220047e-06 -1.089068062619796303e-06 4.939628620061357672e-04 -6.291617762706193612e-05 -2.423571884572655374e-04
1.649988926553650273e-02 -8.508005121029062201e-02 -1.840317803101977345e-01 2.516290830473204565e-01 6.090248811469638202e-02 3.997171324061928317e+04 1.163942199377799369e+01 -9.248548448128284249e-01 1.081502695088772115e-02 -2.525109233219519967e-04 1.721780563910809553e-02 -4.145530404988146018e-04 2.722005256164919135e-03 -5.929285467362067734e-03 2.729576289177519221e-03 3.303671746475111970e-01 2.952882125207442199e-01 7.215577069901381313e-02
3.116563763044081625e-03 -1.403203732144707276e-02 -9.066880326451694228e-02 3.088408484654535727e-02 -2.159869874857346748e-03 1.163942199377799369e+01 1.363619614278056815e+03 -1.122903851238577916e-01 1.431514136238154055e-03 -1.985714964530829161e-06 2.462719809717738104e-03 4.168109107716874538e-05 3.144296883645030069e-04 -7.426498084921142511e-04 2.689855807419914567e-04 6.120001489032306230e-02 3.161210842352834421e-02 -2.665212708072222519e-03
-2.342535919351728020e-04 1.092805493921551957e-03 5.769939007643705084e-03 -2.632512412014949114e-03 -9.306609364255500683e-05 -9.248548448128284249e-01 -1.122903851238577916e-01 1.226303644982678698e+01 -1.190249558627298195e-04 1.003707149688552885e-06 -1.998652289071574958e-04 -8.900572299969431915e-07 -2.736707296999952321e-05 6.287342262512065597e-05 -2.482753227070560073e-05 -4.622492721020254533e-03 -2.827777357407237121e-03 -1.042622678826385016e-04
2.608481294614775035e-06 -1.256237407082597693e-05 -5.345159439394476982e-05 3.252859434961073053e-05 3.675319438010489005e-06 1.081502695088772115e-02 1.431514136238154055e-03 -1.190249558627298195e-04 7.618679867086770603e-04 -2.000510361570769271e-08 2.378034079581931110e-06 -1.326307978727232081e-08 3.433137339530093790e-07 -7.729864176448212097e-07 3.240886899451473622e-07 5.170476182808877080e-05 3.615507786796048786e-05 4.308136654659434282e-06
-9.563407830571050892e-08 3.508182473948199051e-07 4.970196366972896984e-06 -2.963173208783738166e-07 6.009909866732745807e-07 -2.525109233219519967e-04 -1.985714964530829161e-06 1.003707149688552885e-06 -2.000510361570769271e-08 7.547077074963310004e-06 -4.467551815727641693e-08 -5.974549725921122405e-09 -1.832760293442112393e-09 8.023310611619157768e-09 1.396138317605814909e-09 -1.830965805925701416e-06 -2.442262686182805151e-08 7.194579211386175645e-07
3.949813096339356905e-06 -1.966355574474048769e-05 -6.334484641881610778e-05 5.449298025845933754e-05 9.864687273858387920e-06 1.721780563910809553e-02 2.462719809717738104e-03 -1.998652289071574958e-04 2.378034079581931110e-06 -4.467551815727641693e-08 3.915235087847663371e-04 -5.783836944368927133e-08 5.826960431181558973e-07 -1.289194913437834242e-06 5.683349781590569714e-07 7.867028398441689178e-05 6.235011032172984430e-05 1.165077780380728461e-05
-2.066537443642043314e-07 6.581591505250171189e-07 1.348071179050941509e-05 1.756412271972841714e-07 1.968471411558060067e-06 -4.145530404988146018e-04 4.168109107716874538e-05 -8.900572299969431915e-07 -1.326307978727232081e-08 -5.974549725921122405e-09 -5.783836944368927133e-08 2.602106681934210285e-05 5.829919831308272510e-09 -1.158338362852270010e-09 1.510503391963035365e-08 -3.897620276892486461e-06 1.131742107338376389e-06 2.353435840421139044e-06
7.071906615891786321e-07 -3.245691927338992906e-06 -1.888342071703569142e-05 7.511321448517169798e-06 -7.694795826307608698e-08 2.722005256164919135e-03 3.144296883645030069e-04 -2.736707296999952321e-05 3.433137339530093790e-07 -1.832760293442112393e-09 5.826960431181558973e-07 5.829919831308272510e-09 2.895263955011685508e-05 -1.799261135881811399e-07 6.849284703348817960e-08 1.392343194319442022e-05 7.903865382147406428e-06 -1.120631971808485642e-07
-1.476675627964879137e-06 6.964404833060416989e-06 3.429759693633591290e-05 -1.721234443420004755e-05 -1.093686778424220047e-06 -5.929285467362067734e-03 -7.426498084921142511e-04 6.287342262512065597e-05 -7.729864176448212097e-07 8.023310611619157768e-09 -1.289194913437834242e-06 -1.158338362852270010e-09 -1.799261135881811399e-07 2.080512308616687888e-04 -1.656568990840459871e-07 -2.918359757213128213e-05 -1.872224202758087335e-05 -1.261892569671366553e-06
7.603286099162083972e-07 -3.339452319119608997e-06 -2.442007429262547762e-05 6.849805546259216269e-06 -1.089068062619796303e-06 2.729576289177519221e-03 2.689855807419914567e-04 -2.482753227070560073e-05 3.240886899451473622e-07 1.396138317605814909e-09 5.683349781590569714e-07 1.510503391963035365e-08 6.849284703348817960e-08 -1.656568990840459871e-07 1.018725825503274788e-04 1.488117283110219637e-05 6.718091614568356108e-06 -1.320594115620303661e-06
6.037963835585022783e-05 -3.517821314607296455e-04 4.358349430021900219e-04 1.251058081248712824e-03 4.939628620061357672e-04 3.303671746475111970e-01 6.120001489032306230e-02 -4.622492721020254533e-03 5.170476182808877080e-05 -1.830965805925701416e-06 7.867028398441689178e-05 -3.897620276892486461e-06 1.392343194319442022e-05 -2.918359757213128213e-05 1.488117283110219637e-05 1.495732226518732721e+00 1.559999254045463983e-03 5.873432130925673993e-04
7.947684234124106602e-05 -3.566680759052651812e-04 -2.344249622930513234e-03 7.780421869804852964e-04 -6.291617762706193612e-05 2.952882125207442199e-01 3.161210842352834421e-02 -2.827777357407237121e-03 3.615507786796048786e-05 -2.442262686182805151e-08 6.235011032172984430e-05 1.131742107338376389e-06 7.903865382147406428e-06 -1.872224202758087335e-05 6.718091614568356108e-06 1.559999254045463983e-03 6.910365018921814650e-01 -7.731205731398554243e-05
3.089901515248227263e-05 -1.061609941774158475e-04 -1.802993100156685593e-03 3.704748715399096086e-05 -2.423571884572655374e-04 7.215577069901381313e-02 -2.665212708072222519e-03 -1.042622678826385016e-04 4.308136654659434282e-06 7.194579211386175645e-07 1.165077780380728461e-05 2.353435840421139044e-06 -1.120631971808485642e-07 -1.261892569671366553e-06 -1.320594115620303661e-06 5.873432130925673993e-04 -7.731205731398554243e-05 8.610866416026570214e-01
6.709134358017350636e-04 -7.996204944716594031e-06 1.778690659443906959e-05 2.041828347489972243e-05 -2.234836092168783755e-05 5.178039122705077602e-03 1.862769372101637060e-03 -8.476538553606970908e-05 5.347877268109907386e-07 -6.093477126404270784e-08 1.428978724367633586e-06 -5.795719341854505801e-08 3.120542071908660164e-07 -4.055963947919690568e-07 2.385095723832517224e-07 -1.205105707664314349e-06 3.088086743699582472e-05 6.443543933821559311e-07
-7.996204944716594031e-06 9.786011055241862142e-03 -1.610491880418406596e-05 -9.570222406866726590e-05 1.352695981129494764e-04 -2.668082285134409232e-02 -9.116200958203210872e-03 4.021015970040217168e-04 -2.416847672548256916e-06 2.743862732128557702e-07 -7.174472114657674437e-06 1.669313985059888578e-07 -1.496973968837863430e-06 1.870814938276287457e-06 -1.042992255793313031e-06 -2.855246367470503036e-06 -1.432549390212225083e-04 1.543426878712957586e-05
1.778690659443906959e-05 -1.610491880418406596e-05 9.226347530188151680e+00 -4.870710655395631963e-04 -1.065141804965530998e-03 -6.082336212678683685e-02 -1.259890009398421939e-02 1.660426175089605794e-03 -2.279313136727761113e-05 1.015166495727572233e-06 -1.714010941290250033e-05 4.468823987874637089e-06 -4.416236853494274136e-06 1.224486030437192398e-05 -7.905380301558029705e-06 -2.498551251407801700e-04 -6.468238591889683819e-04 -7.522735527093987826e-04
2.041828347489972243e-05 -9.570222406866726590e-05 -4.870710655395631963e-04 4.924149695552516026e-01 8.411587449183552848e-07 8.048943504585170938e-02 1.015353457176422676e-02 -8.454697029480548595e-04 1.031536487936186150e-05 -1.043061516338533887e-07 1.748936033104556782e-05 5.876053397862585438e-08 2.430437419546251076e-06 -5.487018507045536119e-06 2.190438222248089784e-06 3.939200333861354593e-04 2.506771465820462909e-04 8.964856923820238796e-06
-2.234836092168783755e-05 1.352695981129494764e-04 -1.065141804965530998e-03 8.411587449183552848e-07 1.637063756736623077e+00 2.642276337842467543e-02 -5.956883685666668898e-02 6.371990461862447929e-04 2.158002677497056337e-05 2.255787826847504910e-06 -8.070838063183360174e-06 7.397102274680641868e-08 -5.858395857014598827e-06 -4.903881216272616931e-06 -2.225925468669666047e-08 1.554487872474916328e-03 -3.907784174282098277e-04 5.512675973705393525e-04
5.178039122705077602e-03 -2.668082285134409232e-02 -6.082336212678683685e-02 8.048943504585170938e-02 2.642276337842467543e-02 1.279097128641787458e+04 3.528897883972148986e+00 -2.937364203661872453e-01 3.528633955496331999e-03 -7.394424718203621439e-05 5.472375990229302878e-03 -1.345049901355055118e-04 8.516494541849267599e-04 -1.912509117446205492e-03 8.745488856379521380e-04 1.103593789842797351e-01 9.326015443483223755e-02 2.518013339027650593e-02
1.862769372101637060e-03 -9.116200958203210872e-03 -1.259890009398421939e-02 1.015353457176422676e-02 -5.956883685666668898e-02 3.528897883972148986e+00 4.380201494001687479e+02 -5.475900971634312803e-02 -1.178336975882451659e-04 -5.887865441015857100e-05 1.104977201345126812e-03 2.902982628898881603e-05 2.652807187639749957e-04 -1.091101756090794738e-04 7.686691153777258287e-05 -1.983113716559362430e-02 2.057765360851638095e-02 -1.860190393363495009e-02
-8.476538553606970908e-05 4.021015970040217168e-04 1.660426175089605794e-03 -8.454697029480548595e-04 6.371990461862447929e-04 -2.937364203661872453e-01 -5.475900971634312803e-02 3.924384930282029949e+00 -3.156384875075383148e-05 9.809792525927241426e-07 -6.754686875508046791e-05 -4.625795902478132517e-07 -1.062280703530433170e-05 1.866338921412340841e-05 -7.840494562970256028e-06 -1.032693668405392342e-03 -1.023402247592901555e-03 1.677013289949900500e-04
5.347877268109907386e-07 -2.416847672548256916e-06 -2.279313136727761113e-05 1.031536487936186150e-05 2.158002677497056337e-05 3.528633955496331999e-03 -1.178336975882451659e-04 -3.156384875075383148e-05 2.439973388865134712e-04 1.378242320783574943e-08 6.511475586045737232e-07 -9.682169595673357103e-09 5.279673385198837171e-08 -2.919001208853808536e-07 1.068995564482086902e-07 3.020475089449113512e-05 7.944119410399856082e-06 7.529491434279087748e-06
-6.093477126404270784e-08 2.743862732128557702e-07 1.015166495727572233e-06 -1.043061516338533887e-07 2.255787826847504910e-06 -7.394424718203621439e-05 -5.887865441015857100e-05 9.809792525927241426e-07 1.378242320783574943e-08 2.417105899194184867e-06 -2.540271832852583009e-08 -2.461805056288762073e-09 -6.357392358616587029e-09 -1.937370214043871574e-09 7.694912695006407511e-10 7.954631874861549016e-07 -3.744664898342289986e-07 8.522723863884829467e-07
1.428978724367633586e-06 -7.174472114657674437e-06 -1.714010941290250033e-05 1.748936033104556782e-05 -8.070838063183360174e-06 5.472375990229302878e-03 1.104977201345126812e-03 -6.754686875508046791e-05 6.511475586045737232e-07 -2.540271832852583009e-08 1.253479546067758879e-04 -1.551595326482966483e-08 2.178627921639043527e-07 -3.880311711895726180e-07 1.801112050426781717e-07 1.765831471560773693e-05 2.194701919491631861e-05 3.436389807651187511e-07
-5.795719341854505801e-08 1.669313985059888578e-07 4.468823987874637089e-06 5.876053397862585438e-08 7.397102274680641868e-08 -1.345049901355055118e-04 2.902982628898881603e-05 -4.625795902478132517e-07 -9.682169595673357103e-09 -2.461805056288762073e-09 -1.551595326482966483e-08 8.326889549367903624e-06 3.420371407618289890e-09 8.430219348611308374e-10 4.746661814207922187e-09 -1.619407497683864431e-06 4.609405739526948654e-07 5.855080112563052789e-07
3.120542071908660164e-07 -1.496973968837863430e-06 -4.416236853494274136e-06 2.430437419546251076e-06 -5.858395857014598827e-06 8.516494541849267599e-04 2.652807187639749957e-04 -1.062280703530433170e-05 5.279673385198837171e-08 -6.357392358616587029e-09 2.178627921639043527e-07 3.420371407618289890e-09 9.281159969106913472e-06 -4.484045900796970049e-08 2.100530849675281902e-08 5.501307318434571132e-07 3.565820561289957338e-06 -1.794486584912855421e-06
-4.055963947919690568e-07 1.870814938276287457e-06 1.224486030437192398e-05 -5.487018507045536119e-06 -4.903881216272616931e-06 -1.912509117446205492e-03 -1.091101756090794738e-04 1.866338921412340841e-05 -2.919001208853808536e-07 -1.937370214043871574e-09 -3.880311711895726180e-07 8.430219348611308374e-10 -4.484045900796970049e-08 6.658633564518520482e-05 -5.372243830956488330e-08 -1.238732033213739936e-05 -5.181949843235628429e-06 -1.776607033367367780e-06
2.385095723832517224e-07 -1.042992255793313031e-06 -7.905380301558029705e-06 2.190438222248089784e-06 -2.225925468669666047e-08 8.745488856379521380e-04 7.686691153777258287e-05 -7.840494562970256028e-06 1.068995564482086902e-07 7.694912695006407511e-10 1.801112050426781717e-07 4.746661814207922187e-09 2.100530849675281902e-08 -5.372243830956488330e-08 3.259927744046558443e-05 4.980375483555096158e-06 2.091820367148450473e-06 -3.242423147129990626e-07
-1.205105707664314349e-06 -2.855246367470503036e-06 -2.498551251407801700e-04 3.939200333861354593e-04 1.554487872474916328e-03 1.103593789842797351e-01 -1.983113716559362430e-02 -1.032693668405392342e-03 3.020475089449113512e-05 7.954631874861549016e-07 1.765831471560773693e-05 -1.619407497683864431e-06 5.501307318434571132e-07 -1.238732033213739936e-05 4.980375483555096158e-06 4.795691333605184847e-01 2.510745780905733514e-04 6.089090945663019807e-04
3.088086743699582472e-05 -1.432549390212225083e-04 -6.468238591889683819e-04 2.506771465820462909e-04 -3.907784174282098277e-04 9.326015443483223755e-02 2.057765360851638095e-02 -1.023402247592901555e-03 7.944119410399856082e-06 -3.744664898342289986e-07 2.194701919491631861e-05 4.609405739526948654e-07 3.565820561289957338e-06 -5.181949843235628429e-06 2.091820367148450473e-06 2.510745780905733514e-04 2.211975393258345801e-01 -1.364731303903885830e-04
6.443543933821559311e-07 1.543426878712957586e-05 -7.522735527093987826e-04 8.964856923820238796e-06 5.512675973705393525e-04 2.518013339027650593e-02 -1.860190393363495009e-02 1.677013289949900500e-04 7.529491434279087748e-06 8.522723863884829467e-07 3.436389807651187511e-07 5.855080112563052789e-07 -1.794486584912855421e-06 -1.776607033367367780e-06 -3.242423147129990626e-07 6.089090945663019807e-04 -1.364731303903885830e-04 2.757372875153830116e-01
2.149005326892047504e-04 -3.660624771752058016e-06 1.133092230607551514e-05 1.647534684111964555e-06 -1.047402410591502141e-05 2.879457649567745709e-03 4.990014841934202776e-04 -1.529201762535150445e-05 6.505702504580326313e-08 -2.959674801157796366e-08 4.818146758869490200e-07 -5.165194797913301398e-08 1.027716645380692367e-07 -1.812667024036870705e-07 7.666364559193997558e-08 -1.509802353074902163e-06 7.106712422755385285e-06 -3.356056619127282173e-06
-3.660624771752058016e-06 3.137353777087045596e-03 -3.499220607428983430e-05 -4.769403099256690731e-06 6.086710718215394524e-05 -1.500648509743218902e-02 -2.403473107943629450e-03 6.606022235784929743e-05 -2.121088753208598989e-07 1.412338626498702875e-07 -2.425689162225726434e-06 2.285922874084669698e-07 -4.944524076460674257e-07 8.710386077770016122e-07 -3.355596696813846815e-07 5.034713368640784287e-06 -3.115715337424943096e-05 2.378815079477237331e-05
1.133092230607551514e-05 -3.499220607428983430e-05 2.952583921049994231e+00 -2.881878456396252974e-04 -4.308224871745836362e-04 1.364233878611016519e-02 -6.660774960200436037e-03 8.517803429053069121e-04 -1.016639392217837705e-05 5.140211921178796984e-08 -4.820233207356656667e-06 5.334979380550852960e-07 -1.334273868391159337e-06 2.524350488154780335e-06 -2.520498468744194464e-06 -1.103969673084887929e-04 -2.821371898447548382e-04 -3.371959406137305538e-04
1.647534684111964555e-06 -4.769403099256690731e-06 -2.881878456396252974e-04 1.576874505547920524e-01 7.823474010048867629e-05 -2.929717783541628366e-03 5.527281348284778829e-03 -5.482164404974730490e-04 5.790030522560063281e-06 2.035686884521667222e-07 5.020714859153060403e-06 7.956469468019051430e-07 7.093537722518890238e-07 -5.479344983029153615e-07 6.929482628734120047e-07 1.524336903967686400e-04 1.453375795441215089e-04 8.645905904335250301e-05
-1.047402410591502141e-05 6.086710718215394524e-05 -4.308224871745836362e-04 7.823474010048867629e-05 5.239134164086886036e-01 -1.105056605769121764e-02 -1.751295380404921734e-02 1.509903545328809406e-05 8.598131405762034243e-06 8.829687375554592680e-07 -2.974249643151831526e-06 5.519011015389481474e-07 -1.921187244240411900e-06 -7.478983837277715860e-07 -1.255726064110984072e-08 5.153732396463141458e-04 -8.076883619172462358e-05 2.332445358902850467e-04
2.879457649567745709e-03 -1.500648509743218902e-02 1.364233878611016519e-02 -2.929717783541628366e-03 -1.105056605769121764e-02 4.100287715526337706e+03 5.592872890704222444e-01 -2.452762994238022118e-02 5.064228417188972433e-04 -8.294276296738675844e-05 1.895237220415586310e-03 -2.373965494763220156e-04 2.896370574456966153e-04 -9.142047698749506323e-04 2.818551175042348215e-04 2.871528954661781499e-02 1.355095017612653260e-02 -1.285543459189180705e-02
4.990014841934202776e-04 -2.403473107943629450e-03 -6.660774960200436037e-03 5.527281348284778829e-03 -1.751295380404921734e-02 5.592872890704222444e-01 1.402117116775297347e+02 -2.303974641650965646e-02 1.174865486186021226e-05 -1.413334893815119551e-05 3.421507124140610073e-04 2.472441122108086107e-05 8.353108552595925004e-05 -1.091563449114606491e-05 2.443862172556434081e-05 -5.821842072978164993e-03 7.878716202697196719e-03 -4.291779123218624446e-03
-1.529201762535150445e-05 6.606022235784929743e-05 8.517803429053069121e-04 -5.482164404974730490e-04 1.509903545328809406e-05 -2.452762994238022118e-02 -2.303974641650965646e-02 1.256475585531287908e+00 -1.612817281867549298e-05 -2.598865004311304950e-07 -2.022042200429099835e-05 -2.029262122647708541e-06 -3.233691385505799836e-06 3.047156098397792093e-06 -2.489604578063183724e-06 -3.943431327667385909e-04 -4.851881763051244206e-04 -1.487613271050197683e-04
6.505702504580326313e-08 -2.121088753208598989e-07 -1.016639392217837705e-05 5.790030522560063281e-06 8.598131405762034243e-06 5.064228417188972433e-04 1.174865486186021226e-05 -1.612817281867549298e-05 7.813318360207912954e-05 9.554154043832403405e-09 1.958656643272161469e-07 1.376588700074194563e-08 1.541038658392805722e-08 -6.718598080132085265e-08 3.403436367486348072e-08 1.023817734188634157e-05 3.955801186931681350e-06 4.224065192858747282e-06
-2.959674801157796366e-08 1.412338626498702875e-07 5.140211921178796984e-08 2.035686884521667222e-07 8.829687375554592680e-07 -8.294276296738675844e-05 -1.413334893815119551e-05 -2.598865004311304950e-07 9.554154043832403405e-09 7.739635403914516246e-07 -9.318932599305906748e-09 8.175774433808033351e-10 -2.175686328870141955e-09 1.876202635544404832e-09 2.297217234947455411e-10 3.090612667860671976e-07 1.474370272791587733e-08 4.454673691331297198e-07
4.818146758869490200e-07 -2.425689162225726434e-06 -4.820233207356656667e-06 5.020714859153060403e-06 -2.974249643151831526e-06 1.895237220415586310e-03 3.421507124140610073e-04 -2.022042200429099835e-05 1.958656643272161469e-07 -9.318932599305906748e-09 4.011423782921478670e-05 -8.866795837942209250e-09 7.005956265793414478e-08 -1.302367004740499039e-07 5.767572521175765592e-08 5.518170982648826326e-06 6.695976967673341977e-06 -3.098671793382945222e-07
-5.165194797913301398e-08 2.285922874084669698e-07 5.334979380550852960e-07 7.956469468019051430e-07 5.519011015389481474e-07 -2.373965494763220156e-04 2.472441122108086107e-05 -2.029262122647708541e-06 1.376588700074194563e-08 8.175774433808033351e-10 -8.866795837942209250e-09 2.669867906954969818e-06 6.311903658059055701e-10 8.453578274024062482e-09 1.464784797263601398e-09 -3.394861634154527554e-07 5.887064259922179785e-07 7.537015052514709919e-07
1.027716645380692367e-07 -4.944524076460674257e-07 -1.334273868391159337e-06 7.093537722518890238e-07 -1.921187244240411900e-06 2.896370574456966153e-04 8.353108552595925004e-05 -3.233691385505799836e-06 1.541038658392805722e-08 -2.175686328870141955e-09 7.005956265793414478e-08 6.311903658059055701e-10 2.970011977315555853e-06 -1.506937476143190108e-08 6.726465324042509484e-09 1.603085874026242145e-07 1.102222888536355476e-06 -6.240910068306736391e-07
-1.812667024036870705e-07 8.710386077770016122e-07 2.524350488154780335e-06 -5.479344983029153615e-07 -7.478983837277715860e-07 -9.142047698749506323e-04 -1.091563449114606491e-05 3.047156098397792093e-06 -6.718598080132085265e-08 1.876202635544404832e-09 -1.302367004740499039e-07 8.453578274024062482e-09 -1.506937476143190108e-08 2.132035238663871441e-05 -1.727537321850151305e-08 -3.686044802162315275e-06 -9.721951139018467166e-07 3.120842361274778627e-07
7.666364559193997558e-08 -3.355596696813846815e-07 -2.520498468744194464e-06 6.929482628734120047e-07 -1.255726064110984072e-08 2.818551175042348215e-04 2.443862172556434081e-05 -2.489604578063183724e-06 3.403436367486348072e-08 2.297217234947455411e-10 5.767572521175765592e-08 1.464784797263601398e-09 6.726465324042509484e-09 -1.727537321850151305e-08 1.043176933799931492e-05 1.591881485458633425e-06 6.648435086132701009e-07 -1.095838910550891820e-07
-1.509802353074902163e-06 5.034713368640784287e-06 -1.103969673084887929e-04 1.524336903967686400e-04 5.153732396463141458e-04 2.871528954661781499e-02 -5.821842072978164993e-03 -3.943431327667385909e-04 1.023817734188634157e-05 3.090612667860671976e-07 5.518170982648826326e-06 -3.394861634154527554e-07 1.603085874026242145e-07 -3.686044802162315275e-06 1.591881485458633425e-06 1.534681916147958292e-01 9.532587956022749382e-05 2.140820834564003609e-04
7.106712422755385285e-06 -3.115715337424943096e-05 -2.821371898447548382e-04 1.453375795441215089e-04 -8.076883619172462358e-05 1.355095017612653260e-02 7.878716202697196719e-03 -4.851881763051244206e-04 3.955801186931681350e-06 1.474370272791587733e-08 6.695976967673341977e-06 5.887064259922179785e-07 1.102222888536355476e-06 -9.721951139018467166e-07 6.648435086132701009e-07 9.532587956022749382e-05 7.082019775493890446e-02 3.803403446380729330e-06
-3.356056619127282173e-06 2.378815079477237331e-05 -3.371959406137305538e-04 8.645905904335250301e-05 2.332445358902850467e-04 -1.285543459189180705e-02 -4.291779123218624446e-03 -1.487613271050197683e-04 4.224065192858747282e-06 4.454673691331297198e-07 -3.098671793382945222e-07 7.537015052514709919e-07 -6.240910068306736391e-07 3.120842361274778627e-07 -1.095838910550891820e-07 2.140820834564003609e-04 3.803403446380729330e-06 8.829687148647993866e-02
