{
    "R": [
        [
            0.006403120030544256,
            5.2266186222166963e-05,
            -0.0009228045728586689,
            -1.218081385312663e-05,
            0.0004927424030680071,
            0.01770977674947113,
            0.02504458588354516,
            -0.02303126827598745,
            -1.0563608294451917e-05,
            -5.225102079756605e-06,
            -1.8637783672630666e-07,
            2.7890432495260858e-06,
            -3.8595301493975e-07,
            -2.9282460410758125e-07,
            -2.4399164761533115e-06,
            -4.818745856555198e-07,
            1.349276005427941e-05,
            9.784243922850983e-06
        ],
        [
            0.0,
            0.05743817797177162,
            0.001288427012966005,
            3.030096469042993e-05,
            0.001471625230751355,
            0.006432467632542444,
            0.014883040297146039,
            -0.024546741014630294,
            -9.027313100673077e-05,
            -9.338675732231169e-07,
            -5.235666148572486e-06,
            1.5739222126816622e-06,
            4.334433612607728e-06,
            1.9324038281305833e-05,
            4.155915233915223e-06,
            -4.108443077687414e-08,
            1.6219009355551885e-05,
            2.3607613603657674e-05
        ],
        [
            0.0,
            0.0,
            1.8770522512916392,
            -5.452241947918462e-05,
            0.00013169707673268667,
            -0.02598121878473119,
            -0.0024645578540906598,
            -0.0024472267127892354,
            -3.085034224255619e-05,
            8.02940916131444e-06,
            -3.287780766273e-06,
            1.969837151610538e-06,
            3.121676610315496e-06,
            9.150908873175172e-06,
            4.830944273949463e-08,
            7.190313899830105e-07,
            -4.774232376008362e-05,
            -8.258711460641682e-06
        ],
        [
            0.0,
            0.0,
            0.0,
            0.17596542332846868,
            0.00027459073455850193,
            0.0353606270194119,
            -0.004153142694675048,
            0.00842642510262687,
            6.091329663043317e-06,
            -2.096137142727374e-06,
            6.217930050168253e-07,
            -6.359642778745371e-07,
            -2.3804142788580834e-07,
            -9.049025720224414e-08,
            6.092565363772709e-07,
            -3.43440716456251e-07,
            9.822906384988614e-06,
            3.116644819783081e-06
        ],
        [
            0.0,
            0.0,
            0.0,
            0.0,
            0.42818793277531253,
            0.14061009745932754,
            0.01901027010291024,
            -0.005556948607818216,
            -4.265045368728086e-05,
            -5.266751362710688e-06,
            -2.8906816200025906e-06,
            4.718209422733409e-06,
            3.320900930773988e-06,
            1.4090856429285412e-05,
            -8.90124482346157e-07,
            -1.156035419808858e-06,
            -6.926820094159376e-06,
            1.7974778363515918e-05
        ],
        [
            0.0,
            0.0,
            0.0,
            0.0,
            0.0,
            64.92877420289442,
            0.004071356471720446,
            0.019815434476142188,
            4.4741197091593796e-05,
            -4.8251752557779994e-06,
            2.2124945737172303e-06,
            3.1675002684201625e-06,
            -8.242737588920935e-07,
            -4.243435266381205e-06,
            -4.789014497017702e-06,
            -1.2030122162855742e-06,
            -2.1100892231412113e-05,
            -3.918129852281327e-06
        ],
        [
            0.0,
            0.0,
            0.0,
            0.0,
            0.0,
            0.0,
            26.795696668737214,
            -0.017450015652459117,
            -6.0074771244485405e-06,
            -2.3530822486495637e-06,
            -3.8492705459517755e-07,
            2.8119694833474536e-06,
            -2.8679882618314237e-08,
            -1.716654752604336e-07,
            -2.6755726358169593e-06,
            -2.395531556067817e-07,
            -3.308106369758835e-06,
            3.4198439667587296e-06
        ],
        [
            0.0,
            0.0,
            0.0,
            0.0,
            0.0,
            0.0,
            0.0,
            21.50501016007116,
            4.3170747300997635e-05,
            8.322163153475544e-07,
            2.240982134102834e-06,
            -1.566985315811229e-06,
            -9.386125077913812e-07,
            -4.769196522537992e-06,
            -2.8435420289715265e-07,
            -2.9412833563881377e-07,
            -1.3491426675334897e-05,
            -1.0502136820213315e-05
        ],
        [
            0.0,
            0.0,
            0.0,
            0.0,
            0.0,
            0.0,
            0.0,
            0.0,
            0.021904256467689433,
            -5.035808977010888e-06,
            8.598568435643504e-06,
            1.7797415656495938e-06,
            -6.346274468074197e-06,
            -2.831017119200001e-05,
            -1.0370685644494025e-05,
            -1.227214377570408e-06,
            -3.499705557166149e-05,
            -3.0032920110981272e-05
        ],
        [
            0.0,
            0.0,
            0.0,
            0.0,
            0.0,
            0.0,
            0.0,
            0.0,
            0.0,
            0.008353412051677127,
            -1.621681305478561e-06,
            6.393359730232586e-08,
            1.5241573381812854e-06,
            3.957697540549067e-06,
            6.944041323785692e-07,
            6.485346847523073e-07,
            -2.7731320085172288e-05,
            -7.94602120752089e-06
        ],
        [
            0.0,
            0.0,
            0.0,
            0.0,
            0.0,
            0.0,
            0.0,
            0.0,
            0.0,
            0.0,
            0.0024627164433632257,
            -7.31632601662373e-07,
            -4.1134192189750445e-06,
            -1.59550218533742e-05,
            -3.7356368347361397e-06,
            -7.632823369001223e-07,
            1.0710367053220984e-05,
            -8.487141718235439e-06
        ],
        [
            0.0,
            0.0,
            0.0,
            0.0,
            0.0,
            0.0,
            0.0,
            0.0,
            0.0,
            0.0,
            0.0,
            0.0033801672693222536,
            7.13235579359591e-07,
            -2.3729427665660406e-07,
            -6.492422815653839e-06,
            -3.85896815602815e-07,
            -4.838241180015322e-05,
            -7.652955989309078e-06
        ],
        [
            0.0,
            0.0,
            0.0,
            0.0,
            0.0,
            0.0,
            0.0,
            0.0,
            0.0,
            0.0,
            0.0,
            0.0,
            0.0017300720773036691,
            1.938853742798338e-05,
            3.727210731770622e-06,
            7.386191211497325e-07,
            -2.822264016877722e-05,
            5.9449113289843e-06
        ],
        [
            0.0,
            0.0,
            0.0,
            0.0,
            0.0,
            0.0,
            0.0,
            0.0,
            0.0,
            0.0,
            0.0,
            0.0,
            0.0,
            0.004305693603392379,
            9.101449428526207e-06,
            1.0021664872635105e-06,
            -1.158864429663545e-06,
            2.2556924374340383e-05
        ],
        [
            0.0,
            0.0,
            0.0,
            0.0,
            0.0,
            0.0,
            0.0,
            0.0,
            0.0,
            0.0,
            0.0,
            0.0,
            0.0,
            0.0,
            0.002528944654884595,
            9.782597382877435e-07,
            7.657891469225633e-05,
            2.4695048539701236e-05
        ],
        [
            0.0,
            0.0,
            0.0,
            0.0,
            0.0,
            0.0,
            0.0,
            0.0,
            0.0,
            0.0,
            0.0,
            0.0,
            0.0,
            0.0,
            0.0,
            0.0009156344984690211,
            -7.463339727097984e-06,
            -2.8435310727762443e-06
        ],
        [
            0.0,
            0.0,
            0.0,
            0.0,
            0.0,
            0.0,
            0.0,
            0.0,
            0.0,
            0.0,
            0.0,
            0.0,
            0.0,
            0.0,
            0.0,
            0.0,
            0.03243572960274833,
            2.23887794746337e-05
        ],
        [
            0.0,
            0.0,
            0.0,
            0.0,
            0.0,
            0.0,
            0.0,
            0.0,
            0.0,
            0.0,
            0.0,
            0.0,
            0.0,
            0.0,
            0.0,
            0.0,
            0.0,
            0.016491184049343764
        ]
    ],
    "RDR": [
        [
            [
                0.006403120030544256,
                5.2266186222166963e-05,
                -0.0009228045728586689,
                -1.218081385312663e-05,
                0.0004927424030680071,
                0.01770977674947113,
                0.02504458588354516,
                -0.02303126827598745,
                -1.0563608294451917e-05,
                -5.225102079756605e-06,
                -1.8637783672630666e-07,
                2.7890432495260858e-06,
                -3.8595301493975e-07,
                -2.9282460410758125e-07,
                -2.4399164761533115e-06,
                -4.818745856555198e-07,
                1.349276005427941e-05,
                9.784243922850983e-06
            ],
            [
                0.0,
                0.05743817797177162,
                0.001288427012966005,
                3.030096469042993e-05,
                0.001471625230751355,
                0.006432467632542444,
                0.014883040297146039,
                -0.024546741014630294,
                -9.027313100673077e-05,
                -9.338675732231169e-07,
                -5.235666148572486e-06,
                1.5739222126816622e-06,
                4.334433612607728e-06,
                1.9324038281305833e-05,
                4.155915233915223e-06,
                -4.108443077687414e-08,
                1.6219009355551885e-05,
                2.3607613603657674e-05
            ],
            [
                0.0,
                0.0,
                1.8770522512916392,
                -5.452241947918462e-05,
                0.00013169707673268667,
                -0.02598121878473119,
                -0.0024645578540906598,
                -0.0024472267127892354,
                -3.085034224255619e-05,
                8.02940916131444e-06,
                -3.287780766273e-06,
                1.969837151610538e-06,
                3.121676610315496e-06,
                9.150908873175172e-06,
                4.830944273949463e-08,
                7.190313899830105e-07,
                -4.774232376008362e-05,
                -8.258711460641682e-06
            ],
            [
                0.0,
                0.0,
                0.0,
                0.17596542332846868,
                0.00027459073455850193,
                0.0353606270194119,
                -0.004153142694675048,
                0.00842642510262687,
                6.091329663043317e-06,
                -2.096137142727374e-06,
                6.217930050168253e-07,
                -6.359642778745371e-07,
                -2.3804142788580834e-07,
                -9.049025720224414e-08,
                6.092565363772709e-07,
                -3.43440716456251e-07,
                9.822906384988614e-06,
                3.116644819783081e-06
            ],
            [
                0.0,
                0.0,
                0.0,
                0.0,
                0.42818793277531253,
                0.14061009745932754,
                0.01901027010291024,
                -0.005556948607818216,
                -4.265045368728086e-05,
                -5.266751362710688e-06,
                -2.8906816200025906e-06,
                4.718209422733409e-06,
                3.320900930773988e-06,
                1.4090856429285412e-05,
                -8.90124482346157e-07,
                -1.156035419808858e-06,
                -6.926820094159376e-06,
                1.7974778363515918e-05
            ],
            [
                0.0,
                0.0,
                0.0,
                0.0,
                0.0,
                64.92877420289442,
                0.004071356471720446,
                0.019815434476142188,
                4.4741197091593796e-05,
                -4.8251752557779994e-06,
                2.2124945737172303e-06,
                3.1675002684201625e-06,
                -8.242737588920935e-07,
                -4.243435266381205e-06,
                -4.789014497017702e-06,
                -1.2030122162855742e-06,
                -2.1100892231412113e-05,
                -3.918129852281327e-06
            ],
            [
                0.0,
                0.0,
                0.0,
                0.0,
                0.0,
                0.0,
                26.795696668737214,
                -0.017450015652459117,
                -6.0074771244485405e-06,
                -2.3530822486495637e-06,
                -3.8492705459517755e-07,
                2.8119694833474536e-06,
                -2.8679882618314237e-08,
                -1.716654752604336e-07,
                -2.6755726358169593e-06,
                -2.395531556067817e-07,
                -3.308106369758835e-06,
                3.4198439667587296e-06
            ],
            [
                0.0,
                0.0,
                0.0,
                0.0,
                0.0,
                0.0,
                0.0,
                21.50501016007116,
                4.3170747300997635e-05,
                8.322163153475544e-07,
                2.240982134102834e-06,
                -1.566985315811229e-06,
                -9.386125077913812e-07,
                -4.769196522537992e-06,
                -2.8435420289715265e-07,
                -2.9412833563881377e-07,
                -1.3491426675334897e-05,
                -1.0502136820213315e-05
            ],
            [
                0.0,
                0.0,
                0.0,
                0.0,
                0.0,
                0.0,
                0.0,
                0.0,
                0.021904256467689433,
                -5.035808977010888e-06,
                8.598568435643504e-06,
                1.7797415656495938e-06,
                -6.346274468074197e-06,
                -2.831017119200001e-05,
                -1.0370685644494025e-05,
                -1.227214377570408e-06,
                -3.499705557166149e-05,
                -3.0032920110981272e-05
            ],
            [
                0.0,
                0.0,
                0.0,
                0.0,
                0.0,
                0.0,
                0.0,
                0.0,
                0.0,
                0.008353412051677127,
                -1.621681305478561e-06,
                6.393359730232586e-08,
                1.5241573381812854e-06,
                3.957697540549067e-06,
                6.944041323785692e-07,
                6.485346847523073e-07,
                -2.7731320085172288e-05,
                -7.94602120752089e-06
            ],
            [
                0.0,
                0.0,
                0.0,
                0.0,
                0.0,
                0.0,
                0.0,
                0.0,
                0.0,
                0.0,
                0.0024627164433632257,
                -7.31632601662373e-07,
                -4.1134192189750445e-06,
                -1.59550218533742e-05,
                -3.7356368347361397e-06,
                -7.632823369001223e-07,
                1.0710367053220984e-05,
                -8.487141718235439e-06
            ],
            [
                0.0,
                0.0,
                0.0,
                0.0,
                0.0,
                0.0,
                0.0,
                0.0,
                0.0,
                0.0,
                0.0,
                0.0033801672693222536,
                7.13235579359591e-07,
                -2.3729427665660406e-07,
                -6.492422815653839e-06,
                -3.85896815602815e-07,
                -4.838241180015322e-05,
                -7.652955989309078e-06
            ],
            [
                0.0,
                0.0,
                0.0,
                0.0,
                0.0,
                0.0,
                0.0,
                0.0,
                0.0,
                0.0,
                0.0,
                0.0,
                0.0017300720773036691,
                1.938853742798338e-05,
                3.727210731770622e-06,
                7.386191211497325e-07,
                -2.822264016877722e-05,
                5.9449113289843e-06
            ],
            [
                0.0,
                0.0,
                0.0,
                0.0,
                0.0,
                0.0,
                0.0,
                0.0,
                0.0,
                0.0,
                0.0,
                0.0,
                0.0,
                0.004305693603392379,
                9.101449428526207e-06,
                1.0021664872635105e-06,
                -1.158864429663545e-06,
                2.2556924374340383e-05
            ],
            [
                0.0,
                0.0,
                0.0,
                0.0,
                0.0,
                0.0,
                0.0,
                0.0,
                0.0,
                0.0,
                0.0,
                0.0,
                0.0,
                0.0,
                0.002528944654884595,
                9.782597382877435e-07,
                7.657891469225633e-05,
                2.4695048539701236e-05
            ],
            [
                0.0,
                0.0,
                0.0,
                0.0,
                0.0,
                0.0,
                0.0,
                0.0,
                0.0,
                0.0,
                0.0,
                0.0,
                0.0,
                0.0,
                0.0,
                0.0009156344984690211,
                -7.463339727097984e-06,
                -2.8435310727762443e-06
            ],
            [
                0.0,
                0.0,
                0.0,
                0.0,
                0.0,
                0.0,
                0.0,
                0.0,
                0.0,
                0.0,
                0.0,
                0.0,
                0.0,
                0.0,
                0.0,
                0.0,
                0.03243572960274833,
                2.23887794746337e-05
            ],
            [
                0.0,
                0.0,
                0.0,
                0.0,
                0.0,
                0.0,
                0.0,
                0.0,
                0.0,
                0.0,
                0.0,
                0.0,
                0.0,
                0.0,
                0.0,
                0.0,
                0.0,
                0.016491184049343764
            ]
        ],
        [
            [
                0.0012806240061088514,
                1.0453237244433393e-05,
                -0.00018456091457173378,
                -2.4361627706253262e-06,
                9.854848061360144e-05,
                0.0035419553498942263,
                0.005008917176709032,
                -0.00460625365519749,
                -2.1127216588903834e-06,
                -1.0450204159513211e-06,
                -3.7275567345261336e-08,
                5.578086499052171e-07,
                -7.719060298795e-08,
                -5.8564920821516255e-08,
                -4.879832952306623e-07,
                -9.637491713110396e-08,
                2.6985520108558824e-06,
                1.9568487845701967e-06
            ],
            [
                0.0,
                0.011487635594354326,
                0.00025768540259320103,
                6.060192938085986e-06,
                0.000294325046150271,
                0.0012864935265084888,
                0.002976608059429208,
                -0.004909348202926059,
                -1.8054626201346155e-05,
                -1.867735146446234e-07,
                -1.0471332297144973e-06,
                3.1478444253633246e-07,
                8.668867225215457e-07,
                3.864807656261167e-06,
                8.311830467830447e-07,
                -8.216886155374829e-09,
                3.243801871110377e-06,
                4.721522720731535e-06
            ],
            [
                0.0,
                0.0,
                0.37541045025832787,
                -1.0904483895836925e-05,
                2.6339415346537335e-05,
                -0.005196243756946238,
                -0.000492911570818132,
                -0.0004894453425578471,
                -6.170068448511239e-06,
                1.605881832262888e-06,
                -6.575561532546e-07,
                3.939674303221076e-07,
                6.243353220630992e-07,
                1.8301817746350344e-06,
                9.661888547898927e-09,
                1.4380627799660211e-07,
                -9.548464752016725e-06,
                -1.6517422921283364e-06
            ],
            [
                0.0,
                0.0,
                0.0,
                0.035193084665693736,
                5.491814691170039e-05,
                0.007072125403882381,
                -0.0008306285389350096,
                0.001685285020525374,
                1.2182659326086636e-06,
                -4.192274285454748e-07,
                1.2435860100336507e-07,
                -1.2719285557490744e-07,
                -4.760828557716167e-08,
                -1.809805144044883e-08,
                1.218513072754542e-07,
                -6.86881432912502e-08,
                1.964581276997723e-06,
                6.233289639566163e-07
            ],
            [
                0.0,
                0.0,
                0.0,
                0.0,
                0.08563758655506251,
                0.028122019491865508,
                0.003802054020582048,
                -0.0011113897215636432,
                -8.530090737456172e-06,
                -1.0533502725421377e-06,
                -5.781363240005181e-07,
                9.436418845466819e-07,
                6.641801861547976e-07,
                2.8181712858570825e-06,
                -1.780248964692314e-07,
                -2.3120708396177163e-07,
                -1.3853640188318753e-06,
                3.594955672703184e-06
            ],
            [
                0.0,
                0.0,
                0.0,
                0.0,
                0.0,
                12.985754840578885,
                0.0008142712943440891,
                0.003963086895228438,
                8.94823941831876e-06,
                -9.650350511556e-07,
                4.424989147434461e-07,
                6.335000536840325e-07,
                -1.648547517784187e-07,
                -8.486870532762411e-07,
                -9.578028994035405e-07,
                -2.4060244325711483e-07,
                -4.220178446282423e-06,
                -7.836259704562654e-07
            ],
            [
                0.0,
                0.0,
                0.0,
                0.0,
                0.0,
                0.0,
                5.359139333747443,
                -0.0034900031304918237,
                -1.2014954248897081e-06,
                -4.7061644972991275e-07,
                -7.698541091903551e-08,
                5.623938966694907e-07,
                -5.735976523662848e-09,
                -3.433309505208672e-08,
                -5.351145271633919e-07,
                -4.791063112135634e-08,
                -6.61621273951767e-07,
                6.83968793351746e-07
            ],
            [
                0.0,
                0.0,
                0.0,
                0.0,
                0.0,
                0.0,
                0.0,
                4.301002032014232,
                8.634149460199527e-06,
                1.664432630695109e-07,
                4.4819642682056683e-07,
                -3.1339706316224585e-07,
                -1.8772250155827625e-07,
                -9.538393045075984e-07,
                -5.687084057943053e-08,
                -5.8825667127762754e-08,
                -2.6982853350669795e-06,
                -2.100427364042663e-06
            ],
            [
                0.0,
                0.0,
                0.0,
                0.0,
                0.0,
                0.0,
                0.0,
                0.0,
                0.0043808512935378865,
                -1.0071617954021777e-06,
                1.7197136871287007e-06,
                3.559483131299188e-07,
                -1.2692548936148396e-06,
                -5.662034238400002e-06,
                -2.074137128898805e-06,
                -2.454428755140816e-07,
                -6.9994111143322975e-06,
                -6.006584022196255e-06
            ],
            [
                0.0,
                0.0,
                0.0,
                0.0,
                0.0,
                0.0,
                0.0,
                0.0,
                0.0,
                0.0016706824103354255,
                -3.2433626109571223e-07,
                1.2786719460465173e-08,
                3.048314676362571e-07,
                7.915395081098135e-07,
                1.3888082647571386e-07,
                1.2970693695046146e-07,
                -5.546264017034458e-06,
                -1.5892042415041781e-06
            ],
            [
                0.0,
                0.0,
                0.0,
                0.0,
                0.0,
                0.0,
                0.0,
                0.0,
                0.0,
                0.0,
                0.0004925432886726452,
                -1.463265203324746e-07,
                -8.22683843795009e-07,
                -3.1910043706748405e-06,
                -7.47127366947228e-07,
                -1.5265646738002447e-07,
                2.142073410644197e-06,
                -1.697428343647088e-06
            ],
            [
                0.0,
                0.0,
                0.0,
                0.0,
                0.0,
                0.0,
                0.0,
                0.0,
                0.0,
                0.0,
                0.0,
                0.0006760334538644507,
                1.426471158719182e-07,
                -4.7458855331320814e-08,
                -1.2984845631307679e-06,
                -7.7179363120563e-08,
                -9.676482360030645e-06,
                -1.5305911978618157e-06
            ],
            [
                0.0,
                0.0,
                0.0,
                0.0,
                0.0,
                0.0,
                0.0,
                0.0,
                0.0,
                0.0,
                0.0,
                0.0,
                0.00034601441546073386,
                3.877707485596676e-06,
                7.454421463541245e-07,
                1.477238242299465e-07,
                -5.644528033755444e-06,
                1.1889822657968601e-06
            ],
            [
                0.0,
                0.0,
                0.0,
                0.0,
                0.0,
                0.0,
                0.0,
                0.0,
                0.0,
                0.0,
                0.0,
                0.0,
                0.0,
                0.0008611387206784758,
                1.8202898857052415e-06,
                2.004332974527021e-07,
                -2.31772885932709e-07,
                4.511384874868077e-06
            ],
            [
                0.0,
                0.0,
                0.0,
                0.0,
                0.0,
                0.0,
                0.0,
                0.0,
                0.0,
                0.0,
                0.0,
                0.0,
                0.0,
                0.0,
                0.000505788930976919,
                1.9565194765754872e-07,
                1.5315782938451266e-05,
                4.9390097079402475e-06
            ],
            [
                0.0,
                0.0,
                0.0,
                0.0,
                0.0,
                0.0,
                0.0,
                0.0,
                0.0,
                0.0,
                0.0,
                0.0,
                0.0,
                0.0,
                0.0,
                0.00018312689969380422,
                -1.4926679454195968e-06,
                -5.687062145552489e-07
            ],
            [
                0.0,
                0.0,
                0.0,
                0.0,
                0.0,
                0.0,
                0.0,
                0.0,
                0.0,
                0.0,
                0.0,
                0.0,
                0.0,
                0.0,
                0.0,
                0.0,
                0.006487145920549666,
                4.4777558949267405e-06
            ],
            [
                0.0,
                0.0,
                0.0,
                0.0,
                0.0,
                0.0,
                0.0,
                0.0,
                0.0,
                0.0,
                0.0,
                0.0,
                0.0,
                0.0,
                0.0,
                0.0,
                0.0,
                0.003298236809868753
            ]
        ]
    ],
    "allnames": [
        "m1_flow_nominal",
        "m2_flow_nominal",
        "tau1",
        "tau2",
        "tau_m",
        "nominalUa.hasValue",
        "workingPressure.hasValue",
        "flowCoefficient.hasValue",
        "waterFlowRateMax",
        "c1",
        "c2",
        "c3",
        "c4",
        "eps_motor",
        "f_motorToAir",
        "kp",
        "Ti",
        "Td"
    ],
    "alpha_count": 1407,
    "cov": [
        [
            0.006665064534354509,
            0.015217343228024711,
            -1.2194464606315627,
            0.004279119765341998,
            0.0037465050750731784,
            -56.81776463974979,
            7.832509190128179,
            12.247313506311833,
            0.0016839822192774522,
            -0.0023247164913390034,
            0.0006723974247635775,
            0.002812575463573668,
            -0.0002691556447394975,
            0.0015793476226712451,
            0.0009296149848956361,
            0.0001903759511618858,
            0.0070594182496161095,
            -0.001982287781143131
        ],
        [
            0.015217343228024711,
            1.0047710317285132,
            -6.366467059278259,
            -1.177722777687535,
            -3.8738496002035205,
            -1399.8730579837256,
            -128.98300169908165,
            8.012863351430514,
            -0.08455581921032085,
            -0.24448685015025148,
            -0.01295214640079579,
            0.10192531686992964,
            0.0008875179144403473,
            0.023641100067076516,
            0.04781439939479047,
            0.005392766351574394,
            0.8127368321770503,
            -0.021318638765445225
        ],
        [
            -1.2194464606315627,
            -6.366467059278259,
            422.41487287364214,
            -3.581521235692486,
            34.16667314204473,
            24801.934231490475,
            -4223.945102855589,
            -1283.1353424628685,
            -2.796177647250115,
            -1.283504363586428,
            -0.19416441914465807,
            -0.9411687522778864,
            0.09234458745779447,
            -0.4450172126013518,
            -0.33601696351176347,
            -0.21333468002890363,
            -3.3411587091936346,
            -0.642572293384923
        ],
        [
            0.004279119765341998,
            -1.177722777687535,
            -3.581521235692486,
            3.1521194736620854,
            3.630636840080389,
            1032.768728405197,
            296.8792459960334,
            35.17418907391976,
            0.20056189774077257,
            0.4294831306049525,
            0.01951011647354665,
            -0.10801684084720956,
            -0.0021706570100016396,
            -0.020226130604081436,
            -0.06251699605449386,
            -0.0007679498312138792,
            -1.1487816530346655,
            0.08782483498345021
        ],
        [
            0.0037465050750731784,
            -3.8738496002035205,
            34.16667314204473,
            3.630636840080389,
            24.61896385596307,
            7689.545221168296,
            -156.17018250888708,
            199.76169947859617,
            -0.22952683530809512,
            0.45988755698538314,
            0.03583470932487845,
            -0.43035606595697246,
            0.016462893404632927,
            -0.139317250047298,
            -0.2034742374300886,
            -0.052369996316732205,
            -3.131755681662673,
            -0.08519516480193583
        ],
        [
            -56.81776463974979,
            -1399.8730579837256,
            24801.934231490475,
            1032.768728405197,
            7689.545221168296,
            3322501.222582444,
            -178689.7978201142,
            -34866.476634684965,
            -151.45655755651052,
            119.48277291857298,
            0.38517462626766796,
            -171.19943838751323,
            9.359926354355524,
            -66.00748090437082,
            -76.45262781778872,
            -22.319373981820725,
            -1120.8999630750768,
            -35.80317103062813
        ],
        [
            7.832509190128179,
            -128.98300169908165,
            -4223.945102855589,
            296.8792459960334,
            -156.17018250888708,
            -178689.7978201142,
            129095.47652452513,
            -3998.110739264238,
            86.18843585783699,
            98.4409908872213,
            6.642743673327327,
            -6.969996758436423,
            -2.8186657374489044,
            4.469171496582408,
            -4.2082540271497875,
            3.7036034192282927,
            -120.67671593009864,
            22.913160321470954
        ],
        [
            12.247313506311833,
            8.012863351430514,
            -1283.1353424628685,
            35.17418907391976,
            199.76169947859617,
            -34866.476634684965,
            -3998.110739264238,
            37372.75291669202,
            -10.174527751083918,
            -13.865118768903427,
            0.7487100560176833,
            3.2170216411896924,
            -0.43985799846595736,
            2.2126975347463516,
            0.8664808144427516,
            -0.6411142882277494,
            3.9914656556690717,
            -10.548924645780257
        ],
        [
            0.0016839822192774522,
            -0.08455581921032085,
            -2.796177647250115,
            0.20056189774077257,
            -0.22952683530809512,
            -151.45655755651052,
            86.18843585783699,
            -10.174527751083918,
            0.07942560307844142,
            0.07689543928252345,
            0.004639163566561933,
            -0.00494472246016858,
            -0.0023559839863224615,
            0.0031800402055441154,
            -0.002304322020586146,
            0.0031379230199480882,
            -0.07126970705569931,
            0.020910266069805183
        ],
        [
            -0.0023247164913390034,
            -0.24448685015025148,
            -1.283504363586428,
            0.4294831306049525,
            0.45988755698538314,
            119.48277291857298,
            98.4409908872213,
            -13.865118768903427,
            0.07689543928252345,
            0.11132165842699171,
            0.006022995099351393,
            -0.022545881768730233,
            -0.0019493888563545064,
            -0.002149413209391586,
            -0.011008119362487393,
            0.001792199943407721,
            -0.21341062740747402,
            0.02438413045114897
        ],
        [
            0.0006723974247635775,
            -0.01295214640079579,
            -0.19416441914465807,
            0.01951011647354665,
            0.03583470932487845,
            0.38517462626766796,
            6.642743673327327,
            0.7487100560176833,
            0.004639163566561933,
            0.006022995099351393,
            0.0005087611101528613,
            -0.0010058095308876876,
            -0.0001730308831440492,
            0.00013558806450633307,
            -0.0005057327982793136,
            0.00012629085236740066,
            -0.010704487450386406,
            0.0010004919931257533
        ],
        [
            0.002812575463573668,
            0.10192531686992964,
            -0.9411687522778864,
            -0.10801684084720956,
            -0.43035606595697246,
            -171.19943838751323,
            -6.969996758436423,
            3.2170216411896924,
            -0.00494472246016858,
            -0.022545881768730233,
            -0.0010058095308876876,
            0.011540340533461098,
            -4.996477835660221e-05,
            0.0033727750369911195,
            0.005153691187130696,
            0.0007460704992993144,
            0.08337734512063157,
            -0.001971150607132103
        ],
        [
            -0.0002691556447394975,
            0.0008875179144403473,
            0.09234458745779447,
            -0.0021706570100016396,
            0.016462893404632927,
            9.359926354355524,
            -2.8186657374489044,
            -0.43985799846595736,
            -0.0023559839863224615,
            -0.0019493888563545064,
            -0.0001730308831440492,
            -4.996477835660221e-05,
            0.00016576882743340204,
            -0.0002505153997794751,
            -8.27112868390136e-05,
            -0.00011502559758573925,
            0.0005694950509728142,
            -0.0004020231408057391
        ],
        [
            0.0015793476226712451,
            0.023641100067076516,
            -0.4450172126013518,
            -0.020226130604081436,
            -0.139317250047298,
            -66.00748090437082,
            4.469171496582408,
            2.2126975347463516,
            0.0031800402055441154,
            -0.002149413209391586,
            0.00013558806450633307,
            0.0033727750369911195,
            -0.0002505153997794751,
            0.0017289772003598086,
            0.0014436630505079199,
            0.0004007958690898843,
            0.02045284187588935,
            -9.12440396188817e-05
        ],
        [
            0.0009296149848956361,
            0.04781439939479047,
            -0.33601696351176347,
            -0.06251699605449386,
            -0.2034742374300886,
            -76.45262781778872,
            -4.2082540271497875,
            0.8664808144427516,
            -0.002304322020586146,
            -0.011008119362487393,
            -0.0005057327982793136,
            0.005153691187130696,
            -8.27112868390136e-05,
            0.0014436630505079199,
            0.0025480842346358164,
            0.0003461644740196631,
            0.04102555435246318,
            -0.0009748516149230402
        ],
        [
            0.0001903759511618858,
            0.005392766351574394,
            -0.21333468002890363,
            -0.0007679498312138792,
            -0.052369996316732205,
            -22.319373981820725,
