1.249546682723886790e-03 -1.501553860501401651e-06 -1.248383500449736858e-05 -7.295456535683974080e-07 -1.168167678082604977e-05 -2.234413656679787026e-04 6.546264300872573698e-05 -3.639811831989330357e-06 6.599463763638798613e-07 -9.075798020518203320e-09 3.894644536524062311e-08 9.241408157699546105e-09 -3.792803962984110302e-08 -1.674346883122311111e-07 -5.606259865936275388e-08 -2.032956154768535452e-11 -1.283919786834536289e-07 -1.643983788990813836e-07
-1.501553860501401651e-06 1.005817075083790396e-01 2.147098913905263161e-03 1.254747983978244275e-04 2.009135455544559540e-03 3.842975442837821831e-02 -1.125894163570468481e-02 6.260124415669069634e-04 -1.135043956777807990e-04 1.560949505152703804e-06 -6.698412027558324102e-06 -1.589432847454621658e-06 6.523256088089124627e-06 2.879714745474818203e-05 9.642224897145770752e-06 3.496488018584065789e-09 2.208217890464583109e-05 2.827493159392451428e-05
-1.248383500449736858e-05 2.147098913905263161e-03 1.073712925905532103e+02 1.043190471967454748e-03 1.670384006094100329e-02 3.195028338091224773e-01 -9.360621247277049750e-02 5.204632505606029969e-03 -9.436692117413909755e-04 1.297764707965330746e-05 -5.569022380339764563e-05 -1.321445599808599344e-05 5.423398709693607060e-05 2.394178769619447280e-04 8.016491972657551173e-05 2.906960627081992356e-08 1.835900031540250511e-04 2.350762034364427104e-04
-7.295456535683974080e-07 1.254747983978244275e-04 1.043190471967454748e-03 9.447364419643077271e-01 9.761594822401161017e-04 1.867149827150541355e-02 -5.470274593657141471e-03 3.041546945724435619e-04 -5.514729821278715235e-05 7.584036489664323127e-07 -3.254493567672386602e-06 -7.722425788390680513e-07 3.169392221861338635e-06 1.399139538941644766e-05 4.684775850859411361e-06 1.698805286851448417e-09 1.072885766203860929e-05 1.373767134960000927e-05
-1.168167678082604977e-05 2.009135455544559540e-03 1.670384006094100329e-02 9.761594822401161017e-04 5.581557687292258763e+00 2.989729385058005340e-01 -8.759147476639204954e-02 4.870204922731464527e-03 -8.830330355702794426e-04 1.214375858904944821e-05 -5.211180651528880830e-05 -1.236535117201382075e-05 5.074914139554554548e-05 2.240339008977172133e-04 7.501386241242023994e-05 2.720171681853022881e-08 1.717932891826540599e-04 2.199712048756605838e-04
-2.234413656679787026e-04 3.842975442837821831e-02 3.195028338091224773e-01 1.867149827150541355e-02 2.989729385058005340e-01 1.283743603168869013e+05 -1.675406631246559863e+00 9.315488344996657177e-02 -1.689022142109053784e-02 2.322798391351810763e-04 -9.967689941835749644e-04 -2.365183530307823564e-04 9.707046062522711174e-04 4.285210223816067476e-03 1.434828250767249385e-03 5.203010551038568628e-07 3.285977507147895115e-03 4.207500973295440205e-03
6.546264300872573698e-05 -1.125894163570468481e-02 -9.360621247277049750e-02 -5.470274593657141471e-03 -8.759147476639204954e-02 -1.675406631246559863e+00 2.189653598132316256e+04 -2.729201399917213777e-02 4.948405734639835414e-03 -6.805209116930186289e-05 2.920279896846204848e-04 6.929386804980825106e-05 -2.843917862569915835e-04 -1.255457718226854914e-03 -4.203682217838844003e-04 -1.524349894904365379e-07 -9.627079204517785278e-04 -1.232690882237916013e-03
-3.639811831989330357e-06 6.260124415669069634e-04 5.204632505606029969e-03 3.041546945724435619e-04 4.870204922731464527e-03 9.315488344996657177e-02 -2.729201399917213777e-02 1.409157164184411886e+04 -2.751380774531993656e-04 3.783788665493160744e-06 -1.623715272211753214e-05 -3.852833146049124888e-06 1.581256944362607279e-05 6.980515370812835152e-05 2.337304387843537474e-05 8.475592381482432091e-09 5.352786747615973661e-05 6.853928671588886679e-05
6.599463763638798613e-07 -1.135043956777807990e-04 -9.436692117413909755e-04 -5.514729821278715235e-05 -8.830330355702794426e-04 -1.689022142109053784e-02 4.948405734639835414e-03 -2.751380774531993656e-04 1.459068050189901711e-02 -6.860512944028065324e-07 2.944012107233510549e-06 6.985699785694912870e-07 -2.867029502351985293e-06 -1.265660434320440203e-05 -4.237844241452699486e-06 -1.536737814448929480e-09 -9.705315495958074783e-06 -1.242708579305713536e-05
-9.075798020518203320e-09 1.560949505152703804e-06 1.297764707965330746e-05 7.584036489664323127e-07 1.214375858904944821e-05 2.322798391351810763e-04 -6.805209116930186289e-05 3.783788665493160744e-06 -6.860512944028065324e-07 2.127951955551886203e-03 -4.048701563061408237e-08 -9.606962407501202209e-09 3.942832571576431581e-08 1.740577549306833704e-07 5.828021753790779945e-08 2.113372012325578973e-11 1.334706671957747789e-07 1.709013408981131554e-07
3.894644536524062311e-08 -6.698412027558324102e-06 -5.569022380339764563e-05 -3.254493567672386602e-06 -5.211180651528880830e-05 -9.967689941835749644e-04 2.920279896846204848e-04 -1.623715272211753214e-05 2.944012107233510549e-06 -4.048701563061408237e-08 1.848796621157827638e-04 4.122580027494954544e-08 -1.691964860677065905e-07 -7.469239429390958201e-07 -2.500945154445894404e-07 -9.068990674802083325e-11 -5.727549286630834633e-07 -7.333790065718854255e-07
9.241408157699546105e-09 -1.589432847454621658e-06 -1.321445599808599344e-05 -7.722425788390680513e-07 -1.236535117201382075e-05 -2.365183530307823564e-04 6.929386804980825106e-05 -3.852833146049124888e-06 6.985699785694912870e-07 -9.606962407501202209e-09 4.122580027494954544e-08 3.480656782633105291e-04 -4.014779197271012354e-08 -1.772338644701837211e-07 -5.934368267888944581e-08 -2.151935654672531689e-11 -1.359061660305886025e-07 -1.740198539419937203e-07
-3.792803962984110302e-08 6.523256088089124627e-06 5.423398709693607060e-05 3.169392221861338635e-06 5.074914139554554548e-05 9.707046062522711174e-04 -2.843917862569915835e-04 1.581256944362607279e-05 -2.867029502351985293e-06 3.942832571576431581e-08 -1.691964860677065905e-07 -4.014779197271012354e-08 9.123188435593924928e-05 7.273927220468470411e-07 2.435548251973235909e-07 8.831846770374126287e-11 5.577780315712266451e-07 7.142019705289245645e-07
-1.674346883122311111e-07 2.879714745474818203e-05 2.394178769619447280e-04 1.399139538941644766e-05 2.240339008977172133e-04 4.285210223816067476e-03 -1.255457718226854914e-03 6.980515370812835152e-05 -1.265660434320440203e-05 1.740577549306833704e-07 -7.469239429390958201e-07 -1.772338644701837211e-07 7.273927220468470411e-07 5.648054908939500931e-04 1.075181492158356074e-06 3.898850364139350219e-10 2.462331082096304266e-06 3.152870158715154873e-06
-5.606259865936275388e-08 9.642224897145770752e-06 8.016491972657551173e-05 4.684775850859411361e-06 7.501386241242023994e-05 1.434828250767249385e-03 -4.203682217838844003e-04 2.337304387843537474e-05 -4.237844241452699486e-06 5.828021753790779945e-08 -2.500945154445894404e-07 -5.934368267888944581e-08 2.435548251973235909e-07 1.075181492158356074e-06 1.944817205664570983e-04 1.305462359090422144e-10 8.244688159517736134e-07 1.055683837769099176e-06
-2.032956154768535452e-11 3.496488018584065789e-09 2.906960627081992356e-08 1.698805286851448417e-09 2.720171681853022881e-08 5.203010551038568628e-07 -1.524349894904365379e-07 8.475592381482432091e-09 -1.536737814448929480e-09 2.113372012325578973e-11 -9.068990674802083325e-11 -2.151935654672531689e-11 8.831846770374126287e-11 3.898850364139350219e-10 1.305462359090422144e-10 2.555981880602444821e-05 2.989709706444309087e-10 3.828147475864353056e-10
-1.283919786834536289e-07 2.208217890464583109e-05 1.835900031540250511e-04 1.072885766203860929e-05 1.717932891826540599e-04 3.285977507147895115e-03 -9.627079204517785278e-04 5.352786747615973661e-05 -9.705315495958074783e-06 1.334706671957747789e-07 -5.727549286630834633e-07 -1.359061660305886025e-07 5.577780315712266451e-07 2.462331082096304266e-06 8.244688159517736134e-07 2.989709706444309087e-10 3.202676036038945573e-02 2.417678452953421057e-06
-1.643983788990813836e-07 2.827493159392451428e-05 2.350762034364427104e-04 1.373767134960000927e-05 2.199712048756605838e-04 4.207500973295440205e-03 -1.232690882237916013e-03 6.853928671588886679e-05 -1.242708579305713536e-05 1.709013408981131554e-07 -7.333790065718854255e-07 -1.740198539419937203e-07 7.142019705289245645e-07 3.152870158715154873e-06 1.055683837769099176e-06 3.828147475864353056e-10 2.417678452953421057e-06 8.293396305491529397e-03
3.998565121051319833e-04 -4.069813965745113631e-07 -3.319378036306400918e-06 -4.407770207274544440e-07 -5.460026246040342429e-06 -4.344455179713019636e-04 2.283676649478915460e-05 -6.842037196250327761e-05 6.331043151959656321e-08 3.727034936792616878e-09 5.906673720184743615e-09 -5.526977341354796955e-09 -9.727329600763108059e-09 -3.813016329377638447e-08 -3.407156608800634066e-09 2.665714933027857957e-09 5.537193083074901542e-08 -2.349257000426058490e-08
-4.069813965745113631e-07 3.218958086095403265e-02 7.186267841236506542e-04 3.046640127650789470e-05 5.624813846844140810e-04 -4.658239530047468373e-03 -3.514625473164584724e-03 -2.941674615618658506e-03 -4.322959982399900521e-05 8.092995294555785892e-07 -2.449779000300072733e-06 -9.049783617731471945e-07 2.200013861259907713e-06 9.936819131243956852e-06 3.764448009509965391e-06 1.259576807822251058e-07 1.157252063292043263e-05 1.040814687683815830e-05
-3.319378036306400918e-06 7.186267841236506542e-04 3.435910355136241634e+01 2.448321548111807508e-04 4.606143795687570562e-03 -5.354531238313044866e-02 -2.914329423633869182e-02 -2.720258690389046677e-02 -3.654452773991780589e-04 6.999189325149170941e-06 -2.063497813039798592e-05 -7.870302796000904879e-06 1.838916461691644520e-05 8.324485275172772926e-05 3.189070603724008054e-05 1.156296823028477738e-06 1.001511011463338593e-04 8.772135001409196514e-05
-4.407770207274544440e-07 3.046640127650789470e-05 2.448321548111807508e-04 3.023429756555973680e-01 5.392258405903564917e-04 5.379191191063312227e-02 -1.999322264931920577e-03 8.958096611357860631e-03 1.834697317736454589e-06 -6.309673144653595724e-07 -1.776759016449946192e-07 8.706589170320730394e-07 6.967408546687338932e-07 2.441886390293769493e-06 -4.155429054207719051e-07 -3.515149653282416917e-07 -9.274790300705809348e-06 5.602355914252692892e-07
-5.460026246040342429e-06 5.624813846844140810e-04 4.606143795687570562e-03 5.392258405903564917e-04 1.787982573406474263e+00 4.928095653454659386e-01 -3.009593405060425469e-02 7.515042937438790038e-02 -1.207667103262795012e-04 -3.370039015667073697e-06 -9.501913339679429510e-06 5.326637211662123483e-06 1.360306329527158310e-05 5.478642596369218912e-05 8.102380285219013158e-06 -2.915272819370379596e-06 -5.057101575953430338e-05 3.853288124928967685e-05
-4.344455179713019636e-04 -4.658239530047468373e-03 -5.354531238313044866e-02 5.379191191063312227e-02 4.928095653454659386e-01 4.116350510553135246e+04 -9.717464158002214747e-01 1.554171067627633640e+01 2.870055809330079519e-02 -1.455117370829113422e-03 1.193159360362282826e-03 1.881124296752396171e-03 -2.451368313805458066e-04 -2.191889816850977734e-03 -2.892730661683251634e-03 -6.161568827506068522e-04 -2.119550270816238438e-02 -5.368689704428658040e-03
2.283676649478915460e-05 -3.514625473164584724e-03 -2.914329423633869182e-02 -1.999322264931920577e-03 -3.009593405060425469e-02 -9.717464158002214747e-01 7.006893780921028338e+03 -8.945561249019347294e-02 1.406009064323232452e-03 -1.381760146976627576e-05 8.558002800968867504e-05 1.199102035412917674e-05 -8.811324781544924742e-05 -3.832042058613747124e-04 -1.170750512896002251e-04 3.158497525363569558e-06 -1.922955977253218895e-04 -3.595165181070952495e-04
-6.842037196250327761e-05 -2.941674615618658506e-03 -2.720258690389046677e-02 8.958096611357860631e-03 7.515042937438790038e-02 1.554171067627633640e+01 -8.945561249019347294e-02 4.512177368577091329e+03 6.231885085052738665e-03 -2.822043696205521934e-04 2.750095245546159937e-04 3.613751076768963589e-04 -9.792588263798909982e-05 -6.379355527944147999e-04 -6.136421896180194917e-04 -1.142055028461798919e-04 -4.105369137048447449e-03 -1.222411664636845630e-03
6.331043151959656321e-08 -4.322959982399900521e-05 -3.654452773991780589e-04 1.834697317736454589e-06 -1.207667103262795012e-04 2.870055809330079519e-02 1.406009064323232452e-03 6.231885085052738665e-03 4.682913149515273779e-03 -8.426706310600391516e-07 1.558160894692792468e-06 1.020794888281162337e-06 -1.143880645743905793e-06 -5.501831049162575977e-06 -2.721746593597141769e-06 -2.515970290563026230e-07 -1.216968115440331618e-05 -6.712559955300425234e-06
3.727034936792616878e-09 8.092995294555785892e-07 6.999189325149170941e-06 -6.309673144653595724e-07 -3.370039015667073697e-06 -1.455117370829113422e-03 -1.381760146976627576e-05 -2.822043696205521934e-04 -8.426706310600391516e-07 6.809725700288150147e-04 -4.058361952227811542e-08 -3.882675799996174106e-08 2.277129830851206902e-08 1.208002900091015969e-07 7.989119346703538118e-08 1.126749745940365207e-08 4.491818708645049704e-07 1.773786425576938657e-07
5.906673720184743615e-09 -2.449779000300072733e-06 -2.063497813039798592e-05 -1.776759016449946192e-07 -9.501913339679429510e-06 1.193159360362282826e-03 8.558002800968867504e-05 2.750095245546159937e-04 1.558160894692792468e-06 -4.058361952227811542e-08 5.918880675809209708e-05 4.853987715571186702e-08 -6.418210963719033858e-08 -3.033801711430649690e-07 -1.405781887393516838e-07 -1.116222397825854151e-08 -5.851494161270834446e-07 -3.559819892384403610e-07
-5.526977341354796955e-09 -9.049783617731471945e-07 -7.870302796000904879e-06 8.706589170320730394e-07 5.326637211662123483e-06 1.881124296752396171e-03 1.199102035412917674e-05 3.613751076768963589e-04 1.020794888281162337e-06 -3.882675799996174106e-08 4.853987715571186702e-08 1.114267596676024374e-04 -2.583885806880033554e-08 -1.400076133811463151e-07 -9.734381681033349343e-08 -1.441413357218871589e-08 -5.635388091117974930e-07 -2.126590826881851843e-07
-9.727329600763108059e-09 2.200013861259907713e-06 1.838916461691644520e-05 6.967408546687338932e-07 1.360306329527158310e-05 -2.451368313805458066e-04 -8.811324781544924742e-05 -9.792588263798909982e-05 -1.143880645743905793e-06 2.277129830851206902e-08 -6.418210963719033858e-08 -2.583885806880033554e-08 2.919789278559582667e-05 2.564220207330696252e-07 1.001911640168691902e-07 4.120127917385411700e-09 3.261903386199200609e-07 2.731271492714060247e-07
-3.813016329377638447e-08 9.936819131243956852e-06 8.324485275172772926e-05 2.441886390293769493e-06 5.478642596369218912e-05 -2.191889816850977734e-03 -3.832042058613747124e-04 -6.379355527944147999e-04 -5.501831049162575977e-06 1.208002900091015969e-07 -3.033801711430649690e-07 -1.400076133811463151e-07 2.564220207330696252e-07 1.808894249649875118e-04 4.867326398251672771e-07 2.635893064134891490e-08 1.734903257180536986e-06 1.294750210153183464e-06
-3.407156608800634066e-09 3.764448009509965391e-06 3.189070603724008054e-05 -4.155429054207719051e-07 8.102380285219013158e-06 -2.892730661683251634e-03 -1.170750512896002251e-04 -6.136421896180194917e-04 -2.721746593597141769e-06 7.989119346703538118e-08 -1.405781887393516838e-07 -9.734381681033349343e-08 1.001911640168691902e-07 4.867326398251672771e-07 6.236836509578193169e-05 2.472035791281190498e-08 1.154636438669262507e-06 6.067018734484714055e-07
2.665714933027857957e-09 1.259576807822251058e-07 1.156296823028477738e-06 -3.515149653282416917e-07 -2.915272819370379596e-06 -6.161568827506068522e-04 3.158497525363569558e-06 -1.142055028461798919e-04 -2.515970290563026230e-07 1.126749745940365207e-08 -1.116222397825854151e-08 -1.441413357218871589e-08 4.120127917385411700e-09 2.635893064134891490e-08 2.472035791281190498e-08 8.183679772036433418e-06 1.638919657435745182e-07 4.956314883213539733e-08
5.537193083074901542e-08 1.157252063292043263e-05 1.001511011463338593e-04 -9.274790300705809348e-06 -5.057101575953430338e-05 -2.119550270816238438e-02 -1.922955977253218895e-04 -4.105369137048447449e-03 -1.216968115440331618e-05 4.491818708645049704e-07 -5.851494161270834446e-07 -5.635388091117974930e-07 3.261903386199200609e-07 1.734903257180536986e-06 1.154636438669262507e-06 1.638919657435745182e-07 1.025447576135505960e-02 2.558283329966275402e-06
-2.349257000426058490e-08 1.040814687683815830e-05 8.772135001409196514e-05 5.602355914252692892e-07 3.853288124928967685e-05 -5.368689704428658040e-03 -3.595165181070952495e-04 -1.222411664636845630e-03 -6.712559955300425234e-06 1.773786425576938657e-07 -3.559819892384403610e-07 -2.126590826881851843e-07 2.731271492714060247e-07 1.294750210153183464e-06 6.067018734484714055e-07 4.956314883213539733e-08 2.558283329966275402e-06 2.654425493416507058e-03
1.279541804854595331e-04 -1.194131377670699725e-07 7.860428080464818972e-08 -1.753837489704516726e-07 -1.699855311670659102e-06 -1.458765062146468849e-04 1.137920154862967788e-05 -2.637401899932173045e-05 1.274704313759238969e-08 3.993705868590966753e-09 7.729381514607060947e-10 -6.280781148208163376e-11 -2.110448103055346793e-09 -9.868242473770748603e-09 -2.356119308335467301e-09 1.080307886865032498e-09 -6.167920439503090099e-09 -1.207896672701377937e-08
-1.194131377670699725e-07 1.030187786051704746e-02 3.577353123756377563e-04 5.903579908319065523e-06 1.852977778457420388e-04 -2.258305337028205205e-03 -6.686630392129367219e-04 -1.443057752377183102e-03 -1.467487896102173752e-05 5.727051541496851163e-07 -9.090598522250101280e-07 -9.853387444655983980e-08 8.162657413240448933e-07 3.441133330495538374e-06 1.062845441188442593e-06 6.576262509641293715e-08 1.027774174729268525e-06 2.819718230866682985e-06
7.860428080464818972e-08 3.577353123756377563e-04 1.100838391734149546e+01 -3.270871882403723939e-04 2.033117596067437680e-03 -9.806674508653771827e-02 3.875020952964453730e-02 -6.159936221974517123e-02 -2.056486716472403543e-04 3.531496875056547177e-05 -1.979520969081369967e-05 1.762411197811372137e-05 1.771979398415298552e-05 5.419156745914152851e-05 -4.742054381308432958e-06 3.053757073228407006e-06 -2.500118079731089528e-04 -2.579013148158282214e-05
-1.753837489704516726e-07 5.903579908319065523e-06 -3.270871882403723939e-04 9.676195464304708505e-02 1.557233433414439527e-04 1.964924992912350787e-02 -2.086740493812468469e-03 4.458571008845733756e-03 3.256915417419783198e-06 -1.197382993724713763e-06 3.401871525851011601e-07 -3.276263071234720195e-07 -1.332517599567133976e-07 -4.787237770357024694e-08 3.168923022756513216e-07 -1.932580489400275410e-07 5.521302624108038382e-06 1.800342341194575229e-06
-1.699855311670659102e-06 1.852977778457420388e-04 2.033117596067437680e-03 1.557233433414439527e-04 5.721776330198850014e-01 1.543396867830559294e-01 -7.635134776494253463e-03 2.185256590524937634e-02 -4.232740573807503790e-05 2.944898185539343087e-07 -3.588192772449781954e-06 2.540612898022355173e-06 4.844243910463545948e-06 1.867534824529531903e-05 1.972331171779147326e-06 -8.214892589620891261e-07 -2.789061234546704596e-05 1.009483550744877124e-05
-1.458765062146468849e-04 -2.258305337028205205e-03 -9.806674508653771827e-02 1.964924992912350787e-02 1.543396867830559294e-01 1.317280787345775025e+04 -5.997991064949467210e-01 5.291136968079654501e+00 9.717123976405440261e-03 -6.643530223252941879e-04 4.610684293019997899e-04 4.809432897127919031e-04 -1.495498544947376502e-04 -8.669440320887177769e-04 -8.358719824103018380e-04 -2.132940838044673478e-04 -5.087947748305571803e-03 -1.394384862678685897e-03
1.137920154862967788e-05 -6.686630392129367219e-04 3.875020952964453730e-02 -2.086740493812468469e-03 -7.635134776494253463e-03 -5.997991064949467210e-01 2.242377589249755601e+03 -2.174018604846822966e-01 1.333381288984923196e-04 1.136210249591813979e-04 -1.969556910147115571e-05 7.572437297287661832e-05 1.404279496925457607e-05 -2.429028214735676764e-05 -9.080886628347288191e-05 1.058876494517050218e-05 -1.068183153570567180e-03 -3.072704529073452579e-04
-2.637401899932173045e-05 -1.443057752377183102e-03 -6.159936221974517123e-02 4.458571008845733756e-03 2.185256590524937634e-02 5.291136968079654501e+00 -2.174018604846822966e-01 1.444104454275723128e+03 2.342518018738778355e-03 -2.201789970446210644e-04 1.398029832583079859e-04 3.654781808000158276e-05 -7.780876543064754616e-05 -3.123301690144865829e-04 -1.376741108088739684e-04 -4.708377569377967219e-05 -2.061772202085275887e-04 -1.796806093050404372e-04
1.274704313759238969e-08 -1.467487896102173752e-05 -2.056486716472403543e-04 3.256915417419783198e-06 -4.232740573807503790e-05 9.717123976405440261e-03 1.333381288984923196e-04 2.342518018738778355e-03 1.499116345240947799e-03 -4.874576572407635265e-07 5.854819842467592490e-07 1.940136540435193567e-07 -4.439779605452092148e-07 -1.942026084485733124e-06 -7.725311759482191032e-07 -9.818370823992686059e-08 -2.036908977514728993e-06 -1.793340380467768220e-06
3.993705868590966753e-09 5.727051541496851163e-07 3.531496875056547177e-05 -1.197382993724713763e-06 2.944898185539343087e-07 -6.643530223252941879e-04 1.136210249591813979e-04 -2.201789970446210644e-04 -4.874576572407635265e-07 2.179924330477086636e-04 -4.537752794550545988e-08 3.703221273837845765e-08 3.634630138431835641e-08 1.063083592379108225e-07 -1.113485020082848955e-08 1.019507477752954799e-08 -5.488129032497423154e-07 -7.548533657509338204e-08
7.729381514607060947e-10 -9.090598522250101280e-07 -1.979520969081369967e-05 3.401871525851011601e-07 -3.588192772449781954e-06 4.610684293019997899e-04 -1.969556910147115571e-05 1.398029832583079859e-04 5.854819842467592490e-07 -4.537752794550545988e-08 1.895333718380625950e-05 -4.193017219843702657e-09 -3.212861760177303177e-08 -1.240646833747403802e-07 -3.034725482619742098e-08 -6.200116428723607694e-09 8.897539680970539127e-08 -6.116787135429927460e-08
-6.280781148208163376e-11 -9.853387444655983980e-08 1.762411197811372137e-05 -3.276263071234720195e-07 2.540612898022355173e-06 4.809432897127919031e-04 7.572437297287661832e-05 3.654781808000158276e-05 1.940136540435193567e-07 3.703221273837845765e-08 -4.193017219843702657e-09 3.568668196313629516e-05 9.428612165416814451e-09 -3.602625496069058034e-09 -5.350011337855547071e-08 -5.995729660433242535e-10 -6.020917458756056356e-07 -1.485882063111615365e-07
-2.110448103055346793e-09 8.162657413240448933e-07 1.771979398415298552e-05 -1.332517599567133976e-07 4.844243910463545948e-06 -1.495498544947376502e-04 1.404279496925457607e-05 -7.780876543064754616e-05 -4.439779605452092148e-07 3.634630138431835641e-08 -3.212861760177303177e-08 9.428612165416814451e-09 9.353724005429117538e-06 1.062629597960677823e-07 1.892885279876935346e-08 3.676343503291923676e-09 -1.434336560129964057e-07 4.007911216098641398e-08
-9.868242473770748603e-09 3.441133330495538374e-06 5.419156745914152851e-05 -4.787237770357024694e-08 1.867534824529531903e-05 -8.669440320887177769e-04 -2.429028214735676764e-05 -3.123301690144865829e-04 -1.942026084485733124e-06 1.063083592379108225e-07 -1.240646833747403802e-07 -3.602625496069058034e-09 1.062629597960677823e-07 5.794097349612526191e-05 1.251815986646641462e-07 1.392419967739976992e-08 -2.175847039985829378e-08 3.041525354073039102e-07
-2.356119308335467301e-09 1.062845441188442593e-06 -4.742054381308432958e-06 3.168923022756513216e-07 1.972331171779147326e-06 -8.358719824103018380e-04 -9.080886628347288191e-05 -1.376741108088739684e-04 -7.725311759482191032e-07 -1.113485020082848955e-08 -3.034725482619742098e-08 -5.350011337855547071e-08 1.892885279876935346e-08 1.251815986646641462e-07 1.997446200202646465e-05 4.932653869198894182e-09 6.824555585388852906e-07 2.539083320310226474e-07
1.080307886865032498e-09 6.576262509641293715e-08 3.053757073228407006e-06 -1.932580489400275410e-07 -8.214892589620891261e-07 -2.132940838044673478e-04 1.058876494517050218e-05 -4.708377569377967219e-05 -9.818370823992686059e-08 1.019507477752954799e-08 -6.200116428723607694e-09 -5.995729660433242535e-10 3.676343503291923676e-09 1.392419967739976992e-08 4.932653869198894182e-09 2.619312200702383708e-06 -3.748545868623005517e-09 5.129654162322728832e-09
-6.167920439503090099e-09 1.027774174729268525e-06 -2.500118079731089528e-04 5.521302624108038382e-06 -2.789061234546704596e-05 -5.087947748305571803e-03 -1.068183153570567180e-03 -2.061772202085275887e-04 -2.036908977514728993e-06 -5.488129032497423154e-07 8.897539680970539127e-08 -6.020917458756056356e-07 -1.434336560129964057e-07 -2.175847039985829378e-08 6.824555585388852906e-07 -3.748545868623005517e-09 3.287338206666421715e-03 1.946427303298708025e-06
-1.207896672701377937e-08 2.819718230866682985e-06 -2.579013148158282214e-05 1.800342341194575229e-06 1.009483550744877124e-05 -1.394384862678685897e-03 -3.072704529073452579e-04 -1.796806093050404372e-04 -1.793340380467768220e-06 -7.548533657509338204e-08 -6.116787135429927460e-08 -1.485882063111615365e-07 4.007911216098641398e-08 3.041525354073039102e-07 2.539083320310226474e-07 5.129654162322728832e-09 1.946427303298708025e-06 8.496315131431372457e-04
4.099994612555707554e-05 3.346666639193135345e-07 -5.908828444749178961e-06 -7.799521317128608575e-08 3.155088750983268174e-06 1.133978262410055440e-04 1.603634895276139297e-04 -1.474719752268137038e-04 -6.764005186502852144e-08 -3.345695578852797326e-08 -1.193399659591721196e-09 1.785857869709472101e-08 -2.471303480809659820e-09 -1.874991087997445421e-09 -1.562307806131222715e-08 -3.085500811621072825e-09 8.639576217088390599e-08 6.264968824613803522e-08
3.346666639193135345e-07 3.299147020471133139e-03 7.395666859872779546e-05 1.739795557920097088e-06 8.455322567784411697e-05 3.703948431651742004e-04 8.561637023381693480e-04 -1.411123835581966270e-03 -5.185676284351952471e-06 -5.391274803118624450e-08 -3.007368653012085572e-07 9.054899681959531118e-08 2.489417969556398371e-07 1.109922245109683428e-06 2.385806737123103079e-07 -2.385000593660628943e-09 9.322955609996661050e-07 1.356489696770621206e-06
-5.908828444749178961e-06 7.395666859872779546e-05 3.523327665691458499e+00 -1.022911491371197276e-04 2.486436711270871157e-04 -4.877616010909122807e-02 -4.630039415684146682e-03 -4.603945735181786021e-03 -5.801426655400174144e-05 1.507523907067195944e-05 -6.177910072462767000e-06 3.696941402139033436e-06 5.865490869756640785e-06 1.720190193456303299e-05 9.828550778537372231e-08 1.350051231097728558e-06 -8.960639046666061429e-05 -1.548064519792088491e-05
-7.799521317128608575e-08 1.739795557920097088e-06 -1.022911491371197276e-04 3.096383424638210133e-02 4.834988406606539072e-05 6.223643452020704778e-03 -7.305292317150265590e-04 1.482429638709689473e-03 1.070938748482623430e-06 -3.692500935815769716e-07 1.094369516111973854e-07 -1.120014051207214500e-07 -4.192122324758572234e-08 -1.583298226426133693e-08 1.073610988007336920e-07 -6.046826966377800996e-08 1.731422006184608130e-06 5.494681634205353573e-07
3.155088750983268174e-06 8.455322567784411697e-05 2.486436711270871157e-04 4.834988406606539072e-05 1.833474069944826534e-01 6.023202754804586612e-02 8.172746054341054056e-03 -2.424898897151739601e-03 -1.840285322847343697e-05 -2.258626441001961678e-06 -1.245814014365543222e-06 2.024055634529965670e-06 1.428503942662547549e-06 6.063008440846960452e-06 -3.760532041889018051e-07 -4.952979288557003668e-07 -2.939054263821885971e-06 7.735914014881494622e-06
1.133978262410055440e-04 3.703948431651742004e-04 -4.877616010909122807e-02 6.223643452020704778e-03 6.023202754804586612e-02 4.215767771100459868e+03 2.674776641705237656e-01 1.285606278619679577e+00 2.899243163667439109e-03 -3.144145501182891403e-04 1.433185301567262170e-04 2.063111882739733266e-04 -5.312060886389316126e-05 -2.736615697249950669e-04 -3.110661904523774808e-04 -7.831228256411389003e-05 -1.369098018112653537e-03 -2.512220232486041607e-04
1.603634895276139297e-04 8.561637023381693480e-04 -4.630039415684146682e-03 -7.305292317150265590e-04 8.172746054341054056e-03 2.674776641705237656e-01 7.180106099880978263e+02 -4.685813932106699942e-01 -1.631605396030851723e-04 -6.332808823914068581e-05 -1.043740323397587300e-05 7.554233342945237246e-05 -6.605835396576091458e-07 -4.091211910392187377e-06 -7.173215549111273959e-05 -6.458893677670859351e-06 -8.820442826215875237e-05 9.256666047942110876e-05
-1.474719752268137038e-04 -1.411123835581966270e-03 -4.603945735181786021e-03 1.482429638709689473e-03 -2.424898897151739601e-03 1.285606278619679577e+00 -4.685813932106699942e-01 4.624673999943027525e+02 9.322017929130748401e-04 1.797748716753722129e-05 4.840506195205491753e-05 -3.382360690966021433e-05 -2.032631099104426198e-05 -1.032117666848662537e-04 -6.199105438534964942e-06 -6.331013758851370779e-06 -2.909644435068992844e-04 -2.268441201271757834e-04
-6.764005186502852144e-08 -5.185676284351952471e-06 -5.801426655400174144e-05 1.070938748482623430e-06 -1.840285322847343697e-05 2.899243163667439109e-03 -1.631605396030851723e-04 9.322017929130748401e-04 4.798114217173506742e-04 -1.103678218502892184e-07 1.892464096281855218e-07 3.860366964721875825e-08 -1.397142494162378198e-07 -6.231331547598852228e-07 -2.276818348121587945e-07 -2.691247108914260198e-08 -7.678696610124337496e-07 -6.612253701156050010e-07
-3.345695578852797326e-08 -5.391274803118624450e-08 1.507523907067195944e-05 -3.692500935815769716e-07 -2.258626441001961678e-06 -3.144145501182891403e-04 -6.332808823914068581e-05 1.797748716753722129e-05 -1.103678218502892184e-07 6.977967255404573697e-05 -1.360439237343283802e-08 4.781538238288503166e-10 1.277317920982927854e-08 3.320269018495951399e-08 5.894702286066840135e-09 5.444919181888666253e-09 -2.318296313847916263e-07 -6.646371506457970161e-08
-1.193399659591721196e-09 -3.007368653012085572e-07 -6.177910072462767000e-06 1.094369516111973854e-07 -1.245814014365543222e-06 1.433185301567262170e-04 -1.043740323397587300e-05 4.840506195205491753e-05 1.892464096281855218e-07 -1.360439237343283802e-08 6.065105910048869789e-06 -1.813461020149529084e-09 -1.023377457956596225e-08 -3.973454418922697349e-08 -9.318827584034575651e-09 -1.893511470415993000e-09 2.614066283646741933e-08 -2.132859177439641170e-08
1.785857869709472101e-08 9.054899681959531118e-08 3.696941402139033436e-06 -1.120014051207214500e-07 2.024055634529965670e-06 2.063111882739733266e-04 7.554233342945237246e-05 -3.382360690966021433e-05 3.860366964721875825e-08 4.781538238288503166e-10 -1.813461020149529084e-09 1.142559167332707764e-05 2.429161954547588079e-09 -7.328386380444985704e-10 -2.198815802803090648e-08 -1.315231526571812619e-09 -1.637373524754757365e-07 -2.577135461521577908e-08
-2.471303480809659820e-09 2.489417969556398371e-07 5.865490869756640785e-06 -4.192122324758572234e-08 1.428503942662547549e-06 -5.312060886389316126e-05 -6.605835396576091458e-07 -2.032631099104426198e-05 -1.397142494162378198e-07 1.277317920982927854e-08 -1.023377457956596225e-08 2.429161954547588079e-09 2.993250747272960975e-06 3.396195687873448790e-08 6.546248512584101473e-09 1.289275205322191150e-09 -4.880506594554291556e-08 1.063777195581888305e-08
-1.874991087997445421e-09 1.109922245109683428e-06 1.720190193456303299e-05 -1.583298226426133693e-08 6.063008440846960452e-06 -2.736615697249950669e-04 -4.091211910392187377e-06 -1.032117666848662537e-04 -6.231331547598852228e-07 3.320269018495951399e-08 -3.973454418922697349e-08 -7.328386380444985704e-10 3.396195687873448790e-08 1.854114165507701588e-05 3.970880983781504875e-08 4.375138999502231598e-09 -4.886755881330717336e-09 9.889136447860226093e-08
-1.562307806131222715e-08 2.385806737123103079e-07 9.828550778537372231e-08 1.073610988007336920e-07 -3.760532041889018051e-07 -3.110661904523774808e-04 -7.173215549111273959e-05 -6.199105438534964942e-06 -2.276818348121587945e-07 5.894702286066840135e-09 -9.318827584034575651e-09 -2.198815802803090648e-08 6.546248512584101473e-09 3.970880983781504875e-08 6.395876500684176382e-06 2.512718363249377740e-09 1.943239611847154437e-07 6.313954382086823666e-08
-3.085500811621072825e-09 -2.385000593660628943e-09 1.350051231097728558e-06 -6.046826966377800996e-08 -4.952979288557003668e-07 -7.831228256411389003e-05 -6.458893677670859351e-06 -6.331013758851370779e-06 -2.691247108914260198e-08 5.444919181888666253e-09 -1.893511470415993000e-09 -1.315231526571812619e-09 1.289275205322191150e-09 4.375138999502231598e-09 2.512718363249377740e-09 8.383954962454384474e-07 -6.752041687811004713e-09 -2.537834779552521662e-09
8.639576217088390599e-08 9.322955609996661050e-07 -8.960639046666061429e-05 1.731422006184608130e-06 -2.939054263821885971e-06 -1.369098018112653537e-03 -8.820442826215875237e-05 -2.909644435068992844e-04 -7.678696610124337496e-07 -2.318296313847916263e-07 2.614066283646741933e-08 -1.637373524754757365e-07 -4.880506594554291556e-08 -4.886755881330717336e-09 1.943239611847154437e-07 -6.752041687811004713e-09 1.052091229264807883e-03 7.304939601440096203e-07
6.264968824613803522e-08 1.356489696770621206e-06 -1.548064519792088491e-05 5.494681634205353573e-07 7.735914014881494622e-06 -2.512220232486041607e-04 9.256666047942110876e-05 -2.268441201271757834e-04 -6.612253701156050010e-07 -6.646371506457970161e-08 -2.132859177439641170e-08 -2.577135461521577908e-08 1.063777195581888305e-08 9.889136447860226093e-08 6.313954382086823666e-08 -2.537834779552521662e-09 7.304939601440096203e-07 2.719631018147775949e-04
4.099994612555707554e-05 3.346666639193135345e-07 -5.908828444749178961e-06 -7.799521317128608575e-08 3.155088750983268174e-06 1.133978262410055440e-04 1.603634895276139297e-04 -1.474719752268137038e-04 -6.764005186502852144e-08 -3.345695578852797326e-08 -1.193399659591721196e-09 1.785857869709472101e-08 -2.471303480809659820e-09 -1.874991087997445421e-09 -1.562307806131222715e-08 -3.085500811621072825e-09 8.639576217088390599e-08 6.264968824613803522e-08
3.346666639193135345e-07 3.299147020471133139e-03 7.395666859872779546e-05 1.739795557920097088e-06 8.455322567784411697e-05 3.703948431651742004e-04 8.561637023381693480e-04 -1.411123835581966270e-03 -5.185676284351952471e-06 -5.391274803118624450e-08 -3.007368653012085572e-07 9.054899681959531118e-08 2.489417969556398371e-07 1.109922245109683428e-06 2.385806737123103079e-07 -2.385000593660628943e-09 9.322955609996661050e-07 1.356489696770621206e-06
-5.908828444749178961e-06 7.395666859872779546e-05 3.523327665691458499e+00 -1.022911491371197276e-04 2.486436711270871157e-04 -4.877616010909122807e-02 -4.630039415684146682e-03 -4.603945735181786021e-03 -5.801426655400174144e-05 1.507523907067195944e-05 -6.177910072462767000e-06 3.696941402139033436e-06 5.865490869756640785e-06 1.720190193456303299e-05 9.828550778537372231e-08 1.350051231097728558e-06 -8.960639046666061429e-05 -1.548064519792088491e-05
-7.799521317128608575e-08 1.739795557920097088e-06 -1.022911491371197276e-04 3.096383424638210133e-02 4.834988406606539072e-05 6.223643452020704778e-03 -7.305292317150265590e-04 1.482429638709689473e-03 1.070938748482623430e-06 -3.692500935815769716e-07 1.094369516111973854e-07 -1.120014051207214500e-07 -4.192122324758572234e-08 -1.583298226426133693e-08 1.073610988007336920e-07 -6.046826966377800996e-08 1.731422006184608130e-06 5.494681634205353573e-07
3.155088750983268174e-06 8.455322567784411697e-05 2.486436711270871157e-04 4.834988406606539072e-05 1.833474069944826534e-01 6.023202754804586612e-02 8.172746054341054056e-03 -2.424898897151739601e-03 -1.840285322847343697e-05 -2.258626441001961678e-06 -1.245814014365543222e-06 2.024055634529965670e-06 1.428503942662547549e-06 6.063008440846960452e-06 -3.760532041889018051e-07 -4.952979288557003668e-07 -2.939054263821885971e-06 7.735914014881494622e-06
1.133978262410055440e-04 3.703948431651742004e-04 -4.877616010909122807e-02 6.223643452020704778e-03 6.023202754804586612e-02 4.215767771100459868e+03 2.674776641705237656e-01 1.285606278619679577e+00 2.899243163667439109e-03 -3.144145501182891403e-04 1.433185301567262170e-04 2.063111882739733266e-04 -5.312060886389316126e-05 -2.736615697249950669e-04 -3.110661904523774808e-04 -7.831228256411389003e-05 -1.369098018112653537e-03 -2.512220232486041607e-04
1.603634895276139297e-04 8.561637023381693480e-04 -4.630039415684146682e-03 -7.305292317150265590e-04 8.172746054341054056e-03 2.674776641705237656e-01 7.180106099880978263e+02 -4.685813932106699942e-01 -1.631605396030851723e-04 -6.332808823914068581e-05 -1.043740323397587300e-05 7.554233342945237246e-05 -6.605835396576091458e-07 -4.091211910392187377e-06 -7.173215549111273959e-05 -6.458893677670859351e-06 -8.820442826215875237e-05 9.256666047942110876e-05
-1.474719752268137038e-04 -1.411123835581966270e-03 -4.603945735181786021e-03 1.482429638709689473e-03 -2.424898897151739601e-03 1.285606278619679577e+00 -4.685813932106699942e-01 4.624673999943027525e+02 9.322017929130748401e-04 1.797748716753722129e-05 4.840506195205491753e-05 -3.382360690966021433e-05 -2.032631099104426198e-05 -1.032117666848662537e-04 -6.199105438534964942e-06 -6.331013758851370779e-06 -2.909644435068992844e-04 -2.268441201271757834e-04
-6.764005186502852144e-08 -5.185676284351952471e-06 -5.801426655400174144e-05 1.070938748482623430e-06 -1.840285322847343697e-05 2.899243163667439109e-03 -1.631605396030851723e-04 9.322017929130748401e-04 4.798114217173506742e-04 -1.103678218502892184e-07 1.892464096281855218e-07 3.860366964721875825e-08 -1.397142494162378198e-07 -6.231331547598852228e-07 -2.276818348121587945e-07 -2.691247108914260198e-08 -7.678696610124337496e-07 -6.612253701156050010e-07
-3.345695578852797326e-08 -5.391274803118624450e-08 1.507523907067195944e-05 -3.692500935815769716e-07 -2.258626441001961678e-06 -3.144145501182891403e-04 -6.332808823914068581e-05 1.797748716753722129e-05 -1.103678218502892184e-07 6.977967255404573697e-05 -1.360439237343283802e-08 4.781538238288503166e-10 1.277317920982927854e-08 3.320269018495951399e-08 5.894702286066840135e-09 5.444919181888666253e-09 -2.318296313847916263e-07 -6.646371506457970161e-08
-1.193399659591721196e-09 -3.007368653012085572e-07 -6.177910072462767000e-06 1.094369516111973854e-07 -1.245814014365543222e-06 1.433185301567262170e-04 -1.043740323397587300e-05 4.840506195205491753e-05 1.892464096281855218e-07 -1.360439237343283802e-08 6.065105910048869789e-06 -1.813461020149529084e-09 -1.023377457956596225e-08 -3.973454418922697349e-08 -9.318827584034575651e-09 -1.893511470415993000e-09 2.614066283646741933e-08 -2.132859177439641170e-08
1.785857869709472101e-08 9.054899681959531118e-08 3.696941402139033436e-06 -1.120014051207214500e-07 2.024055634529965670e-06 2.063111882739733266e-04 7.554233342945237246e-05 -3.382360690966021433e-05 3.860366964721875825e-08 4.781538238288503166e-10 -1.813461020149529084e-09 1.142559167332707764e-05 2.429161954547588079e-09 -7.328386380444985704e-10 -2.198815802803090648e-08 -1.315231526571812619e-09 -1.637373524754757365e-07 -2.577135461521577908e-08
-2.471303480809659820e-09 2.489417969556398371e-07 5.865490869756640785e-06 -4.192122324758572234e-08 1.428503942662547549e-06 -5.312060886389316126e-05 -6.605835396576091458e-07 -2.032631099104426198e-05 -1.397142494162378198e-07 1.277317920982927854e-08 -1.023377457956596225e-08 2.429161954547588079e-09 2.993250747272960975e-06 3.396195687873448790e-08 6.546248512584101473e-09 1.289275205322191150e-09 -4.880506594554291556e-08 1.063777195581888305e-08
-1.874991087997445421e-09 1.109922245109683428e-06 1.720190193456303299e-05 -1.583298226426133693e-08 6.063008440846960452e-06 -2.736615697249950669e-04 -4.091211910392187377e-06 -1.032117666848662537e-04 -6.231331547598852228e-07 3.320269018495951399e-08 -3.973454418922697349e-08 -7.328386380444985704e-10 3.396195687873448790e-08 1.854114165507701588e-05 3.970880983781504875e-08 4.375138999502231598e-09 -4.886755881330717336e-09 9.889136447860226093e-08
-1.562307806131222715e-08 2.385806737123103079e-07 9.828550778537372231e-08 1.073610988007336920e-07 -3.760532041889018051e-07 -3.110661904523774808e-04 -7.173215549111273959e-05 -6.199105438534964942e-06 -2.276818348121587945e-07 5.894702286066840135e-09 -9.318827584034575651e-09 -2.198815802803090648e-08 6.546248512584101473e-09 3.970880983781504875e-08 6.395876500684176382e-06 2.512718363249377740e-09 1.943239611847154437e-07 6.313954382086823666e-08
